657.8129272460938 1361.8427734375 666.543701171875 1348.0340576171875
815.7440185546875 1028.22021484375 863.4295043945312 1091.49853515625
953.077880859375 1127.3875732421875 1000.8853759765625 1250.660888671875
862.0667114257812 494.823974609375 995.0568237304688 514.6488647460938
817.7450561523438 759.5259399414062 901.8478393554688 807.3568115234375
760.6316528320312 1339.2310791015625 773.0462646484375 1369.075927734375
846.0081176757812 700.7049560546875 942.2012329101562 749.7679443359375
807.8630981445312 377.0052490234375 951.1998291015625 334.7197570800781
823.2527465820312 360.6957092285156 973.2371826171875 316.9227600097656
862.0667114257812 494.823974609375 995.0568237304688 514.6488647460938
897.8326416015625 1284.4915771484375 917.5580444335938 1375.241943359375
788.1396484375 357.73284912109375 927.508544921875 298.9084777832031
698.6762084960938 1120.54638671875 729.0352172851562 1137.99951171875
766.6146240234375 510.72991943359375 878.4630737304688 485.339111328125
657.8129272460938 1361.8427734375 666.543701171875 1348.0340576171875
849.8194580078125 743.9118041992188 940.3386840820312 804.1028442382812
458.8872985839844 478.7680969238281 520.2300415039062 313.2542724609375
845.1715698242188 320.66363525390625 1004.7760009765625 275.18310546875
754.3831787109375 557.5333251953125 855.7117309570312 542.879638671875
710.4281616210938 1112.566162109375 742.9735717773438 1132.6041259765625
688.82177734375 1146.2908935546875 717.1400756835938 1157.31494140625
878.9533081054688 1241.98095703125 904.92529296875 1329.972412109375
850.1885375976562 413.94427490234375 996.390380859375 398.3683166503906
831.34765625 305.06109619140625 988.7447509765625 247.6580352783203
817.3012084960938 1299.1011962890625 835.4071044921875 1360.9688720703125
807.8630981445312 377.0052490234375 951.1998291015625 334.7197570800781
634.6521606445312 1200.0560302734375 656.5451049804688 1188.262939453125
656.4893798828125 1394.1378173828125 664.5184326171875 1378.17236328125
853.566162109375 793.8356323242188 944.442626953125 861.88427734375
870.5496826171875 271.6207275390625 1043.77099609375 219.41580200195312
811.1231079101562 1046.4573974609375 857.4808349609375 1111.82470703125
656.2520141601562 564.4196166992188 742.4660034179688 502.54681396484375
821.3987426757812 1079.3675537109375 863.2050170898438 1150.3111572265625
654.6283569335938 601.6707153320312 737.1522827148438 549.4798583984375
637.527587890625 1371.043212890625 645.743408203125 1349.423095703125
868.219970703125 432.6083679199219 1011.60595703125 435.8515625
662.724853515625 1350.80615234375 672.6267700195312 1340.5263671875
751.9745483398438 1355.564697265625 761.9131469726562 1382.01513671875
870.1004638671875 1228.054443359375 897.007080078125 1313.716552734375
836.5291137695312 448.1129150390625 972.36376953125 442.0667724609375
745.0825805664062 523.6939086914062 851.7437744140625 495.2327575683594
655.2869262695312 1431.410400390625 658.5111694335938 1409.5087890625
836.1987915039062 1335.2811279296875 848.8660278320312 1397.4229736328125
886.534912109375 944.6911010742188 951.932373046875 1037.41455078125
795.6456298828125 637.3666381835938 894.3265380859375 658.323486328125
824.6651611328125 729.285888671875 913.111572265625 772.2822265625
825.2471923828125 1060.3778076171875 868.9480590820312 1129.005126953125
865.4651489257812 1280.2369384765625 889.6758422851562 1360.872314453125
821.3987426757812 1079.3675537109375 863.2050170898438 1150.3111572265625
800.4346313476562 713.0820922851562 891.0995483398438 746.7313842773438
691.8939819335938 1160.82958984375 719.2096557617188 1175.63037109375
762.803955078125 720.8606567382812 846.6310424804688 740.8716430664062
863.4737548828125 1322.9268798828125 880.2985229492188 1400.5076904296875
607.180419921875 651.8827514648438 678.131103515625 583.5908203125
817.7450561523438 759.5259399414062 901.8478393554688 807.3568115234375
865.89013671875 916.8624267578125 933.7083740234375 1000.9009399414062
809.8685913085938 639.969970703125 910.0504150390625 665.5110473632812
848.4865112304688 1337.5782470703125 861.5562744140625 1405.892333984375
866.7919921875 471.5747375488281 1004.1599731445312 484.02374267578125
760.2342529296875 668.927001953125 850.6273803710938 678.257080078125
581.2783203125 1113.21630859375 607.9908447265625 1082.210205078125
840.089599609375 1265.1468505859375 861.8753051757812 1337.2034912109375
641.0559692382812 1357.1842041015625 650.3112182617188 1334.8721923828125
744.78662109375 1366.55419921875 753.6943359375 1389.3360595703125
818.86767578125 1230.6534423828125 844.5748291015625 1294.40869140625
752.2584838867188 1039.8138427734375 793.628662109375 1079.3909912109375
708.62158203125 1341.8856201171875 719.783203125 1354.4158935546875
975.1644897460938 1111.22216796875 1023.0751342773438 1245.883544921875
740.010498046875 502.6885986328125 850.6871337890625 460.51129150390625
659.9004516601562 544.565673828125 749.0243530273438 477.4649963378906
848.85400390625 266.2750549316406 1018.296630859375 200.86944580078125
928.7047119140625 957.5770263671875 997.0361938476562 1073.277099609375
848.4865112304688 1337.5782470703125 861.5562744140625 1405.892333984375
645.456787109375 1405.099609375 650.615966796875 1381.0087890625
641.0559692382812 1357.1842041015625 650.3112182617188 1334.8721923828125
824.046875 794.0579833984375 903.3228759765625 849.3557739257812
824.046875 794.0579833984375 903.3228759765625 849.3557739257812
744.78662109375 1366.55419921875 753.6943359375 1389.3360595703125
828.7683715820312 1341.7181396484375 841.6033325195312 1403.002685546875
837.1361083984375 1318.667724609375 850.8046264648438 1381.406494140625
617.4710083007812 585.6924438476562 694.9088745117188 512.7612915039062
667.5861206054688 1421.0550537109375 671.6989135742188 1405.8719482421875
739.5641479492188 1384.0614013671875 746.6360473632812 1403.0618896484375
645.456787109375 1405.099609375 650.615966796875 1381.0087890625
792.0936279296875 590.784423828125 895.5784912109375 596.4033203125
732.154541015625 549.9465942382812 833.796875 520.4483032226562
885.9666137695312 1091.231201171875 932.380859375 1191.33447265625
732.3925170898438 1393.557373046875 738.59765625 1409.06396484375
836.1017456054688 1356.4234619140625 846.1840209960938 1419.581298828125
726.6465454101562 528.1976928710938 830.4050903320312 486.92413330078125
870.6710815429688 896.1903076171875 942.98095703125 977.6964721679688
670.4950561523438 1082.1453857421875 704.69140625 1088.9615478515625
804.3202514648438 816.2127685546875 880.6741943359375 866.0432739257812
637.527587890625 1371.043212890625 645.743408203125 1349.423095703125
798.7761840820312 923.5399169921875 858.6454467773438 979.6270141601562
885.9666137695312 1091.231201171875 932.380859375 1191.33447265625
721.7908935546875 1318.943359375 732.8054809570312 1334.166748046875
795.6456298828125 637.3666381835938 894.3265380859375 658.323486328125
