531.8558349609375 872.04931640625 792.7005615234375 957.8729248046875
512.862060546875 888.4320678710938 805.0562744140625 927.3187255859375
468.59625244140625 984.8995971679688 803.43115234375 756.1575927734375
484.6658935546875 954.1649169921875 801.89208984375 815.487548828125
506.1850891113281 891.40673828125 813.9913940429688 919.8460083007812
504.3914794921875 871.5823974609375 829.3119506835938 946.9320068359375
494.3750305175781 941.3284912109375 795.1326904296875 839.9657592773438
468.59625244140625 984.8995971679688 803.43115234375 756.1575927734375
1019.442626953125 1200.157958984375 558.3546752929688 859.3828125
529.429931640625 899.8472900390625 779.6268920898438 917.2342529296875
