173.478515625 1564.3673095703125 35.77763366699219 943.6600952148438
687.8804931640625 1429.137451171875 301.42034912109375 1144.7291259765625
1025.6993408203125 1602.354736328125 391.3634948730469 1378.801025390625
1005.7877197265625 1432.4276123046875 426.7300720214844 1296.5758056640625
579.68017578125 749.2027587890625 455.5066833496094 534.0543823242188
986.6587524414062 1185.602294921875 489.9904479980469 1161.2552490234375
1025.6993408203125 1602.354736328125 391.3634948730469 1378.801025390625
987.5775756835938 1424.3319091796875 421.6518859863281 1285.570556640625
859.6305541992188 1516.7999267578125 350.80963134765625 1268.9423828125
840.7026977539062 1477.9619140625 351.92791748046875 1243.861328125
715.4144897460938 1463.1771240234375 305.6346130371094 1175.9315185546875
1034.462646484375 1688.78515625 374.2892761230469 1412.0880126953125
848.9957885742188 1496.611328125 351.1250915527344 1256.29833984375
678.039794921875 1449.3719482421875 292.3083190917969 1151.9468994140625
984.5216674804688 974.82568359375 560.2219848632812 1031.2862548828125
872.2748413085938 1526.3804931640625 353.9466857910156 1283.344482421875
993.7579345703125 1052.91015625 536.4498291015625 1085.8392333984375
954.1720581054688 1163.5621337890625 483.8349609375 1131.2193603515625
683.212158203125 1457.7161865234375 293.39178466796875 1157.071533203125
935.2158203125 1236.9853515625 454.4877624511719 1163.4661865234375
929.2996826171875 1189.9451904296875 464.9797668457031 1135.2410888671875
975.221435546875 947.5357055664062 566.8132934570312 1006.3070678710938
970.1348266601562 1157.361328125 492.09033203125 1136.9246826171875
1048.47900390625 1599.8702392578125 399.1958923339844 1386.624755859375
1021.5184936523438 1648.5924072265625 380.63568115234375 1394.95556640625
1041.692626953125 1666.3994140625 383.5320129394531 1413.3302001953125
1034.462646484375 1688.78515625 374.2892761230469 1412.0880126953125
1010.3473510742188 1167.019287109375 506.32568359375 1161.3040771484375
