113.19010925292969
130.29197692871094
134.76646423339844
135.3366241455078
135.95587158203125
137.54998779296875
142.60784912109375
145.0
146.90472412109375
156.29779052734375
158.946533203125
160.4337921142578
161.33505249023438
161.55804443359375
166.1866455078125
170.6311798095703
172.5485382080078
174.84278869628906
180.4161834716797
180.69863891601562
182.3896942138672
184.41529846191406
189.6549530029297
189.97105407714844
196.97715759277344
197.71949768066406
197.77259826660156
201.7027587890625
209.35855102539062
216.2267303466797
216.9124298095703
225.4927978515625
228.24986267089844
228.28929138183594
234.8126983642578
236.3493194580078
240.0333251953125
245.26107788085938
