954.4061279296875 1079.3570556640625 757.3927612304688 926.3023071289062
990.07861328125 999.8267822265625 738.9428100585938 851.1852416992188
926.9570922851562 1255.4588623046875 828.907470703125 1069.9342041015625
975.5569458007812 1271.6435546875 868.364990234375 1050.985107421875
1010.2625732421875 818.6234741210938 671.7389526367188 730.2490844726562
1021.156005859375 751.434326171875 647.08935546875 686.0521240234375
806.4808349609375 1258.303955078125 752.7869262695312 1164.04248046875
1010.1895751953125 782.3790893554688 659.35693359375 708.2919921875
828.6441650390625 1150.8455810546875 713.9124755859375 1058.4014892578125
579.851318359375 1154.7784423828125 530.55126953125 1262.4085693359375
954.1094970703125 1399.9921875 924.1676635742188 1168.657470703125
804.1100463867188 578.9102172851562 446.803466796875 693.5867309570312
1034.0206298828125 767.8983764648438 664.0525512695312 688.495361328125
781.425537109375 584.3865966796875 435.7335205078125 708.4972534179688
953.6451416015625 984.9576416015625 713.0448608398438 859.7511596679688
1002.4660034179688 798.7380981445312 661.8875122070312 720.8999633789062
944.967529296875 1039.8193359375 732.924560546875 899.2098388671875
