116.3142318725586
117.43508911132812
119.90412902832031
132.7290496826172
155.52491760253906
156.25619506835938
158.76712036132812
159.2136993408203
162.7451934814453
164.9545440673828
168.96449279785156
169.2187957763672
173.7440643310547
174.00575256347656
174.66253662109375
174.84278869628906
179.56614685058594
182.17848205566406
182.49383544921875
184.8052978515625
185.31324768066406
185.6151885986328
186.1209259033203
187.32591247558594
189.2643585205078
191.9765625
194.97434997558594
195.9030303955078
198.4842529296875
200.47193908691406
202.04702758789062
209.9452362060547
210.29502868652344
211.10897827148438
211.38827514648438
212.5182342529297
213.18771362304688
213.47833251953125
213.85977172851562
214.27552795410156
215.9629669189453
218.51544189453125
220.4926300048828
221.375244140625
221.8355255126953
223.99777221679688
226.72891235351562
227.41812133789062
236.47621154785156
241.1099395751953
242.88475036621094
246.94735717773438
251.9146728515625
