954.4061279296875 1079.3570556640625 712.5172119140625 876.8599853515625
1020.3716430664062 644.5914916992188 424.2855529785156 814.0994262695312
1034.0206298828125 767.8983764648438 496.23699951171875 803.9546508789062
990.07861328125 999.8267822265625 648.9899291992188 842.8707885742188
953.6451416015625 984.9576416015625 636.3455200195312 869.81005859375
953.0036010742188 1011.1097412109375 656.474853515625 875.6068115234375
993.6214599609375 775.868896484375 497.05035400390625 833.7987670898438
1010.1895751953125 782.3790893554688 502.6882019042969 821.9828491210938
828.6441650390625 1150.8455810546875 783.9288330078125 1012.2718505859375
963.9921875 1039.8419189453125 684.7096557617188 867.7306518554688
825.7901000976562 1167.31298828125 798.2655029296875 1016.7861328125
828.6441650390625 1150.8455810546875 783.9288330078125 1012.2718505859375
471.9311218261719 1158.102783203125 829.0014038085938 1654.99560546875
1010.2625732421875 818.6234741210938 526.0308227539062 821.5455322265625
844.1085815429688 1177.9617919921875 810.2508544921875 1000.6963500976562
1040.0045166015625 875.4498291015625 568.05126953125 804.2057495117188
986.2452392578125 793.7022094726562 506.48614501953125 838.728271484375
