1002.9218139648438 1113.3277587890625 792.6437377929688 1142.55224609375
1003.798828125 1140.8115234375 779.4490356445312 1154.354248046875
915.1128540039062 1410.5428466796875 617.3101196289062 1204.3193359375
964.4297485351562 784.3399658203125 984.379150390625 951.7520141601562
956.07568359375 1092.4923095703125 782.9560546875 1107.259521484375
989.5590209960938 1300.56884765625 698.3079833984375 1206.576171875
968.4841918945312 1204.4583740234375 727.400634765625 1157.5435791015625
983.8886108398438 737.9871826171875 1024.8341064453125 934.193359375
445.1994323730469 797.41845703125 619.8700561523438 390.11767578125
922.560791015625 1169.4036865234375 726.156982421875 1120.9033203125
951.5997314453125 1154.686279296875 746.77880859375 1129.2197265625
933.24169921875 1128.1484375 751.0642700195312 1107.8333740234375
953.6840209960938 752.0540771484375 1001.391845703125 918.7787475585938
991.194091796875 1594.697265625 588.7808227539062 1293.730224609375
933.24169921875 1128.1484375 751.0642700195312 1107.8333740234375
957.6972045898438 1535.3189697265625 592.8333740234375 1263.546142578125
