924.7833251953125 1722.078125 626.445556640625 1543.18115234375
989.6024780273438 1072.6112060546875 889.8652954101562 1144.919189453125
1003.798828125 1140.8115234375 875.097900390625 1204.447265625
962.3555908203125 1121.6676025390625 850.140625 1172.1494140625
922.560791015625 1169.4036865234375 799.2026977539062 1189.2109375
903.3195190429688 1114.413818359375 803.8035278320312 1138.5648193359375
1014.2024536132812 1366.677490234375 799.5818481445312 1366.7862548828125
956.07568359375 1092.4923095703125 856.3004150390625 1145.181884765625
962.3555908203125 1121.6676025390625 850.140625 1172.1494140625
989.5590209960938 1300.56884765625 803.5354614257812 1312.5736083984375
1021.6194458007812 1170.385986328125 878.0234985351562 1233.8233642578125
1021.6194458007812 1170.385986328125 878.0234985351562 1233.8233642578125
1038.068359375 1346.38427734375 826.0890502929688 1362.8848876953125
1002.9218139648438 1113.3277587890625 884.8043212890625 1182.9228515625
989.5590209960938 1300.56884765625 803.5354614257812 1312.5736083984375
869.6642456054688 1384.14306640625 683.193359375 1318.5245361328125
1029.224853515625 1327.1060791015625 825.580810546875 1346.6112060546875
935.26025390625 1111.5784912109375 831.0200805664062 1151.0704345703125
828.357421875 1153.7420654296875 726.3515625 1134.868896484375
920.1978149414062 1135.2806396484375 808.8973999023438 1162.9810791015625
937.1846313476562 1423.4503173828125 722.6831665039062 1372.23876953125
933.24169921875 1128.1484375 822.5097045898438 1162.4605712890625
927.06005859375 1149.4249267578125 809.5689086914062 1175.848876953125
1008.6622924804688 1317.315673828125 813.615234375 1331.9022216796875
883.9906005859375 1396.4964599609375 691.0650634765625 1332.7996826171875
920.1978149414062 1135.2806396484375 808.8973999023438 1162.9810791015625
839.9033203125 1182.768310546875 725.6447143554688 1162.582763671875
1014.2024536132812 1366.677490234375 799.5818481445312 1366.7862548828125
869.6642456054688 1384.14306640625 683.193359375 1318.5245361328125
867.4389038085938 1233.112060546875 730.1010131835938 1212.2344970703125
932.2437744140625 1538.9866943359375 682.8732299804688 1442.0582275390625
825.7169799804688 1361.104736328125 656.7619018554688 1286.1337890625
868.5946655273438 1347.2821044921875 694.2515869140625 1294.204833984375
985.0713500976562 1618.3048095703125 698.9459838867188 1508.0096435546875
882.3363647460938 1414.6690673828125 684.228515625 1343.941162109375
838.6666870117188 1246.89208984375 701.4160766601562 1209.9417724609375
991.194091796875 1594.697265625 711.214111328125 1495.9534912109375
1007.54931640625 1291.635498046875 822.84521484375 1315.3504638671875
855.3125 1192.727783203125 733.9074096679688 1176.69921875
813.3575439453125 1331.2802734375 656.7503051757812 1259.55126953125
838.9104614257812 1374.328125 662.1170654296875 1299.898681640625
894.6806640625 1011.6331176757812 837.4369506835938 1050.4771728515625
789.5517578125 1296.90478515625 645.08642578125 1224.85205078125
844.8880004882812 1402.3470458984375 657.9884033203125 1320.7022705078125
700.7393188476562 1181.016357421875 607.7130126953125 1097.85107421875
894.6806640625 1011.6331176757812 837.4369506835938 1050.4771728515625
933.24169921875 1128.1484375 822.5097045898438 1162.4605712890625
856.8236083984375 1352.7303466796875 683.020751953125 1292.606201171875
1038.50048828125 1382.074462890625 812.775634765625 1385.8746337890625
755.3425903320312 1339.7252197265625 605.3159790039062 1240.5125732421875
863.4608154296875 1421.4310302734375 665.6767578125 1340.704833984375
745.6386108398438 1312.64013671875 605.6063842773438 1216.154052734375
892.3362426757812 1427.8895263671875 685.6165161132812 1356.18896484375
957.6972045898438 1535.3189697265625 703.9093017578125 1450.2088623046875
856.8236083984375 1352.7303466796875 683.020751953125 1292.606201171875
558.0581665039062 1204.07177734375 481.14007568359375 1047.6090087890625
957.6972045898438 1535.3189697265625 703.9093017578125 1450.2088623046875
862.0391845703125 1404.5760498046875 670.5232543945312 1329.549072265625
850.8446655273438 1210.0081787109375 725.22021484375 1188.130126953125
779.3585205078125 1174.489990234375 678.2852783203125 1128.6044921875
818.0806884765625 1174.364501953125 710.06689453125 1146.1707763671875
849.557373046875 1282.1278076171875 700.8487548828125 1240.3665771484375
975.7747802734375 1524.12744140625 721.0477905273438 1450.1866455078125
947.8709106445312 1195.49609375 809.2214965820312 1219.5526123046875
842.5399169921875 1164.759765625 733.5648803710938 1149.5316162109375
851.0305786132812 1371.188720703125 672.773193359375 1302.7198486328125
981.0189819335938 1556.94873046875 714.8145141601562 1471.524169921875
584.4965209960938 1188.170166015625 508.35821533203125 1047.8826904296875
950.4689331054688 1554.704833984375 690.5533447265625 1458.5771484375
803.2854614257812 1204.1953125 688.3316650390625 1161.6951904296875
743.9248657226562 1297.8040771484375 609.9432373046875 1204.44287109375
641.646484375 1347.793212890625 511.2411804199219 1196.1739501953125
688.2744750976562 1286.1109619140625 567.7847290039062 1172.5350341796875
857.19189453125 1388.197265625 671.9010620117188 1316.5587158203125
889.8629760742188 997.518310546875 836.3251342773438 1035.8680419921875
567.870361328125 1174.1519775390625 499.8031921386719 1028.114990234375
624.005126953125 1310.6859130859375 507.58392333984375 1161.802734375
778.20556640625 1200.9952392578125 669.577392578125 1146.932861328125
976.195556640625 1112.8555908203125 862.7372436523438 1170.339599609375
711.343505859375 1294.7044677734375 584.1183471679688 1189.428955078125
1001.8928833007812 1312.1053466796875 810.1878051757812 1324.9100341796875
932.7188110351562 1598.6231689453125 667.3746337890625 1475.91455078125
817.6094360351562 1160.6824951171875 713.5182495117188 1136.0606689453125
921.8583984375 1584.6566162109375 663.1333618164062 1465.648681640625
1011.5572509765625 1351.51953125 800.5335083007812 1353.50341796875
656.7913208007812 1164.385498046875 577.51611328125 1063.4476318359375
926.3988647460938 1113.5133056640625 824.7826538085938 1148.779541015625
961.93701171875 1617.0115966796875 682.6710205078125 1498.7593994140625
916.8687744140625 996.7047119140625 863.6544189453125 1048.8446044921875
675.8370361328125 1273.2667236328125 563.2034301757812 1157.1865234375
1045.11865234375 877.380615234375 1022.3744506835938 1007.7405395507812
801.144775390625 1156.567626953125 704.85595703125 1125.1805419921875
881.5516967773438 1323.554931640625 713.0497436523438 1284.2711181640625
1045.11865234375 877.380615234375 1022.3744506835938 1007.7405395507812
929.9227905273438 1054.02197265625 848.1719360351562 1101.7679443359375
871.5868530273438 1363.60498046875 691.5614624023438 1304.8956298828125
867.4389038085938 1233.112060546875 730.1010131835938 1212.2344970703125
675.7318115234375 1188.3839111328125 585.8880004882812 1091.624267578125
926.1202392578125 1620.139404296875 655.5833129882812 1487.7042236328125
680.9999389648438 1149.697021484375 602.241455078125 1062.8133544921875
731.84765625 1301.99267578125 599.5621337890625 1203.830078125
933.5738525390625 954.2313842773438 893.5972290039062 1018.7971801757812
845.2435913085938 1230.0179443359375 713.68017578125 1200.4725341796875
789.746826171875 1185.5687255859375 681.43115234375 1141.8594970703125
932.7188110351562 1598.6231689453125 667.3746337890625 1475.91455078125
580.4856567382812 1224.613037109375 493.9101867675781 1075.8731689453125
971.9794311523438 1563.627197265625 706.1102294921875 1472.0665283203125
584.4965209960938 1188.170166015625 508.35821533203125 1047.8826904296875
702.520751953125 1327.7440185546875 567.6298828125 1210.6885986328125
701.68310546875 1296.415771484375 575.6231079101562 1186.7784423828125
592.9727172851562 1206.507080078125 510.63250732421875 1066.8936767578125
960.248779296875 1597.007568359375 686.3795166015625 1485.8248291015625
839.9033203125 1182.768310546875 725.6447143554688 1162.582763671875
638.6516723632812 1245.4356689453125 539.0878295898438 1120.240234375
734.6015625 1283.6146240234375 606.3443603515625 1191.4132080078125
879.6993408203125 1375.344970703125 696.862060546875 1314.8753662109375
774.1599731445312 1124.4407958984375 692.2230834960938 1086.334228515625
805.7817993164062 1225.6820068359375 682.855224609375 1178.0809326171875
605.6278076171875 1360.6875 479.6883239746094 1190.0767822265625
940.3023071289062 1178.919677734375 809.2140502929688 1205.8443603515625
464.8974609375 866.7369995117188 495.4112243652344 677.5114135742188
789.746826171875 1185.5687255859375 681.43115234375 1141.8594970703125
917.230224609375 1121.8438720703125 810.0177001953125 1150.347900390625
613.9575805664062 1359.3892822265625 487.0183410644531 1193.44970703125
955.9249877929688 1657.7122802734375 668.2902221679688 1518.8502197265625
971.5115356445312 1640.25244140625 682.9788208007812 1513.4268798828125
871.297607421875 1030.829833984375 809.314697265625 1055.9547119140625
650.3580932617188 1295.815673828125 533.9702758789062 1163.02734375
672.947021484375 1126.89599609375 603.8935546875 1040.46240234375
602.1568603515625 1320.35400390625 487.0999450683594 1158.662841796875
723.1025390625 1320.098388671875 587.7484130859375 1212.9267578125
962.8214721679688 1581.71142578125 694.5492553710938 1479.25439453125
871.297607421875 1030.829833984375 809.314697265625 1055.9547119140625
1064.0570068359375 1334.825439453125 849.0941162109375 1366.2711181640625
971.5115356445312 1640.25244140625 682.9788208007812 1513.4268798828125
576.4239501953125 1203.8057861328125 496.99993896484375 1056.4676513671875
1016.96533203125 1280.7080078125 832.3991088867188 1312.7657470703125
911.1110229492188 1262.353271484375 758.9635009765625 1252.3087158203125
849.85791015625 1335.1854248046875 683.2864990234375 1277.9769287109375
711.343505859375 1294.7044677734375 584.1183471679688 1189.428955078125
605.6278076171875 1360.6875 479.6883239746094 1190.0767822265625
606.2802734375 1305.8671875 494.6509094238281 1150.42724609375
550.1834106445312 1089.238525390625 506.9599609375 947.623291015625
528.6144409179688 1071.373046875 491.6719970703125 918.0052490234375
851.226318359375 1089.3388671875 769.7250366210938 1094.6600341796875
568.6644287109375 1195.80126953125 493.84124755859375 1047.3463134765625
853.9180297851562 1020.4810180664062 797.7759399414062 1036.66259765625
844.8982543945312 1355.3453369140625 672.5521240234375 1289.32177734375
654.0175170898438 1175.296630859375 571.1266479492188 1071.3087158203125
464.5286865234375 847.5037231445312 501.66015625 655.1310424804688
1061.5101318359375 1320.0789794921875 852.5479736328125 1354.9307861328125
