72.3947525024414
74.78636169433594
74.94664764404297
78.12809753417969
78.1344985961914
78.14089965820312
78.358154296875
89.24124908447266
97.70874786376953
98.3361587524414
100.67273712158203
100.70252990722656
102.298583984375
110.21343231201172
117.31581115722656
119.64112854003906
132.59713745117188
136.12127685546875
139.02157592773438
140.68759155273438
145.25494384765625
146.9217529296875
152.39422607421875
154.2498016357422
156.70034790039062
164.43235778808594
165.90357971191406
166.4451904296875
169.652587890625
176.3859405517578
179.15635681152344
180.72354125976562
181.8873291015625
186.07794189453125
186.48593139648438
188.6531219482422
194.43507385253906
194.45822143554688
195.1153564453125
197.01776123046875
201.27841186523438
202.16329956054688
202.54876708984375
207.68727111816406
214.4224853515625
219.16432189941406
220.0908966064453
223.48602294921875
224.27883911132812
247.18211364746094
252.34896850585938
