933.5738525390625 954.2313842773438 628.057373046875 908.1701049804688
1003.798828125 1140.8115234375 788.85107421875 964.2852783203125
894.6806640625 1011.6331176757812 642.1293334960938 976.0135498046875
923.331298828125 964.3828125 627.694091796875 921.5638427734375
1002.9218139648438 1113.3277587890625 767.5928955078125 946.5193481445312
976.195556640625 1112.8555908203125 752.5941162109375 969.8203125
968.4841918945312 1204.4583740234375 817.32568359375 1040.3841552734375
939.8836059570312 993.0497436523438 652.7749633789062 924.7125854492188
1021.6194458007812 1170.385986328125 815.6366577148438 968.44873046875
954.0160522460938 1106.5440673828125 735.5922241210938 985.4291381835938
1021.6194458007812 1170.385986328125 815.6366577148438 968.44873046875
956.07568359375 1092.4923095703125 728.3277587890625 975.87646484375
926.3988647460938 1113.5133056640625 728.0101928710938 1016.8890991210938
1013.9966430664062 1333.9996337890625 950.0264892578125 1099.171875
845.2435913085938 1230.0179443359375 774.9158325195312 1190.212158203125
962.3555908203125 1121.6676025390625 751.8268432617188 991.1795043945312
628.2425537109375 1051.217529296875 509.7491760253906 1268.361083984375
951.5997314453125 1154.686279296875 772.8823852539062 1020.3921508789062
989.5590209960938 1300.56884765625 909.1712646484375 1096.826171875
805.7817993164062 1225.6820068359375 752.6187744140625 1231.992919921875
933.24169921875 1128.1484375 745.47216796875 1020.6387329101562
1008.3839111328125 671.6683349609375 512.6868286132812 720.0526733398438
1038.068359375 1346.38427734375 974.7619018554688 1084.56396484375
1013.9966430664062 1333.9996337890625 950.0264892578125 1099.171875
842.5399169921875 1164.759765625 725.7470092773438 1136.291259765625
838.6666870117188 1246.89208984375 784.2922973632812 1209.4300537109375
962.3555908203125 1121.6676025390625 751.8268432617188 991.1795043945312
850.8446655273438 1210.0081787109375 762.52099609375 1166.458984375
1024.291748046875 1397.8310546875 1016.1326293945312 1142.9815673828125
822.6192016601562 1237.9547119140625 767.9559936523438 1222.281982421875
1051.3326416015625 1305.635986328125 942.043701171875 1038.115966796875
970.5987548828125 682.3666381835938 500.7026062011719 748.774169921875
855.3125 1192.727783203125 754.2360229492188 1147.2718505859375
994.3425903320312 694.7462158203125 517.7855834960938 738.3651733398438
550.1834106445312 1089.238525390625 477.7901611328125 1403.286376953125
596.6220703125 1352.0462646484375 729.5149536132812 1676.7276611328125
839.9033203125 1182.768310546875 734.6068115234375 1154.1424560546875
856.8236083984375 1352.7303466796875 892.2100219726562 1296.6868896484375
1051.3326416015625 1305.635986328125 942.043701171875 1038.115966796875
833.2911376953125 1168.51953125 719.822998046875 1150.561279296875
702.520751953125 1327.7440185546875 775.5255126953125 1474.345703125
