99.22196960449219
108.29127502441406
114.56439208984375
116.95726013183594
124.04434967041016
149.4188690185547
154.58331298828125
154.9806365966797
154.98709106445312
156.66844177246094
158.34771728515625
160.07498168945312
161.63848876953125
173.05780029296875
173.33204650878906
174.10916137695312
181.22085571289062
182.5486297607422
182.93988037109375
184.02989196777344
184.5535125732422
184.73223876953125
184.93511962890625
185.44810485839844
185.70407104492188
187.82704162597656
190.3601837158203
193.2433624267578
194.33734130859375
195.0281982421875
197.37274169921875
199.51190185546875
204.99024963378906
208.09854125976562
210.5089111328125
216.91934204101562
228.2673797607422
239.63931274414062
240.49948120117188
242.80856323242188
254.87448120117188
