1041.7215576171875 920.0960693359375 949.4120483398438 1090.5860595703125
1014.0241088867188 842.4458618164062 989.5267944335938 1026.433837890625
1041.7215576171875 920.0960693359375 949.4120483398438 1090.5860595703125
1038.244140625 822.3555297851562 1017.6005249023438 1031.9884033203125
1038.244140625 822.3555297851562 1017.6005249023438 1031.9884033203125
1029.0181884765625 946.0839233398438 925.6362915039062 1092.9912109375
1013.5100708007812 847.1991577148438 985.82275390625 1028.5181884765625
550.72509765625 1065.7872314453125 552.5530395507812 801.784912109375
964.4297485351562 784.3399658203125 1007.1577758789062 948.5569458007812
1002.9218139648438 1113.3277587890625 811.814697265625 1161.05029296875
935.26025390625 1111.5784912109375 776.9517822265625 1120.9915771484375
962.3555908203125 1121.6676025390625 785.7508544921875 1141.9532470703125
956.07568359375 1092.4923095703125 798.0676879882812 1122.888427734375
1021.6194458007812 1170.385986328125 791.4627685546875 1195.973876953125
550.72509765625 1065.7872314453125 552.5530395507812 801.784912109375
1041.93701171875 1180.2557373046875 797.0173950195312 1212.640625
903.3195190429688 1114.413818359375 755.478515625 1099.757568359375
1045.11865234375 877.380615234375 980.4602661132812 1068.89404296875
962.3555908203125 1121.6676025390625 785.7508544921875 1141.9532470703125
1021.6194458007812 1170.385986328125 791.4627685546875 1195.973876953125
1051.8399658203125 819.0379028320312 1026.916748046875 1040.5096435546875
933.24169921875 1128.1484375 764.5633544921875 1126.5281982421875
628.0216674804688 1338.0531005859375 488.4064636230469 1031.1007080078125
926.3988647460938 1113.5133056640625 769.1005859375 1113.48388671875
825.7169799804688 1361.104736328125 595.7448120117188 1163.7845458984375
556.2738647460938 1083.4412841796875 547.7662963867188 820.7523193359375
941.9462280273438 734.4463500976562 1034.730224609375 893.5117797851562
915.1128540039062 1410.5428466796875 626.3779907226562 1232.645263671875
942.55126953125 1213.3033447265625 726.907470703125 1167.474853515625
445.1994323730469 797.41845703125 626.2020874023438 410.98004150390625
941.9462280273438 734.4463500976562 1034.730224609375 893.5117797851562
592.9727172851562 1206.507080078125 517.4060668945312 934.7400512695312
968.4841918945312 1204.4583740234375 745.207763671875 1179.74609375
477.70147705078125 966.2774047851562 547.3482666015625 646.0895385742188
628.0216674804688 1338.0531005859375 488.4064636230469 1031.1007080078125
922.560791015625 1169.4036865234375 737.7593383789062 1137.29052734375
960.4273681640625 740.309326171875 1039.401611328125 915.2576293945312
619.2460327148438 1326.104248046875 485.86846923828125 1022.2491455078125
960.4273681640625 740.309326171875 1039.401611328125 915.2576293945312
1003.798828125 1140.8115234375 797.3989868164062 1175.357421875
844.8880004882812 1402.3470458984375 590.4622802734375 1190.360107421875
805.7817993164062 1225.6820068359375 643.3259887695312 1093.444091796875
818.0806884765625 1174.364501953125 675.4456787109375 1074.4853515625
527.0572509765625 1083.4805908203125 525.9849853515625 794.6324462890625
447.9663391113281 859.095947265625 586.1858520507812 494.7320251464844
855.3125 1192.727783203125 688.8412475585938 1107.4656982421875
839.9033203125 1182.768310546875 684.3475341796875 1092.725830078125
849.557373046875 1282.1278076171875 645.9918212890625 1145.8856201171875
867.4389038085938 1233.112060546875 676.849609375 1132.4754638671875
557.2194213867188 1095.831298828125 542.4625244140625 829.636962890625
883.9906005859375 1396.4964599609375 616.0112915039062 1211.3179931640625
588.022705078125 1326.228759765625 466.3787841796875 999.8316040039062
927.06005859375 1149.4249267578125 751.2667236328125 1129.7994384765625
1051.1304931640625 892.427001953125 974.0022583007812 1081.7403564453125
701.68310546875 1296.415771484375 549.542724609375 1062.0504150390625
1005.6227416992188 841.7357177734375 986.02783203125 1018.9916381835938
933.2760009765625 1164.3536376953125 747.0081787109375 1142.3819580078125
510.7153015136719 957.5503540039062 580.806396484375 668.8416137695312
568.6644287109375 1195.80126953125 504.03485107421875 910.2816162109375
1045.5255126953125 809.9431762695312 1031.538330078125 1029.10791015625
822.6192016601562 1237.9547119140625 648.5125122070312 1107.1912841796875
524.2554931640625 1097.984375 516.9002685546875 803.8394775390625
602.1568603515625 1320.35400390625 477.3315124511719 1008.2803955078125
605.6278076171875 1360.6875 465.2113342285156 1030.0784912109375
454.01910400390625 874.8341674804688 581.8840942382812 519.71240234375
933.24169921875 1128.1484375 764.5633544921875 1126.5281982421875
942.5269165039062 790.2969970703125 989.3515625 935.7633666992188
881.5516967773438 1323.554931640625 644.69482421875 1185.8228759765625
564.058837890625 1187.1510009765625 505.07598876953125 901.4803466796875
856.8236083984375 1352.7303466796875 618.0668334960938 1178.7279052734375
950.4689331054688 1554.704833984375 587.1994018554688 1299.7164306640625
1013.9966430664062 1333.9996337890625 709.9737548828125 1254.706787109375
1014.4178466796875 860.493408203125 976.2396850585938 1039.711669921875
