918.52197265625 737.3106079101562 520.6806030273438 816.0180053710938
1013.5100708007812 847.1991577148438 594.0086669921875 872.0501098632812
819.43505859375 507.0231628417969 431.224853515625 679.7239990234375
948.7125244140625 295.0994873046875 465.9838562011719 503.6951599121094
1008.3839111328125 671.6683349609375 558.0935668945312 736.6900024414062
511.4368591308594 946.3352661132812 312.1056213378906 1147.650390625
894.6806640625 1011.6331176757812 559.3368530273438 1061.5689697265625
871.297607421875 1030.829833984375 547.9203491210938 1090.3941650390625
794.5949096679688 485.4865417480469 414.37939453125 671.9619140625
799.9495239257812 499.0355224609375 420.2367248535156 679.5574951171875
503.5932922363281 923.797119140625 304.5730285644531 1129.02734375
982.81982421875 714.4425048828125 552.9886474609375 775.7726440429688
875.637451171875 567.3453979492188 469.280517578125 704.26123046875
901.8821411132812 335.6116638183594 449.10235595703125 542.9068603515625
852.3103637695312 620.1770629882812 465.7254943847656 747.75244140625
960.1273193359375 725.9096069335938 540.9231567382812 795.1808471679688
923.331298828125 964.3828125 566.8132934570312 1006.3070678710938
819.2740478515625 478.3556823730469 427.2203369140625 660.1444091796875
893.4364013671875 607.6144409179688 485.6514587402344 723.87939453125
993.694091796875 680.4724731445312 551.2305297851562 747.4212646484375
1045.11865234375 877.380615234375 617.893310546875 886.111572265625
884.66015625 582.4614868164062 478.0133972167969 713.0225219726562
942.5269165039062 790.2969970703125 543.4889526367188 848.7366943359375
976.195556640625 1112.8555908203125 630.3342895507812 1128.781982421875
789.5517578125 1296.90478515625 552.44873046875 1410.09521484375
766.6663208007812 1061.4437255859375 489.9904479980469 1161.2552490234375
1018.3797607421875 891.8868408203125 604.4627685546875 906.8375244140625
