1040.93701171875 842.92138671875 956.61865234375 1112.736328125
1024.7119140625 830.0711059570312 963.647216796875 1096.64306640625
1029.46826171875 1259.352783203125 654.879150390625 1200.17822265625
467.8066711425781 1242.5330810546875 417.5926818847656 747.0367431640625
1023.14111328125 788.8897094726562 1003.6717529296875 1082.0731201171875
704.7621459960938 1479.7530517578125 416.25592041015625 1037.0262451171875
656.7619018554688 1286.1337890625 489.8866882324219 938.894775390625
508.35821533203125 1047.8826904296875 577.4700927734375 670.1746215820312
866.6739501953125 1388.5516357421875 524.929931640625 1124.1309814453125
832.3991088867188 1312.7657470703125 551.0084838867188 1082.93359375
1005.6068115234375 791.601318359375 996.6734008789062 1067.78125
1008.3380126953125 839.89111328125 949.7880859375 1087.590576171875
988.251708984375 838.1041259765625 944.3248291015625 1069.5367431640625
813.615234375 1331.9022216796875 532.657958984375 1074.3621826171875
992.6481323242188 814.765380859375 966.952392578125 1063.8095703125
691.5614624023438 1304.8956298828125 499.81060791015625 975.6224365234375
711.214111328125 1495.9534912109375 413.1448059082031 1047.5621337890625
1046.1993408203125 1197.5751953125 696.2107543945312 1199.5106201171875
1033.697509765625 1408.43310546875 576.8096923828125 1227.396240234375
1043.2032470703125 1025.29541015625 808.6798706054688 1161.6683349609375
1028.330810546875 1236.601806640625 667.0272216796875 1195.836181640625
691.0650634765625 1332.7996826171875 483.6134338378906 984.42041015625
575.6231079101562 1186.7784423828125 511.78472900390625 824.9505004882812
815.6176147460938 1569.113525390625 424.0724792480469 1129.6617431640625
1029.53076171875 1176.084716796875 702.44921875 1182.967529296875
578.6653442382812 1200.2447509765625 504.0356140136719 832.7130126953125
992.6481323242188 814.765380859375 966.952392578125 1063.8095703125
842.9290771484375 1525.6619873046875 451.65936279296875 1136.33349609375
567.7973022460938 1184.9031982421875 507.667236328125 817.3517456054688
493.84124755859375 1047.3463134765625 566.0692138671875 651.8262939453125
