729.97998046875 803.4221801757812 655.7178344726562 987.4138793945312
584.7057495117188 925.7550048828125 673.3960571289062 769.1427001953125
663.580322265625 939.370361328125 593.531982421875 854.0850219726562
596.5746459960938 737.2862548828125 851.2114868164062 902.5770874023438
755.4332275390625 896.7741088867188 565.818115234375 958.7764282226562
613.4949951171875 727.1866455078125 840.6857299804688 928.055908203125
547.4736328125 881.383056640625 760.0260620117188 743.7788696289062
755.4332275390625 896.7741088867188 565.818115234375 958.7764282226562
740.8525390625 887.8899536132812 580.3135986328125 952.02783203125
618.3506469726562 924.910400390625 643.432861328125 811.279541015625
695.40576171875 758.1431884765625 720.3189697265625 984.3836669921875
759.5897216796875 920.8846435546875 544.9843139648438 948.7396850585938
571.7958374023438 982.9900512695312 632.9725341796875 716.8515625
625.9345703125 907.7453002929688 649.5318603515625 830.665771484375
663.996337890625 781.1864013671875 729.7399291992188 942.4105834960938
625.9345703125 907.7453002929688 649.5318603515625 830.665771484375
623.7987670898438 953.2727661132812 613.5562133789062 802.5370483398438
642.30224609375 951.5425415039062 599.4631958007812 825.9357299804688
642.4209594726562 778.2652587890625 756.0618286132812 920.6185302734375
689.6043090820312 744.0111083984375 740.7294921875 987.7933959960938
551.7570190429688 750.7302856445312 901.7288818359375 833.4515991210938
740.579345703125 919.1618041992188 558.772705078125 932.8519897460938
571.2181396484375 975.7227172851562 640.3171997070312 721.2892456054688
571.2181396484375 975.7227172851562 640.3171997070312 721.2892456054688
623.7987670898438 953.2727661132812 613.5562133789062 802.5370483398438
608.1812744140625 836.8519897460938 735.6572875976562 849.5203857421875
640.9713745117188 891.7991943359375 650.812744140625 856.3045654296875
618.3506469726562 924.910400390625 643.432861328125 811.279541015625
684.491943359375 730.1971435546875 759.163330078125 992.5245361328125
740.579345703125 919.1618041992188 558.772705078125 932.8519897460938
659.9144897460938 719.4205932617188 794.3380126953125 975.1012573242188
550.5369873046875 963.035888671875 671.3300170898438 699.8358764648438
601.1507568359375 895.838623046875 687.2596435546875 806.7852172851562
581.384521484375 874.6117553710938 725.1029052734375 794.5801391601562
587.4071044921875 889.1808471679688 705.27197265625 792.987060546875
620.3419189453125 846.8157348632812 710.692626953125 860.1060180664062
676.5355834960938 735.8455200195312 758.9901123046875 980.0993041992188
