755.4332275390625 896.7741088867188 650.9571533203125 1008.8495483398438
663.580322265625 939.370361328125 626.159423828125 908.0042114257812
611.61181640625 744.5433349609375 844.8787841796875 840.599609375
759.5897216796875 920.8846435546875 629.801513671875 1011.3945922851562
611.61181640625 744.5433349609375 844.8787841796875 840.599609375
618.3506469726562 924.910400390625 648.1176147460938 849.7002563476562
740.8525390625 887.8899536132812 659.23095703125 996.8273315429688
625.9345703125 907.7453002929688 661.2591552734375 863.8992919921875
695.40576171875 758.1431884765625 792.7005615234375 957.8729248046875
642.4209594726562 778.2652587890625 791.6007080078125 886.3698120117188
625.9345703125 907.7453002929688 661.2591552734375 863.8992919921875
704.6828002929688 857.1067504882812 693.7941284179688 960.9337158203125
618.3506469726562 924.910400390625 648.1176147460938 849.7002563476562
689.6043090820312 744.0111083984375 811.2212524414062 951.1348266601562
663.996337890625 781.1864013671875 779.6268920898438 917.2342529296875
608.1812744140625 836.8519897460938 740.4671630859375 837.6202392578125
684.491943359375 730.1971435546875 829.3119506835938 946.9320068359375
676.5355834960938 735.8455200195312 823.13330078125 935.8040161132812
603.2158203125 915.49072265625 661.5474243164062 833.8037719726562
602.088623046875 928.5159301757812 646.604248046875 829.6490478515625
550.5369873046875 963.035888671875 620.2412109375 751.499755859375
663.996337890625 781.1864013671875 779.6268920898438 917.2342529296875
620.3419189453125 846.8157348632812 725.5388793945312 858.7053833007812
717.9110717773438 901.4453125 653.1727294921875 971.1262817382812
669.09765625 688.7377319335938 885.0466918945312 929.279296875
633.3372192382812 871.6227416992188 696.1881713867188 874.6914672851562
