729.97998046875 803.4221801757812 680.2861938476562 1038.2054443359375
755.4332275390625 896.7741088867188 596.1707153320312 990.14404296875
611.61181640625 744.5433349609375 873.6852416992188 995.8001098632812
611.61181640625 744.5433349609375 873.6852416992188 995.8001098632812
740.8525390625 887.8899536132812 612.22314453125 987.1632690429688
547.4736328125 881.383056640625 832.8582153320312 809.5377807617188
632.841064453125 731.64208984375 853.728759765625 1027.6112060546875
689.6043090820312 744.0111083984375 767.6229248046875 1059.3341064453125
625.9345703125 907.7453002929688 700.7701416015625 879.826416015625
575.319580078125 750.0968627929688 924.1675415039062 960.933349609375
608.1812744140625 836.8519897460938 789.180908203125 916.427490234375
601.1507568359375 895.838623046875 746.2142333984375 860.5570068359375
625.9345703125 907.7453002929688 700.7701416015625 879.826416015625
665.6812744140625 750.3598022460938 791.7202758789062 1036.476318359375
633.3372192382812 871.6227416992188 724.2898559570312 914.007080078125
587.4071044921875 889.1808471679688 767.8900756835938 852.1963500976562
632.841064453125 731.64208984375 853.728759765625 1027.6112060546875
