875.097900390625 1204.447265625 788.85107421875 964.2852783203125
977.943115234375 1372.119140625 968.8955078125 876.9310302734375
1028.330810546875 1236.601806640625 822.2242431640625 802.141845703125
908.001220703125 1060.4813232421875 659.3290405273438 902.2857666015625
851.6324462890625 1196.868896484375 776.4971313476562 992.7176513671875
1017.1183471679688 1166.193115234375 757.177490234375 805.5573120117188
884.8043212890625 1182.9228515625 767.5928955078125 946.5193481445312
1029.46826171875 1259.352783203125 843.2532958984375 803.4639892578125
861.3515625 1244.04345703125 827.4187622070312 988.8759155273438
1029.53076171875 1176.084716796875 766.9047241210938 796.0723266601562
878.0234985351562 1233.8233642578125 815.6366577148438 968.44873046875
968.736572265625 1400.987548828125 1003.5955200195312 893.9031372070312
852.5479736328125 1354.9307861328125 961.0206909179688 1039.7161865234375
856.3004150390625 1145.181884765625 728.3277587890625 975.87646484375
1033.697509765625 1408.43310546875 1006.4046020507812 815.067138671875
799.2026977539062 1189.2109375 763.784912109375 1059.28857421875
1046.1993408203125 1197.5751953125 785.8134155273438 781.0321655273438
850.140625 1172.1494140625 751.8268432617188 991.1795043945312
725.22021484375 1188.130126953125 762.52099609375 1166.458984375
893.5972290039062 1018.7971801757812 628.057373046875 908.1701049804688
826.0247802734375 1393.8201904296875 1019.2866821289062 1096.869140625
837.4369506835938 1050.4771728515625 642.1293334960938 976.0135498046875
812.775634765625 1385.8746337890625 1009.83935546875 1114.556884765625
822.5097045898438 1162.4605712890625 745.47216796875 1020.6387329101562
862.7372436523438 1170.339599609375 752.5941162109375 969.8203125
826.0890502929688 1362.8848876953125 974.7619018554688 1084.56396484375
864.6714477539062 1186.0167236328125 767.1475830078125 975.5537109375
803.5354614257812 1312.5736083984375 909.1712646484375 1096.826171875
942.0325317382812 1196.3353271484375 780.1680908203125 887.2301635742188
811.0023803710938 1035.53369140625 626.5525512695312 1000.6181640625
1044.4073486328125 1008.1834716796875 637.1034545898438 769.3897705078125
813.615234375 1331.9022216796875 933.201171875 1091.67578125
