123.28016662597656
129.9499969482422
130.2036895751953
138.04347229003906
153.0751495361328
154.12008666992188
160.46495056152344
166.20169067382812
166.7123260498047
179.27911376953125
180.99171447753906
181.63150024414062
183.98641967773438
184.36648559570312
186.33572387695312
188.16482543945312
188.36932373046875
188.9100341796875
195.2229461669922
197.0913543701172
202.53887939453125
203.49447631835938
212.52293395996094
213.26275634765625
216.39547729492188
216.4278106689453
230.18470764160156
230.60572814941406
237.04640197753906
240.3164520263672
252.241943359375
271.202880859375
