1027.6416015625 1074.0341796875 698.16064453125 713.5676879882812
884.8043212890625 1182.9228515625 839.3297119140625 777.09912109375
809.5689086914062 1175.848876953125 873.39208984375 853.9750366210938
850.140625 1172.1494140625 847.7628173828125 815.9155883789062
856.3004150390625 1145.181884765625 820.2460327148438 820.3977661132812
850.140625 1172.1494140625 847.7628173828125 815.9155883789062
878.3217163085938 1156.986083984375 819.5646362304688 794.4339599609375
1043.2032470703125 1025.29541015625 662.4395141601562 722.8304443359375
837.4369506835938 1050.4771728515625 745.7412109375 876.3052978515625
993.5587768554688 1140.326904296875 757.6023559570312 709.0607299804688
996.7319946289062 1054.5380859375 694.4443359375 743.1322631835938
799.2026977539062 1189.2109375 895.9317626953125 859.9730224609375
809.2140502929688 1205.8443603515625 906.5731201171875 840.6448974609375
878.0234985351562 1233.8233642578125 892.501220703125 760.7531127929688
862.7372436523438 1170.339599609375 839.109619140625 801.9353637695312
878.0234985351562 1233.8233642578125 892.501220703125 760.7531127929688
1029.53076171875 1176.084716796875 771.3764038085938 669.2843017578125
822.5097045898438 1162.4605712890625 854.858154296875 845.1088256835938
993.5587768554688 1140.326904296875 757.6023559570312 709.0607299804688
822.5097045898438 1162.4605712890625 854.858154296875 845.1088256835938
861.3515625 1244.04345703125 912.3026733398438 770.159912109375
864.6714477539062 1186.0167236328125 854.1923828125 796.4034423828125
862.7372436523438 1170.339599609375 839.109619140625 801.9353637695312
1029.53076171875 1176.084716796875 771.3764038085938 669.2843017578125
1022.3744506835938 1007.7405395507812 655.49560546875 740.995361328125
879.9921875 1023.6621704101562 708.0899658203125 844.8768920898438
908.001220703125 1060.4813232421875 727.0650024414062 810.0511474609375
831.0200805664062 1151.0704345703125 838.1481323242188 841.1464233398438
809.2214965820312 1219.5526123046875 919.3110961914062 835.5855712890625
672.2793579101562 1179.2362060546875 975.210693359375 1023.9788208007812
837.4369506835938 1050.4771728515625 745.7412109375 876.3052978515625
1044.4073486328125 1008.1834716796875 650.9413452148438 727.6350708007812
1022.3744506835938 1007.7405395507812 655.49560546875 740.995361328125
824.7826538085938 1148.779541015625 839.9907836914062 851.6807250976562
893.5972290039062 1018.7971801757812 700.7974243164062 835.0768432617188
860.18505859375 1216.0616455078125 885.1377563476562 783.29541015625
1003.4808349609375 1195.1376953125 797.2232666015625 677.5755004882812
701.4160766601562 1209.9417724609375 987.6077270507812 967.9959716796875
713.5182495117188 1136.0606689453125 889.4652709960938 978.9906005859375
809.314697265625 1055.9547119140625 760.4086303710938 901.4684448242188
725.6447143554688 1162.582763671875 913.926513671875 956.0564575195312
942.0325317382812 1196.3353271484375 825.8782958984375 723.6532592773438
688.3316650390625 1161.6951904296875 942.2775268554688 1006.064453125
725.6447143554688 1162.582763671875 913.926513671875 956.0564575195312
1004.1133422851562 995.6354370117188 652.88330078125 761.0137329101562
836.3251342773438 1035.8680419921875 732.8109741210938 879.3896484375
1045.955322265625 1184.640869140625 770.8948364257812 654.2525024414062
1054.727783203125 1025.5433349609375 656.1195678710938 714.221923828125
