871.05615234375 1379.7073974609375 804.3257446289062 1363.95458984375
889.8652954101562 1144.919189453125 864.511962890625 1168.8770751953125
1027.6416015625 1074.0341796875 1004.3043212890625 1137.2186279296875
850.140625 1172.1494140625 822.2496337890625 1183.3797607421875
877.1512451171875 1315.8914794921875 821.333740234375 1313.766845703125
871.05615234375 1379.7073974609375 804.3257446289062 1363.95458984375
608.2483520507812 1478.9508056640625 560.0482788085938 1389.610107421875
850.140625 1172.1494140625 822.2496337890625 1183.3797607421875
875.097900390625 1204.447265625 839.4500122070312 1217.873046875
803.8035278320312 1138.5648193359375 784.4322509765625 1142.0032958984375
878.0234985351562 1233.8233642578125 836.0904541015625 1242.6610107421875
878.0234985351562 1233.8233642578125 836.0904541015625 1242.6610107421875
723.5458984375 1545.7667236328125 650.5057983398438 1464.9951171875
884.8043212890625 1182.9228515625 852.2618408203125 1199.8818359375
611.1315307617188 584.1143798828125 694.6962890625 524.6207885742188
922.1762084960938 1392.5045166015625 846.6328125 1385.61865234375
963.1669921875 1339.8165283203125 892.17626953125 1351.7171630859375
809.5689086914062 1175.848876953125 783.6754760742188 1176.1514892578125
830.4072875976562 1492.2376708984375 749.1539916992188 1445.0357666015625
831.0200805664062 1151.0704345703125 809.1743774414062 1160.84716796875
996.2401123046875 1402.1817626953125 909.7487182617188 1410.765625
792.2909545898438 1475.3504638671875 718.6070556640625 1423.3236083984375
884.1002197265625 1626.4019775390625 775.3214111328125 1560.236328125
806.5172119140625 1499.0601806640625 727.8497924804688 1445.5067138671875
700.8487548828125 1240.3665771484375 674.4805297851562 1208.4500732421875
723.5458984375 1545.7667236328125 650.5057983398438 1464.9951171875
1044.4073486328125 1008.1834716796875 1034.564208984375 1080.3275146484375
722.6831665039062 1372.23876953125 674.8602294921875 1324.8690185546875
878.3217163085938 1156.986083984375 850.4779663085938 1176.0491943359375
980.3900146484375 1412.1702880859375 893.9102783203125 1413.61767578125
726.3515625 1134.868896484375 713.4276123046875 1120.2457275390625
882.3197631835938 1574.7821044921875 781.7015380859375 1521.43896484375
657.9884033203125 1320.7022705078125 622.1649780273438 1266.1199951171875
874.6761474609375 1415.6055908203125 801.5811767578125 1392.8333740234375
874.6761474609375 1415.6055908203125 801.5811767578125 1392.8333740234375
707.8016967773438 1161.2467041015625 691.0003662109375 1140.5389404296875
966.2255859375 1456.220703125 873.6785888671875 1445.6934814453125
869.1480102539062 1518.823486328125 780.1014404296875 1475.5396728515625
832.3991088867188 1312.7657470703125 780.357421875 1301.071533203125
792.5587158203125 1582.4183349609375 703.8143920898438 1506.9237060546875
794.488037109375 1545.34619140625 711.2459716796875 1479.0479736328125
1028.330810546875 1236.601806640625 970.723388671875 1279.515869140625
854.10498046875 1401.932861328125 785.5658569335938 1378.2825927734375
817.4119873046875 1523.7152099609375 733.7359008789062 1467.0374755859375
851.6324462890625 1196.868896484375 817.9686279296875 1204.3515625
713.5182495117188 1136.0606689453125 703.067138671875 1118.173095703125
823.6030883789062 1595.752197265625 730.5931396484375 1525.9149169921875
789.6189575195312 536.5897216796875 889.8668823242188 525.4052124023438
995.171630859375 1465.6456298828125 897.37744140625 1459.7376708984375
714.8145141601562 1471.524169921875 652.8504028320312 1404.9791259765625
868.2446899414062 540.2657470703125 971.9901123046875 551.44677734375
856.3004150390625 1145.181884765625 832.8446655273438 1161.268798828125
998.6546630859375 1436.1986083984375 905.386474609375 1436.276123046875
867.060546875 458.50311279296875 991.98095703125 454.1341552734375
993.5587768554688 1140.326904296875 958.9603271484375 1188.3614501953125
796.3125 1389.2789306640625 736.1492309570312 1354.2996826171875
996.7319946289062 1054.5380859375 978.2938842773438 1110.57373046875
852.4517211914062 479.7031555175781 970.1067504882812 476.0753173828125
733.9074096679688 1176.69921875 714.7874755859375 1159.7135009765625
711.214111328125 1495.9534912109375 646.7993774414062 1423.8291015625
831.2014770507812 541.0994873046875 932.827880859375 541.5203247070312
859.5389404296875 1373.8033447265625 794.6390991210938 1357.2379150390625
867.060546875 458.50311279296875 991.98095703125 454.1341552734375
812.4519653320312 1386.3736572265625 751.54443359375 1357.10986328125
730.1010131835938 1212.2344970703125 704.9303588867188 1189.49267578125
691.5614624023438 1304.8956298828125 655.6326293945312 1260.875244140625
671.7041015625 1198.0780029296875 652.78369140625 1163.4024658203125
796.3125 1389.2789306640625 736.1492309570312 1354.2996826171875
678.2852783203125 1128.6044921875 669.4652709960938 1103.140380859375
855.38330078125 1515.83251953125 768.30908203125 1469.85546875
1022.3744506835938 1007.7405395507812 1016.5870361328125 1075.478271484375
1016.145263671875 1456.8489990234375 916.8389892578125 1457.128173828125
669.577392578125 1146.932861328125 657.3488159179688 1120.416015625
1033.697509765625 1408.43310546875 940.6756591796875 1422.2786865234375
809.2140502929688 1205.8443603515625 777.9690551757812 1203.920654296875
734.392578125 1123.696533203125 724.1847534179688 1113.165283203125
745.05078125 1403.4927978515625 690.0621948242188 1354.6710205078125
825.580810546875 1346.6112060546875 769.4087524414062 1326.906005859375
809.2214965820312 1219.5526123046875 776.0385131835938 1213.912841796875
442.12982177734375 1113.186279296875 449.0937805175781 1035.2379150390625
822.5097045898438 1162.4605712890625 797.757080078125 1168.44287109375
996.0361938476562 1254.1998291015625 937.144287109375 1286.6927490234375
800.5335083007812 1353.50341796875 745.4746704101562 1326.1668701171875
814.4810180664062 504.20526123046875 925.1548461914062 494.9195251464844
536.5447387695312 586.6053466796875 615.2721557617188 505.51116943359375
694.2515869140625 1294.204833984375 659.1033325195312 1252.716552734375
837.025146484375 1410.66650390625 769.8043212890625 1381.873779296875
466.99810791015625 727.346435546875 520.6748046875 648.9811401367188
686.2662963867188 1395.1173095703125 637.2713623046875 1335.072509765625
859.5389404296875 1373.8033447265625 794.6390991210938 1357.2379150390625
799.5816650390625 1525.1248779296875 719.0269165039062 1464.8167724609375
1005.9288940429688 1584.5318603515625 883.0532836914062 1551.731689453125
982.994140625 1567.999267578125 867.5015869140625 1535.2257080078125
822.84521484375 1315.3504638671875 771.083251953125 1298.800537109375
667.3746337890625 1475.91455078125 610.5850219726562 1397.2652587890625
726.1652221679688 528.3612060546875 826.825927734375 493.96270751953125
572.91259765625 1220.51171875 557.9614868164062 1160.05126953125
758.9635009765625 1252.3087158203125 725.009033203125 1230.4794921875
848.3538208007812 541.5866088867188 951.3405151367188 546.726806640625
477.29931640625 1142.938720703125 477.34271240234375 1067.98876953125
868.2446899414062 540.2657470703125 971.9901123046875 551.44677734375
852.4517211914062 479.7031555175781 970.1067504882812 476.0753173828125
1005.9481201171875 1652.995849609375 872.5950317382812 1603.584228515625
817.4119873046875 1523.7152099609375 733.7359008789062 1467.0374755859375
690.7612915039062 1530.0677490234375 625.4754028320312 1446.7274169921875
860.18505859375 1216.0616455078125 824.08984375 1224.633544921875
980.6158447265625 1443.66064453125 888.735595703125 1437.6337890625
713.0497436523438 1284.2711181640625 678.4735107421875 1251.1790771484375
806.3368530273438 534.7129516601562 910.1051635742188 525.2627563476562
559.1383056640625 1207.898681640625 547.5872802734375 1144.9522705078125
826.0890502929688 1362.8848876953125 766.2105102539062 1339.6845703125
815.6176147460938 1569.113525390625 725.7574462890625 1502.40625
864.6714477539062 1186.0167236328125 830.8756103515625 1197.4002685546875
799.2026977539062 1189.2109375 770.8317260742188 1185.892822265625
495.0714416503906 614.7124633789062 564.57763671875 527.9260864257812
492.405517578125 1115.370849609375 496.4163513183594 1045.8094482421875
852.5479736328125 1354.9307861328125 792.3450317382812 1339.916259765625
813.615234375 1331.9022216796875 759.9052734375 1312.8641357421875
513.8169555664062 636.1170043945312 582.9195556640625 555.6070556640625
716.6722412109375 1329.14697265625 674.94970703125 1284.794677734375
869.8915405273438 617.1842041015625 956.153564453125 637.7669067382812
682.8732299804688 1442.0582275390625 628.5458374023438 1373.6934814453125
725.22021484375 1188.130126953125 703.996826171875 1167.7630615234375
698.9459838867188 1508.0096435546875 632.6830444335938 1428.3436279296875
470.65625 1168.759033203125 467.45208740234375 1089.6685791015625
791.0377197265625 510.5424499511719 897.7639770507812 495.1442565917969
692.4205932617188 548.0516357421875 787.5906372070312 506.0865478515625
822.5097045898438 1162.4605712890625 797.757080078125 1168.44287109375
503.84442138671875 691.1149291992188 561.4677734375 616.5042724609375
815.6176147460938 1569.113525390625 725.7574462890625 1502.40625
656.7619018554688 1286.1337890625 624.8270874023438 1236.6627197265625
797.5358276367188 523.178466796875 902.8037109375 510.6092224121094
828.7222290039062 1552.3017578125 739.6484985351562 1492.1949462890625
501.66015625 655.1310424804688 566.6538696289062 575.4210815429688
555.9708251953125 1226.0487060546875 541.23046875 1159.33447265625
656.7503051757812 1259.55126953125 628.4363403320312 1214.4080810546875
598.6703491210938 1165.499267578125 591.6557006835938 1119.7276611328125
799.5818481445312 1366.7862548828125 742.6907958984375 1338.276611328125
567.7973022460938 1184.9031982421875 557.8782348632812 1129.329833984375
861.3515625 1244.04345703125 819.3690795898438 1247.9488525390625
690.5533447265625 1458.5771484375 631.8711547851562 1389.3011474609375
709.2075805664062 567.6939697265625 799.13818359375 536.4404907226562
477.2459411621094 1082.5458984375 484.8516845703125 1010.0150146484375
584.1183471679688 1189.428955078125 572.8958129882812 1134.8238525390625
673.1204833984375 583.67138671875 758.69384765625 544.1175537109375
826.0247802734375 1393.8201904296875 762.359130859375 1365.197998046875
872.053955078125 1572.6593017578125 774.0811157226562 1517.2841796875
852.5479736328125 1354.9307861328125 792.3450317382812 1339.916259765625
555.9708251953125 1226.0487060546875 541.23046875 1159.33447265625
567.7973022460938 1184.9031982421875 557.8782348632812 1129.329833984375
982.994140625 1567.999267578125 867.5015869140625 1535.2257080078125
810.1878051757812 1324.9100341796875 758.381103515625 1304.3509521484375
967.3712768554688 851.7708129882812 997.5170288085938 911.968505859375
952.0894775390625 689.132568359375 1020.3988037109375 739.5072021484375
803.5354614257812 1312.5736083984375 754.6224975585938 1293.4083251953125
866.6739501953125 1388.5516357421875 798.3287353515625 1369.7646484375
605.6063842773438 1216.154052734375 590.9505004882812 1165.197509765625
482.08831787109375 676.8099365234375 542.348876953125 597.3406982421875
942.0325317382812 1196.3353271484375 901.0755004882812 1224.963623046875
495.4112243652344 677.5114135742188 557.276611328125 599.3445434570312
592.916259765625 1188.34423828125 581.0841674804688 1136.721435546875
563.2034301757812 1157.1865234375 554.8966064453125 1101.0382080078125
871.81396484375 1554.91552734375 776.2255249023438 1503.4061279296875
877.3596801757812 1169.77001953125 845.6648559570312 1186.4072265625
610.102294921875 616.8348388671875 687.4083251953125 560.7869262695312
655.5833129882812 1487.7042236328125 597.3963623046875 1402.2591552734375
829.9158935546875 1568.541259765625 738.0228881835938 1505.1112060546875
950.4605102539062 774.80859375 998.3485107421875 831.4476928710938
665.6767578125 1340.704833984375 625.851318359375 1284.87158203125
1036.3604736328125 1122.777587890625 1000.0328979492188 1182.62841796875
645.08642578125 1224.85205078125 623.1927490234375 1180.223388671875
942.0325317382812 1196.3353271484375 901.0755004882812 1224.963623046875
843.6495361328125 1576.218505859375 748.4699096679688 1513.2767333984375
710.06689453125 1146.1707763671875 697.5631713867188 1127.281005859375
667.3746337890625 1475.91455078125 610.5850219726562 1397.2652587890625
701.4160766601562 1209.9417724609375 678.836181640625 1180.5863037109375
1042.9296875 1671.1038818359375 902.344970703125 1626.788330078125
973.1987915039062 1672.57275390625 843.5845336914062 1613.5361328125
508.35821533203125 1047.8826904296875 519.5363159179688 986.0300903320312
996.993408203125 1006.2259521484375 990.1104736328125 1067.8837890625
491.6719970703125 918.0052490234375 520.666748046875 854.3616333007812
1003.4808349609375 1195.1376953125 956.2137451171875 1237.906982421875
479.625732421875 769.1611938476562 526.0231323242188 696.5956420898438
564.0011596679688 651.07568359375 631.0185546875 590.2246704101562
725.6447143554688 1162.582763671875 708.4317016601562 1144.8602294921875
1022.7681884765625 1034.3721923828125 1008.531005859375 1099.4788818359375
1042.9296875 1671.1038818359375 902.344970703125 1626.788330078125
1029.140869140625 1159.83935546875 984.0966796875 1214.0281982421875
578.6653442382812 1200.2447509765625 565.5130615234375 1142.527587890625
669.0477294921875 1492.94775390625 609.5192260742188 1412.203125
582.953857421875 601.4603271484375 660.4913940429688 537.6881713867188
510.63250732421875 1066.8936767578125 519.2182006835938 1004.9738159179688
1048.3372802734375 1658.8560791015625 907.9341430664062 1617.046630859375
583.6825561523438 624.8223266601562 658.47412109375 564.6630859375
668.2902221679688 1518.8502197265625 607.7800903320312 1433.0252685546875
1052.5360107421875 1451.5946044921875 948.84814453125 1460.524658203125
479.6883239746094 1190.0767822265625 475.317138671875 1111.4796142578125
692.7177124023438 1195.37548828125 672.7077026367188 1166.508056640625
493.9101867675781 1075.8731689453125 501.85760498046875 1007.581787109375
564.736572265625 630.3731689453125 634.3069458007812 567.4978637695312
993.8121948242188 1611.114501953125 872.0626831054688 1569.087646484375
842.5825805664062 1592.499755859375 745.462890625 1526.3013916015625
695.8197631835938 1133.5511474609375 682.7365112304688 1109.511962890625
491.6719970703125 918.0052490234375 520.666748046875 854.3616333007812
801.0174560546875 1571.1973876953125 712.6954956054688 1500.5302734375
866.6739501953125 1388.5516357421875 798.3287353515625 1369.7646484375
586.0017700195312 659.735595703125 652.81201171875 604.1982421875
507.4594421386719 1079.2437744140625 515.361328125 1015.111328125
842.9290771484375 1525.6619873046875 756.478515625 1476.52978515625
481.87506103515625 812.7819213867188 522.5599975585938 742.1497192382812
701.3234252929688 597.4240112304688 784.8740234375 567.4657592773438
509.3467102050781 991.4853515625 530.5149536132812 932.3115844726562
682.855224609375 1178.0809326171875 665.8825073242188 1150.2939453125
479.6883239746094 1190.0767822265625 475.317138671875 1111.4796142578125
1043.2032470703125 1025.29541015625 1027.8651123046875 1095.8734130859375
831.8822021484375 1541.2960205078125 744.3187866210938 1483.663818359375
509.3467102050781 991.4853515625 530.5149536132812 932.3115844726562
713.68017578125 1200.4725341796875 691.2305297851562 1175.966552734375
512.3508911132812 663.0951538085938 576.63525390625 587.430419921875
842.9290771484375 1525.6619873046875 756.478515625 1476.52978515625
584.1183471679688 1189.428955078125 572.8958129882812 1134.8238525390625
1033.44921875 977.6678466796875 1032.5250244140625 1048.8199462890625
1026.7325439453125 1432.612060546875 929.5953369140625 1439.3990478515625
493.84124755859375 1047.3463134765625 504.0189208984375 982.34033203125
661.9771118164062 1503.1995849609375 602.015869140625 1418.098876953125
496.6905517578125 1207.1138916015625 489.8410949707031 1129.5626220703125
1053.2763671875 1432.68994140625 952.5753784179688 1445.323486328125
672.5521240234375 1289.32177734375 640.5680541992188 1244.024658203125
1029.162109375 1669.830322265625 887.0222778320312 1618.588134765625
567.7847290039062 1172.5350341796875 560.087646484375 1116.5242919921875
484.44842529296875 637.6000366210938 548.3560180664062 552.336181640625
680.9154663085938 1152.3690185546875 668.7053833007812 1124.9312744140625
672.773193359375 1302.7198486328125 638.5154418945312 1254.7586669921875
671.9010620117188 1316.5587158203125 636.3722534179688 1267.039306640625
487.0183410644531 1193.44970703125 481.71484375 1114.8826904296875
1045.955322265625 1184.640869140625 997.8236694335938 1239.2845458984375
988.9984130859375 1660.9498291015625 858.387939453125 1608.0079345703125
477.8088684082031 928.1143188476562 503.6034240722656 863.4020385742188
1016.8221435546875 1365.322998046875 934.9578247070312 1384.2060546875
484.11688232421875 1036.442626953125 497.603759765625 970.4354248046875
482.740966796875 779.1151733398438 528.7651977539062 707.212890625
1019.6948852539062 993.3701171875 1014.5179443359375 1062.149658203125
625.1156616210938 1130.5941162109375 621.59716796875 1091.9970703125
1045.955322265625 1184.640869140625 997.8236694335938 1239.2845458984375
1023.80224609375 1624.8922119140625 892.0979614257812 1586.022705078125
