749.4942626953125 877.4744873046875 680.2861938476562 1038.2054443359375
749.0433349609375 963.3142700195312 612.22314453125 987.1632690429688
666.8038940429688 828.1477661132812 795.2842407226562 993.3492431640625
749.0433349609375 963.3142700195312 612.22314453125 987.1632690429688
627.7294921875 769.4728393554688 898.8814697265625 999.8037719726562
647.265380859375 763.6705322265625 881.3817138671875 1024.7603759765625
622.9788818359375 896.5843505859375 770.1442260742188 898.2095336914062
626.7555541992188 994.9808959960938 671.6449584960938 841.2984008789062
681.1690063476562 824.9517822265625 784.0004272460938 1009.9473876953125
635.6631469726562 817.474853515625 838.841796875 970.390869140625
647.477783203125 919.2918701171875 724.2898559570312 914.007080078125
625.3516235351562 875.65771484375 789.180908203125 916.427490234375
718.2693481445312 805.131103515625 767.6229248046875 1059.3341064453125
604.537841796875 842.3175659179688 848.2919921875 915.3475341796875
699.3580932617188 824.3762817382812 765.7532348632812 1032.91357421875
599.9992065429688 773.0664672851562 936.0032958984375 959.5112915039062
721.4114990234375 821.3936157226562 747.9788208007812 1050.23095703125
611.1192016601562 966.745361328125 712.8895874023438 838.0015869140625
673.664794921875 819.9024047851562 794.633544921875 1009.0591430664062
624.821044921875 835.8351440429688 833.8026733398438 943.0786743164062
599.2193603515625 923.489501953125 767.8900756835938 852.1963500976562
604.606689453125 916.3204956054688 768.6304931640625 862.2508544921875
614.1437377929688 951.5120239257812 723.8118896484375 853.0658569335938
594.60302734375 907.0411376953125 788.554443359375 858.6835327148438
597.4325561523438 905.0591430664062 789.2794799804688 860.2142944335938
555.26171875 989.0707397460938 747.6642456054688 744.0857543945312
607.2250366210938 899.5189208984375 782.3632202148438 876.7324829101562
609.7620849609375 934.7484741210938 746.2142333984375 860.5570068359375
609.7620849609375 934.7484741210938 746.2142333984375 860.5570068359375
