150.8873748779297
159.39573669433594
166.228759765625
167.33499145507812
167.94642639160156
167.94940185546875
168.60604858398438
171.548828125
174.06895446777344
174.5880889892578
174.75125122070312
175.67868041992188
177.45140075683594
179.1256561279297
180.51039123535156
180.64053344726562
181.32566833496094
193.47608947753906
198.6705780029297
198.957275390625
212.22865295410156
214.21717834472656
218.65269470214844
220.34291076660156
224.51280212402344
227.83985900878906
229.4689483642578
235.49522399902344
235.74986267089844
237.93907165527344
240.19158935546875
249.5435791015625
251.07568359375
254.28134155273438
