963.0737915039062 1291.01123046875 637.0986328125 750.5147094726562
789.61181640625 1168.17626953125 809.5958251953125 684.3108520507812
845.2189331054688 1196.4617919921875 749.7098999023438 715.9281616210938
792.7280883789062 1154.38623046875 817.890380859375 697.0894165039062
980.7451782226562 1205.260009765625 673.7868041992188 810.3644409179688
993.5088500976562 1229.9027099609375 657.4835205078125 804.5526123046875
763.0213623046875 1187.9422607421875 821.0439453125 645.108154296875
810.9862670898438 1203.175537109375 771.5177612304688 681.4194946289062
794.2738037109375 1226.2156982421875 769.9337158203125 647.5401000976562
803.4778442382812 1230.42919921875 758.50732421875 655.7714233398438
833.1737060546875 1215.30126953125 748.2348022460938 692.5425415039062
824.712646484375 1158.2357177734375 792.4400634765625 723.3934326171875
990.413330078125 1240.4598388671875 651.1554565429688 796.3182983398438
803.4778442382812 1230.42919921875 758.50732421875 655.7714233398438
818.3477783203125 1223.423828125 753.9147338867188 673.1236572265625
799.760009765625 1186.390625 789.5185546875 683.3364868164062
818.3477783203125 1223.423828125 753.9147338867188 673.1236572265625
1022.9808349609375 1247.5621337890625 634.4288330078125 812.5177001953125
976.7451171875 1231.7498779296875 661.5806274414062 794.0029907226562
