1005.9378662109375 1318.929443359375 697.4802856445312 551.4293823242188
952.7351684570312 1179.984130859375 670.2218017578125 684.8037109375
775.684814453125 1176.1041259765625 838.2279052734375 761.7015991210938
856.3616333007812 1164.529541015625 744.8497924804688 734.575927734375
952.7351684570312 1179.984130859375 670.2218017578125 684.8037109375
856.3616333007812 1164.529541015625 744.8497924804688 734.575927734375
1017.5497436523438 1100.2938232421875 593.8396606445312 726.558837890625
971.32177734375 1102.8905029296875 624.4708862304688 741.426513671875
845.2189331054688 1196.4617919921875 774.8862915039062 707.4960327148438
763.0213623046875 1187.9422607421875 860.2739868164062 758.608154296875
833.1737060546875 1215.30126953125 798.3209838867188 696.3897094726562
789.61181640625 1168.17626953125 815.5719604492188 763.2422485351562
789.61181640625 1168.17626953125 815.5719604492188 763.2422485351562
792.7280883789062 1154.38623046875 804.6107788085938 775.0111083984375
951.5071411132812 1230.2596435546875 695.6328735351562 638.9217529296875
885.5195922851562 1088.4149169921875 679.276611328125 788.2362670898438
1019.7620239257812 1084.087890625 586.3729858398438 737.6417236328125
800.46142578125 1158.9130859375 798.9224243164062 766.253173828125
824.712646484375 1158.2357177734375 773.2062377929688 756.1361694335938
1017.5497436523438 1100.2938232421875 593.8396606445312 726.558837890625
818.3477783203125 1223.423828125 819.9491577148438 694.8478393554688
998.3433227539062 1088.4189453125 601.0841064453125 741.3701782226562
830.564453125 1241.078857421875 817.6220703125 670.1220703125
980.7451782226562 1205.260009765625 662.1729736328125 654.3697509765625
815.2620849609375 1181.2603759765625 797.2423706054688 740.0457153320312
961.8622436523438 1211.21826171875 677.3407592773438 655.2537841796875
706.3536987304688 1161.6090087890625 923.052734375 816.9882202148438
976.7451171875 1231.7498779296875 676.3587646484375 633.3421630859375
1044.288818359375 1277.99072265625 649.2278442382812 575.8177490234375
976.7451171875 1231.7498779296875 676.3587646484375 633.3421630859375
1002.5038452148438 1063.2349853515625 588.0638427734375 758.411865234375
1042.3624267578125 1056.668701171875 563.6439819335938 749.2948608398438
993.5088500976562 1229.9027099609375 662.8884887695312 631.75634765625
798.005859375 1323.6302490234375 915.898681640625 592.8278198242188
963.0737915039062 1291.01123046875 716.0523681640625 580.6423950195312
770.96875 1204.9927978515625 862.6605224609375 736.30615234375
813.5484008789062 1246.5914306640625 839.9443969726562 669.2955932617188
818.3477783203125 1223.423828125 819.9491577148438 694.8478393554688
1028.8612060546875 1235.2764892578125 640.2703247070312 617.6597900390625
820.189697265625 1066.5689697265625 724.6430053710938 840.8019409179688
1002.5038452148438 1063.2349853515625 588.0638427734375 758.411865234375
769.3634643554688 1214.506103515625 874.3865966796875 724.23046875
1048.4779052734375 1026.667724609375 549.635009765625 768.5673828125
1006.48388671875 1241.864501953125 658.9150390625 617.5681762695312
664.0952758789062 1141.0699462890625 970.719970703125 873.2282104492188
911.6951904296875 1406.72412109375 830.290283203125 478.209228515625
750.7191162109375 1297.1309814453125 962.1576538085938 641.2763671875
670.443359375 1185.3021240234375 997.2466430664062 815.173583984375
1023.3449096679688 1067.8529052734375 578.2467651367188 747.73779296875
1002.3795166015625 1049.4508056640625 583.3372192382812 768.1001586914062
766.5365600585938 1329.787109375 968.4693603515625 594.3400268554688
754.0647583007812 1323.9495849609375 984.3030395507812 604.6904907226562
820.189697265625 1066.5689697265625 724.6430053710938 840.8019409179688
