55.5247688293457
71.95832061767578
80.2869873046875
80.59776306152344
94.5938720703125
99.91996765136719
100.33444213867188
104.67091369628906
107.46162414550781
111.5616455078125
113.92980194091797
114.100830078125
115.6157455444336
117.1067886352539
118.18629455566406
119.95415496826172
120.19151306152344
123.89108276367188
124.03225708007812
124.43070220947266
126.96849822998047
128.35498046875
129.07749938964844
131.88632202148438
135.7276611328125
140.40298461914062
140.6449432373047
141.6615753173828
144.7895050048828
145.67086791992188
153.00653076171875
155.7144775390625
157.7276153564453
167.14364624023438
173.03756713867188
173.84188842773438
174.2584228515625
175.35678100585938
176.43695068359375
176.5247802734375
178.77919006347656
179.26795959472656
182.5568389892578
185.827880859375
187.13363647460938
188.1090087890625
190.7432861328125
192.59542846679688
197.1826629638672
199.00753784179688
201.71762084960938
203.5386962890625
204.1886444091797
208.49220275878906
213.8176727294922
223.7118682861328
224.18296813964844
259.5014343261719
