980.8501586914062 1404.762451171875 898.3408813476562 1357.6639404296875
963.2297973632812 1395.9490966796875 884.74755859375 1347.8231201171875
493.3608703613281 1156.264404296875 489.9696044921875 1063.1063232421875
488.0566101074219 1020.181884765625 500.3110656738281 933.5282592773438
612.6690063476562 1441.4091796875 570.1358032226562 1331.6646728515625
607.8787231445312 1377.0059814453125 570.760498046875 1275.5955810546875
667.4071044921875 1214.4659423828125 645.9918212890625 1145.8856201171875
800.46142578125 1158.9130859375 776.9517822265625 1120.9915771484375
818.3477783203125 1223.423828125 782.673583984375 1179.9781494140625
967.5922241210938 1272.3944091796875 909.1531372070312 1245.083984375
819.2013549804688 1314.8321533203125 769.36767578125 1258.17138671875
775.684814453125 1176.1041259765625 751.2667236328125 1129.7994384765625
728.3612060546875 1512.275634765625 662.0278930664062 1406.3294677734375
657.8057250976562 1525.31298828125 600.1344604492188 1407.4090576171875
963.2297973632812 1395.9490966796875 884.74755859375 1347.8231201171875
936.2959594726562 1380.59130859375 862.5371704101562 1330.8582763671875
992.4564208984375 1425.643798828125 904.687255859375 1377.940185546875
794.2738037109375 1226.2156982421875 760.405029296875 1177.5001220703125
874.8719482421875 1443.9356689453125 800.6719970703125 1374.301025390625
644.0715942382812 1170.0101318359375 630.1638793945312 1102.1044921875
649.6649169921875 1268.552490234375 622.6473999023438 1190.43505859375
952.7351684570312 1179.984130859375 910.2479248046875 1163.3067626953125
846.6837768554688 1386.274169921875 783.881103515625 1321.6185302734375
473.5519714355469 963.6804809570312 492.03826904296875 876.5189819335938
824.712646484375 1158.2357177734375 798.0676879882812 1122.888427734375
496.08221435546875 1093.4964599609375 499.6679992675781 1005.3160400390625
973.4710693359375 1487.1375732421875 879.1234741210938 1423.320556640625
973.4710693359375 1487.1375732421875 879.1234741210938 1423.320556640625
728.3612060546875 1512.275634765625 662.0278930664062 1406.3294677734375
977.9510498046875 1218.4716796875 926.8759765625 1200.5914306640625
952.7351684570312 1179.984130859375 910.2479248046875 1163.3067626953125
776.6004028320312 1303.860107421875 732.6360473632812 1241.4873046875
796.5986328125 1633.46435546875 706.1219482421875 1511.2762451171875
839.50634765625 1257.5150146484375 797.0173950195312 1212.640625
818.3477783203125 1223.423828125 782.673583984375 1179.9781494140625
478.64044189453125 1014.1900634765625 491.9246826171875 926.2361450195312
993.5088500976562 1229.9027099609375 939.0712890625 1212.5919189453125
768.8213500976562 1384.9700927734375 715.7938842773438 1309.9234619140625
629.2679443359375 1401.83349609375 587.1994018554688 1299.7164306640625
472.04852294921875 1040.466552734375 481.3009948730469 950.3235473632812
620.5206909179688 1224.148193359375 600.6403198242188 1145.440185546875
661.3116455078125 1381.7467041015625 617.6383056640625 1288.2322998046875
873.1671142578125 1539.8131103515625 783.9738159179688 1449.1131591796875
467.49090576171875 1112.981689453125 469.6247863769531 1018.2454833984375
1036.0091552734375 1288.481689453125 966.4716796875 1269.8465576171875
697.33984375 1193.18896484375 676.849609375 1132.4754638671875
1019.1134643554688 1301.22265625 949.781982421875 1278.5098876953125
717.0548706054688 1432.7769775390625 662.3094482421875 1339.0623779296875
450.2710266113281 1175.1934814453125 447.8664245605469 1073.7490234375
659.2701416015625 1400.083740234375 614.4249267578125 1303.66357421875
1019.1134643554688 1301.22265625 949.781982421875 1278.5098876953125
508.6749267578125 1037.1937255859375 518.4652099609375 954.0886840820312
1036.0091552734375 1288.481689453125 966.4716796875 1269.8465576171875
990.413330078125 1240.4598388671875 934.8494262695312 1222.242431640625
638.832763671875 1232.650146484375 615.843994140625 1156.14501953125
756.5029296875 1222.3466796875 726.907470703125 1167.474853515625
839.50634765625 1257.5150146484375 797.0173950195312 1212.640625
642.501220703125 1458.5081787109375 592.8790283203125 1349.8231201171875
645.6947631835938 1435.6156005859375 598.1854858398438 1331.7945556640625
819.2013549804688 1314.8321533203125 769.36767578125 1258.17138671875
457.5393371582031 1144.840087890625 457.3331604003906 1045.5667724609375
504.0585021972656 867.5186767578125 534.3253173828125 787.0675048828125
813.5484008789062 1246.5914306640625 775.969970703125 1199.1053466796875
951.5071411132812 1230.2596435546875 901.8543701171875 1206.370849609375
803.4778442382812 1230.42919921875 768.4288330078125 1183.12841796875
615.859375 1276.287109375 590.4622802734375 1190.360107421875
830.564453125 1241.078857421875 791.4627685546875 1195.973876953125
520.532958984375 705.2034301757812 571.5574951171875 619.6895751953125
496.64154052734375 876.9410400390625 525.9849853515625 794.6324462890625
545.413330078125 1157.6263427734375 539.270263671875 1072.654541015625
803.4778442382812 1230.42919921875 768.4288330078125 1183.12841796875
1006.2652587890625 1241.3642578125 947.8399047851562 1225.3597412109375
998.2555541992188 1397.9251708984375 914.0927124023438 1354.45947265625
572.686767578125 1183.3341064453125 562.1600341796875 1102.1966552734375
617.5800170898438 1246.8421630859375 595.7448120117188 1163.7845458984375
491.2961730957031 914.7722778320312 515.9242553710938 831.7288818359375
891.1781005859375 1349.3736572265625 827.9561767578125 1297.804443359375
845.2189331054688 1196.4617919921875 811.814697265625 1161.05029296875
510.2595520019531 846.8150024414062 542.6256713867188 766.7232055664062
1017.5497436523438 1100.2938232421875 984.8390502929688 1103.8218994140625
501.61871337890625 856.0611572265625 533.36865234375 774.3963623046875
976.7451171875 1231.7498779296875 924.5872192382812 1212.8441162109375
873.1671142578125 1539.8131103515625 783.9738159179688 1449.1131591796875
478.0279846191406 971.1409301757812 496.05767822265625 884.3966674804688
560.887451171875 1166.7763671875 552.1549682617188 1084.17333984375
471.4842529296875 1023.7938842773438 483.5616760253906 934.2092895507812
758.4505615234375 1551.460693359375 684.1724853515625 1444.124755859375
672.6677856445312 1258.521484375 644.69482421875 1185.8228759765625
471.85150146484375 982.1455688476562 488.2796630859375 893.8511962890625
830.564453125 1241.078857421875 791.4627685546875 1195.973876953125
770.3073120117188 1476.93994140625 703.2815551757812 1384.531005859375
980.8501586914062 1404.762451171875 898.3408813476562 1357.6639404296875
619.942626953125 1294.4149169921875 592.0531005859375 1207.28857421875
739.1868286132812 1278.4285888671875 702.494140625 1213.42626953125
495.29833984375 986.9255981445312 511.22149658203125 903.3678588867188
471.4842529296875 1023.7938842773438 483.5616760253906 934.2092895507812
706.3536987304688 1161.6090087890625 688.8412475585938 1107.4656982421875
579.6632690429688 1194.78125 567.218017578125 1113.2821044921875
582.5299072265625 1173.6712646484375 571.7589721679688 1096.48681640625
593.8045043945312 1417.4521484375 554.4447631835938 1305.0296630859375
505.4126892089844 1018.2811279296875 517.4060668945312 934.7400512695312
977.9510498046875 1218.4716796875 926.8759765625 1200.5914306640625
886.5713500976562 1401.4991455078125 816.8696899414062 1339.54052734375
516.7163696289062 750.0662841796875 562.2391967773438 667.1599731445312
656.4500122070312 1157.92822265625 643.3259887695312 1093.444091796875
980.7451782226562 1205.260009765625 930.4996948242188 1188.608154296875
1028.8612060546875 1235.2764892578125 969.393798828125 1224.5439453125
793.2650756835938 1360.0244140625 739.5244750976562 1291.9222412109375
768.3349609375 583.2610473632812 846.1853637695312 543.5054931640625
724.5118408203125 1446.9493408203125 666.6055908203125 1352.9302978515625
976.7451171875 1231.7498779296875 924.5872192382812 1212.8441162109375
770.96875 1204.9927978515625 741.9066162109375 1156.5023193359375
537.4193115234375 717.6123657226562 587.8531494140625 637.7569580078125
799.760009765625 1186.390625 771.9347534179688 1144.203857421875
733.4832153320312 1358.818115234375 686.8609619140625 1281.4222412109375
782.5565185546875 1569.1265869140625 701.2871704101562 1460.6507568359375
810.9862670898438 1203.175537109375 779.0892944335938 1159.688720703125
500.84368896484375 732.3671264648438 547.3482666015625 646.0895385742188
793.2650756835938 1360.0244140625 739.5244750976562 1291.9222412109375
664.0369873046875 1171.696533203125 648.5125122070312 1107.1912841796875
535.333740234375 661.679443359375 593.1117553710938 576.094970703125
942.6766357421875 1418.7633056640625 863.2890014648438 1363.4205322265625
734.1804809570312 598.0553588867188 807.5787963867188 551.5305786132812
777.183349609375 594.201416015625 852.7291259765625 557.6224975585938
1004.3556518554688 1256.193115234375 945.5494384765625 1237.2672119140625
900.4423217773438 1458.3555908203125 821.7228393554688 1390.890869140625
504.1196594238281 711.8239135742188 553.9745483398438 623.6099853515625
937.5123901367188 550.9644165039062 1020.7296142578125 546.1600341796875
548.3707275390625 1171.2667236328125 540.5940551757812 1086.121826171875
704.0469360351562 1514.4920654296875 641.1123657226562 1405.5426025390625
548.372314453125 704.0669555664062 600.120849609375 625.8258666992188
937.7664794921875 1475.8251953125 851.474609375 1409.7215576171875
733.4832153320312 1358.818115234375 686.8609619140625 1281.4222412109375
778.7767944335938 516.9527587890625 866.0355224609375 472.8956604003906
958.373291015625 1590.494873046875 849.4097900390625 1501.6302490234375
725.9923706054688 521.4940185546875 811.3688354492188 465.4476013183594
606.1614379882812 692.384765625 661.392333984375 624.3160400390625
500.2167663574219 1010.6635131835938 512.1519165039062 928.3035278320312
664.0952758789062 1141.0699462890625 652.4476928710938 1080.033203125
531.4674682617188 1171.410888671875 524.4268188476562 1083.1702880859375
815.2620849609375 1181.2603759765625 785.7508544921875 1141.9532470703125
911.6951904296875 1406.72412109375 837.1937255859375 1350.4737548828125
789.61181640625 1168.17626953125 764.5633544921875 1126.5281982421875
725.9923706054688 521.4940185546875 811.3688354492188 465.4476013183594
624.7202758789062 1459.3138427734375 577.5474853515625 1348.2972412109375
576.0270385742188 1161.9227294921875 567.8720703125 1083.306884765625
671.94775390625 1332.117431640625 634.5970458984375 1249.05126953125
971.32177734375 1102.8905029296875 939.1192016601562 1094.9002685546875
508.9146728515625 710.8026123046875 559.9090576171875 623.10986328125
560.7730712890625 607.2160034179688 627.0949096679688 522.39990234375
824.605224609375 1195.875 791.8201904296875 1155.551025390625
664.0952758789062 1141.0699462890625 652.4476928710938 1080.033203125
631.860107421875 576.2853393554688 706.7725219726562 503.9212951660156
942.6766357421875 1418.7633056640625 863.2890014648438 1363.4205322265625
507.19732666015625 721.3135375976562 556.52001953125 634.3450317382812
734.635498046875 1535.4300537109375 665.4295654296875 1427.658935546875
907.40283203125 466.2733459472656 1008.1969604492188 447.3600769042969
877.267822265625 1575.1346435546875 783.2869262695312 1477.72021484375
892.8922119140625 1556.16259765625 797.2516479492188 1463.856201171875
763.0213623046875 1187.9422607421875 737.7593383789062 1137.29052734375
559.2979125976562 629.7003173828125 622.262939453125 547.6310424804688
609.1629638671875 1410.0037841796875 568.1336669921875 1303.5150146484375
788.3632202148438 529.9529418945312 873.2607421875 492.5157470703125
537.224365234375 631.4161987304688 598.9903564453125 543.5880737304688
489.8487548828125 887.6484375 516.9002685546875 803.8394775390625
487.8248291015625 1123.3841552734375 488.4064636230469 1031.1007080078125
1051.4310302734375 907.9220581054688 1054.518798828125 932.5772705078125
925.9013061523438 1415.34130859375 848.7550048828125 1359.437744140625
547.3626098632812 1142.295166015625 542.644287109375 1059.8653564453125
642.501220703125 1458.5081787109375 592.8790283203125 1349.8231201171875
529.3842163085938 576.07080078125 599.551025390625 480.08990478515625
556.1695556640625 1407.7386474609375 521.7612915039062 1293.6634521484375
631.1089477539062 550.5808715820312 710.124267578125 475.3351745605469
611.6484375 1398.2952880859375 571.5416870117188 1293.8026123046875
899.4898071289062 542.859375 984.1804809570312 528.80224609375
656.0496826171875 614.3088989257812 725.1443481445312 552.0734252929688
791.8351440429688 500.4305419921875 885.7474365234375 457.9153137207031
958.21142578125 1443.115966796875 871.552734375 1384.6029052734375
645.9724731445312 538.1978149414062 724.4524536132812 465.45062255859375
963.0737915039062 1291.01123046875 902.6427001953125 1261.029296875
489.3771057128906 995.9429321289062 504.03485107421875 910.2816162109375
487.806640625 1146.95751953125 485.9053039550781 1053.074462890625
728.1959838867188 1524.0413818359375 660.8681030273438 1417.4625244140625
1044.288818359375 1277.99072265625 975.805908203125 1263.6007080078125
867.752685546875 1566.0960693359375 775.3767700195312 1470.1038818359375
712.3809814453125 1490.6248779296875 651.0833129882812 1384.801025390625
626.2289428710938 614.8638305664062 693.938232421875 546.4495849609375
515.0775146484375 918.5741577148438 538.5459594726562 839.8909912109375
846.60205078125 655.7988891601562 906.404296875 638.697509765625
547.3626098632812 1142.295166015625 542.644287109375 1059.8653564453125
500.8723449707031 966.5817260742188 518.2399291992188 884.2832641601562
796.14404296875 1373.2926025390625 741.15478515625 1304.1240234375
647.2783203125 1126.7867431640625 638.353271484375 1063.7003173828125
475.55767822265625 1143.8072509765625 474.24456787109375 1047.742431640625
595.7993774414062 684.76904296875 650.9839477539062 615.0279541015625
742.2498168945312 1330.555419921875 698.6618041992188 1258.1904296875
833.1737060546875 1215.30126953125 797.3989868164062 1175.357421875
712.3280639648438 606.4506225585938 780.9202270507812 555.072265625
541.1364135742188 590.7139892578125 609.2901000976562 499.7959899902344
510.5755920410156 745.327392578125 557.0882568359375 660.5928955078125
947.2020263671875 1622.347900390625 835.6917724609375 1525.104248046875
899.842041015625 1378.3570556640625 832.5192260742188 1321.7181396484375
1022.9808349609375 1247.5621337890625 963.1593017578125 1233.0634765625
784.289306640625 1381.88720703125 729.2144775390625 1308.013671875
489.2174377441406 986.272216796875 505.07598876953125 901.4803466796875
498.68438720703125 977.9835205078125 515.597412109375 895.5172119140625
486.8791809082031 966.302978515625 504.2175598144531 882.0401000976562
1023.3449096679688 1067.8529052734375 995.6161499023438 1075.97998046875
754.0647583007812 1323.9495849609375 709.9737548828125 1254.706787109375
543.3973999023438 1171.5938720703125 535.1442260742188 1085.277099609375
1002.5038452148438 1063.2349853515625 980.4602661132812 1068.89404296875
479.4949951171875 965.6570434570312 496.9474792480469 880.093994140625
982.5260620117188 924.1709594726562 989.3515625 935.7633666992188
1025.542724609375 960.6997680664062 1018.51708984375 976.7610473632812
815.2620849609375 1181.2603759765625 785.7508544921875 1141.9532470703125
491.0433044433594 850.4097900390625 523.34765625 766.1758422851562
536.2449340820312 730.0060424804688 583.898193359375 650.0645751953125
1019.7620239257812 1084.087890625 987.3858032226562 1088.6920166015625
792.7280883789062 1154.38623046875 769.1005859375 1113.48388671875
1031.4661865234375 1219.73583984375 975.0179443359375 1210.6953125
484.1308288574219 1059.6851806640625 491.7686767578125 970.6829833984375
665.8279418945312 536.0189208984375 747.242431640625 467.8983154296875
580.2994995117188 1238.0003662109375 565.1646118164062 1150.8951416015625
510.28741455078125 700.4610595703125 563.2032470703125 612.4197998046875
571.1554565429688 1146.96728515625 564.471435546875 1068.578369140625
546.8134155273438 724.6627807617188 595.7655639648438 648.1632080078125
484.72149658203125 971.7367553710938 502.6409606933594 885.6679077148438
924.6982421875 1657.5938720703125 809.5070190429688 1546.7847900390625
553.9869384765625 590.4190063476562 621.2949829101562 502.20379638671875
756.7198486328125 513.59814453125 845.034423828125 464.2474365234375
880.0347290039062 481.8173522949219 975.7501220703125 457.4821472167969
863.9020385742188 664.47412109375 924.1401977539062 650.5650634765625
502.48089599609375 755.8675537109375 546.3756103515625 670.25927734375
1019.7620239257812 1084.087890625 987.3858032226562 1088.6920166015625
581.6649780273438 1129.401611328125 576.8455200195312 1055.1058349609375
979.401123046875 1057.5045166015625 956.7987670898438 1058.53125
745.8042602539062 1491.6827392578125 680.3131103515625 1393.0081787109375
606.0416259765625 603.2960815429688 673.3521728515625 527.9590454101562
920.4660034179688 1455.9290771484375 837.818359375 1390.07666015625
543.6287841796875 1112.5439453125 541.6221923828125 1031.2176513671875
884.415283203125 638.821533203125 949.31884765625 630.2498168945312
992.1043090820312 1032.977783203125 976.2396850585938 1039.711669921875
914.368408203125 546.9752197265625 1001.3523559570312 537.1156616210938
542.74609375 604.824951171875 609.2161254882812 514.749267578125
552.9139404296875 625.6533203125 617.801025390625 539.4030151367188
797.6148071289062 630.0570678710938 864.0947265625 599.16259765625
879.0045166015625 1626.946533203125 775.6166381835938 1517.5355224609375
1022.0075073242188 872.6029663085938 1034.730224609375 893.5117797851562
881.697509765625 1605.7554931640625 782.561767578125 1501.2738037109375
505.1460876464844 998.1301879882812 519.5759887695312 916.2350463867188
838.3472290039062 1183.38232421875 806.6856079101562 1148.0670166015625
933.1895141601562 516.453125 1023.6304321289062 508.5087890625
1002.3795166015625 1049.4508056640625 980.27685546875 1056.3756103515625
632.8236694335938 589.9425659179688 704.0403442382812 519.8734130859375
870.341796875 513.0701904296875 959.501953125 489.9671325683594
782.7337646484375 1213.7015380859375 750.0794067382812 1166.6507568359375
779.3215942382812 1510.533935546875 706.8153686523438 1412.6707763671875
1022.0075073242188 872.6029663085938 1034.730224609375 893.5117797851562
976.0714721679688 821.8785400390625 1000.5904541015625 836.7946166992188
911.4058837890625 665.4076538085938 970.507080078125 662.2587280273438
502.48089599609375 755.8675537109375 546.3756103515625 670.25927734375
915.491943359375 685.1282958984375 970.7138061523438 684.610107421875
953.0263671875 1457.816650390625 865.7357177734375 1396.5035400390625
927.0496826171875 1633.4183349609375 818.690185546875 1530.764404296875
1046.5010986328125 1040.1864013671875 1023.2090454101562 1054.80810546875
684.647216796875 1110.00390625 676.03466796875 1055.5029296875
874.0577392578125 526.1077880859375 964.5298461914062 506.27166748046875
752.2747802734375 1519.7728271484375 681.69140625 1414.5579833984375
489.2174377441406 986.272216796875 505.07598876953125 901.4803466796875
542.390380859375 572.0211791992188 611.98876953125 479.209228515625
1046.1513671875 880.441650390625 1052.90283203125 904.2278442382812
631.1492919921875 565.1233520507812 708.267578125 489.6802062988281
953.1215209960938 893.3945922851562 963.64111328125 900.7125244140625
759.0077514648438 1495.7149658203125 692.9314575195312 1395.2098388671875
536.2449340820312 730.0060424804688 583.898193359375 650.0645751953125
758.7223510742188 1298.021484375 717.94873046875 1234.237060546875
522.4061279296875 570.4013671875 592.4735717773438 471.9234619140625
487.8248291015625 1123.3841552734375 488.4064636230469 1031.1007080078125
616.9231567382812 699.671142578125 670.5016479492188 635.1317749023438
682.08056640625 1146.1771240234375 668.3167724609375 1089.9998779296875
750.7191162109375 1297.1309814453125 709.904052734375 1231.6480712890625
867.752685546875 1566.0960693359375 775.3767700195312 1470.1038818359375
658.9485473632812 1132.296630859375 648.922607421875 1069.842041015625
738.42626953125 525.6638793945312 825.9840698242188 472.11083984375
517.4508056640625 907.520751953125 542.4625244140625 829.636962890625
629.14453125 698.9522705078125 683.7175903320312 637.6234741210938
753.8886108398438 563.4224243164062 834.4618530273438 517.69873046875
564.7921142578125 1133.0924072265625 560.1609497070312 1054.0682373046875
739.6365356445312 1499.744873046875 674.7969360351562 1399.021240234375
674.9287109375 643.6958618164062 742.3519897460938 585.7520141601562
580.5881958007812 653.3222045898438 640.52392578125 577.66650390625
629.8478393554688 1288.041748046875 601.4049682617188 1203.090576171875
726.9276733398438 539.5862426757812 809.8021850585938 486.4055480957031
1042.3624267578125 1056.668701171875 1014.6519775390625 1070.3875732421875
789.61181640625 1168.17626953125 764.5633544921875 1126.5281982421875
891.6282348632812 691.7329711914062 945.7474365234375 686.33935546875
799.760009765625 1186.390625 771.9347534179688 1144.203857421875
640.1403198242188 1280.1607666015625 612.3551025390625 1198.7196044921875
998.3433227539062 1088.4189453125 969.01953125 1089.381103515625
527.0822143554688 1073.423583984375 529.9779052734375 989.8303833007812
1018.7874755859375 1036.7916259765625 998.6907348632812 1046.059814453125
556.960205078125 1130.4742431640625 553.2395629882812 1050.1822509765625
698.998046875 1148.5352783203125 684.3475341796875 1092.725830078125
645.0565185546875 1243.9769287109375 621.2594604492188 1167.677978515625
631.1492919921875 565.1233520507812 708.267578125 489.6802062988281
1042.3624267578125 1056.668701171875 1014.6519775390625 1070.3875732421875
620.02197265625 577.169189453125 693.322509765625 502.60235595703125
527.0822143554688 1073.423583984375 529.9779052734375 989.8303833007812
741.3984375 1515.10302734375 672.6773681640625 1410.91259765625
849.0526733398438 697.6853637695312 904.65869140625 683.7369995117188
1059.5350341796875 1061.4566650390625 1030.5718994140625 1075.9483642578125
