75.38567352294922
76.85700988769531
77.47257232666016
78.37728881835938
79.42921447753906
79.46068572998047
83.0
83.2045669555664
83.3066635131836
84.01190185546875
85.05879974365234
85.53946685791016
86.63717651367188
87.16077423095703
87.89197540283203
87.91473388671875
90.54280853271484
91.77690124511719
91.92388153076172
92.2225570678711
93.48262023925781
94.08506774902344
95.22079467773438
96.374267578125
96.55050659179688
97.59610748291016
98.2089614868164
98.45811462402344
99.05049133300781
99.30256652832031
99.75469970703125
99.90495300292969
101.03959655761719
101.17806243896484
101.4839859008789
101.6218490600586
102.42070007324219
102.43046569824219
103.1309814453125
103.31505584716797
103.36343383789062
103.96633911132812
104.69001770019531
104.77117919921875
104.8093490600586
104.86658477783203
105.78752136230469
105.92449951171875
106.50352478027344
107.53138732910156
109.21080780029297
109.26573181152344
109.6859130859375
110.68423461914062
111.83917236328125
112.01785278320312
112.09817504882812
113.49449157714844
113.91224670410156
114.17530059814453
114.19281768798828
114.54257202148438
116.0689468383789
116.20240783691406
116.28843688964844
116.5203857421875
116.70046997070312
116.8417739868164
118.25819396972656
119.48221588134766
120.41594696044922
120.54874420166016
120.73524475097656
120.7518081665039
120.79734802246094
121.02066040039062
121.06196594238281
123.76995086669922
124.08061981201172
124.5913314819336
124.61540985107422
125.00399780273438
125.44719696044922
125.45516967773438
126.46343231201172
127.19670104980469
127.80453491210938
127.88666534423828
128.35107421875
128.70120239257812
128.75169372558594
128.7633514404297
129.65724182128906
130.06536865234375
130.0845947265625
130.2267303466797
130.47988891601562
130.610107421875
130.63690185546875
130.79373168945312
131.62826538085938
132.465087890625
133.29290771484375
134.07460021972656
134.65512084960938
134.74790954589844
136.15798950195312
136.31214904785156
136.4514617919922
136.65650939941406
137.08392333984375
137.16778564453125
137.1896514892578
137.38995361328125
139.3018341064453
139.38076782226562
139.57435607910156
139.67462158203125
139.9535675048828
140.07498168945312
140.46351623535156
140.8580780029297
141.0319061279297
141.2267608642578
141.7356719970703
142.144287109375
142.96852111816406
144.0520782470703
144.4472198486328
145.35818481445312
146.19850158691406
146.97279357910156
148.16207885742188
148.70440673828125
149.5660400390625
149.71640014648438
149.74978637695312
150.42605590820312
150.49252319335938
150.6320037841797
150.923828125
151.3307647705078
151.4793701171875
152.16110229492188
152.38438415527344
152.6007843017578
152.63027954101562
152.89866638183594
153.43402099609375
153.49267578125
154.98387145996094
155.79153442382812
157.19732666015625
157.2291259765625
157.41664123535156
157.53411865234375
157.70858764648438
158.92137145996094
160.49610900878906
160.67047119140625
161.16761779785156
163.0153350830078
164.1401824951172
164.97879028320312
165.0242462158203
165.58079528808594
166.64332580566406
166.76629638671875
166.8802032470703
169.73509216308594
172.1946563720703
172.8004608154297
173.5799560546875
173.61740112304688
173.67210388183594
173.9281463623047
177.43167114257812
177.78076171875
177.88760375976562
180.8701171875
183.92117309570312
183.94564819335938
184.74847412109375
184.8323516845703
185.54244995117188
185.7498321533203
185.86553955078125
187.4913330078125
187.80043029785156
188.9947052001953
189.8394012451172
190.98690795898438
191.55416870117188
192.14578247070312
196.1479034423828
198.2725372314453
199.3238525390625
200.7909393310547
201.2610321044922
202.7954559326172
204.2425079345703
205.5212860107422
206.1455841064453
206.45822143554688
207.337890625
207.42950439453125
207.5764923095703
212.99530029296875
214.14947509765625
215.5388641357422
217.54310607910156
218.12840270996094
220.857421875
224.5172576904297
225.0955352783203
227.261962890625
227.68399047851562
232.34242248535156
234.352294921875
241.3358612060547
245.028564453125
254.09840393066406
271.6928405761719
