635.0828857421875 922.6232299804688 535.8539428710938 1092.1829833984375
681.832763671875 938.17919921875 476.44061279296875 1096.21923828125
646.6589965820312 932.0366821289062 517.3333129882812 1087.0238037109375
685.0336303710938 911.4240112304688 485.4733581542969 1125.812744140625
784.083251953125 941.6353759765625 389.4642639160156 1131.432861328125
651.3106079101562 895.54052734375 530.2513427734375 1128.986328125
677.0997924804688 848.66162109375 523.7147827148438 1188.4827880859375
644.634033203125 913.987060546875 528.3323364257812 1105.7774658203125
651.3106079101562 895.54052734375 530.2513427734375 1128.986328125
672.6581420898438 925.8161010742188 491.1930847167969 1106.9337158203125
671.21484375 981.8284301757812 467.78985595703125 1045.974609375
647.0606079101562 863.8706665039062 550.412109375 1162.442138671875
637.0819702148438 892.1621704101562 548.2401733398438 1126.3074951171875
671.4444580078125 889.6996459960938 509.8165588378906 1143.0120849609375
720.0557250976562 813.1798706054688 494.72369384765625 1236.3887939453125
638.262451171875 957.1796875 515.7523193359375 1055.1104736328125
638.262451171875 957.1796875 515.7523193359375 1055.1104736328125
803.3572387695312 791.9254760742188 430.3724670410156 1270.8973388671875
738.53515625 959.4939575195312 415.97222900390625 1098.84814453125
679.659423828125 897.018798828125 496.9300842285156 1138.150146484375
743.7306518554688 805.2470703125 474.0072326660156 1248.193603515625
738.53515625 959.4939575195312 415.97222900390625 1098.84814453125
679.4356079101562 929.564453125 482.85882568359375 1104.9639892578125
803.3572387695312 791.9254760742188 430.3724670410156 1270.8973388671875
762.6517944335938 939.2914428710938 405.41131591796875 1125.610595703125
673.4349365234375 873.8792114257812 514.559326171875 1160.8812255859375
597.312255859375 915.0990600585938 586.9238891601562 1083.1495361328125
737.759521484375 763.52490234375 498.9853210449219 1288.674560546875
684.5838012695312 857.2952270507812 510.28936767578125 1182.0360107421875
756.038818359375 772.2398071289062 477.89874267578125 1282.9593505859375
675.603759765625 866.8031616210938 515.7349853515625 1168.994140625
592.65234375 899.8126831054688 602.9489135742188 1097.9366455078125
677.6566162109375 771.267822265625 557.3801879882812 1274.0904541015625
589.5255737304688 916.732177734375 598.21630859375 1075.971923828125
683.3086547851562 776.6209716796875 550.8854370117188 1269.9268798828125
722.5270385742188 774.63037109375 512.6099243164062 1278.3211669921875
745.1779174804688 1009.1888427734375 391.43212890625 1055.1776123046875
641.5891723632812 854.5863647460938 561.489501953125 1170.8251953125
711.6470336914062 820.2739868164062 500.0111999511719 1228.38525390625
677.5715942382812 855.7909545898438 519.4476318359375 1181.8577880859375
713.5234985351562 829.5778198242188 496.16937255859375 1219.1717529296875
753.4119262695312 867.8995361328125 441.5480651855469 1190.358642578125
701.8995971679688 802.8339233398438 518.4824829101562 1243.28759765625
793.6014404296875 860.962158203125 413.0723571777344 1207.2783203125
662.880859375 883.5878295898438 521.1517333984375 1146.0753173828125
619.3287963867188 837.0054931640625 600.7318725585938 1185.849365234375
691.5738525390625 869.4262084960938 498.0358581542969 1172.7987060546875
708.8185424804688 742.8928833007812 539.2247314453125 1308.3424072265625
634.0783081054688 872.2574462890625 562.0313110351562 1146.5880126953125
689.1920166015625 862.6356201171875 503.51416015625 1177.87890625
782.0160522460938 837.7992553710938 430.24981689453125 1225.1318359375
809.7650146484375 847.0226440429688 405.0120544433594 1221.8892822265625
640.7130126953125 872.5345458984375 555.2053833007812 1150.5611572265625
717.7803955078125 766.2373657226562 517.801025390625 1283.94677734375
643.0985107421875 897.58740234375 538.189453125 1125.146240234375
818.328369140625 788.3790283203125 418.4767150878906 1274.7314453125
652.6084594726562 878.6914672851562 535.42919921875 1148.5928955078125
637.0819702148438 892.1621704101562 548.2401733398438 1126.3074951171875
764.1925659179688 811.5492553710938 457.9878234863281 1247.67822265625
789.69970703125 843.0581665039062 423.19482421875 1222.4197998046875
663.3602294921875 912.8271484375 507.6209716796875 1115.8863525390625
671.665283203125 791.8458251953125 555.2518310546875 1249.6654052734375
693.1478271484375 801.2025146484375 527.4990234375 1244.63232421875
