671.21484375 981.8284301757812 430.40386962890625 905.9744262695312
661.9884033203125 930.877685546875 442.7860412597656 960.8139038085938
644.634033203125 913.987060546875 462.081787109375 981.1279296875
661.9884033203125 930.877685546875 442.7860412597656 960.8139038085938
673.4349365234375 873.8792114257812 435.09503173828125 1017.0147705078125
638.262451171875 957.1796875 467.5478820800781 935.6492919921875
646.6589965820312 932.0366821289062 458.9197998046875 961.7499389648438
784.083251953125 941.6353759765625 338.5040283203125 936.3220825195312
648.167724609375 922.4537963867188 458.12255859375 972.7354125976562
642.8707275390625 889.8643798828125 465.8066711425781 1007.6054077148438
638.262451171875 957.1796875 467.5478820800781 935.6492919921875
743.7306518554688 805.2470703125 375.5811462402344 1060.1348876953125
597.312255859375 915.0990600585938 520.5592651367188 992.6383666992188
745.1779174804688 1009.1888427734375 360.3288879394531 876.3031616210938
677.0997924804688 848.66162109375 434.7170715332031 1040.9696044921875
643.7463989257812 886.9437866210938 465.5509338378906 1011.3421020507812
721.259521484375 793.4058227539062 399.0387268066406 1081.5452880859375
788.6234130859375 878.819580078125 340.35418701171875 988.90771484375
662.880859375 883.5878295898438 444.9730529785156 1009.3881225585938
643.0985107421875 897.58740234375 464.9685363769531 1001.0093383789062
685.0336303710938 911.4240112304688 421.48333740234375 978.6705932617188
745.1779174804688 1009.1888427734375 360.3288879394531 876.3031616210938
675.603759765625 866.8031616210938 433.5144348144531 1023.5391235351562
698.114013671875 910.949462890625 408.4833068847656 974.9541015625
683.3086547851562 776.6209716796875 433.0699768066406 1110.026123046875
762.6517944335938 939.2914428710938 353.2334899902344 936.4620361328125
698.114013671875 910.949462890625 408.4833068847656 974.9541015625
647.0606079101562 863.8706665039062 463.6380310058594 1034.57958984375
681.832763671875 938.17919921875 421.7325439453125 950.3648071289062
658.9588012695312 884.6738891601562 449.4586181640625 1010.2345581054688
737.2129516601562 947.3538818359375 371.3177490234375 933.5817260742188
643.387939453125 879.867919921875 466.66973876953125 1018.686279296875
676.938232421875 906.3282470703125 429.6577453613281 983.8861083984375
782.0160522460938 837.7992553710938 348.1169738769531 1026.155029296875
637.0819702148438 892.1621704101562 473.221435546875 1004.7830810546875
695.0785522460938 899.2239379882812 412.65576171875 987.7955322265625
694.064208984375 858.7838745117188 416.0754699707031 1027.09423828125
641.0569458007812 867.9447021484375 470.0431213378906 1032.517822265625
586.2156982421875 917.1405639648438 534.1491088867188 990.6879272460938
640.4754028320312 858.6778564453125 471.1802673339844 1041.8819580078125
750.0067749023438 1024.57373046875 356.958251953125 860.9060668945312
699.0740356445312 890.8702392578125 409.55487060546875 994.2141723632812
672.6581420898438 925.8161010742188 431.01336669921875 965.618408203125
680.2974853515625 781.6321411132812 434.1070861816406 1104.0650634765625
818.328369140625 788.3790283203125 326.1680908203125 1056.9251708984375
754.1618041992188 822.7989501953125 369.6630554199219 1044.57373046875
693.1478271484375 801.2025146484375 421.87353515625 1082.3895263671875
643.0985107421875 897.58740234375 464.9685363769531 1001.0093383789062
764.1925659179688 811.5492553710938 364.0315856933594 1053.949951171875
