88.23831176757812
104.79981231689453
107.1634292602539
116.25403594970703
123.73358154296875
128.54571533203125
131.87115478515625
132.8231964111328
135.32183837890625
137.0364990234375
139.91783142089844
140.16775512695312
152.81033325195312
153.20901489257812
155.65667724609375
157.00318908691406
158.603271484375
166.0060272216797
167.22140502929688
167.4544677734375
167.83920288085938
178.68408203125
180.8231201171875
181.16015625
181.71681213378906
181.99176025390625
184.51287841796875
186.60118103027344
201.59117126464844
202.93594360351562
205.34361267089844
206.5913848876953
213.38697814941406
221.50621032714844
226.10838317871094
227.49725341796875
241.37315368652344
243.91392517089844
