834.4221801757812 1162.187255859375 930.4996948242188 1188.608154296875
826.3638916015625 1152.6436767578125 917.8499145507812 1180.191650390625
713.916259765625 1122.072509765625 791.4627685546875 1195.973876953125
863.899169921875 1216.8681640625 983.6534423828125 1234.83154296875
677.6671752929688 1164.2724609375 769.36767578125 1258.17138671875
632.0343627929688 1105.264404296875 702.494140625 1213.42626953125
479.74237060546875 1140.4725341796875 555.517333984375 1319.348388671875
928.0886840820312 1096.11181640625 995.6161499023438 1075.97998046875
639.0160522460938 1307.1485595703125 783.9738159179688 1449.1131591796875
505.12335205078125 929.6156616210938 524.4268188476562 1083.1702880859375
945.6013793945312 1098.707763671875 1014.6519775390625 1070.3875732421875
938.6806640625 1125.8460693359375 1019.3138427734375 1102.6212158203125
968.2440795898438 1077.475341796875 1026.916748046875 1040.5096435546875
846.4456176757812 1193.9876708984375 955.8425903320312 1217.47119140625
804.7095336914062 1166.7275390625 901.8543701171875 1206.370849609375
713.916259765625 1122.072509765625 791.4627685546875 1195.973876953125
1043.9381103515625 940.8005981445312 1041.71533203125 876.5743408203125
709.1178588867188 1254.674560546875 837.1937255859375 1350.4737548828125
699.9666748046875 1118.9580078125 775.969970703125 1199.1053466796875
709.1178588867188 1254.674560546875 837.1937255859375 1350.4737548828125
714.68017578125 1137.0970458984375 797.0173950195312 1212.640625
714.68017578125 1137.0970458984375 797.0173950195312 1212.640625
503.2176208496094 769.7759399414062 483.5616760253906 934.2092895507812
680.1260986328125 390.21142578125 553.1676635742188 571.8646240234375
821.5184326171875 1181.8182373046875 924.5872192382812 1212.8441162109375
863.899169921875 1216.8681640625 983.6534423828125 1234.83154296875
639.0560302734375 1202.7552490234375 742.7161254882812 1322.0909423828125
698.4647216796875 1104.5531005859375 768.4288330078125 1183.12841796875
833.6224975585938 1184.017333984375 939.0712890625 1212.5919189453125
959.0672607421875 1088.295654296875 1023.2090454101562 1054.80810546875
568.9357299804688 1058.3895263671875 622.6473999023438 1190.43505859375
642.3426513671875 1179.0723876953125 739.5244750976562 1291.9222412109375
902.8869018554688 591.33251953125 787.2042846679688 642.5305786132812
571.6364135742188 1027.676513671875 615.843994140625 1156.14501953125
691.70703125 1095.7547607421875 760.405029296875 1177.5001220703125
698.4647216796875 1104.5531005859375 768.4288330078125 1183.12841796875
969.4664916992188 1098.1412353515625 1038.3731689453125 1060.6107177734375
565.0214233398438 1212.1341552734375 669.4288330078125 1369.796142578125
588.6541137695312 1063.6534423828125 644.69482421875 1185.8228759765625
1043.9381103515625 940.8005981445312 1041.71533203125 876.5743408203125
1019.2120971679688 704.5130004882812 928.4412841796875 685.6908569335938
713.2420654296875 1231.436767578125 832.5192260742188 1321.7181396484375
871.0328979492188 1204.708984375 986.2510986328125 1220.40478515625
564.1083374023438 1110.3463134765625 634.5970458984375 1249.05126953125
672.63427734375 1216.254150390625 783.881103515625 1321.6185302734375
639.0160522460938 1307.1485595703125 783.9738159179688 1449.1131591796875
789.6611328125 1209.0400390625 902.6427001953125 1261.029296875
460.27777099609375 774.1151123046875 445.71435546875 952.7340698242188
514.6229858398438 1162.1502685546875 598.1854858398438 1331.7945556640625
677.6671752929688 1164.2724609375 769.36767578125 1258.17138671875
550.5030517578125 1027.9652099609375 595.7448120117188 1163.7845458984375
728.5230712890625 414.5069580078125 593.1117553710938 576.094970703125
916.3134765625 1103.3621826171875 987.3858032226562 1088.6920166015625
908.8156127929688 1115.0279541015625 984.8390502929688 1103.8218994140625
1031.4268798828125 952.6979370117188 1034.730224609375 893.5117797851562
820.761474609375 1163.1131591796875 915.9267578125 1192.3026123046875
519.875 775.6455078125 500.3110656738281 933.5282592773438
748.1327514648438 1266.96728515625 884.74755859375 1347.8231201171875
900.4942016601562 1097.9952392578125 969.01953125 1089.381103515625
880.3173828125 1120.93115234375 959.3016357421875 1122.16845703125
564.1083374023438 1110.3463134765625 634.5970458984375 1249.05126953125
536.1466064453125 960.8712768554688 562.1600341796875 1102.1966552734375
773.99853515625 326.50372314453125 609.2901000976562 499.7959899902344
665.7847900390625 1076.628173828125 726.907470703125 1167.474853515625
565.0214233398438 1212.1341552734375 669.4288330078125 1369.796142578125
823.8004760742188 1225.5164794921875 943.9457397460938 1262.994384765625
755.4229736328125 541.4703369140625 648.0775756835938 657.2830200195312
505.5275573730469 1174.7066650390625 592.8790283203125 1349.8231201171875
748.1327514648438 1266.96728515625 884.74755859375 1347.8231201171875
822.67431640625 1237.9952392578125 949.781982421875 1278.5098876953125
999.8203125 691.1898193359375 904.65869140625 683.7369995117188
641.071044921875 1188.6234130859375 741.15478515625 1304.1240234375
859.9446411132812 1150.3287353515625 949.2781372070312 1163.3079833984375
864.61572265625 1195.2835693359375 975.0179443359375 1210.6953125
975.0317993164062 1069.15283203125 1031.538330078125 1029.10791015625
1031.4268798828125 952.6979370117188 1034.730224609375 893.5117797851562
678.4496459960938 1092.61572265625 745.207763671875 1179.74609375
469.9487609863281 846.58349609375 469.6247863769531 1018.2454833984375
1001.79052734375 710.7205810546875 913.2210693359375 698.2608032226562
630.4664916992188 1187.5294189453125 729.2144775390625 1308.013671875
601.0631103515625 1152.527099609375 686.8609619140625 1281.4222412109375
850.1766967773438 1227.6724853515625 972.8682250976562 1254.0430908203125
980.8174438476562 677.568115234375 881.554443359375 679.9850463867188
979.6550903320312 1086.802978515625 1042.923095703125 1045.0455322265625
601.0631103515625 1152.527099609375 686.8609619140625 1281.4222412109375
627.9237670898438 1320.9912109375 775.5081787109375 1471.0625
545.7252197265625 1220.3446044921875 651.0833129882812 1384.801025390625
781.6488647460938 508.1141357421875 661.392333984375 624.3160400390625
734.8140869140625 1248.2889404296875 862.5371704101562 1330.8582763671875
1026.3790283203125 626.044921875 902.1534423828125 624.585693359375
854.7803344726562 1175.0028076171875 955.1600952148438 1191.4788818359375
855.9695434570312 1186.863037109375 960.560546875 1205.810546875
501.1100158691406 846.3455810546875 499.6679992675781 1005.3160400390625
689.0535278320312 457.39996337890625 571.5574951171875 619.6895751953125
714.75 1213.1148681640625 827.9561767578125 1297.804443359375
831.6795043945312 1205.7506103515625 945.5494384765625 1237.2672119140625
872.4447631835938 1091.2633056640625 939.1192016601562 1094.9002685546875
1009.9904174804688 387.189453125 811.3688354492188 465.4476013183594
550.064208984375 1238.5948486328125 662.0278930664062 1406.3294677734375
536.6578369140625 784.1541137695312 517.4060668945312 934.7400512695312
510.403564453125 1133.5206298828125 587.1994018554688 1299.7164306640625
917.4215087890625 1085.1585693359375 980.4602661132812 1068.89404296875
529.8216552734375 755.02392578125 504.03485107421875 910.2816162109375
559.8311157226562 1271.257568359375 684.1724853515625 1444.124755859375
823.8004760742188 1225.5164794921875 943.9457397460938 1262.994384765625
862.3369140625 598.1511840820312 754.9349365234375 661.4490966796875
804.2844848632812 306.4744873046875 628.9611206054688 480.645751953125
567.8977661132812 1138.7244873046875 645.5269775390625 1277.885498046875
1005.853515625 468.2763671875 834.4618530273438 517.69873046875
872.65576171875 583.2392578125 759.3568115234375 648.010009765625
804.3297119140625 511.5618591308594 679.8677368164062 619.600830078125
885.1901245117188 559.8063354492188 761.4515380859375 626.5383911132812
778.3048706054688 1245.3492431640625 908.4315795898438 1308.6676025390625
531.2428588867188 941.1109619140625 552.1549682617188 1084.17333984375
938.6806640625 1125.8460693359375 1019.3138427734375 1102.6212158203125
711.7926025390625 1274.2918701171875 851.53759765625 1376.9619140625
755.4229736328125 541.4703369140625 648.0775756835938 657.2830200195312
1037.2213134765625 713.776611328125 945.7474365234375 686.33935546875
686.796630859375 1260.09375 815.4971923828125 1368.684814453125
838.0208740234375 1215.24658203125 955.7977905273438 1245.265380859375
572.1398315429688 647.5637817382812 516.9002685546875 803.8394775390625
532.5772705078125 1232.1033935546875 641.1123657226562 1405.5426025390625
466.6825866699219 876.7080078125 474.24456787109375 1047.742431640625
479.74237060546875 1140.4725341796875 555.517333984375 1319.348388671875
862.3369140625 598.1511840820312 754.9349365234375 661.4490966796875
616.541748046875 1139.0872802734375 698.6618041992188 1258.1904296875
835.056640625 1253.4149169921875 968.8994750976562 1291.0389404296875
813.1749267578125 545.4032592773438 699.462646484375 639.9985961914062
757.89599609375 1279.7340087890625 898.3408813476562 1357.6639404296875
965.87109375 444.2656555175781 794.4536743164062 515.1058959960938
538.69189453125 750.4655151367188 511.22149658203125 903.3678588867188
498.7402648925781 1124.901123046875 571.5416870117188 1293.8026123046875
597.9421997070312 620.912353515625 533.36865234375 774.3963623046875
547.9287109375 1253.5740966796875 665.4295654296875 1427.658935546875
828.1983642578125 1172.4366455078125 926.8759765625 1200.5914306640625
599.251953125 677.776611328125 547.7662963867188 820.7523193359375
1021.2149047851562 688.4202270507812 921.6748046875 673.1110229492188
545.7203979492188 1082.1859130859375 607.5821533203125 1226.228759765625
770.4791259765625 552.431640625 662.5882568359375 660.1260375976562
743.2473754882812 567.6521606445312 645.1460571289062 680.939208984375
793.7383422851562 251.51364135742188 611.640380859375 446.906005859375
534.2864379882812 1146.0692138671875 614.4249267578125 1303.66357421875
584.5021362304688 639.8482666015625 525.9849853515625 794.6324462890625
828.1983642578125 1172.4366455078125 926.8759765625 1200.5914306640625
726.451416015625 1271.5408935546875 863.2890014648438 1363.4205322265625
586.345458984375 1270.783935546875 710.5263671875 1430.9342041015625
557.8084716796875 1073.1700439453125 616.0112915039062 1211.3179931640625
725.1873168945312 1107.83056640625 797.3989868164062 1175.357421875
905.9971923828125 372.30059814453125 726.522705078125 487.2022399902344
667.6155395507812 468.2512512207031 556.52001953125 634.3450317382812
767.5918579101562 380.997314453125 617.801025390625 539.4030151367188
461.547607421875 833.2477416992188 458.7630310058594 1008.1546630859375
627.9237670898438 1320.9912109375 775.5081787109375 1471.0625
799.3658447265625 535.53076171875 683.7175903320312 637.6234741210938
536.0892333984375 1060.7921142578125 592.0531005859375 1207.28857421875
572.6568603515625 1039.6309814453125 621.2594604492188 1167.677978515625
891.27783203125 347.6549377441406 707.1871948242188 476.3725891113281
529.0242309570312 913.3099365234375 542.644287109375 1059.8653564453125
680.438720703125 522.3793334960938 580.806396484375 668.8416137695312
1037.2213134765625 713.776611328125 945.7474365234375 686.33935546875
573.3406372070312 1054.5687255859375 626.2233276367188 1184.0650634765625
590.8101806640625 1236.6888427734375 703.2815551757812 1384.531005859375
729.15625 359.0504455566406 581.30322265625 537.2525024414062
719.7807006835938 1296.50390625 865.7357177734375 1396.5035400390625
704.022216796875 1299.3570556640625 851.474609375 1409.7215576171875
514.5818481445312 763.3596801757812 491.9246826171875 926.2361450195312
844.0859375 430.6861267089844 693.938232421875 546.4495849609375
960.08544921875 496.042724609375 807.5787963867188 551.5305786132812
534.238037109375 743.5454711914062 505.07598876953125 901.4803466796875
627.5866088867188 1174.6151123046875 720.8179321289062 1295.037109375
757.89599609375 1279.7340087890625 898.3408813476562 1357.6639404296875
758.17236328125 1295.0762939453125 904.687255859375 1377.940185546875
627.8513793945312 1140.5596923828125 709.9737548828125 1254.706787109375
656.0435791015625 489.8874816894531 551.7105102539062 654.363525390625
984.80859375 993.2109985351562 1007.1577758789062 948.5569458007812
895.8225708007812 1079.06298828125 956.9952392578125 1071.2310791015625
790.7042236328125 549.6820678710938 680.4346313476562 650.3272094726562
687.159912109375 1083.564697265625 750.0794067382812 1166.6507568359375
545.942626953125 744.1799926757812 515.597412109375 895.5172119140625
544.1300659179688 767.3547973632812 519.5759887695312 916.2350463867188
783.4324951171875 365.9149475097656 627.0949096679688 522.39990234375
910.8978271484375 632.763916015625 806.8779907226562 668.84521484375
611.1345825195312 1147.3800048828125 694.8724975585938 1270.166015625
618.3357543945312 1183.827392578125 715.7938842773438 1309.9234619140625
785.4332885742188 528.2843627929688 670.5016479492188 635.1317749023438
609.4813232421875 647.43408203125 548.81494140625 791.79638671875
868.2451171875 397.85382080078125 704.0403442382812 519.8734130859375
884.0003662109375 588.2999267578125 769.8247680664062 649.0904541015625
940.391357421875 1072.0380859375 998.6907348632812 1046.059814453125
1061.5394287109375 946.4549560546875 1060.433837890625 875.7386474609375
647.5805053710938 1372.184326171875 818.690185546875 1530.764404296875
620.38720703125 653.7987060546875 561.4498291015625 792.2796630859375
696.0388793945312 1268.548583984375 829.5953979492188 1371.9427490234375
878.4420776367188 503.1844482421875 742.3519897460938 585.7520141601562
1061.5394287109375 946.4549560546875 1060.433837890625 875.7386474609375
1017.4813842773438 406.1210021972656 825.9840698242188 472.11083984375
569.03125 1234.103515625 680.3131103515625 1393.0081787109375
573.6857299804688 1254.7607421875 691.9078369140625 1415.8450927734375
686.0362548828125 1276.779296875 821.7228393554688 1390.890869140625
961.5491333007812 1130.2432861328125 1044.3609619140625 1097.009521484375
968.8583984375 1117.660400390625 1046.234130859375 1081.2684326171875
1036.9759521484375 692.0302124023438 937.1024780273438 671.4834594726562
775.6680297851562 442.0841369628906 640.52392578125 577.66650390625
1033.2225341796875 664.1846313476562 924.1401977539062 650.5650634765625
462.12841796875 856.3470458984375 465.2113342285156 1030.0784912109375
479.796875 838.8046875 477.3315124511719 1008.2803955078125
534.1117553710938 847.6867065429688 529.9779052734375 989.8303833007812
744.6629638671875 375.9301452636719 598.9903564453125 543.5880737304688
922.2920532226562 1074.1337890625 980.27685546875 1056.3756103515625
884.0003662109375 588.2999267578125 769.8247680664062 649.0904541015625
534.238037109375 743.5454711914062 505.07598876953125 901.4803466796875
514.4987182617188 1151.0716552734375 595.4442138671875 1318.09326171875
575.6446533203125 1241.969970703125 692.9314575195312 1395.2098388671875
533.7416381835938 729.9764404296875 502.6409606933594 885.6679077148438
667.764892578125 499.2851867675781 563.758544921875 656.15966796875
717.396240234375 1262.9620361328125 848.7550048828125 1359.437744140625
626.3856811523438 1343.2490234375 782.561767578125 1501.2738037109375
904.5604248046875 621.8060302734375 799.10400390625 664.0725708007812
766.0770874023438 567.527099609375 664.24462890625 673.42724609375
782.2269287109375 580.6165161132812 681.2147216796875 677.517822265625
474.6429138183594 834.3536987304688 472.4806823730469 1002.1678466796875
534.1117553710938 847.6867065429688 529.9779052734375 989.8303833007812
878.42529296875 382.62310791015625 706.7725219726562 503.9212951660156
