96.06768798828125
108.35128021240234
113.89907836914062
121.56890869140625
121.6552505493164
123.9233627319336
125.05598449707031
128.12884521484375
132.57073974609375
136.62722778320312
142.35870361328125
142.61837768554688
143.0034942626953
143.24105834960938
145.1378631591797
150.22650146484375
151.93748474121094
154.8289337158203
156.59182739257812
158.0917510986328
159.39886474609375
160.87261962890625
161.4992218017578
162.91102600097656
163.22683715820312
163.37074279785156
163.8902130126953
164.9757537841797
166.52627563476562
168.6119842529297
169.25424194335938
170.6927032470703
171.06138610839844
172.0697479248047
172.24110412597656
172.6354522705078
172.94508361816406
174.2412109375
175.55340576171875
175.85220336914062
179.0977325439453
179.4937286376953
179.50209045410156
182.6909942626953
185.6151885986328
187.09356689453125
191.15438842773438
191.15438842773438
191.9869842529297
193.6775665283203
197.34994506835938
197.97726440429688
198.07826232910156
205.33387756347656
205.8761749267578
206.3128662109375
206.94444274902344
209.40391540527344
214.6625213623047
217.34304809570312
217.36834716796875
217.4948272705078
221.58970642089844
223.46588134765625
223.92185974121094
227.0550537109375
228.17318725585938
230.5016326904297
232.02154541015625
232.27784729003906
235.80712890625
241.62367248535156
242.3984375
243.59597778320312
243.82986450195312
246.3026580810547
247.95362854003906
