918.3914794921875 675.1830444335938 911.2073974609375 1268.337646484375
709.1317749023438 1167.3756103515625 532.8622436523438 824.428955078125
936.5125732421875 690.2100830078125 883.2930908203125 1272.502197265625
969.5366821289062 718.8590087890625 833.6683959960938 1276.0498046875
703.6246948242188 1196.052978515625 510.2379150390625 807.5247192382812
532.3980102539062 1086.8563232421875 686.6710815429688 599.9830322265625
709.1317749023438 1167.3756103515625 532.8622436523438 824.428955078125
820.5782470703125 1188.0711669921875 489.3550109863281 928.4366455078125
696.2107543945312 1199.5106201171875 508.9254455566406 795.931640625
820.5782470703125 1188.0711669921875 489.3550109863281 928.4366455078125
978.4113159179688 693.3175048828125 853.8617553710938 1295.933349609375
516.1406860351562 1117.9908447265625 658.4078979492188 557.7507934570312
565.9353637695312 1207.02099609375 540.81005859375 611.7444458007812
703.4237670898438 1238.5767822265625 479.3706359863281 786.861572265625
974.0051879882812 679.7650146484375 869.8002319335938 1302.40576171875
974.0051879882812 679.7650146484375 869.8002319335938 1302.40576171875
