112.42330932617188
122.15154266357422
124.54718017578125
134.97036743164062
140.72312927246094
145.36505126953125
147.71255493164062
150.14991760253906
153.09800720214844
154.0194854736328
161.63539123535156
163.53286743164062
164.79380798339844
169.67616271972656
171.04385375976562
171.2337646484375
172.08718872070312
172.6673126220703
174.40184020996094
174.42190551757812
174.61672973632812
177.76670837402344
179.63296508789062
183.8450469970703
184.23355102539062
184.32850646972656
186.01881408691406
187.86697387695312
190.0157928466797
195.44564819335938
195.97193908691406
200.6539306640625
206.7389678955078
208.16339111328125
211.64830017089844
214.8906707763672
218.55662536621094
229.19424438476562
231.39576721191406
252.27565002441406
258.99420166015625
