929.4148559570312 1274.44775390625 879.6444091796875 1200.8221435546875
921.9790649414062 1289.50390625 868.4892578125 1212.7998046875
921.9790649414062 1289.50390625 868.4892578125 1212.7998046875
943.141357421875 1320.5848388671875 883.1115112304688 1245.066162109375
907.3896484375 1293.3057861328125 853.3065185546875 1213.254150390625
902.6280517578125 1281.8079833984375 852.29052734375 1201.8370361328125
892.8840942382812 1294.5191650390625 838.6123657226562 1210.5191650390625
838.0584106445312 1167.59619140625 661.8875122070312 720.8999633789062
892.8840942382812 1294.5191650390625 838.6123657226562 1210.5191650390625
838.0584106445312 1167.59619140625 661.8875122070312 720.8999633789062
