777.7918701171875 1354.1668701171875 756.6729125976562 696.4370727539062
767.3560791015625 1325.8531494140625 746.1952514648438 731.9610595703125
782.8243408203125 1337.5054931640625 740.9754638671875 710.9592895507812
571.11083984375 1216.685302734375 911.6389770507812 1021.04443359375
602.6746826171875 1245.6885986328125 887.988037109375 949.4996337890625
716.9047241210938 1354.89013671875 827.8593139648438 723.7394409179688
716.9047241210938 1354.89013671875 827.8593139648438 723.7394409179688
732.6732177734375 1349.2950439453125 802.1329345703125 722.4519653320312
770.5457763671875 1367.025390625 773.308837890625 682.8641357421875
576.8096923828125 1227.396240234375 913.706298828125 998.248291015625
792.5484619140625 1375.205810546875 758.5367431640625 668.3124389648438
598.243896484375 1232.333740234375 882.9256591796875 964.4324951171875
760.1123657226562 1374.611083984375 792.6475830078125 679.6578369140625
760.1123657226562 1374.611083984375 792.6475830078125 679.6578369140625
858.4613647460938 1177.0865478515625 582.0396118164062 829.884765625
845.4110107421875 1180.8426513671875 594.1138305664062 833.9562377929688
