567.3770141601562 1117.2838134765625 980.1625366210938 720.8998413085938
845.4110107421875 1180.8426513671875 632.7595825195312 711.3582763671875
696.2107543945312 1199.5106201171875 782.0684814453125 647.7798461914062
777.7918701171875 1354.1668701171875 696.3070068359375 505.3583984375
838.0584106445312 1167.59619140625 637.898193359375 722.300537109375
702.44921875 1182.967529296875 771.3764038085938 669.2843017578125
712.27685546875 1209.0701904296875 762.2395629882812 642.922119140625
880.3819580078125 1300.100830078125 607.5203857421875 605.670654296875
571.11083984375 1216.685302734375 982.0446166992188 563.9886474609375
696.2107543945312 1199.5106201171875 782.0684814453125 647.7798461914062
