482.12994384765625 805.1759643554688 596.3016967773438 448.82220458984375
523.6690063476562 1012.5225219726562 483.9631652832031 698.8997192382812
690.0698852539062 662.5972900390625 904.5320434570312 515.979248046875
516.3340454101562 1050.0604248046875 452.5267028808594 725.7030029296875
484.7947998046875 782.642578125 617.5294189453125 424.2488708496094
482.43829345703125 1050.8880615234375 419.364990234375 699.1038208007812
551.4074096679688 1167.0250244140625 413.2869567871094 848.1586303710938
459.3798828125 949.9153442382812 464.7711181640625 580.4376220703125
523.6690063476562 1012.5225219726562 483.9631652832031 698.8997192382812
670.9843139648438 613.7584838867188 935.6159057617188 442.96484375
583.6818237304688 743.6668701171875 742.7119140625 491.4329833984375
493.0743408203125 1058.8802490234375 425.4117126464844 713.600341796875
471.5651550292969 1195.0677490234375 324.7423400878906 808.4401245117188
597.1556396484375 744.936767578125 752.161376953125 506.12890625
510.3764953613281 1029.1856689453125 460.2847595214844 702.2202758789062
562.6265869140625 1116.1044921875 454.01904296875 817.9666137695312
727.9679565429688 617.0914916992188 977.1394653320312 506.70184326171875
851.0562133789062 1297.1488037109375 570.58251953125 1116.2034912109375
482.12994384765625 805.1759643554688 596.3016967773438 448.82220458984375
510.3764953613281 1029.1856689453125 460.2847595214844 702.2202758789062
643.3496704101562 718.2493896484375 817.21044921875 525.5504760742188
477.2349548339844 1016.8080444335938 437.768310546875 661.9717407226562
438.2913513183594 1060.271240234375 371.877197265625 663.710693359375
529.6990966796875 1025.6162109375 480.4479064941406 715.9696044921875
494.2127380371094 1047.1240234375 432.57232666015625 703.469970703125
562.6265869140625 1116.1044921875 454.01904296875 817.9666137695312
602.7166137695312 733.6500244140625 768.2225341796875 501.0587463378906
518.1744384765625 1003.861328125 485.287841796875 687.09033203125
477.2349548339844 1016.8080444335938 437.768310546875 661.9717407226562
555.327392578125 1129.443115234375 437.6047058105469 821.945556640625
493.6519775390625 807.6179809570312 603.750732421875 463.7456970214844
489.3740539550781 1037.14306640625 436.50946044921875 690.2890014648438
521.7952270507812 1180.825439453125 378.3019104003906 838.6668701171875
762.8600463867188 1338.4732666015625 489.4918212890625 1088.9058837890625
593.1004638671875 736.9429931640625 756.0723876953125 495.5158386230469
533.1648559570312 1202.67724609375 375.22564697265625 859.387939453125
467.27374267578125 888.7299194335938 516.9943237304688 524.2882690429688
564.451416015625 618.5416259765625 840.24609375 320.8388366699219
580.094482421875 575.6217041015625 897.930908203125 283.2616882324219
900.5652465820312 1264.8697509765625 624.9532470703125 1123.943359375
534.6630859375 1129.130126953125 421.75830078125 807.0431518554688
438.4117431640625 1081.904541015625 358.1096496582031 685.470947265625
516.3340454101562 1050.0604248046875 452.5267028808594 725.7030029296875
610.9351196289062 670.2608642578125 831.9847412109375 437.0045166015625
615.7848510742188 733.6090087890625 778.8403930664062 513.504638671875
392.27789306640625 973.8583374023438 379.8614807128906 535.4262084960938
466.93414306640625 1181.4451904296875 329.1726989746094 793.4647827148438
363.1958312988281 976.3154907226562 347.3203430175781 510.1731262207031
432.3074645996094 1062.1500244140625 364.8094482421875 662.19677734375
419.24993896484375 1100.5660400390625 328.1106262207031 684.2005004882812
723.4491577148438 1336.1934814453125 458.84326171875 1067.9371337890625
474.315673828125 773.5812377929688 614.596435546875 404.26995849609375
493.1187744140625 888.427978515625 542.4132080078125 548.7406616210938
493.21112060546875 752.1259765625 651.0209350585938 399.225830078125
576.119384765625 1184.31787109375 424.62481689453125 877.926513671875
581.15966796875 705.5729370117188 774.8174438476562 445.71844482421875
503.43267822265625 1056.156005859375 437.864990234375 719.8265991210938
507.79010009765625 728.46435546875 686.5599365234375 385.91357421875
578.8881225585938 561.2401733398438 912.2550659179688 264.68865966796875
631.392822265625 695.6814575195312 825.8101806640625 490.4539489746094
504.4687805175781 1040.2354736328125 445.29400634765625 705.6921997070312
501.49249267578125 1031.8123779296875 450.32464599609375 696.994873046875
585.3321533203125 716.96533203125 767.87939453125 462.9571838378906
594.3197021484375 675.23388671875 814.2827758789062 424.1372985839844
400.88128662109375 1048.359130859375 342.98980712890625 619.792724609375
669.2344970703125 1167.8587646484375 512.1168823242188 931.4352416992188
682.6153564453125 1167.2266845703125 520.177978515625 937.21923828125
426.94622802734375 1097.6949462890625 337.0187683105469 689.3017578125
557.8790893554688 541.90576171875 913.8046264648438 212.54229736328125
458.1351318359375 917.3466796875 486.79632568359375 544.8516845703125
489.4834289550781 742.6769409179688 654.0576171875 383.06011962890625
572.4080200195312 1172.3106689453125 428.1412048339844 867.8980102539062
900.5302734375 1294.354248046875 609.0933837890625 1141.181884765625
499.7599182128906 771.320556640625 641.4578247070312 429.3556213378906
874.3430786132812 1285.1912841796875 593.2332763671875 1124.132568359375
723.4491577148438 1336.1934814453125 458.84326171875 1067.9371337890625
422.1539611816406 1108.4224853515625 323.3942565917969 693.6178588867188
411.3267517089844 1071.1627197265625 337.64599609375 650.0397338867188
555.8184204101562 604.0086669921875 847.2106323242188 292.5576171875
537.52685546875 1164.5306396484375 402.1037292480469 836.2698974609375
465.77569580078125 673.708984375 694.544921875 266.4446716308594
610.338134765625 688.9957885742188 814.626953125 459.719482421875
572.4080200195312 1172.3106689453125 428.1412048339844 867.8980102539062
537.52685546875 1164.5306396484375 402.1037292480469 836.2698974609375
555.8184204101562 604.0086669921875 847.2106323242188 292.5576171875
685.3248291015625 1154.00341796875 532.7792358398438 931.7850952148438
434.79998779296875 656.1910400390625 678.9074096679688 201.97476196289062
724.0140380859375 1308.660888671875 475.37249755859375 1052.0255126953125
489.4834289550781 742.6769409179688 654.0576171875 383.06011962890625
447.43731689453125 927.3234252929688 468.6206359863281 546.0410766601562
615.5604858398438 699.0615234375 809.0067138671875 476.8723449707031
385.0250244140625 942.7901000976562 392.9388122558594 495.0876770019531
540.3796997070312 594.9819946289062 843.588623046875 260.5467529296875
669.2344970703125 1167.8587646484375 512.1168823242188 931.4352416992188
419.8982238769531 1055.9163818359375 356.2264404296875 644.6087036132812
721.4998779296875 645.894775390625 945.4154052734375 530.9928588867188
371.4120788574219 982.7890014648438 351.8509826660156 523.1629028320312
478.96661376953125 762.03662109375 629.92236328125 393.95599365234375
498.18170166015625 784.8823852539062 629.1825561523438 443.8076477050781
446.4942626953125 637.3418579101562 708.084716796875 188.1153106689453
424.74090576171875 1080.95263671875 346.1477966308594 673.0357055664062
451.5205383300781 1188.452880859375 309.357666015625 787.037353515625
380.5906677246094 938.1239013671875 391.785400390625 485.9521789550781
391.67523193359375 1057.35205078125 326.1635437011719 619.15869140625
568.8746337890625 567.6248168945312 897.4686889648438 261.737060546875
476.398193359375 751.8030395507812 636.6487426757812 378.5621337890625
865.5217895507812 1259.5831298828125 604.7760009765625 1104.0130615234375
740.3603515625 1330.998779296875 477.3811950683594 1073.921630859375
379.1257629394531 945.4588012695312 384.8367004394531 492.2128601074219
388.41143798828125 984.0387573242188 365.64764404296875 541.7444458007812
536.8946533203125 1183.1761474609375 391.15618896484375 849.2741088867188
470.5960693359375 899.40380859375 512.2364501953125 538.98193359375
400.4451904296875 980.0665893554688 383.38568115234375 550.370849609375
569.568603515625 701.4146118164062 766.9290161132812 430.1125183105469
462.90240478515625 924.7702026367188 485.30078125 557.2057495117188
380.836181640625 960.260009765625 377.396240234375 506.2717590332031
391.085693359375 941.95458984375 400.1490173339844 501.8089599609375
525.954345703125 1152.2598876953125 399.7994384765625 817.6970825195312
439.3505859375 1203.648681640625 289.01165771484375 789.1587524414062
541.0517578125 1146.766357421875 414.9202575683594 824.2863159179688
411.3267517089844 1071.1627197265625 337.64599609375 650.0397338867188
466.5572509765625 937.868896484375 480.3589782714844 572.511474609375
479.78973388671875 646.7067260742188 733.57421875 248.93603515625
548.0252075195312 607.8779907226562 836.12255859375 286.88262939453125
523.4241943359375 1044.228759765625 462.3935241699219 726.2088012695312
402.9556579589844 1096.655517578125 313.2668762207031 666.5062866210938
672.3612060546875 519.1273803710938 1034.501953125 332.4647216796875
443.94873046875 1169.44873046875 313.07220458984375 764.982177734375
568.8746337890625 567.6248168945312 897.4686889648438 261.737060546875
458.8482971191406 635.8623657226562 722.4683837890625 206.88954162597656
470.5960693359375 899.40380859375 512.2364501953125 538.98193359375
374.7921447753906 940.0859375 384.5043640136719 479.6133728027344
541.0517578125 1146.766357421875 414.9202575683594 824.2863159179688
437.5296630859375 1181.553466796875 299.7684326171875 770.3391723632812
470.4604187011719 654.9558715820312 716.3836059570312 246.43060302734375
670.0800170898438 1144.5146484375 525.7132568359375 915.8997192382812
881.6458129882812 1313.6380615234375 584.8023071289062 1140.9024658203125
523.4241943359375 1044.228759765625 462.3935241699219 726.2088012695312
874.3430786132812 1285.1912841796875 593.2332763671875 1124.132568359375
407.1884765625 1084.1336669921875 326.2043151855469 659.3097534179688
508.7988586425781 766.047119140625 654.8636474609375 432.9629211425781
405.02655029296875 1075.237060546875 328.33984375 649.0545043945312
446.31475830078125 660.6797485351562 688.2725830078125 222.4711456298828
451.5205383300781 1188.452880859375 309.357666015625 787.037353515625
563.1510620117188 585.1648559570312 874.5533447265625 274.28826904296875
575.749267578125 587.4758911132812 881.1170043945312 298.1968994140625
559.4292602539062 577.9039916992188 878.249267578125 262.6756896972656
448.5628967285156 1200.391357421875 298.91229248046875 794.2382202148438
736.3956298828125 1304.0303955078125 485.49896240234375 1055.129150390625
504.4687805175781 1040.2354736328125 445.29400634765625 705.6921997070312
721.4998779296875 645.894775390625 945.4154052734375 530.9928588867188
728.5933227539062 627.9216918945312 966.18896484375 518.7029418945312
