56.63920974731445
63.694583892822266
64.44377136230469
67.11929321289062
72.82856750488281
76.98051452636719
80.60397338867188
82.40145874023438
82.78285217285156
83.40264129638672
86.24964141845703
86.58522033691406
88.91006469726562
89.51536560058594
89.56562042236328
94.29209899902344
96.69022369384766
98.61541748046875
98.75221252441406
101.1632308959961
101.59724426269531
102.31813049316406
105.2425765991211
105.38026428222656
105.71659851074219
106.3766860961914
108.06941986083984
108.25894927978516
110.67520141601562
111.8212890625
112.19625854492188
112.95574188232422
113.73213958740234
113.74972534179688
113.95174407958984
114.16654205322266
116.3314208984375
117.1025161743164
117.17081451416016
117.59677124023438
118.70552062988281
119.10499572753906
119.68709564208984
119.93331146240234
120.12909698486328
120.42424774169922
122.12288665771484
122.19247436523438
122.24974060058594
124.06852722167969
125.05198669433594
125.74974822998047
126.99606323242188
127.45980072021484
128.82546997070312
129.04263305664062
129.8922576904297
131.00762939453125
131.2897491455078
131.3240203857422
131.5294647216797
131.73458862304688
133.22537231445312
133.33041381835938
133.7796630859375
134.6699676513672
135.42156982421875
135.63185119628906
136.392822265625
136.90872192382812
137.78244018554688
139.2012939453125
139.37359619140625
140.98226928710938
141.2692413330078
141.88023376464844
142.10208129882812
144.3225555419922
144.37451171875
144.509521484375
144.99310302734375
147.43133544921875
147.79039001464844
150.6486053466797
150.69174194335938
151.26797485351562
151.59815979003906
152.71214294433594
154.27896118164062
154.47006225585938
155.05482482910156
156.71630859375
156.84706115722656
157.21958923339844
160.05311584472656
160.10308837890625
162.37918090820312
163.11651611328125
163.46559143066406
164.8726806640625
165.2725067138672
166.04518127441406
166.81126403808594
166.89218139648438
167.59474182128906
171.3738555908203
171.4322052001953
171.720703125
172.2294921875
172.39199829101562
172.5601348876953
177.22019958496094
177.33865356445312
177.7413787841797
178.03370666503906
178.19371032714844
179.0474853515625
179.40457153320312
181.23464965820312
181.4800262451172
182.64720153808594
183.7226104736328
183.763427734375
184.48577880859375
184.66184997558594
189.7129364013672
191.59593200683594
193.83497619628906
195.87240600585938
196.26766967773438
197.4740447998047
197.7877655029297
199.54949951171875
200.63648986816406
202.42034912109375
203.5264129638672
204.81698608398438
206.41705322265625
206.6905975341797
208.3242645263672
208.4346466064453
214.00933837890625
216.0347137451172
219.06619262695312
222.4207763671875
229.2422332763672
231.55776977539062
233.12228393554688
236.55442810058594
239.78114318847656
241.86566162109375
244.04098510742188
249.82794189453125
