45.585086822509766
48.1767578125
67.74215698242188
72.49137878417969
80.94442749023438
90.81299591064453
93.322021484375
94.62557983398438
95.52486419677734
95.70266723632812
95.7287826538086
97.10818481445312
97.19053649902344
97.6166000366211
97.62171936035156
97.6524429321289
97.87747192382812
98.18859100341797
98.21405029296875
98.79777526855469
99.2471694946289
100.92571258544922
101.39033508300781
106.4471664428711
108.63240814208984
111.31486511230469
112.16059875488281
113.19893646240234
114.5731201171875
116.0
117.62227630615234
117.85584259033203
118.08895111083984
120.24974060058594
122.44182586669922
122.81694030761719
124.4387435913086
126.2220230102539
126.41202545166016
127.29100799560547
130.34568786621094
130.9389190673828
131.4838409423828
133.21035766601562
133.31166076660156
133.3491668701172
133.42039489746094
134.12680053710938
135.55441284179688
136.09555053710938
136.25343322753906
136.6016082763672
138.86683654785156
141.1878204345703
141.9436492919922
142.8635711669922
144.51296997070312
145.9246368408203
146.5298614501953
146.7037811279297
146.87750244140625
147.90875244140625
147.96958923339844
149.96665954589844
151.6805877685547
152.72525024414062
154.0129852294922
155.81399536132812
157.91453552246094
161.61373901367188
162.11724853515625
162.36070251464844
164.7118682861328
166.877197265625
167.4305877685547
167.45745849609375
170.37017822265625
170.46701049804688
171.99127197265625
175.8749542236328
178.58612060546875
181.2594757080078
181.93405151367188
181.99176025390625
188.2232666015625
190.2445831298828
193.92782592773438
195.70130920410156
211.22500610351562
213.32369995117188
213.8878173828125
217.9219970703125
233.02145385742188
