668.1868286132812 1265.3052978515625 883.96240234375 914.1223754882812
683.3985595703125 1289.4931640625 898.7469482421875 869.603271484375
700.1112060546875 1284.55224609375 875.0578002929688 855.20361328125
682.8654174804688 1276.4593505859375 882.0806274414062 884.4850463867188
700.1112060546875 1284.55224609375 875.0578002929688 855.20361328125
717.3715209960938 1255.1064453125 821.2264404296875 863.5927734375
708.4614868164062 1270.244384765625 847.5460815429688 859.4613037109375
551.4074096679688 1167.0250244140625 887.4569091796875 1201.9798583984375
791.0820922851562 1138.2545166015625 664.7877807617188 885.992431640625
791.0820922851562 1138.2545166015625 664.7877807617188 885.992431640625
829.1356811523438 1129.1143798828125 642.9862060546875 858.9650268554688
803.1534423828125 1139.760986328125 660.2386474609375 875.5703125
537.52685546875 1164.5306396484375 900.9976806640625 1232.789306640625
