545.4684448242188 1059.66748046875 943.5194702148438 900.2374877929688
545.4684448242188 1059.66748046875 943.5194702148438 900.2374877929688
510.3764953613281 1029.1856689453125 989.1866455078125 974.8660888671875
841.8555297851562 1124.536865234375 625.6949462890625 691.06689453125
669.2344970703125 1167.8587646484375 825.66845703125 684.7982177734375
809.0538330078125 1119.4317626953125 650.1146240234375 704.2308959960938
529.6990966796875 1025.6162109375 943.82275390625 959.6178588867188
834.7047729492188 1100.0748291015625 621.9033203125 716.4263916015625
820.001220703125 1144.0714111328125 651.748046875 675.2166748046875
829.1356811523438 1129.1143798828125 638.0318603515625 689.1572265625
824.5639038085938 1116.9107666015625 636.8596801757812 702.88818359375
685.3248291015625 1154.00341796875 796.5922241210938 697.6112060546875
510.3764953613281 1029.1856689453125 989.1866455078125 974.8660888671875
809.0538330078125 1119.4317626953125 650.1146240234375 704.2308959960938
545.577392578125 1156.63525390625 1029.924560546875 749.50244140625
824.5639038085938 1116.9107666015625 636.8596801757812 702.88818359375
541.0517578125 1146.766357421875 1025.9149169921875 768.2426147460938
869.4672241210938 1240.281494140625 652.8792114257812 567.8952026367188
815.4620971679688 1131.9896240234375 652.2467651367188 689.72119140625
682.6153564453125 1167.2266845703125 810.2957763671875 685.206298828125
670.0800170898438 1144.5146484375 810.1436767578125 715.030517578125
504.4687805175781 1040.2354736328125 1013.6309204101562 967.1976318359375
551.4074096679688 1167.0250244140625 1027.9990234375 726.9528198242188
551.4074096679688 1167.0250244140625 1027.9990234375 726.9528198242188
