632.964599609375 885.9683227539062 473.221435546875 1004.7830810546875
627.295654296875 930.075439453125 458.9197998046875 961.7499389648438
642.7772827148438 937.4163818359375 442.7860412597656 960.8139038085938
607.8001708984375 947.95654296875 467.5478820800781 935.6492919921875
638.7045288085938 892.9638061523438 464.9685363769531 1001.0093383789062
607.8001708984375 947.95654296875 467.5478820800781 935.6492919921875
692.6390991210938 866.8302001953125 434.7170715332031 1040.9696044921875
669.8656616210938 904.3324584960938 436.1572265625 1001.4493408203125
630.6116943359375 990.15966796875 430.40386962890625 905.9744262695312
642.7772827148438 937.4163818359375 442.7860412597656 960.8139038085938
669.8656616210938 904.3324584960938 436.1572265625 1001.4493408203125
846.5139770507812 888.8114624023438 336.5781555175781 1058.6439208984375
758.0281982421875 1016.5379028320312 338.5040283203125 936.3220825195312
663.9777221679688 893.3667602539062 444.9730529785156 1009.3881225585938
632.60595703125 910.9636840820312 462.081787109375 981.1279296875
728.9845581054688 803.5904541015625 434.1070861816406 1104.0650634765625
646.7742309570312 877.3792114257812 466.66973876953125 1018.686279296875
782.4843139648438 868.2047119140625 375.5811462402344 1060.1348876953125
678.9830322265625 890.027099609375 435.09503173828125 1017.0147705078125
808.161376953125 839.4735107421875 372.8562927246094 1088.4345703125
752.7991943359375 858.2474975585938 397.4529113769531 1062.880126953125
584.2108764648438 882.3661499023438 520.5592651367188 992.6383666992188
656.4418334960938 863.4593505859375 463.6380310058594 1034.57958984375
691.9046020507812 1055.7607421875 360.3288879394531 876.3031616210938
765.6478881835938 879.0549926757812 383.0775146484375 1049.4716796875
784.1572265625 839.5900268554688 386.6233825683594 1085.322998046875
774.039306640625 902.3409423828125 369.32208251953125 1033.322509765625
628.947021484375 920.0847778320312 461.0272216796875 970.83056640625
860.0760498046875 904.1513671875 325.84100341796875 1051.32666015625
863.6170654296875 896.4356689453125 326.1680908203125 1056.9251708984375
758.5169067382812 900.9074096679688 379.3674621582031 1030.6197509765625
683.8914794921875 883.7646484375 433.5144348144531 1023.5391235351562
733.35986328125 798.11376953125 433.0699768066406 1110.026123046875
695.171630859375 929.2775268554688 407.9526062011719 987.7448120117188
695.8591918945312 922.6670532226562 409.55487060546875 994.2141723632812
703.8367919921875 801.0259399414062 452.715576171875 1101.9974365234375
721.3674926757812 843.6810302734375 422.9845275878906 1067.9591064453125
774.039306640625 902.3409423828125 369.32208251953125 1033.322509765625
797.3936767578125 883.0913696289062 364.0315856933594 1053.949951171875
715.5238647460938 835.1699829101562 431.3839416503906 1074.8685302734375
718.6060180664062 788.428955078125 447.4283447265625 1114.793212890625
710.6432495117188 824.638671875 438.4207458496094 1082.6258544921875
764.2181396484375 769.4571533203125 422.6037902832031 1137.6231689453125
741.7985229492188 823.7042846679688 417.9761657714844 1089.595703125
794.8993530273438 947.9679565429688 342.6749572753906 1002.41552734375
638.6655883789062 864.45166015625 477.7535095214844 1028.5872802734375
646.7742309570312 877.3792114257812 466.66973876953125 1018.686279296875
748.9063110351562 834.3452758789062 409.86212158203125 1082.5458984375
778.4080810546875 939.7928466796875 352.07647705078125 1004.2600708007812
712.8450927734375 803.5242919921875 445.6678771972656 1102.8326416015625
695.8591918945312 922.6670532226562 409.55487060546875 994.2141723632812
675.22216796875 930.9562377929688 421.48333740234375 978.6705932617188
710.5810546875 999.522216796875 371.3177490234375 933.5817260742188
641.6240234375 888.0759887695312 465.8066711425781 1007.6054077148438
732.2711791992188 830.089111328125 421.87353515625 1082.3895263671875
784.4880981445312 952.3191528320312 346.7894592285156 996.1823120117188
689.21044921875 1071.345947265625 356.958251953125 860.9060668945312
808.1201171875 928.3190307617188 342.98065185546875 1020.8037719726562
732.8882446289062 844.7207641601562 415.3140869140625 1070.310546875
