758.0281982421875 1016.5379028320312 745.6888427734375 906.0303955078125
614.054443359375 894.16357421875 603.1109008789062 1012.1021728515625
789.1485595703125 963.6013793945312 715.7543334960938 859.573486328125
639.812744140625 818.0841674804688 565.8483276367188 959.7542724609375
658.4907836914062 964.0995483398438 669.2268676757812 989.1971435546875
808.161376953125 839.4735107421875 637.7307739257812 814.5328979492188
793.8699340820312 819.1543579101562 620.017578125 822.6470947265625
616.34228515625 971.8251342773438 656.560302734375 1040.980712890625
658.7785034179688 1064.4630126953125 751.0938720703125 1033.2642822265625
721.19384765625 971.7643432617188 698.2072143554688 928.4680786132812
689.21044921875 1071.345947265625 766.9290771484375 1001.8245239257812
718.1380004882812 990.7747192382812 710.5598754882812 937.7138671875
706.241943359375 1008.1777954101562 719.7933959960938 956.2255249023438
784.1572265625 839.5900268554688 633.0565185546875 833.115478515625
758.5169067382812 900.9074096679688 661.7882080078125 870.8323974609375
709.4064331054688 882.7296752929688 630.5407104492188 912.8597412109375
700.4323120117188 942.6502075195312 669.3282470703125 940.3719482421875
870.6365356445312 908.709716796875 704.6597290039062 773.7911376953125
607.8001708984375 947.95654296875 635.9701538085938 1040.568603515625
808.6318969726562 957.48388671875 718.3788452148438 840.5767822265625
774.5066528320312 779.2550048828125 590.9656982421875 829.3971557617188
663.9777221679688 893.3667602539062 620.2755737304688 960.119384765625
685.8004760742188 1068.8724365234375 763.4530639648438 1004.1444702148438
803.0260009765625 948.6729736328125 709.7682495117188 842.4115600585938
792.2830810546875 925.8792724609375 689.685546875 847.1154174804688
698.3905029296875 927.3687744140625 657.6911010742188 936.3579711914062
710.5810546875 999.522216796875 713.0103149414062 948.2118530273438
766.3041381835938 885.1105346679688 653.150146484375 861.0850830078125
718.8470458984375 803.331298828125 586.2261352539062 882.160400390625
585.1470947265625 864.9996948242188 571.9063110351562 1030.5196533203125
738.6891479492188 870.0418090820312 634.9880981445312 880.7788696289062
678.9830322265625 890.027099609375 624.7892456054688 943.9357299804688
717.1694946289062 1003.1380004882812 719.4774780273438 943.0199584960938
739.1959838867188 836.9494018554688 613.2252807617188 872.08837890625
825.8995971679688 945.7409057617188 715.4219360351562 821.0517578125
703.9453125 936.2816772460938 664.9205322265625 932.8555908203125
788.3616333007812 918.4739990234375 683.643798828125 848.5822143554688
692.6390991210938 866.8302001953125 615.09814453125 922.6076049804688
691.9046020507812 1055.7607421875 753.9714965820312 991.80419921875
675.6234130859375 1051.144775390625 739.4765625 1007.6868286132812
698.6284790039062 979.8541259765625 695.0591430664062 953.6323852539062
802.7064819335938 920.074462890625 689.408203125 836.2208251953125
660.8822021484375 946.8954467773438 656.625 981.9959106445312
818.0924072265625 936.3180541992188 705.4987182617188 825.8552856445312
808.1201171875 928.3190307617188 697.2799682617188 832.08056640625
777.0391235351562 878.8933715820312 653.1167602539062 849.8196411132812
818.0924072265625 936.3180541992188 705.4987182617188 825.8552856445312
714.1640014648438 967.3235473632812 691.4564208984375 933.6233520507812
676.8031005859375 1072.4818115234375 762.8152465820312 1015.4434814453125
860.0760498046875 904.1513671875 697.914306640625 782.8109741210938
730.3020629882812 972.9271850585938 700.8494873046875 919.4139404296875
697.6915283203125 880.027587890625 626.0327758789062 922.918212890625
685.8004760742188 1068.8724365234375 763.4530639648438 1004.1444702148438
704.0579833984375 994.895751953125 708.58056640625 953.512939453125
671.314697265625 1082.5631103515625 768.0239868164062 1028.7908935546875
632.60595703125 910.9636840820312 619.4755249023438 1000.1757202148438
648.0861206054688 944.7920532226562 651.5064086914062 993.120361328125
768.8706665039062 917.39453125 676.6210327148438 865.444091796875
669.8656616210938 904.3324584960938 629.3336181640625 957.841552734375
572.35009765625 861.8990478515625 565.4375 1042.545166015625
663.6768188476562 932.4746704101562 647.1119995117188 974.2803344726562
703.9453125 936.2816772460938 664.9205322265625 932.8555908203125
673.3680419921875 1064.5582275390625 754.9940795898438 1016.2164916992188
757.4571533203125 848.1044311523438 626.5170288085938 859.1688842773438
627.295654296875 930.075439453125 632.0726928710938 1011.9841918945312
707.1340942382812 1003.935302734375 716.8486938476562 954.472412109375
782.945556640625 945.3111572265625 700.1426391601562 860.5881958007812
633.8886108398438 937.2951049804688 639.6975708007812 1007.3522338867188
704.0579833984375 994.895751953125 708.58056640625 953.512939453125
691.551025390625 928.6369018554688 654.9727783203125 943.621826171875
655.960205078125 881.827392578125 609.633056640625 964.7357177734375
646.7742309570312 877.3792114257812 603.8474731445312 973.3035278320312
852.4414672851562 904.3402709960938 694.713134765625 788.2039794921875
732.8882446289062 844.7207641601562 615.6213989257812 880.4683227539062
741.7985229492188 823.7042846679688 606.2633666992188 867.6199951171875
692.07177734375 937.3236694335938 662.0016479492188 947.2726440429688
678.8182983398438 1075.6678466796875 766.0120849609375 1014.895263671875
792.1195068359375 919.7908325195312 685.7340698242188 845.1942749023438
784.4880981445312 952.3191528320312 705.825439453125 860.8711547851562
714.9685668945312 998.6105346679688 714.9586181640625 944.011474609375
663.875244140625 911.1231689453125 633.8611450195312 966.0929565429688
