936.913330078125 1100.2581787109375 1004.4246215820312 971.5687866210938
927.3411254882812 1072.072021484375 979.5056762695312 954.2814331054688
973.6112060546875 1060.5908203125 1007.571044921875 916.1475830078125
974.1925659179688 1044.6700439453125 997.53515625 903.177490234375
987.2182006835938 1024.5867919921875 995.146484375 880.1085815429688
936.913330078125 1100.2581787109375 1004.4246215820312 971.5687866210938
975.5389404296875 1028.4893798828125 988.089599609375 890.112060546875
994.22998046875 1070.8736572265625 1029.7779541015625 912.589599609375
976.727294921875 608.700439453125 760.8085327148438 616.4010009765625
1030.120849609375 776.349365234375 880.5906982421875 684.7571411132812
962.1064453125 1032.3197021484375 980.327392578125 900.8139038085938
791.0820922851562 1138.2545166015625 913.85693359375 1098.62841796875
835.3890991210938 1100.88134765625 926.3035278320312 1036.4453125
932.1143798828125 1040.568115234375 962.6858520507812 925.578125
836.0289916992188 1112.0791015625 933.1774291992188 1046.0223388671875
974.1925659179688 1044.6700439453125 997.53515625 903.177490234375
975.5389404296875 1028.4893798828125 988.089599609375 890.112060546875
861.30615234375 1147.7518310546875 977.764404296875 1062.0072021484375
834.0126953125 1143.200439453125 951.9595336914062 1075.0716552734375
1010.5436401367188 1066.5543212890625 1039.89404296875 898.5211791992188
932.1143798828125 1040.568115234375 962.6858520507812 925.578125
959.6629028320312 696.2303466796875 791.1083984375 674.514892578125
538.6660766601562 636.29150390625 480.99224853515625 860.1586303710938
939.84033203125 688.2471313476562 774.596923828125 680.2149658203125
976.727294921875 608.700439453125 760.8085327148438 616.4010009765625
854.8680419921875 1238.9814453125 1034.4180908203125 1152.1033935546875
841.8555297851562 1124.536865234375 946.0438842773438 1053.0546875
1001.4690551757812 1055.544921875 1026.479736328125 895.642822265625
493.1187744140625 888.427978515625 548.3270263671875 1067.9639892578125
829.7218017578125 1243.5626220703125 1016.583251953125 1173.6356201171875
984.0723266601562 1090.7197265625 1036.364990234375 934.7332153320312
820.001220703125 1144.0714111328125 941.4302368164062 1085.193603515625
791.0820922851562 1138.2545166015625 913.85693359375 1098.62841796875
1007.0997314453125 594.4017944335938 775.025146484375 592.1862182617188
482.12994384765625 805.1759643554688 504.4519958496094 1008.5672607421875
988.9907836914062 673.8333129882812 800.1634521484375 646.0908203125
710.0889892578125 503.1430969238281 545.4056396484375 692.76123046875
826.5116577148438 1277.453125 1039.165771484375 1211.0079345703125
962.1064453125 1032.3197021484375 980.327392578125 900.8139038085938
648.400634765625 1177.9677734375 821.9201049804688 1232.2564697265625
688.0255126953125 519.060791015625 537.2531127929688 712.2684936523438
1001.4690551757812 1055.544921875 1026.479736328125 895.642822265625
968.3630981445312 625.503662109375 764.0477294921875 629.7020263671875
956.8584594726562 607.2128295898438 747.6509399414062 624.2378540039062
736.3956298828125 1304.0303955078125 980.0460815429688 1302.5474853515625
948.839111328125 667.4805297851562 769.6061401367188 663.9655151367188
993.1793212890625 781.0369873046875 856.9271240234375 707.1353759765625
708.4614868164062 1270.244384765625 933.52880859375 1287.14599609375
999.8907470703125 612.4411010742188 777.1715087890625 607.7433471679688
999.165283203125 1085.4400634765625 1043.6011962890625 920.6805419921875
924.230712890625 523.8582153320312 688.8516235351562 599.06396484375
906.45849609375 524.7366943359375 678.4752197265625 607.6817016601562
1009.4910888671875 641.7005615234375 798.0650634765625 616.8663330078125
1041.861083984375 804.5628051757812 903.6945190429688 695.7445068359375
572.4080200195312 1172.3106689453125 754.7756958007812 1278.8319091796875
739.5980224609375 1318.2120361328125 994.0106201171875 1316.6239013671875
1058.0699462890625 832.9631958007812 931.6419677734375 705.0942993164062
993.673583984375 598.8931884765625 767.9221801757812 601.9659423828125
968.3630981445312 625.503662109375 764.0477294921875 629.7020263671875
903.3683471679688 474.5431823730469 655.982421875 582.7380981445312
824.5639038085938 1116.9107666015625 927.2387084960938 1057.6734619140625
809.0538330078125 1119.4317626953125 916.5407104492188 1069.6868896484375
995.4893188476562 646.2100219726562 790.6222534179688 628.4007568359375
523.5631103515625 578.0726318359375 450.617919921875 831.2764892578125
699.8873901367188 1341.52880859375 976.0616455078125 1372.182373046875
921.6964111328125 1092.5106201171875 986.2481689453125 973.7075805664062
861.4344482421875 300.5641784667969 566.1041870117188 516.2504272460938
941.7003173828125 489.56396484375 687.611328125 569.7218627929688
1002.3158569335938 659.5216674804688 802.2332763671875 630.73291015625
981.2469482421875 698.1217651367188 806.1243896484375 665.6070556640625
875.8030395507812 498.1489562988281 648.6510009765625 608.100830078125
979.8280639648438 654.7484130859375 784.7188110351562 639.6146850585938
700.1112060546875 1284.55224609375 935.26806640625 1308.3643798828125
941.6098022460938 519.2750244140625 699.0371704101562 586.4671630859375
710.126220703125 1310.8780517578125 963.8331909179688 1330.975830078125
713.528076171875 1349.75732421875 996.2664794921875 1369.080810546875
715.6485595703125 485.8447265625 541.8825073242188 680.3967895507812
903.3683471679688 474.5431823730469 655.982421875 582.7380981445312
906.45849609375 524.7366943359375 678.4752197265625 607.6817016601562
993.673583984375 598.8931884765625 767.9221801757812 601.9659423828125
688.0255126953125 519.060791015625 537.2531127929688 712.2684936523438
1017.3421630859375 604.1909790039062 785.9417114257812 593.1929931640625
445.302001953125 902.2849731445312 519.2230224609375 1110.244384765625
964.6990356445312 662.6524658203125 778.3632202148438 652.792236328125
699.7871704101562 1326.7880859375 964.676025390625 1353.691650390625
518.1744384765625 1003.861328125 622.129150390625 1152.1361083984375
683.3985595703125 1289.4931640625 924.8341064453125 1325.6680908203125
1015.5694580078125 788.4456787109375 876.8359375 700.0304565429688
683.3985595703125 1289.4931640625 924.8341064453125 1325.6680908203125
489.5804443359375 663.4888916015625 457.396484375 904.2198486328125
484.7947998046875 782.642578125 499.451171875 992.0747680664062
1017.4522705078125 579.9031372070312 773.5349731445312 580.32470703125
733.3763427734375 1264.5850830078125 950.20556640625 1262.77587890625
854.8680419921875 1238.9814453125 1034.4180908203125 1152.1033935546875
921.1881713867188 631.563720703125 735.3416748046875 656.7343139648438
723.4491577148438 1336.1934814453125 994.04638671875 1347.5933837890625
701.7691650390625 1173.2147216796875 864.4052124023438 1192.12255859375
640.203369140625 525.6644287109375 509.97821044921875 740.3828125
557.8790893554688 541.90576171875 461.855224609375 789.1507568359375
1004.130126953125 193.48731994628906 611.50439453125 407.3699951171875
661.2929077148438 1184.32861328125 837.7421875 1230.45263671875
699.8873901367188 1341.52880859375 976.0616455078125 1372.182373046875
1014.425537109375 652.4281616210938 805.2804565429688 620.571533203125
959.7279052734375 519.0661010742188 710.2949829101562 578.6784057617188
796.8046264648438 1148.68896484375 925.55859375 1104.517822265625
489.3740539550781 1037.14306640625 613.8352661132812 1200.01904296875
400.1514892578125 947.2745971679688 502.84234619140625 1175.4031982421875
824.5980224609375 1252.5667724609375 1016.2211303710938 1184.606201171875
933.6306762695312 1054.3778076171875 971.3760986328125 935.2298583984375
461.5607604980469 755.4808349609375 471.7995910644531 984.7926635742188
843.2071533203125 1245.61474609375 1029.9134521484375 1166.7552490234375
857.7566528320312 486.5719909667969 633.4823608398438 609.3272094726562
803.1534423828125 1139.760986328125 923.3935546875 1092.7152099609375
1058.0699462890625 832.9631958007812 931.6419677734375 705.0942993164062
869.443115234375 393.73095703125 604.30224609375 560.2493286132812
898.9193115234375 513.313232421875 669.5277099609375 604.6552734375
875.1563110351562 474.9875793457031 639.6278076171875 594.6000366210938
838.6516723632812 1232.69287109375 1015.1806640625 1157.823974609375
497.9975280761719 796.1891479492188 512.6474609375 993.0286254882812
724.1654052734375 505.34014892578125 554.6639404296875 688.3837280273438
564.451416015625 618.5416259765625 491.4375 836.3743896484375
400.4451904296875 980.0665893554688 516.5965576171875 1203.8768310546875
843.2071533203125 1245.61474609375 1029.9134521484375 1166.7552490234375
442.6083679199219 704.6458129882812 439.4693908691406 958.8189697265625
979.8280639648438 654.7484130859375 784.7188110351562 639.6146850585938
809.0538330078125 1119.4317626953125 916.5407104492188 1069.6868896484375
467.6234436035156 662.920654296875 442.5014953613281 913.9963989257812
572.4080200195312 1172.3106689453125 754.7756958007812 1278.8319091796875
770.4602661132812 1117.4578857421875 884.2122802734375 1093.07275390625
922.4938354492188 1046.911376953125 958.7212524414062 935.015869140625
781.3555908203125 1111.4781494140625 889.4268188476562 1080.57177734375
447.43731689453125 927.3234252929688 530.1561889648438 1129.10888671875
461.5607604980469 755.4808349609375 471.7995910644531 984.7926635742188
536.8946533203125 1183.1761474609375 730.9517822265625 1314.3133544921875
419.8982238769531 1055.9163818359375 568.6857299804688 1266.6663818359375
541.0517578125 1146.766357421875 714.0111083984375 1273.8409423828125
522.804931640625 1164.44677734375 708.7030639648438 1304.85546875
908.485595703125 538.786865234375 686.0682373046875 613.5418701171875
1015.5694580078125 788.4456787109375 876.8359375 700.0304565429688
804.697509765625 351.6152648925781 550.3928833007812 568.4599609375
924.230712890625 523.8582153320312 688.8516235351562 599.06396484375
966.9942626953125 472.38299560546875 694.5616455078125 549.8182373046875
559.8673095703125 578.7891235351562 478.3959045410156 810.6712036132812
999.165283203125 1085.4400634765625 1043.6011962890625 920.6805419921875
540.3796997070312 594.9819946289062 467.4122619628906 834.3323364257812
580.094482421875 575.6217041015625 487.6449890136719 799.847412109375
551.4074096679688 1167.0250244140625 734.3927001953125 1288.0006103515625
826.3004760742188 338.6858825683594 558.4745483398438 552.3270874023438
424.74090576171875 1080.95263671875 584.5374145507812 1286.0819091796875
554.7593383789062 1190.029541015625 750.1077270507812 1309.5245361328125
995.4893188476562 646.2100219726562 790.6222534179688 628.4007568359375
470.4604187011719 654.9558715820312 441.8956604003906 908.8660278320312
969.6023559570312 1090.2200927734375 1024.2200927734375 942.0189208984375
521.7952270507812 1180.825439453125 716.7665405273438 1322.6649169921875
815.4679565429688 389.7772521972656 571.5106201171875 581.7750244140625
898.9193115234375 513.313232421875 669.5277099609375 604.6552734375
423.89398193359375 1196.4964599609375 639.6041259765625 1408.3529052734375
914.6801147460938 448.60009765625 653.4766235351562 563.1624755859375
839.4912109375 1273.118408203125 1047.2177734375 1197.7039794921875
529.9357299804688 1048.5272216796875 651.9419555664062 1184.4732666015625
412.9788818359375 1094.56005859375 578.6813354492188 1308.5968017578125
869.4672241210938 1240.281494140625 1048.2529296875 1143.8297119140625
840.3773803710938 1285.0537109375 1056.57568359375 1208.44921875
446.8914489746094 635.5081787109375 418.9316711425781 909.1881713867188
740.3603515625 1330.998779296875 1004.6846313476562 1330.8062744140625
419.8982238769531 1055.9163818359375 568.6857299804688 1266.6663818359375
934.0249633789062 507.6161804199219 689.4112548828125 584.1710205078125
936.5519409179688 632.6287841796875 745.321533203125 651.2908325195312
829.1356811523438 1129.1143798828125 938.6431274414062 1065.5750732421875
503.43267822265625 1056.156005859375 638.5260620117188 1208.4293212890625
525.954345703125 1152.2598876953125 706.3712768554688 1289.883544921875
880.38720703125 319.9505920410156 584.5877075195312 519.9287719726562
649.3911743164062 520.1118774414062 512.269775390625 734.4889526367188
880.38720703125 319.9505920410156 584.5877075195312 519.9287719726562
822.6784057617188 370.63275146484375 567.64501953125 569.505615234375
668.3640747070312 533.4649658203125 529.74560546875 729.876708984375
933.6306762695312 1054.3778076171875 971.3760986328125 935.2298583984375
882.7523803710938 1235.5 1055.4989013671875 1129.7431640625
675.6306762695312 1181.7166748046875 845.326904296875 1216.8582763671875
669.2344970703125 1167.8587646484375 833.1253051757812 1207.68310546875
848.4412841796875 1271.0565185546875 1054.6455078125 1189.8043212890625
988.6657104492188 250.5016632080078 624.9832763671875 440.2158508300781
667.3502197265625 1157.483154296875 825.556640625 1198.66357421875
438.4117431640625 1081.904541015625 594.2633056640625 1277.6380615234375
1034.120361328125 229.4521942138672 641.0978393554688 410.1235046386719
948.3933715820312 625.5521850585938 752.56787109375 641.2966918945312
426.2992248535156 1185.93896484375 636.6641235351562 1393.6324462890625
940.5944213867188 478.2516174316406 682.6727905273438 563.91259765625
459.93292236328125 1220.107177734375 686.6311645507812 1409.523681640625
824.5639038085938 1116.9107666015625 927.2387084960938 1057.6734619140625
554.9412231445312 589.8513793945312 475.4497375488281 823.008544921875
465.77569580078125 673.708984375 443.9826354980469 926.0601806640625
733.3763427734375 1264.5850830078125 950.20556640625 1262.77587890625
934.0249633789062 507.6161804199219 689.4112548828125 584.1710205078125
550.2265625 582.3539428710938 470.0787048339844 818.0281372070312
675.328125 1153.445068359375 830.1331787109375 1189.97998046875
451.5205383300781 1188.452880859375 661.6480102539062 1380.4766845703125
462.9145202636719 623.79638671875 425.6092529296875 891.8154296875
525.954345703125 1152.2598876953125 706.3712768554688 1289.883544921875
497.5472412109375 1011.0849609375 607.8910522460938 1173.7786865234375
548.0252075195312 607.8779907226562 477.74798583984375 835.6923217773438
951.0156860351562 1071.2099609375 999.0537109375 941.0106811523438
465.6094970703125 1207.8758544921875 684.7730102539062 1392.0821533203125
493.0743408203125 1058.8802490234375 627.9559326171875 1220.289794921875
379.1257629394531 945.4588012695312 485.7964172363281 1187.787109375
794.3341064453125 1110.3896484375 898.8897094726562 1071.12158203125
565.9223022460938 557.4055786132812 471.0367431640625 798.4954223632812
1041.861083984375 804.5628051757812 903.6945190429688 695.7445068359375
440.3835754394531 676.0277099609375 428.5673828125 940.363525390625
709.2103881835938 1336.08203125 981.2119140625 1359.6854248046875
851.3499145507812 318.8884582519531 566.5714111328125 531.7266845703125
832.0030517578125 357.50732421875 570.2813720703125 558.6649169921875
570.9017333984375 578.4454956054688 482.44482421875 807.1739501953125
478.96661376953125 762.03662109375 486.2098083496094 979.2577514648438
494.2127380371094 1047.1240234375 622.898193359375 1206.7330322265625
473.3706359863281 908.1129150390625 542.5753784179688 1097.0830078125
496.2630615234375 761.12060546875 498.5415344238281 968.4347534179688
