84.31488800048828
87.14929962158203
87.5671157836914
89.8888168334961
96.5660400390625
97.84681701660156
111.97767639160156
112.26753997802734
113.84199523925781
114.43775939941406
115.80155181884766
116.42164611816406
119.85408020019531
120.41594696044922
122.45407104492188
125.22779083251953
125.87295532226562
127.61661529541016
128.56126403808594
128.75946044921875
129.4024658203125
130.7019500732422
130.98472595214844
131.54086303710938
134.50279235839844
135.6981964111328
137.49908447265625
139.13302612304688
140.45640563964844
141.2763214111328
141.61920166015625
145.33753967285156
146.64242553710938
149.28831481933594
149.49581909179688
149.5894317626953
150.28639221191406
151.16217041015625
151.44305419921875
151.90457153320312
154.35348510742188
154.7061767578125
156.36175537109375
156.6365203857422
157.3975830078125
157.48016357421875
158.2687530517578
165.56871032714844
168.40130615234375
169.333984375
169.40188598632812
169.5847930908203
171.19287109375
171.86331176757812
174.25555419921875
174.3731689453125
177.60630798339844
178.510498046875
178.92176818847656
180.2220916748047
180.6875762939453
183.85592651367188
184.20912170410156
185.86016845703125
186.44570922851562
189.36209106445312
189.57321166992188
189.97894287109375
190.6200408935547
195.28953552246094
197.16998291015625
197.4740447998047
197.97726440429688
206.27651977539062
206.63978576660156
207.58612060546875
210.028564453125
210.92652893066406
211.28416442871094
211.68136596679688
215.07440185546875
218.34376525878906
219.2259063720703
221.9729766845703
222.162109375
223.96205139160156
224.00892639160156
228.40533447265625
231.12550354003906
231.59878540039062
235.0999755859375
236.71080017089844
241.6981658935547
243.35775756835938
247.7256622314453
