469.6781311035156 995.77490234375 295.8357238769531 1101.19140625
473.28155517578125 1000.6082763671875 299.5602111816406 1105.2982177734375
678.3167114257812 932.7492065429688 479.1537780761719 976.0985717773438
638.6251831054688 903.3736572265625 438.5530090332031 944.2316284179688
739.0302124023438 986.3919677734375 541.9286499023438 1041.148681640625
567.8057861328125 941.5335083007812 383.9743347167969 1002.2067260742188
532.8851318359375 989.90869140625 358.69085693359375 1078.4251708984375
626.21044921875 986.3126220703125 445.18035888671875 1057.7977294921875
510.6476135253906 925.6355590820312 327.7691955566406 988.6445922851562
647.0712280273438 952.1815185546875 456.9793701171875 1003.8475341796875
