78.9050064086914
82.33468627929688
83.44459533691406
86.45230102539062
93.78699493408203
115.22586822509766
117.94066619873047
119.712158203125
120.60679626464844
124.30204772949219
126.6214828491211
136.76622009277344
138.2859344482422
141.46731567382812
145.7909393310547
147.83436584472656
169.301513671875
173.8246307373047
174.13214111328125
176.5814208984375
183.71173095703125
187.68324279785156
190.90573120117188
197.9949493408203
201.1864776611328
211.4946746826172
211.88204956054688
235.242431640625
269.43829345703125
