526.7315063476562 953.51171875 548.7061157226562 955.3339233398438
516.0596313476562 1006.1548461914062 590.4010009765625 962.7129516601562
527.2396850585938 986.6103515625 574.0573120117188 952.3629760742188
526.7315063476562 953.51171875 548.7061157226562 955.3339233398438
522.7122192382812 1006.7630004882812 591.9218139648438 955.1682739257812
518.1260375976562 1010.7076416015625 594.9622192382812 960.0518798828125
518.016357421875 958.7240600585938 553.278076171875 963.306396484375
547.8497924804688 981.2776489257812 571.2252197265625 931.0489501953125
508.4361877441406 982.0038452148438 565.8704833984375 970.6200561523438
564.1547241210938 953.7293090820312 552.18896484375 919.7405395507812
531.6181030273438 995.3468627929688 581.6826171875 946.423583984375
539.212890625 954.1154174804688 550.6878662109375 944.1779174804688
