792.6273193359375 1214.6439208984375 691.9283447265625 1152.6170654296875
641.9697875976562 557.6533203125 720.9752807617188 460.8536376953125
779.9082641601562 1273.343505859375 664.8898315429688 1199.2747802734375
755.0316162109375 1203.965576171875 658.8380126953125 1135.9129638671875
792.6273193359375 1214.6439208984375 691.9283447265625 1152.6170654296875
712.2457885742188 365.53106689453125 852.6920776367188 261.7147216796875
761.4489135742188 335.0682067871094 915.5111083984375 245.69154357910156
483.3556213378906 595.2111206054688 536.5835571289062 446.39508056640625
476.4725341796875 1014.9781494140625 430.1351318359375 892.8502197265625
460.40460205078125 880.299072265625 442.8592529296875 752.2780151367188
661.045166015625 1263.140380859375 558.8424682617188 1165.242431640625
588.5584106445312 667.7056884765625 629.420166015625 565.73046875
403.1711120605469 1061.5662841796875 346.859130859375 920.0236206054688
650.41748046875 614.0556640625 712.3307495117188 526.1885375976562
520.5155029296875 685.148193359375 555.2981567382812 561.3223266601562
817.9503173828125 1250.828369140625 708.5557250976562 1189.87890625
642.00244140625 1229.4700927734375 548.2218017578125 1132.044677734375
447.6816101074219 579.3021240234375 499.2637634277344 415.94305419921875
786.4118041992188 502.8271179199219 885.6362915039062 451.0041809082031
484.058349609375 1044.5882568359375 433.97662353515625 924.82421875
373.6346740722656 953.4757690429688 336.9791259765625 801.33642578125
429.2406005859375 787.2227783203125 434.2510681152344 643.9915161132812
698.9422607421875 457.8650817871094 806.5230712890625 368.27947998046875
786.4118041992188 502.8271179199219 885.6362915039062 451.0041809082031
676.524658203125 1245.28173828125 577.767822265625 1157.4560546875
554.899658203125 980.3128051757812 516.0802612304688 879.4114379882812
681.3238525390625 1273.4501953125 575.0640869140625 1177.9219970703125
492.7960205078125 942.6680297851562 465.4313049316406 825.0027465820312
328.0677490234375 1047.973876953125 267.2559509277344 884.3312377929688
384.0585021972656 1031.5301513671875 330.30792236328125 883.09716796875
458.6119689941406 640.8523559570312 498.7530212402344 489.9778137207031
360.1975402832031 816.93505859375 350.7103576660156 653.0584716796875
760.464599609375 386.1522521972656 897.1964111328125 306.0903015136719
624.1286010742188 489.5143737792969 720.5779418945312 376.5233459472656
729.37548828125 536.3621826171875 814.4149780273438 465.814697265625
742.7239990234375 424.8395690917969 864.8655395507812 345.84417724609375
632.7269897460938 580.4480590820312 703.4774169921875 481.2643737792969
352.94293212890625 941.1241455078125 318.3605651855469 783.7640380859375
377.150634765625 1127.8116455078125 305.1165771484375 974.245849609375
471.54815673828125 946.0626831054688 437.9535827636719 821.3859252929688
373.6346740722656 953.4757690429688 336.9791259765625 801.33642578125
817.9503173828125 1250.828369140625 708.5557250976562 1189.87890625
934.1098022460938 1089.104736328125 855.9852294921875 1076.492919921875
748.9244384765625 514.1041259765625 844.2767944335938 450.2527770996094
456.2338562011719 820.4352416992188 451.7711181640625 687.1370849609375
489.414306640625 1063.8211669921875 433.1995544433594 943.3005981445312
752.478515625 603.7252807617188 816.8284301757812 550.4019775390625
596.5074462890625 1126.8966064453125 525.5335083007812 1029.726806640625
377.0481262207031 1182.508056640625 291.07269287109375 1024.68310546875
490.6422424316406 965.6895751953125 457.0023193359375 847.3452758789062
420.28173828125 824.5350341796875 413.134521484375 681.8956909179688
937.9910278320312 1191.45458984375 831.4653930664062 1166.2115478515625
768.3507690429688 414.3299865722656 895.0751953125 343.80975341796875
717.2591552734375 387.9865417480469 848.4867553710938 293.49871826171875
476.4725341796875 1014.9781494140625 430.1351318359375 892.8502197265625
494.4148254394531 1078.0179443359375 434.4817810058594 961.1902465820312
742.411376953125 550.8107299804688 825.5206909179688 486.91754150390625
595.6396484375 508.7034912109375 679.3663330078125 388.6859436035156
471.54815673828125 946.0626831054688 437.9535827636719 821.3859252929688
431.9508972167969 1024.548095703125 381.6009521484375 889.5310668945312
427.37982177734375 862.3679809570312 409.6396484375 722.6736450195312
708.9932861328125 438.11016845703125 824.4130249023438 349.0115661621094
797.968017578125 1237.6812744140625 688.865478515625 1174.5474853515625
664.3433837890625 1202.366943359375 574.8436279296875 1113.6297607421875
467.00445556640625 570.3375854492188 522.194580078125 412.6396484375
659.7000122070312 1214.348876953125 565.1095581054688 1123.5538330078125
475.0000915527344 1116.4981689453125 405.526611328125 988.6214599609375
592.8455810546875 464.56182861328125 692.8157958984375 332.4255065917969
477.23724365234375 639.89794921875 517.6682739257812 495.8078308105469
393.96710205078125 998.3740844726562 349.05487060546875 852.8615112304688
477.23724365234375 639.89794921875 517.6682739257812 495.8078308105469
496.4411926269531 680.6273803710938 528.100830078125 549.0880126953125
583.6818237304688 443.2452697753906 689.27783203125 306.3205261230469
646.2046508789062 1266.27099609375 540.3526000976562 1164.63037109375
468.7803649902344 953.6748657226562 431.96600341796875 827.1443481445312
581.9783325195312 492.3103332519531 674.0330200195312 363.0442810058594
358.4383239746094 844.6121826171875 342.84942626953125 683.98681640625
500.8317565917969 541.7215576171875 572.0516357421875 398.2728271484375
581.9783325195312 492.3103332519531 674.0330200195312 363.0442810058594
519.5625610351562 650.2911376953125 564.2015991210938 520.7235107421875
476.0955810546875 817.8807373046875 475.8730163574219 690.7191772460938
776.8539428710938 538.102294921875 864.6124877929688 486.8771667480469
669.0784912109375 1227.74365234375 573.2377319335938 1136.7381591796875
444.333740234375 509.5807800292969 513.8903198242188 332.9176025390625
673.458984375 1215.605712890625 582.7786254882812 1126.7303466796875
600.6319580078125 493.1302795410156 692.1263427734375 373.509033203125
769.755126953125 556.2684936523438 848.6983032226562 504.82421875
468.9073486328125 1055.123779296875 413.7111511230469 929.666015625
642.4113159179688 1240.3145751953125 544.54736328125 1141.3433837890625
388.9615173339844 1100.731689453125 319.9998779296875 952.0030517578125
752.0443115234375 1226.4024658203125 651.0276489257812 1153.177978515625
551.7027587890625 1020.7015380859375 508.3851623535156 917.718994140625
691.8588256835938 418.71484375 811.2405395507812 320.6147766113281
799.0911865234375 1265.9566650390625 684.6571044921875 1197.5501708984375
721.4984741210938 423.02642822265625 846.608154296875 335.4989929199219
444.4613952636719 958.3285522460938 406.5280456542969 827.74609375
449.8454284667969 947.3477783203125 414.97735595703125 817.3770751953125
453.87542724609375 968.3492431640625 414.73236083984375 839.9248046875
631.1500854492188 1241.1531982421875 537.9722290039062 1142.1673583984375
630.0247192382812 1263.9267578125 527.892822265625 1160.1990966796875
570.818603515625 476.4222106933594 664.3427124023438 341.1560974121094
616.9657592773438 1093.8736572265625 552.5308227539062 1003.3475952148438
780.576416015625 566.3603515625 861.2973022460938 518.6367797851562
630.242431640625 1104.4185791015625 563.643310546875 1017.364501953125
630.242431640625 1104.4185791015625 563.643310546875 1017.364501953125
494.0779724121094 656.8692626953125 535.27978515625 520.237060546875
769.755126953125 556.2684936523438 848.6983032226562 504.82421875
642.4113159179688 1240.3145751953125 544.54736328125 1141.3433837890625
772.3803100585938 525.471923828125 866.04345703125 470.7740173339844
698.6384887695312 402.9171447753906 823.7240600585938 302.706298828125
590.0540771484375 462.5946044921875 693.37158203125 331.9359436035156
439.14678955078125 825.1405639648438 430.9366760253906 686.8297729492188
378.3632507324219 1091.2325439453125 312.7318420410156 940.4112548828125
