661.045166015625 1263.140380859375 1004.6846313476562 1330.8062744140625
876.303955078125 1064.379150390625 986.2481689453125 973.7075805664062
987.5439453125 484.32489013671875 688.8516235351562 599.06396484375
987.5439453125 484.32489013671875 688.8516235351562 599.06396484375
681.3238525390625 1273.4501953125 1030.6234130859375 1322.9573974609375
661.045166015625 1263.140380859375 1004.6846313476562 1330.8062744140625
676.524658203125 1245.28173828125 999.68505859375 1296.457275390625
614.3197021484375 1234.8121337890625 940.1931762695312 1341.1397705078125
742.7239990234375 424.8395690917969 537.2531127929688 712.2684936523438
712.2457885742188 365.53106689453125 500.8453674316406 704.9730224609375
1028.38037109375 486.63995361328125 710.2949829101562 578.6784057617188
1022.2501220703125 657.8190307617188 800.1634521484375 646.0908203125
969.6641845703125 293.21051025390625 598.6177978515625 544.1273803710938
1051.718994140625 850.5595092773438 939.7799072265625 713.7008666992188
983.3815307617188 238.6836395263672 584.5877075195312 519.9287719726562
905.7385864257812 301.2593688964844 571.5106201171875 581.7750244140625
752.0443115234375 1226.4024658203125 1039.165771484375 1211.0079345703125
978.4482421875 423.5445556640625 655.982421875 582.7380981445312
358.4383239746094 844.6121826171875 502.5039367675781 1187.9669189453125
659.7000122070312 1214.348876953125 955.3036499023438 1280.85546875
717.2591552734375 387.9865417480469 508.44207763671875 713.213134765625
900.1468505859375 257.2612609863281 550.3928833007812 568.4599609375
622.9193725585938 1254.771484375 964.676025390625 1353.691650390625
733.3917236328125 382.3453063964844 517.4900512695312 702.2937622070312
456.2338562011719 820.4352416992188 549.7153930664062 1100.51708984375
431.9508972167969 1024.548095703125 649.0906372070312 1282.4901123046875
1016.179931640625 604.5521240234375 764.0477294921875 629.7020263671875
439.14678955078125 825.1405639648438 541.0697021484375 1117.637939453125
673.458984375 1215.605712890625 971.0383911132812 1266.239013671875
645.432861328125 1253.2001953125 980.9755859375 1333.2066650390625
1045.4969482421875 804.9552612304688 903.6945190429688 695.7445068359375
