102.18610382080078
115.9353256225586
118.72657775878906
121.77438354492188
130.19216918945312
130.96946716308594
141.548583984375
150.79788208007812
156.03524780273438
160.63623046875
160.9813690185547
162.47769165039062
164.81808471679688
166.93411254882812
177.2907257080078
177.84825134277344
178.20494079589844
183.21571350097656
185.63674926757812
185.96774291992188
186.04299926757812
186.5958251953125
188.92855834960938
193.39596557617188
194.45050048828125
201.1516876220703
213.28619384765625
215.7799835205078
221.3007049560547
224.76876831054688
230.1369171142578
232.42202758789062
234.92552185058594
235.78379821777344
243.1912841796875
244.47085571289062
256.2225646972656
260.2056884765625
264.30474853515625
