547.7268676757812 1136.010986328125 883.96240234375 914.1223754882812
578.59912109375 1065.0545654296875 778.8113403320312 980.818603515625
556.0890502929688 1159.6436767578125 898.7469482421875 869.603271484375
488.1295471191406 1047.7813720703125 878.5906372070312 1112.606689453125
469.47161865234375 1046.896240234375 908.511474609375 1144.238037109375
572.8139038085938 1160.6800537109375 875.0578002929688 855.20361328125
587.4196166992188 1020.591796875 735.1497192382812 1025.9327392578125
457.26708984375 1035.6070556640625 910.4490356445312 1178.1558837890625
610.6439819335938 1152.5347900390625 817.9625244140625 837.8067626953125
572.8139038085938 1160.6800537109375 875.0578002929688 855.20361328125
459.8287658691406 1014.5125732421875 887.4569091796875 1201.9798583984375
450.8941955566406 1026.0418701171875 914.3660278320312 1204.1435546875
446.1426086425781 1008.1880493164062 900.9976806640625 1232.789306640625
589.0073852539062 1053.8660888671875 756.8135986328125 981.0741577148438
596.86083984375 1043.6905517578125 741.0994873046875 989.4439697265625
578.59912109375 1065.0545654296875 778.8113403320312 980.818603515625
547.6385498046875 895.7062377929688 678.4525146484375 1206.18994140625
446.1426086425781 1008.1880493164062 900.9976806640625 1232.789306640625
