529.97314453125 919.7864379882812 866.799072265625 876.224609375
529.97314453125 919.7864379882812 866.799072265625 876.224609375
529.5293579101562 897.6654663085938 861.8659057617188 908.4094848632812
547.6385498046875 895.7062377929688 832.0658569335938 905.9427490234375
539.96337890625 909.2066650390625 849.1820678710938 888.2356567382812
528.7024536132812 839.370361328125 849.1808471679688 987.5777587890625
538.0067749023438 873.6807250976562 842.4694213867188 935.0859985351562
539.96337890625 909.2066650390625 849.1820678710938 888.2356567382812
483.1258850097656 910.402587890625 943.5194702148438 900.2374877929688
476.1500244140625 871.3720092773438 943.82275390625 959.6178588867188
538.0911254882812 885.6111450195312 844.3011474609375 924.0282592773438
442.3233947753906 843.1989135742188 1007.4988403320312 1019.4063720703125
611.1397094726562 1176.7589111328125 807.4454345703125 511.5567626953125
483.1258850097656 910.402587890625 943.5194702148438 900.2374877929688
547.6385498046875 895.7062377929688 832.0658569335938 905.9427490234375
584.6399536132812 1030.574951171875 810.1436767578125 715.030517578125
611.1397094726562 1176.7589111328125 807.4454345703125 511.5567626953125
595.5792236328125 1067.3583984375 802.88525390625 664.8139038085938
454.58489990234375 867.8977661132812 989.1866455078125 974.8660888671875
556.8939208984375 711.969482421875 781.4898071289062 1141.443603515625
546.0086059570312 702.259521484375 793.63671875 1159.531494140625
577.4119262695312 1051.3045654296875 825.66845703125 684.7982177734375
595.5792236328125 1067.3583984375 802.88525390625 664.8139038085938
896.98828125 1088.9345703125 524.5797119140625 679.7557983398438
457.9652404785156 740.4078369140625 941.6307373046875 1166.8143310546875
516.4156494140625 548.1212768554688 801.9227294921875 1371.1788330078125
516.4156494140625 548.1212768554688 801.9227294921875 1371.1788330078125
459.8287658691406 1014.5125732421875 1027.9990234375 726.9528198242188
456.1454162597656 1002.5724487304688 1029.924560546875 749.50244140625
633.9026489257812 560.8948974609375 669.4283447265625 1262.9305419921875
463.1490478515625 887.232177734375 977.7985229492188 939.7924194335938
454.58489990234375 867.8977661132812 989.1866455078125 974.8660888671875
454.58489990234375 867.8977661132812 989.1866455078125 974.8660888671875
499.0956726074219 590.42578125 838.9458618164062 1333.26953125
589.0073852539062 1053.8660888671875 810.2957763671875 685.206298828125
596.86083984375 1043.6905517578125 796.5922241210938 697.6112060546875
459.8287658691406 1014.5125732421875 1027.9990234375 726.9528198242188
808.1049194335938 539.9483032226562 528.7467651367188 1189.9698486328125
