73.7970199584961
96.46761322021484
100.82658386230469
102.79105377197266
107.21473693847656
108.63700866699219
109.08253479003906
124.97999572753906
127.26350402832031
132.55564880371094
147.48220825195312
149.9499969482422
151.01324462890625
155.4734649658203
156.15696716308594
156.5343475341797
163.45335388183594
165.2119903564453
165.98794555664062
167.833251953125
168.76907348632812
172.1046142578125
180.48268127441406
182.3458251953125
190.2682342529297
193.2795867919922
201.97276306152344
203.81854248046875
223.28904724121094
224.66641235351562
224.79324340820312
226.64288330078125
232.90341186523438
235.20204162597656
255.1470184326172
