274.4104919433594 691.7811279296875 454.2897033691406 1275.1287841796875
611.2876586914062 443.361328125 465.1618347167969 916.341796875
707.213134765625 1160.432861328125 1032.6160888671875 1161.4541015625
538.0911254882812 885.6111450195312 691.38916015625 1153.3614501953125
1029.70458984375 658.8155517578125 726.0065307617188 695.0445556640625
896.98828125 1088.9345703125 1032.1558837890625 926.6162719726562
355.8238525390625 740.1007690429688 515.87158203125 1232.8289794921875
682.5204467773438 1150.7281494140625 1008.2489013671875 1178.6419677734375
529.5293579101562 897.6654663085938 696.0120239257812 1168.1878662109375
475.6558837890625 713.9817504882812 552.0014038085938 1116.248291015625
599.8607788085938 1141.1217041015625 958.5647583007812 1268.9654541015625
558.2136840820312 1017.5554809570312 812.4656372070312 1218.61376953125
730.5989990234375 1164.052490234375 1046.9927978515625 1138.0462646484375
730.5989990234375 1164.052490234375 1046.9927978515625 1138.0462646484375
479.6488952636719 1025.840087890625 783.8953247070312 1307.33740234375
547.6385498046875 895.7062377929688 703.9933471679688 1150.3082275390625
538.0911254882812 885.6111450195312 691.38916015625 1153.3614501953125
740.9523315429688 1077.60546875 954.3408203125 1071.0079345703125
556.0890502929688 1159.6436767578125 962.076904296875 1333.3948974609375
426.68292236328125 869.518798828125 630.5916137695312 1248.65283203125
429.7781982421875 868.5826416015625 631.3926391601562 1244.7376708984375
656.333251953125 345.8271484375 441.1478576660156 860.1990356445312
510.44891357421875 614.0620727539062 509.0687561035156 1044.7076416015625
446.1515808105469 845.7716674804688 622.1015625 1216.123291015625
469.000732421875 726.4646606445312 555.5401611328125 1128.0634765625
516.4156494140625 548.1212768554688 479.644287109375 1013.4096069335938
516.4156494140625 548.1212768554688 479.644287109375 1013.4096069335938
928.6405639648438 1061.647705078125 1015.6563720703125 885.4103393554688
433.9208679199219 980.4818725585938 721.1333618164062 1322.0465087890625
437.2140197753906 900.2489624023438 659.3751220703125 1259.24365234375
601.363525390625 1198.8436279296875 1030.7762451171875 1314.1497802734375
457.38299560546875 705.2801513671875 537.5421142578125 1126.8505859375
454.58489990234375 867.8977661132812 642.1477661132812 1221.3511962890625
555.9967041015625 703.836669921875 577.0222778320312 1047.7076416015625
595.5792236328125 1067.3583984375 878.94140625 1214.4129638671875
469.47161865234375 1046.896240234375 799.510009765625 1332.671875
537.6084594726562 728.4305419921875 584.4493408203125 1073.8668212890625
577.4119262695312 1051.3045654296875 853.9109497070312 1221.8870849609375
479.6488952636719 1025.840087890625 783.8953247070312 1307.33740234375
476.1500244140625 871.3720092773438 654.8445434570312 1202.8499755859375
585.1188354492188 1173.3829345703125 993.5817260742188 1313.448486328125
538.0067749023438 873.6807250976562 683.5291748046875 1147.2545166015625
451.90545654296875 739.4928588867188 555.934326171875 1148.6307373046875
514.2069091796875 600.7877807617188 504.5242614746094 1038.3665771484375
678.5463256835938 388.29736328125 466.4991149902344 856.9743041992188
367.886474609375 872.2530517578125 608.0823364257812 1307.533203125
458.02630615234375 715.965087890625 544.69287109375 1132.240966796875
458.02630615234375 715.965087890625 544.69287109375 1132.240966796875
459.8287658691406 1014.5125732421875 763.8540649414062 1319.6954345703125
489.4135437011719 617.44775390625 502.65447998046875 1061.69873046875
530.7250366210938 570.8129272460938 495.669189453125 1013.2135620117188
601.5680541992188 1165.2918701171875 986.385009765625 1281.8544921875
455.1234436035156 891.6998291015625 658.6893310546875 1234.7188720703125
499.0956726074219 590.42578125 494.65692138671875 1044.5623779296875
531.1137084960938 594.8809204101562 508.2825012207031 1022.3274536132812
348.4089660644531 889.0048828125 609.1810302734375 1339.130126953125
348.4089660644531 889.0048828125 609.1810302734375 1339.130126953125
557.7425537109375 907.6156005859375 717.9059448242188 1147.8531494140625
1030.6851806640625 438.2162170410156 604.3137817382812 657.0645751953125
572.8139038085938 1160.6800537109375 970.1298828125 1313.603759765625
555.9967041015625 703.836669921875 577.0222778320312 1047.7076416015625
521.5108642578125 598.8240966796875 506.3398742675781 1029.686767578125
810.6288452148438 388.774658203125 509.7829284667969 779.0551147460938
532.0157470703125 583.6768188476562 502.7328186035156 1016.4562377929688
536.0339965820312 752.6109008789062 599.135009765625 1085.7554931640625
547.6385498046875 895.7062377929688 703.9933471679688 1150.3082275390625
312.91961669921875 875.32861328125 580.7355346679688 1363.68505859375
444.2127380371094 866.7344360351562 637.7643432617188 1230.8409423828125
446.5750427246094 888.201416015625 653.32666015625 1242.103271484375
457.9652404785156 740.4078369140625 559.7373046875 1143.213134765625
519.10498046875 572.7030029296875 492.5165710449219 1021.3966674804688
589.0073852539062 1053.8660888671875 860.9715576171875 1211.35205078125
911.2747802734375 1074.6177978515625 1022.3755493164062 906.409912109375
361.71917724609375 780.57421875 542.1791381835938 1250.8270263671875
656.7069091796875 392.4048156738281 459.8938293457031 872.6732177734375
432.0273742675781 741.6926879882812 548.636474609375 1167.4351806640625
654.0822143554688 380.5303955078125 454.65478515625 869.9857177734375
335.31396484375 895.53662109375 608.0534057617188 1355.6976318359375
362.8714294433594 895.50341796875 620.0035400390625 1328.6033935546875
360.3119201660156 1024.45703125 725.3731689453125 1438.614013671875
454.4721984863281 855.2557983398438 632.4647827148438 1215.2921142578125
350.5016174316406 1002.1187744140625 700.0150756835938 1429.0067138671875
454.4721984863281 855.2557983398438 632.4647827148438 1215.2921142578125
837.2026977539062 320.3760681152344 488.6685485839844 749.2195434570312
576.3106689453125 1040.048583984375 845.7743530273438 1213.445556640625
350.5016174316406 1002.1187744140625 700.0150756835938 1429.0067138671875
667.427490234375 359.23138427734375 450.2138977050781 856.6914672851562
330.1141662597656 765.5867309570312 519.4711303710938 1270.9688720703125
441.2872619628906 891.695068359375 657.7958374023438 1248.77294921875
873.6434936523438 1050.6373291015625 982.3909912109375 932.1905517578125
897.9443359375 1046.3629150390625 986.9607543945312 906.298095703125
