137.8767547607422
141.47438049316406
152.26292419433594
155.1966552734375
156.04486083984375
156.98406982421875
158.56228637695312
164.93028259277344
166.6163330078125
167.21542358398438
169.51991271972656
178.52450561523438
184.6131134033203
189.52572631835938
198.24984741210938
198.4817352294922
201.86134338378906
203.5460662841797
207.2679443359375
207.44638061523438
208.0360565185547
208.58810424804688
211.5088653564453
215.16273498535156
217.37295532226562
218.2017364501953
218.4353485107422
219.89088439941406
223.3002471923828
224.79324340820312
227.7871856689453
229.10260009765625
233.91452026367188
234.1730194091797
237.76248168945312
244.67529296875
245.2325439453125
