523.976318359375 1107.1136474609375 443.844970703125 913.5770874023438
651.0276489257812 1153.177978515625 523.7338256835938 1031.1156005859375
514.4763793945312 1092.02490234375 444.6139221191406 894.9185180664062
520.12841796875 820.7882080078125 622.0755615234375 660.1533203125
526.4984741210938 869.6036376953125 594.2744750976562 711.0863647460938
521.7925415039062 797.97021484375 640.5048217773438 639.135986328125
575.0640869140625 1177.9219970703125 449.13409423828125 1000.8492431640625
521.8740234375 977.2886962890625 520.094482421875 804.35205078125
526.964599609375 845.7630004882812 610.8212890625 689.2972412109375
597.2513427734375 660.2155151367188 811.4413452148438 560.129150390625
540.3526000976562 1164.63037109375 425.4642333984375 968.2407836914062
522.0925903320312 1150.868408203125 417.5421142578125 946.4291381835938
526.4984741210938 869.6036376953125 594.2744750976562 711.0863647460938
552.5308227539062 1003.3475952148438 530.640625 847.84375
558.8424682617188 1165.242431640625 441.940673828125 981.56494140625
516.0802612304688 879.4114379882812 578.4552612304688 712.7631225585938
565.1095581054688 1123.5538330078125 469.2477722167969 953.1998291015625
551.4295654296875 1110.5125732421875 466.39697265625 935.1532592773438
562.8515625 1144.009033203125 456.12310791015625 967.4798583984375
418.9643859863281 816.7343139648438 532.1323852539062 574.5484008789062
548.2218017578125 1132.044677734375 451.4024353027344 949.9322509765625
551.0741577148438 1143.5738525390625 446.7967529296875 960.11083984375
845.5813598632812 1194.76611328125 651.528564453125 1178.1112060546875
664.8898315429688 1199.2747802734375 508.8165283203125 1073.1490478515625
435.24810791015625 953.8394775390625 457.8251037597656 719.61181640625
401.70684814453125 939.3528442382812 436.966064453125 681.4896850585938
688.865478515625 1174.5474853515625 539.5744018554688 1069.9625244140625
550.8780517578125 1026.0543212890625 515.59619140625 864.96875
419.3709411621094 663.4190063476562 641.0455932617188 412.9300231933594
517.8868408203125 1160.623779296875 409.73583984375 951.1527099609375
540.3526000976562 1164.63037109375 425.4642333984375 968.2407836914062
512.56640625 574.0305786132812 799.6478271484375 393.5093994140625
455.593505859375 990.6050415039062 454.5014953613281 767.8096923828125
455.593505859375 990.6050415039062 454.5014953613281 767.8096923828125
806.1401977539062 1162.5262451171875 639.6619262695312 1132.6146240234375
527.8299560546875 1013.39404296875 504.149169921875 839.2409057617188
447.5245056152344 943.1561279296875 476.80389404296875 719.2868041992188
415.9219970703125 941.6666259765625 448.4578552246094 693.6513061523438
327.1230773925781 942.4278564453125 365.6016845703125 625.7013549804688
406.5280456542969 827.74609375 513.1666259765625 576.535400390625
568.0849609375 1030.927734375 527.6635131835938 882.2996215820312
568.0849609375 1030.927734375 527.6635131835938 882.2996215820312
319.5342712402344 854.2371826171875 411.3805236816406 530.99951171875
673.314453125 646.2515869140625 892.2376098632812 610.008056640625
540.2642211914062 685.6705322265625 739.6741943359375 540.4685668945312
457.0023193359375 847.3452758789062 546.011474609375 636.2600708007812
465.80242919921875 924.6033325195312 504.448974609375 716.0013427734375
345.43536376953125 979.1535034179688 360.652099609375 674.80126953125
514.4763793945312 1092.02490234375 444.6139221191406 894.9185180664062
831.6229858398438 1191.49560546875 643.051025390625 1167.0213623046875
532.0823974609375 821.7599487304688 632.4701538085938 670.5161743164062
665.22412109375 552.4138793945312 961.1734008789062 505.8774108886719
702.818603515625 1128.4583740234375 578.2523803710938 1046.2447509765625
708.5557250976562 1189.87890625 548.6143188476562 1093.3472900390625
430.9366760253906 686.8297729492188 635.5750732421875 447.8775634765625
677.5801391601562 533.9238891601562 987.3636474609375 496.05267333984375
354.9824523925781 718.3250732421875 537.830078125 416.3456115722656
642.5634155273438 1163.4654541015625 509.89202880859375 1032.6470947265625
414.73236083984375 839.9248046875 512.6117553710938 594.7191772460938
562.8516235351562 984.7527465820312 551.816650390625 840.1151123046875
427.0852355957031 976.4940185546875 437.17388916015625 734.9818725585938
433.97662353515625 924.82421875 475.9499816894531 691.8780517578125
414.73236083984375 839.9248046875 512.6117553710938 594.7191772460938
408.9619140625 951.5035400390625 435.91162109375 697.8883666992188
564.1100463867188 1101.268798828125 481.5756530761719 935.9164428710938
462.8089294433594 1001.705322265625 454.02862548828125 783.2078247070312
413.7111511230469 929.666015625 452.71600341796875 680.0706176757812
423.70098876953125 958.2931518554688 445.2472229003906 715.4314575195312
427.8844299316406 841.9942626953125 523.7855834960938 607.4558715820312
418.1029052734375 712.0384521484375 604.5433349609375 465.0441589355469
520.79931640625 1115.6048583984375 437.4832458496094 918.1952514648438
297.5847473144531 810.5900268554688 420.3342590332031 468.33685302734375
582.7786254882812 1126.7303466796875 483.2568359375 968.5747680664062
320.2956237792969 820.82177734375 434.3301696777344 497.3542175292969
644.4398803710938 495.88043212890625 991.5159301757812 425.75469970703125
817.2805786132812 1174.6488037109375 642.0751953125 1148.0894775390625
538.1114501953125 1118.0111083984375 448.2388916015625 929.7550048828125
575.3761596679688 653.0531005859375 797.7239990234375 535.335205078125
505.73211669921875 521.5668334960938 839.7717895507812 328.22271728515625
689.6503295898438 1134.64794921875 565.3380737304688 1041.9674072265625
522.8251953125 954.768798828125 535.4703979492188 785.5418701171875
423.70098876953125 958.2931518554688 445.2472229003906 715.4314575195312
347.8360595703125 835.9653930664062 452.0115051269531 535.5368041992188
460.1251220703125 639.853515625 700.5181274414062 420.8939514160156
300.9647521972656 929.7489624023438 348.2976989746094 592.8997802734375
503.1011657714844 509.6128845214844 847.2630004882812 309.1172180175781
560.1184692382812 993.5984497070312 543.2627563476562 845.422119140625
513.1919555664062 536.3416748046875 835.1797485351562 349.4585876464844
549.9253540039062 673.43310546875 756.2095947265625 534.0369873046875
449.7545471191406 663.5108032226562 671.4047241210938 438.176513671875
699.0709838867188 1159.711181640625 558.452392578125 1063.743896484375
349.05487060546875 852.8615112304688 442.3306579589844 554.70458984375
323.7480163574219 710.7615356445312 512.1880493164062 378.92803955078125
718.1817626953125 1167.5706787109375 569.4436645507812 1083.7440185546875
449.3487854003906 674.6005249023438 662.6607055664062 449.33795166015625
520.79931640625 1115.6048583984375 437.4832458496094 918.1952514648438
501.072509765625 563.9338989257812 798.4119262695312 373.218994140625
304.1385803222656 919.8279418945312 357.0169677734375 585.6593627929688
472.62274169921875 785.718017578125 603.0714111328125 586.1290283203125
517.6682739257812 495.8078308105469 876.0701293945312 308.9329833984375
339.76763916015625 712.5703735351562 527.8106689453125 395.53472900390625
560.1184692382812 993.5984497070312 543.2627563476562 845.422119140625
333.6405029296875 828.4725341796875 443.5367431640625 516.0460815429688
478.1473693847656 663.4207153320312 697.552490234375 461.6315612792969
721.6405029296875 657.898681640625 923.3036499023438 660.1055908203125
303.2802734375 822.455810546875 417.51483154296875 484.5479431152344
525.5335083007812 1029.726806640625 491.1317443847656 850.9013671875
536.5596923828125 710.543212890625 717.1294555664062 562.7615356445312
431.96600341796875 827.1443481445312 535.590087890625 595.807861328125
544.4873046875 869.9600219726562 609.9630737304688 725.2962646484375
348.16162109375 699.4241333007812 544.9141235351562 388.38232421875
309.3155517578125 950.2239990234375 344.48419189453125 618.6067504882812
339.76763916015625 712.5703735351562 527.8106689453125 395.53472900390625
539.7031860351562 390.9992980957031 989.8421020507812 198.6385040283203
300.6573791503906 960.617431640625 330.021484375 622.48681640625
535.2421264648438 534.11279296875 856.7598876953125 368.9544677734375
792.61962890625 1182.5682373046875 617.9692993164062 1136.34033203125
351.65557861328125 676.4970703125 565.54052734375 364.5614013671875
437.3967590332031 795.56494140625 562.43603515625 568.07763671875
415.68658447265625 807.5496826171875 533.9299926757812 562.0354614257812
329.859375 846.4523315429688 428.2782287597656 531.681884765625
346.859130859375 920.0236206054688 398.4083557128906 619.2618408203125
465.4313049316406 825.0027465820312 569.5553588867188 621.1312866210938
333.5002136230469 932.206298828125 378.51177978515625 622.5991821289062
409.3673400878906 972.872802734375 422.0445251464844 717.8125610351562
342.84942626953125 683.98681640625 552.4030151367188 364.2895202636719
525.8193359375 523.1708984375 860.1439819335938 348.0495300292969
306.1278381347656 798.2881469726562 436.2157287597656 461.917236328125
859.72998046875 1183.5716552734375 668.4296875 1177.8355712890625
306.1278381347656 798.2881469726562 436.2157287597656 461.917236328125
459.3756103515625 675.702880859375 671.0242919921875 460.4303283691406
449.7545471191406 663.5108032226562 671.4047241210938 438.176513671875
413.5693359375 790.18017578125 545.28564453125 543.1092529296875
544.4873046875 869.9600219726562 609.9630737304688 725.2962646484375
709.0703735351562 660.6639404296875 909.3211669921875 651.6465454101562
427.8844299316406 841.9942626953125 523.7855834960938 607.4558715820312
517.6682739257812 495.8078308105469 876.0701293945312 308.9329833984375
660.9615478515625 1164.4241943359375 524.4198608398438 1045.385986328125
449.3487854003906 674.6005249023438 662.6607055664062 449.33795166015625
534.850830078125 978.5877075195312 531.4182739257812 815.3899536132812
706.5499877929688 670.8536987304688 899.8484497070312 660.384521484375
415.68658447265625 807.5496826171875 533.9299926757812 562.0354614257812
571.3101196289062 1007.2152709960938 544.4088134765625 865.0296020507812
318.3605651855469 783.7640380859375 459.53729248046875 455.81488037109375
534.9046630859375 857.494140625 609.8484497070312 706.4630126953125
434.2510681152344 643.9915161132812 673.1362915039062 402.02099609375
422.4371032714844 803.3759155273438 544.2196655273438 564.1762084960938
475.8730163574219 690.7191772460938 675.9965209960938 489.4229736328125
425.7237548828125 796.4525756835938 551.1373291015625 559.4640502929688
527.8751220703125 834.079345703125 619.7753295898438 678.6260986328125
575.5975341796875 1111.1669921875 485.18023681640625 953.570556640625
571.3101196289062 1007.2152709960938 544.4088134765625 865.0296020507812
790.1548461914062 1208.3780517578125 600.6582641601562 1152.2958984375
709.0703735351562 660.6639404296875 909.3211669921875 651.6465454101562
326.0948791503906 962.7896728515625 351.6924133300781 643.9880981445312
306.13720703125 598.0580444335938 580.8701782226562 227.05166625976562
413.134521484375 681.8956909179688 622.1995849609375 427.06463623046875
434.3515625 851.8253784179688 522.5101318359375 621.8441162109375
346.2900390625 942.3392944335938 383.0672607421875 641.1143798828125
353.4320373535156 703.6151123046875 547.845947265625 397.0675354003906
314.5368347167969 930.0029907226562 361.18743896484375 603.9930419921875
691.9283447265625 1152.6170654296875 556.8994140625 1056.4833984375
566.7954711914062 679.7833251953125 767.0132446289062 556.028564453125
544.54736328125 1141.3433837890625 442.4980773925781 954.4527587890625
442.2829284667969 842.920166015625 535.8568115234375 620.559326171875
817.2805786132812 1174.6488037109375 642.0751953125 1148.0894775390625
566.7954711914062 679.7833251953125 767.0132446289062 556.028564453125
684.6571044921875 1197.5501708984375 525.05078125 1083.725341796875
550.8780517578125 1026.0543212890625 515.59619140625 864.96875
327.1230773925781 942.4278564453125 365.6016845703125 625.7013549804688
831.4653930664062 1166.2115478515625 657.8692626953125 1150.808837890625
443.8963928222656 818.9388427734375 553.4160766601562 597.2843627929688
568.3609619140625 365.8331604003906 1041.2904052734375 194.47232055664062
540.2642211914062 685.6705322265625 739.6741943359375 540.4685668945312
437.1001892089844 966.188232421875 452.24566650390625 732.62744140625
513.8903198242188 332.9176025390625 1022.5277099609375 99.55889129638672
869.17138671875 1228.1817626953125 649.637451171875 1210.6380615234375
584.2708740234375 674.1854858398438 788.205078125 565.8150634765625
491.3052978515625 984.58740234375 487.8278503417969 791.6292724609375
305.1165771484375 974.245849609375 327.2144775390625 639.6868286132812
534.3446655273438 994.1364135742188 519.33642578125 829.8088989257812
455.9848327636719 979.2850341796875 460.5944519042969 759.3093872070312
545.3399658203125 545.2931518554688 859.7415771484375 391.7818908691406
422.4371032714844 803.3759155273438 544.2196655273438 564.1762084960938
325.8512268066406 974.4038696289062 345.2568359375 655.2671508789062
706.5499877929688 670.8536987304688 899.8484497070312 660.384521484375
584.2708740234375 674.1854858398438 788.205078125 565.8150634765625
327.1230773925781 942.4278564453125 365.6016845703125 625.7013549804688
540.6055908203125 1118.3668212890625 453.680908203125 935.1533813476562
558.3546752929688 859.3828125 629.582763671875 725.8565673828125
545.3399658203125 545.2931518554688 859.7415771484375 391.7818908691406
555.2308349609375 1068.3372802734375 493.88470458984375 904.1239013671875
350.7103576660156 653.0584716796875 583.8004150390625 336.6895446777344
550.0836791992188 848.4397583007812 629.6953735351562 709.2263793945312
460.1889953613281 663.4228515625 681.1618041992188 447.2997741699219
555.2308349609375 1068.3372802734375 493.88470458984375 904.1239013671875
539.7031860351562 390.9992980957031 989.8421020507812 198.6385040283203
547.0436401367188 724.2357177734375 716.38330078125 585.231689453125
593.46875 597.8104248046875 856.9373779296875 493.6999816894531
522.9232788085938 344.65673828125 1017.6303100585938 122.20330047607422
455.9848327636719 979.2850341796875 460.5944519042969 759.3093872070312
528.100830078125 549.0880126953125 836.7667846679688 380.963134765625
693.6388549804688 673.264892578125 886.08544921875 653.8884887695312
593.46875 597.8104248046875 856.9373779296875 493.6999816894531
547.6489868164062 533.4437866210938 869.7717895507812 379.532470703125
539.7031860351562 390.9992980957031 989.8421020507812 198.6385040283203
430.1730651855469 700.8359985351562 626.4117431640625 463.7980041503906
522.9818725585938 360.2120056152344 1004.787353515625 142.75735473632812
508.3851623535156 917.718994140625 546.78173828125 741.7301025390625
814.9564819335938 1200.2086181640625 624.9517822265625 1163.762939453125
593.46875 597.8104248046875 856.9373779296875 493.6999816894531
458.21630859375 688.803955078125 658.7456665039062 471.9559326171875
312.7318420410156 940.4112548828125 351.7547302246094 610.54150390625
553.6558227539062 923.1851196289062 586.3847045898438 781.883056640625
333.2475280761719 701.1866455078125 529.9676513671875 377.022705078125
434.4817810058594 961.1902465820312 452.2628173828125 724.2815551757812
553.6558227539062 923.1851196289062 586.3847045898438 781.883056640625
429.0798034667969 675.7371826171875 640.816162109375 433.9134216308594
693.6388549804688 673.264892578125 886.08544921875 653.8884887695312
310.1163635253906 678.48974609375 523.244873046875 329.9631042480469
535.2421264648438 534.11279296875 856.7598876953125 368.9544677734375
551.5889892578125 1013.4583740234375 522.6351928710938 856.0301513671875
435.77764892578125 808.811767578125 552.3402099609375 579.2057495117188
859.72998046875 1183.5716552734375 668.4296875 1177.8355712890625
561.2286987304688 705.0933837890625 743.5657958984375 575.622314453125
313.09600830078125 813.58056640625 433.0441589355469 483.9781494140625
333.2475280761719 701.1866455078125 529.9676513671875 377.022705078125
813.639404296875 1213.3084716796875 616.29248046875 1171.58447265625
551.1856689453125 828.6441040039062 644.769287109375 692.3078002929688
828.8531494140625 1204.0770263671875 633.1242065429688 1174.57421875
