526.964599609375 845.7630004882812 758.50732421875 655.7714233398438
527.8751220703125 834.079345703125 769.9337158203125 647.5401000976562
526.964599609375 845.7630004882812 758.50732421875 655.7714233398438
526.4984741210938 869.6036376953125 735.3623046875 673.7149658203125
575.0640869140625 1177.9219970703125 526.3406372070312 920.6017456054688
516.0802612304688 879.4114379882812 718.9417724609375 671.1571044921875
526.4984741210938 869.6036376953125 735.3623046875 673.7149658203125
406.5280456542969 827.74609375 687.0675048828125 514.1743774414062
597.2513427734375 660.2155151367188 1003.9569702148438 570.8247680664062
521.8740234375 977.2886962890625 637.0986328125 750.5147094726562
523.976318359375 1107.1136474609375 539.2940063476562 837.2550659179688
560.1184692382812 993.5984497070312 651.1554565429688 796.3182983398438
444.4399108886719 998.6951904296875 568.7244873046875 692.0699462890625
455.593505859375 990.6050415039062 583.848876953125 696.5056762695312
437.1001892089844 966.188232421875 589.2007446289062 661.3994750976562
520.79931640625 1115.6048583984375 532.7237548828125 839.8455810546875
534.9046630859375 857.494140625 753.9147338867188 673.1236572265625
401.70684814453125 939.3528442382812 584.5169067382812 605.4996337890625
305.79144287109375 699.4417114257812 740.6932983398438 263.0768127441406
418.1029052734375 712.0384521484375 813.9384155273438 415.11822509765625
522.0925903320312 1150.868408203125 507.5589599609375 862.0155029296875
455.9848327636719 979.2850341796875 591.1091918945312 690.2798461914062
551.0741577148438 1143.5738525390625 532.7677612304688 881.7972412109375
453.7320251464844 933.9658203125 627.4791870117188 652.177490234375
549.9253540039062 673.43310546875 953.7944946289062 529.81396484375
584.2708740234375 674.1854858398438 978.2321166992188 569.9319458007812
550.8780517578125 1026.0543212890625 619.2503051757812 808.7462768554688
347.8360595703125 835.9653930664062 637.4713745117188 455.5679626464844
651.0276489257812 1153.177978515625 589.6382446289062 967.2120971679688
568.0849609375 1030.927734375 627.1719360351562 827.7948608398438
540.2642211914062 685.6705322265625 933.3060913085938 530.9227905273438
1007.2103881835938 1234.90087890625 740.0589599609375 1257.4378662109375
434.3515625 851.8253784179688 686.060546875 564.2616577148438
442.2829284667969 842.920166015625 701.5640869140625 565.166259765625
584.0599365234375 1104.4912109375 581.9900512695312 888.5228271484375
465.80242919921875 924.6033325195312 645.0314331054688 658.9061889648438
1007.2103881835938 1234.90087890625 740.0589599609375 1257.4378662109375
584.2708740234375 674.1854858398438 978.2321166992188 569.9319458007812
455.593505859375 990.6050415039062 583.848876953125 696.5056762695312
294.66473388671875 938.8529663085938 505.10107421875 493.41290283203125
517.8868408203125 1160.623779296875 499.9363708496094 864.0347290039062
433.1995544433594 943.3005981445312 605.0958862304688 639.1618041992188
875.3140258789062 1210.621826171875 681.81396484375 1159.9969482421875
475.8730163574219 690.7191772460938 882.456298828125 459.9613952636719
548.2218017578125 1132.044677734375 539.0505981445312 873.7946166992188
562.8516235351562 984.7527465820312 661.5806274414062 794.0029907226562
536.7152099609375 1024.225341796875 611.62451171875 797.8856811523438
551.4295654296875 1110.5125732421875 556.5153198242188 863.540283203125
540.3526000976562 1164.63037109375 510.5614013671875 884.5159912109375
304.1929016113281 788.4202270507812 648.1092529296875 358.7247314453125
525.5335083007812 1029.726806640625 598.8739624023438 788.214599609375
855.5772094726562 1229.162841796875 658.4866943359375 1151.868896484375
799.9688720703125 1197.15771484375 648.408935546875 1099.9019775390625
534.850830078125 978.5877075195312 646.9107055664062 763.516357421875
338.1106872558594 952.62060546875 529.198486328125 550.3843383789062
551.0741577148438 1143.5738525390625 532.7677612304688 881.7972412109375
455.9848327636719 979.2850341796875 591.1091918945312 690.2798461914062
517.8868408203125 1160.623779296875 499.9363708496094 864.0347290039062
664.8898315429688 1199.2747802734375 566.4356689453125 1001.5035400390625
304.1929016113281 788.4202270507812 648.1092529296875 358.7247314453125
303.2802734375 822.455810546875 615.1476440429688 391.95208740234375
544.4873046875 869.9600219726562 748.2348022460938 692.5425415039062
981.400146484375 1184.0421142578125 762.1198120117188 1220.3133544921875
327.1230773925781 942.4278564453125 528.5426025390625 530.38525390625
346.0484313964844 957.4300537109375 531.3048706054688 561.974365234375
345.43536376953125 979.1535034179688 513.801025390625 580.1235961914062
568.0849609375 1030.927734375 627.1719360351562 827.7948608398438
562.8515625 1144.009033203125 540.4462280273438 890.0946655273438
451.7711181640625 687.1370849609375 866.181396484375 428.4538269042969
551.3069458007812 659.4471435546875 971.2504272460938 518.7333984375
297.5847473144531 810.5900268554688 620.122802734375 375.1083679199219
688.865478515625 1174.5474853515625 595.6102905273438 1006.7293701171875
550.8780517578125 1026.0543212890625 619.2503051757812 808.7462768554688
300.6573791503906 960.617431640625 494.3106994628906 518.0617065429688
447.5245056152344 943.1561279296875 614.9737548828125 653.2955932617188
708.5557250976562 1189.87890625 599.6298217773438 1030.645751953125
427.0852355957031 976.4940185546875 575.2697143554688 658.7227172851562
817.2805786132812 1174.6488037109375 674.5330200195312 1102.2822265625
544.4873046875 869.9600219726562 748.2348022460938 692.5425415039062
596.6602783203125 671.28271484375 988.0394287109375 582.0948486328125
660.9615478515625 1164.4241943359375 586.959716796875 980.670654296875
870.9266357421875 1181.614013671875 700.8222045898438 1143.9256591796875
431.96600341796875 827.1443481445312 707.3701782226562 538.7990112304688
575.3761596679688 653.0531005859375 997.4334106445312 541.2800903320312
563.643310546875 1017.364501953125 634.4288330078125 812.5177001953125
413.134521484375 681.8956909179688 841.9337768554688 379.4840087890625
870.9266357421875 1181.614013671875 700.8222045898438 1143.9256591796875
522.8251953125 954.768798828125 657.0122680664062 735.2154541015625
792.61962890625 1182.5682373046875 654.1058959960938 1086.00048828125
859.72998046875 1183.5716552734375 692.0993041992188 1135.0140380859375
430.1730651855469 700.8359985351562 836.1138305664062 418.12127685546875
327.1230773925781 942.4278564453125 528.5426025390625 530.38525390625
303.2802734375 822.455810546875 615.1476440429688 391.95208740234375
565.1095581054688 1123.5538330078125 554.574462890625 881.4229736328125
419.3709411621094 663.4190063476562 868.4603881835938 366.1845397949219
564.1100463867188 1101.268798828125 570.61865234375 868.7462158203125
1040.9442138671875 1241.59228515625 752.713134765625 1280.6995849609375
405.526611328125 988.6214599609375 548.3075561523438 646.9049682617188
571.3101196289062 1007.2152709960938 647.6932373046875 815.4315795898438
314.81182861328125 702.2763061523438 745.4216918945312 276.9138488769531
408.9619140625 951.5035400390625 581.084716796875 622.0668334960938
310.1163635253906 678.48974609375 767.0846557617188 243.76890563964844
427.8844299316406 841.9942626953125 691.9349975585938 549.1345825195312
430.9366760253906 686.8297729492188 850.7279052734375 404.3349609375
349.05487060546875 852.8615112304688 623.906005859375 473.9768981933594
315.19720458984375 644.737060546875 812.1051635742188 214.01097106933594
306.1278381347656 798.2881469726562 639.8961791992188 369.3356628417969
310.1163635253906 678.48974609375 767.0846557617188 243.76890563964844
465.4313049316406 825.0027465820312 735.3596801757812 574.3382568359375
547.0436401367188 724.2357177734375 896.2333374023438 573.2262573242188
520.79931640625 1115.6048583984375 532.7237548828125 839.8455810546875
350.6213073730469 805.0733642578125 669.3617553710938 427.37884521484375
825.9622802734375 1229.9881591796875 641.0172119140625 1132.221435546875
327.1230773925781 942.4278564453125 528.5426025390625 530.38525390625
351.65557861328125 676.4970703125 801.3550415039062 294.0277404785156
457.0023193359375 847.3452758789062 706.5725708007812 585.091064453125
324.8414001464844 653.4163818359375 806.8707885742188 233.68380737304688
342.84942626953125 683.98681640625 788.1490478515625 289.9823303222656
318.3605651855469 783.7640380859375 665.202880859375 371.90472412109375
336.9791259765625 801.33642578125 662.1918334960938 409.1802978515625
446.5186462402344 806.52587890625 737.8807373046875 535.7498779296875
418.9643859863281 816.7343139648438 712.0047607421875 516.7780151367188
299.6338806152344 667.175537109375 769.0209350585938 218.95606994628906
708.5557250976562 1189.87890625 599.6298217773438 1030.645751953125
427.8844299316406 841.9942626953125 691.9349975585938 549.1345825195312
313.80499267578125 665.5286865234375 785.0000610351562 232.47373962402344
433.14385986328125 816.7196044921875 718.9152221679688 533.183837890625
323.7480163574219 710.7615356445312 740.7129516601562 294.5908508300781
333.5002136230469 932.206298828125 542.718017578125 530.8712768554688
859.72998046875 1183.5716552734375 692.0993041992188 1135.0140380859375
491.3052978515625 984.58740234375 609.8148803710938 729.6619262695312
540.2642211914062 685.6705322265625 933.3060913085938 530.9227905273438
313.09600830078125 813.58056640625 631.5480346679688 393.44781494140625
299.0921630859375 689.3961181640625 744.4125366210938 244.8270263671875
314.81182861328125 702.2763061523438 745.4216918945312 276.9138488769531
414.73236083984375 839.9248046875 683.5911254882812 533.4857788085938
501.072509765625 563.9338989257812 1050.55908203125 359.7296447753906
430.1351318359375 892.8502197265625 646.5805053710938 594.3224487304688
305.1165771484375 974.245849609375 488.62359619140625 535.8096313476562
566.7954711914062 679.7833251953125 957.4763793945312 554.9132080078125
845.5813598632812 1194.76611328125 676.8736572265625 1130.6500244140625
996.7396240234375 1202.332763671875 757.8179931640625 1236.2606201171875
551.5889892578125 1013.4583740234375 628.8260498046875 801.5053100585938
551.5889892578125 1013.4583740234375 628.8260498046875 801.5053100585938
1015.058837890625 1166.27197265625 793.081298828125 1235.722412109375
430.9366760253906 686.8297729492188 850.7279052734375 404.3349609375
329.859375 846.4523315429688 614.0862426757812 445.33197021484375
582.0054321289062 689.9706420898438 959.095947265625 579.8533935546875
350.7103576660156 653.0584716796875 830.22412109375 266.2353820800781
650.39306640625 1183.770751953125 565.87109375 982.6653442382812
429.0798034667969 675.7371826171875 861.8643798828125 390.3307800292969
508.3851623535156 917.718994140625 680.1619873046875 696.0216674804688
429.39569091796875 664.3681640625 875.6095581054688 379.2331237792969
339.76763916015625 712.5703735351562 755.4927368164062 319.1689758300781
326.0948791503906 962.7896728515625 511.7952575683594 548.7545776367188
325.8512268066406 974.4038696289062 501.9523010253906 556.4241943359375
571.3101196289062 1007.2152709960938 647.6932373046875 815.4315795898438
325.8512268066406 974.4038696289062 501.9523010253906 556.4241943359375
540.6055908203125 1118.3668212890625 544.6402587890625 861.04931640625
458.21630859375 688.803955078125 869.502197265625 437.5359802246094
550.0836791992188 848.4397583007812 771.5177612304688 681.4194946289062
435.24810791015625 953.8394775390625 595.4566040039062 647.6932983398438
459.3756103515625 675.702880859375 885.7650756835938 426.7878723144531
568.3667602539062 994.289794921875 657.4835205078125 804.5526123046875
544.54736328125 1141.3433837890625 530.4686889648438 875.3511962890625
558.013916015625 724.194091796875 904.0908813476562 585.1392822265625
443.8963928222656 818.9388427734375 724.5408935546875 545.6373901367188
1048.749267578125 1200.90673828125 784.0546875 1269.9232177734375
319.9998779296875 952.0030517578125 514.7412719726562 530.480712890625
386.4494934082031 751.9497680664062 747.9132690429688 422.11602783203125
434.4817810058594 961.1902465820312 591.1083374023438 653.9019775390625
570.7195434570312 712.6134643554688 925.8475952148438 587.7035522460938
997.501953125 1175.577392578125 777.586669921875 1227.1551513671875
312.7318420410156 940.4112548828125 518.1602172851562 510.4728698730469
561.2286987304688 705.0933837890625 927.3555297851562 569.8325805664062
