346.2900390625 942.3392944335938 329.1726989746094 793.4647827148438
270.0683898925781 614.1981201171875 338.1553649902344 414.4547424316406
348.3601379394531 813.65673828125 364.8094482421875 662.19677734375
348.16162109375 699.4241333007812 395.79150390625 539.8273315429688
534.3446655273438 994.1364135742188 500.50213623046875 907.814453125
418.1029052734375 712.0384521484375 464.7711181640625 580.4376220703125
513.1919555664062 536.3416748046875 617.5294189453125 424.2488708496094
437.1001892089844 966.188232421875 413.2869567871094 848.1586303710938
550.8780517578125 1026.0543212890625 506.99871826171875 943.1712646484375
423.70098876953125 958.2931518554688 402.1037292480469 836.2698974609375
402.6805725097656 918.6422119140625 391.53826904296875 789.972412109375
330.2621154785156 788.724609375 352.7334899902344 628.7385864257812
455.9848327636719 979.2850341796875 428.1412048339844 867.8980102539062
453.7320251464844 933.9658203125 437.6047058105469 821.945556640625
402.6805725097656 918.6422119140625 391.53826904296875 789.972412109375
444.4399108886719 998.6951904296875 410.7366027832031 881.7223510742188
342.2852478027344 667.7378540039062 399.17901611328125 502.03509521484375
521.8740234375 977.2886962890625 492.0068664550781 888.7998657226562
455.9848327636719 979.2850341796875 428.1412048339844 867.8980102539062
354.9824523925781 718.3250732421875 397.5892028808594 562.9755859375
319.5342712402344 854.2371826171875 323.3942565917969 693.6178588867188
304.1385803222656 919.8279418945312 291.3853454589844 756.361083984375
330.2621154785156 788.724609375 352.7334899902344 628.7385864257812
346.0484313964844 957.4300537109375 324.7423400878906 808.4401245117188
347.8360595703125 835.9653930664062 358.1096496582031 685.470947265625
434.3515625 851.8253784179688 440.9663391113281 732.8161010742188
514.4763793945312 1092.02490234375 453.4922790527344 994.8048095703125
297.33062744140625 779.4387817382812 321.458251953125 607.3199462890625
330.1127014160156 815.1182250976562 344.96783447265625 656.7658081054688
339.76763916015625 712.5703735351562 383.38568115234375 550.370849609375
555.2981567382812 561.3223266601562 653.6739501953125 466.7998962402344
501.072509765625 563.9338989257812 596.3016967773438 448.82220458984375
300.9647521972656 929.7489624023438 285.83343505859375 765.237060546875
405.526611328125 988.6214599609375 375.22564697265625 859.387939453125
323.7480163574219 710.7615356445312 365.64764404296875 541.7444458007812
568.3609619140625 365.8331604003906 733.57421875 248.93603515625
326.0948791503906 962.7896728515625 302.828369140625 807.4743041992188
568.3667602539062 994.289794921875 533.5857543945312 918.6069946289062
342.2852478027344 667.7378540039062 399.17901611328125 502.03509521484375
349.05487060546875 852.8615112304688 355.17999267578125 703.3750610351562
575.0640869140625 1177.9219970703125 489.4918212890625 1088.9058837890625
402.26654052734375 966.5841674804688 378.3019104003906 838.6668701171875
313.2279052734375 823.2387084960938 326.2043151855469 659.3097534179688
539.7031860351562 390.9992980957031 694.544921875 266.4446716308594
303.82452392578125 833.6074829101562 313.2668762207031 666.5062866210938
597.2513427734375 660.2155151367188 664.0831909179688 590.8740844726562
543.9872436523438 314.8103942871094 727.2493286132812 177.5185089111328
522.8251953125 954.768798828125 499.8207702636719 866.928955078125
465.80242919921875 924.6033325195312 454.01904296875 817.9666137695312
308.0271301269531 711.2300415039062 350.3758850097656 537.2951049804688
526.964599609375 845.7630004882812 536.0674438476562 758.6089477539062
525.5335083007812 1029.726806640625 481.8160400390625 938.770263671875
427.0852355957031 976.4940185546875 400.66375732421875 854.1634521484375
510.7497253417969 347.7293395996094 678.9074096679688 201.97476196289062
336.9791259765625 801.33642578125 356.2264404296875 644.6087036132812
333.5002136230469 932.206298828125 319.5898132324219 779.7440795898438
501.072509765625 563.9338989257812 596.3016967773438 448.82220458984375
298.9181823730469 721.861328125 337.99993896484375 545.7036743164062
333.2475280761719 701.1866455078125 379.8614807128906 535.4262084960938
406.5280456542969 827.74609375 419.364990234375 699.1038208007812
550.0836791992188 848.4397583007812 557.8384399414062 770.1619873046875
564.2015991210938 520.7235107421875 676.6676635742188 424.21258544921875
851.6382446289062 491.6864318847656 977.1394653320312 506.70184326171875
576.9631958007812 312.11492919921875 762.8948974609375 188.23367309570312
318.3605651855469 783.7640380859375 342.98980712890625 619.792724609375
513.8903198242188 332.9176025390625 688.0401000976562 185.1616973876953
418.9643859863281 816.7343139648438 436.50946044921875 690.2890014648438
430.1730651855469 700.8359985351562 480.3589782714844 572.511474609375
330.30792236328125 883.09716796875 327.344970703125 727.1827392578125
353.4320373535156 703.6151123046875 400.2748107910156 545.1932373046875
324.8414001464844 653.4163818359375 384.5043640136719 479.6133728027344
522.8251953125 954.768798828125 499.8207702636719 866.928955078125
356.1231384277344 781.9445190429688 382.0644226074219 631.5537109375
526.964599609375 845.7630004882812 536.0674438476562 758.6089477539062
413.134521484375 681.8956909179688 468.6206359863281 546.0410766601562
657.5775756835938 377.7310791015625 823.7242431640625 300.5819396972656
460.1251220703125 639.853515625 531.3165893554688 517.9188842773438
548.2218017578125 1132.044677734375 475.95166015625 1040.7921142578125
508.88848876953125 402.6622009277344 657.9044189453125 266.509765625
523.976318359375 1107.1136474609375 458.7538757324219 1011.6835327148438
574.531005859375 340.0538635253906 749.9578247070312 219.99098205566406
720.5779418945312 376.5233459472656 888.8817749023438 324.84039306640625
512.56640625 574.0305786132812 603.750732421875 463.7456970214844
527.8751220703125 834.079345703125 540.0191040039062 748.4680786132812
522.194580078125 412.6396484375 667.3090209960938 283.3221130371094
825.5206909179688 486.91754150390625 954.8873901367188 489.5740051269531
703.4774169921875 481.2643737792969 831.9847412109375 437.0045166015625
465.4313049316406 825.0027465820312 480.4479064941406 715.9696044921875
423.70098876953125 958.2931518554688 402.1037292480469 836.2698974609375
420.14837646484375 651.9303588867188 485.08746337890625 514.3988037109375
478.1473693847656 663.4207153320312 542.4132080078125 548.7406616210938
306.1278381347656 798.2881469726562 324.7710266113281 629.6704711914062
664.8898315429688 1199.2747802734375 566.0150146484375 1136.043701171875
542.0662231445312 348.0380859375 711.0323486328125 216.97833251953125
349.6031799316406 790.2288818359375 371.72296142578125 637.9669189453125
356.1231384277344 781.9445190429688 382.0644226074219 631.5537109375
304.1929016113281 788.4202270507812 326.1635437011719 619.15869140625
305.1165771484375 974.245849609375 279.6666564941406 811.234375
550.8780517578125 1026.0543212890625 506.99871826171875 943.1712646484375
299.6338806152344 667.175537109375 353.8270263671875 485.7107238769531
642.5634155273438 1163.4654541015625 553.678466796875 1099.7188720703125
350.7103576660156 653.0584716796875 412.9989929199219 489.140380859375
446.0245361328125 356.5154113769531 605.2487182617188 182.83285522460938
560.1184692382812 993.5984497070312 525.7132568359375 915.8997192382812
305.79144287109375 699.4417114257812 351.8509826660156 523.1629028320312
505.73211669921875 521.5668334960938 614.596435546875 404.26995849609375
682.8143310546875 658.9187622070312 749.7144775390625 621.8375244140625
718.1817626953125 1167.5706787109375 624.9532470703125 1123.943359375
520.12841796875 820.7882080078125 535.5916137695312 732.0947265625
314.5368347167969 930.0029907226562 299.7684326171875 770.3391723632812
724.0009155273438 322.7929382324219 912.2550659179688 264.68865966796875
433.97662353515625 924.82421875 421.75830078125 807.0431518554688
575.3761596679688 653.0531005859375 645.1253051757812 575.9966430664062
330.30792236328125 883.09716796875 327.344970703125 727.1827392578125
540.3526000976562 1164.63037109375 458.84326171875 1067.9371337890625
430.9366760253906 686.8297729492188 485.30078125 557.2057495117188
442.2829284667969 842.920166015625 452.5267028808594 725.7030029296875
419.3709411621094 663.4190063476562 480.5033264160156 527.7590942382812
433.14385986328125 816.7196044921875 450.32464599609375 696.994873046875
324.6475830078125 677.4451293945312 377.396240234375 506.2717590332031
345.43536376953125 979.1535034179688 318.1322021484375 829.782470703125
517.6682739257812 495.8078308105469 636.6487426757812 378.5621337890625
433.1995544433594 943.3005981445312 414.9202575683594 824.2863159179688
491.85546875 575.6779174804688 582.2542114257812 457.7103576660156
653.612060546875 563.22119140625 752.161376953125 506.12890625
499.2637634277344 415.94305419921875 642.385986328125 277.9617614746094
707.8946533203125 282.7818603515625 913.8046264648438 212.54229736328125
450.13916015625 650.1937255859375 516.9943237304688 524.2882690429688
644.4398803710938 495.88043212890625 766.9290161132812 430.1125183105469
554.6075439453125 395.9226379394531 707.6160888671875 277.788330078125
503.1011657714844 509.6128845214844 616.2267456054688 388.2702941894531
564.1100463867188 1101.268798828125 500.26239013671875 1020.145751953125
571.3101196289062 1007.2152709960938 532.7792358398438 931.7850952148438
314.81182861328125 702.2763061523438 360.3505554199219 529.6185302734375
575.5975341796875 1111.1669921875 506.9808349609375 1033.5682373046875
413.5693359375 790.18017578125 437.768310546875 661.9717407226562
350.6213073730469 805.0733642578125 369.2928466796875 653.3670043945312
332.3559265136719 657.0650634765625 391.785400390625 485.9521789550781
313.80499267578125 665.5286865234375 369.531494140625 488.6298522949219
679.3663330078125 388.6859436035156 840.24609375 320.8388366699219
645.5735473632812 482.04638671875 773.05322265625 414.510498046875
692.1263427734375 373.509033203125 860.5017700195312 309.8438415527344
654.328369140625 522.2428588867188 767.87939453125 462.9571838378906
708.3355712890625 505.1842346191406 829.1530151367188 464.77056884765625
791.6712646484375 522.3899536132812 904.5320434570312 515.979248046875
269.48114013671875 745.7451782226562 300.2144470214844 563.7301635742188
720.4249267578125 356.1716003417969 896.2080078125 301.6744384765625
427.8844299316406 841.9942626953125 437.864990234375 719.8265991210938
535.09375 493.677978515625 654.0576171875 383.06011962890625
825.5206909179688 486.91754150390625 954.8873901367188 489.5740051269531
712.3307495117188 526.1885375976562 825.8101806640625 490.4539489746094
571.3101196289062 1007.2152709960938 532.7792358398438 931.7850952148438
551.5889892578125 1013.4583740234375 512.1168823242188 931.4352416992188
433.1995544433594 943.3005981445312 414.9202575683594 824.2863159179688
549.1710815429688 506.33599853515625 665.3323364257812 402.95404052734375
503.84320068359375 321.54351806640625 680.373046875 167.828369140625
427.8844299316406 841.9942626953125 437.864990234375 719.8265991210938
561.9617309570312 966.2620239257812 534.1481323242188 890.9706420898438
422.4371032714844 803.3759155273438 443.27642822265625 678.0048217773438
313.09600830078125 813.58056640625 328.33984375 649.0545043945312
342.84942626953125 683.98681640625 395.065673828125 519.7066650390625
667.7678833007812 522.5319213867188 781.4443359375 468.42327880859375
455.593505859375 990.6050415039062 424.62481689453125 877.926513671875
700.0319213867188 293.9405517578125 898.1714477539062 218.69627380371094
309.3155517578125 950.2239990234375 289.01165771484375 789.1587524414062
713.77783203125 559.8785400390625 817.21044921875 525.5504760742188
563.643310546875 1017.364501953125 520.177978515625 937.21923828125
414.73236083984375 839.9248046875 425.4117126464844 713.600341796875
299.0921630859375 689.3961181640625 347.3203430175781 510.1731262207031
827.6173095703125 272.6456604003906 1038.6290283203125 250.57644653320312
319.9998779296875 952.0030517578125 298.91229248046875 794.2382202148438
324.8414001464844 653.4163818359375 384.5043640136719 479.6133728027344
333.6405029296875 828.4725341796875 346.1477966308594 673.0357055664062
448.4294738769531 806.9428100585938 469.6910705566406 691.8701782226562
532.0823974609375 821.7599487304688 547.8107299804688 736.13623046875
431.96600341796875 827.1443481445312 445.29400634765625 705.6921997070312
491.85546875 575.6779174804688 582.2542114257812 457.7103576660156
503.84320068359375 321.54351806640625 680.373046875 167.828369140625
528.100830078125 549.0880126953125 629.1825561523438 443.8076477050781
304.2515869140625 811.3388671875 319.8015441894531 643.585693359375
409.6396484375 722.6736450195312 452.5583190917969 587.7630004882812
657.128662109375 467.7452087402344 791.0269775390625 405.0173645019531
551.4295654296875 1110.5125732421875 485.5234375 1023.2202758789062
522.0925903320312 1150.868408203125 445.61676025390625 1050.4520263671875
443.8963928222656 818.9388427734375 460.2847595214844 702.2202758789062
434.2510681152344 643.9915161132812 503.3067321777344 512.1709594726562
535.09375 493.677978515625 654.0576171875 383.06011962890625
522.9818725585938 360.2120056152344 688.2725830078125 222.4711456298828
674.0330200195312 363.0442810058594 847.2106323242188 292.5576171875
413.7111511230469 929.666015625 399.5598449707031 804.3458862304688
650.39306640625 1183.770751953125 556.47314453125 1119.1995849609375
716.7764892578125 342.6451416015625 897.930908203125 283.2616882324219
330.1127014160156 815.1182250976562 344.96783447265625 656.7658081054688
567.5210571289062 863.3328247070312 570.9274291992188 790.7416381835938
544.54736328125 1141.3433837890625 470.4931640625 1048.339111328125
411.5629577636719 857.287109375 417.22418212890625 730.201416015625
349.6031799316406 790.2288818359375 371.72296142578125 637.9669189453125
346.859130859375 920.0236206054688 335.5323791503906 771.5388793945312
517.3911743164062 509.7959289550781 629.92236328125 393.95599365234375
558.8424682617188 1165.242431640625 477.3811950683594 1073.921630859375
684.5584716796875 465.6703796386719 818.9337768554688 413.3280334472656
566.0581665039062 798.7675170898438 593.37255859375 725.728515625
346.2900390625 942.3392944335938 329.1726989746094 793.4647827148438
651.0276489257812 1153.177978515625 566.4385986328125 1091.07666015625
451.25457763671875 839.4262084960938 462.3935241699219 726.2088012695312
689.27783203125 306.3205261230469 882.9334106445312 229.13568115234375
694.3091430664062 504.8328552246094 814.626953125 459.719482421875
551.0741577148438 1143.5738525390625 475.37249755859375 1052.0255126953125
312.49053955078125 791.7529907226562 334.4870300292969 625.1963500976562
314.81182861328125 702.2763061523438 360.3505554199219 529.6185302734375
522.9818725585938 360.2120056152344 688.2725830078125 222.4711456298828
460.4530029296875 651.9157104492188 527.0971069335938 529.6065673828125
310.1163635253906 678.48974609375 361.8626708984375 501.5462341308594
575.0142211914062 670.1976928710938 637.7125244140625 592.989013671875
814.4149780273438 465.814697265625 950.3770751953125 464.4009704589844
551.3069458007812 659.4471435546875 617.6508178710938 572.9954833984375
327.1230773925781 942.4278564453125 309.357666015625 787.037353515625
429.0798034667969 675.7371826171875 486.79632568359375 544.8516845703125
536.5835571289062 446.39508056640625 673.8719482421875 330.1886901855469
584.2708740234375 674.1854858398438 647.3225708007812 599.375244140625
688.865478515625 1174.5474853515625 593.2332763671875 1124.132568359375
449.7545471191406 663.5108032226562 512.2364501953125 538.98193359375
734.5401000976562 309.084228515625 930.367431640625 252.5266876220703
449.7545471191406 663.5108032226562 512.2364501953125 538.98193359375
333.2475280761719 701.1866455078125 379.8614807128906 535.4262084960938
547.0436401367188 724.2357177734375 592.9720458984375 640.3782348632812
565.1095581054688 1123.5538330078125 492.5519714355469 1040.611083984375
551.9071044921875 800.0771484375 576.69873046875 722.6935424804688
841.2029418945312 535.077880859375 949.1448974609375 549.1069946289062
831.0213012695312 521.4841918945312 945.4154052734375 530.9928588867188
310.1163635253906 678.48974609375 361.8626708984375 501.5462341308594
327.1230773925781 942.4278564453125 309.357666015625 787.037353515625
517.6682739257812 495.8078308105469 636.6487426757812 378.5621337890625
820.2029418945312 336.2372131347656 1005.541259765625 320.87628173828125
547.6489868164062 533.4437866210938 654.8636474609375 432.9629211425781
702.092529296875 547.33349609375 806.3099365234375 508.8925476074219
300.6573791503906 960.617431640625 278.088623046875 795.8095092773438
549.9253540039062 673.43310546875 612.8678588867188 588.0892333984375
575.4663696289062 875.4315185546875 576.5509643554688 806.4785766601562
691.9283447265625 1152.6170654296875 604.7760009765625 1104.0130615234375
457.0023193359375 847.3452758789062 465.3247375488281 736.234130859375
689.6503295898438 1134.64794921875 607.9363403320312 1087.03076171875
535.2421264648438 534.11279296875 641.4578247070312 429.3556213378906
721.6405029296875 657.898681640625 788.84912109375 634.6500854492188
460.1889953613281 663.4228515625 522.931640625 542.5618286132812
558.3546752929688 859.3828125 562.2377319335938 785.2843017578125
458.21630859375 688.803955078125 512.3228759765625 569.425537109375
386.4494934082031 751.9497680664062 423.0123596191406 612.07373046875
679.3324584960938 560.693359375 778.8403930664062 513.504638671875
811.2405395507812 320.6147766113281 1002.0059204101562 297.4022216796875
470.0340270996094 663.0328369140625 532.5770263671875 545.9744262695312
312.49053955078125 791.7529907226562 334.4870300292969 625.1963500976562
708.5557250976562 1189.87890625 609.0933837890625 1141.181884765625
552.940673828125 384.90228271484375 711.2840576171875 262.51922607421875
551.5889892578125 1013.4583740234375 512.1168823242188 931.4352416992188
540.3526000976562 1164.63037109375 458.84326171875 1067.9371337890625
415.9219970703125 941.6666259765625 399.7994384765625 817.6970825195312
461.9547424316406 797.8785400390625 485.287841796875 687.09033203125
470.0340270996094 663.0328369140625 532.5770263671875 545.9744262695312
460.1889953613281 663.4228515625 522.931640625 542.5618286132812
555.2308349609375 1068.3372802734375 502.94140625 986.461181640625
694.2805786132812 344.8564758300781 874.5533447265625 274.28826904296875
846.608154296875 335.4989929199219 1034.501953125 332.4647216796875
694.5225830078125 520.129638671875 809.0067138671875 476.8723449707031
693.37158203125 331.9359436035156 878.249267578125 262.6756896972656
435.77764892578125 808.811767578125 455.1041564941406 688.6712646484375
706.5499877929688 670.8536987304688 769.4628295898438 642.4617309570312
548.7236938476562 336.790771484375 722.4683837890625 206.88954162597656
680.6881713867188 345.8916320800781 857.5691528320312 272.1727600097656
338.1106872558594 952.62060546875 317.263671875 801.052734375
664.3427124023438 341.1560974121094 843.588623046875 260.5467529296875
566.7954711914062 679.7833251953125 625.9281005859375 600.8748168945312
544.4873046875 869.9600219726562 546.109375 789.1204833984375
584.7628173828125 1040.1925048828125 536.5711669921875 967.1942138671875
562.8515625 1144.009033203125 485.49896240234375 1055.129150390625
567.5210571289062 863.3328247070312 570.9274291992188 790.7416381835938
381.6009521484375 889.5310668945312 379.0471496582031 751.82568359375
694.2805786132812 344.8564758300781 874.5533447265625 274.28826904296875
319.09906005859375 833.591064453125 327.160400390625 672.4639282226562
508.3851623535156 917.718994140625 497.0093688964844 825.56005859375
575.0142211914062 670.1976928710938 637.7125244140625 592.989013671875
815.967529296875 524.1572875976562 929.930419921875 527.1715087890625
570.7195434570312 712.6134643554688 621.7777099609375 636.0581665039062
539.7031860351562 390.9992980957031 694.544921875 266.4446716308594
437.9535827636719 821.3859252929688 458.746337890625 701.6905517578125
535.2421264648438 534.11279296875 641.4578247070312 429.3556213378906
435.24810791015625 953.8394775390625 411.33782958984375 835.4788208007812
561.2286987304688 705.0933837890625 612.6061401367188 625.0885009765625
558.013916015625 724.194091796875 603.97412109375 644.0965576171875
335.69903564453125 965.8074951171875 311.78387451171875 813.4560546875
583.331787109375 1007.3760375976562 546.5360717773438 933.0115356445312
557.677734375 338.9066162109375 730.5671997070312 211.39590454101562
583.0690307617188 972.61376953125 555.2218017578125 903.7197875976562
532.9490356445312 507.6314697265625 651.0209350585938 399.225830078125
674.0330200195312 363.0442810058594 847.2106323242188 292.5576171875
