111.44953918457031
122.56835174560547
138.01449584960938
144.1839141845703
150.25311279296875
152.2399444580078
153.2546844482422
153.46009826660156
161.95986938476562
162.6068878173828
164.13104248046875
166.43917846679688
169.69679260253906
172.04359436035156
179.21774291992188
179.27911376953125
180.04998779296875
184.43698120117188
185.0999755859375
185.4400177001953
185.5370635986328
186.52078247070312
188.10104370117188
189.3752899169922
189.47032165527344
192.4837646484375
194.35276794433594
201.09698486328125
201.73001098632812
203.75965881347656
205.45559692382812
211.76638793945312
214.8045654296875
215.09532165527344
215.64321899414062
215.95138549804688
216.42088317871094
219.13922119140625
224.26324462890625
225.4750518798828
226.8810272216797
228.29586791992188
229.549560546875
231.16444396972656
247.3964385986328
249.52354431152344
250.01600646972656
