711.3724975585938 996.4363403320312 723.8385620117188 941.7749633789062
650.9571533203125 1008.8495483398438 710.1918334960938 1002.3792724609375
659.23095703125 996.8273315429688 704.006103515625 988.7297973632812
792.7005615234375 957.8729248046875 724.9280395507812 858.4519653320312
644.8704223632812 1012.8358764648438 710.6310424804688 1010.0839233398438
801.89208984375 815.487548828125 634.451416015625 801.9716796875
654.1952514648438 834.927490234375 593.7672119140625 924.0440673828125
811.2212524414062 951.1348266601562 727.0828247070312 838.6834716796875
791.6007080078125 886.3698120117188 675.2581176757812 832.86474609375
756.166748046875 830.7486572265625 628.3804931640625 842.7758178710938
863.9517211914062 776.395751953125 632.2103271484375 745.2326049804688
661.2591552734375 863.8992919921875 615.1259765625 930.3655395507812
785.0241088867188 772.3895263671875 603.8088989257812 802.6677856445312
661.2591552734375 863.8992919921875 615.1259765625 930.3655395507812
711.6547241210938 742.9268798828125 562.40185546875 849.7647705078125
661.5474243164062 833.8037719726562 596.3504028320312 917.5975341796875
707.1807250976562 799.1346435546875 591.9830932617188 869.3604125976562
817.7310180664062 942.3935546875 722.4398193359375 831.2035522460938
816.8784790039062 887.9895629882812 685.7701416015625 810.6719360351562
789.0311279296875 794.23095703125 616.9545288085938 806.8441162109375
787.4449462890625 859.1062622070312 655.8924560546875 827.4324340820312
786.6715698242188 847.5486450195312 648.38916015625 824.1968994140625
817.7869873046875 900.1859741210938 694.3496704101562 813.4921875
816.45166015625 772.69970703125 613.2661743164062 779.7958984375
700.0388793945312 794.1422729492188 586.7549438476562 874.1324462890625
878.2816162109375 917.469970703125 727.7667236328125 772.1655883789062
672.6500854492188 809.3158569335938 586.123291015625 898.7811279296875
696.1881713867188 874.6914672851562 633.44140625 906.4860229492188
619.23193359375 884.2561645507812 612.2984008789062 972.6182861328125
610.291748046875 892.3631591796875 613.58251953125 983.8764038085938
646.6680908203125 983.8367919921875 687.3214721679688 994.7698364257812
821.6201782226562 918.9083862304688 707.7232666015625 818.9852905273438
781.8155517578125 813.0498046875 626.443603515625 817.1524658203125
863.9517211914062 776.395751953125 632.2103271484375 745.2326049804688
829.3119506835938 946.9320068359375 731.70068359375 821.3532104492188
779.6232299804688 801.7764892578125 618.3563842773438 814.998046875
718.4606323242188 837.3138427734375 617.9199829101562 873.8429565429688
663.2413940429688 875.2333374023438 622.7442626953125 931.9469604492188
833.1680297851562 959.2467041015625 740.6284790039062 822.9463500976562
701.8577270507812 832.97265625 609.9413452148438 885.4797973632812
796.2098999023438 852.9176025390625 654.5084838867188 819.7900390625
754.39404296875 988.9462890625 732.4678344726562 905.6295166015625
809.3487548828125 809.58203125 633.4414672851562 794.5366821289062
620.2412109375 751.499755859375 535.9747314453125 920.1170043945312
844.3941650390625 815.4015502929688 649.4535522460938 771.96875
824.3698120117188 954.4483642578125 734.3689575195312 827.5111083984375
780.2263793945312 787.908935546875 609.9373779296875 811.0722045898438
726.8507690429688 842.687744140625 626.0238647460938 869.5343017578125
805.0562744140625 927.3187255859375 706.9967041015625 837.2852783203125
629.801513671875 1011.3945922851562 701.7765502929688 1024.005859375
813.9913940429688 919.8460083007812 706.3997802734375 825.1558837890625
813.9913940429688 919.8460083007812 706.3997802734375 825.1558837890625
649.4346313476562 1004.85986328125 706.1904907226562 1002.2553100585938
644.8704223632812 1012.8358764648438 710.6310424804688 1010.0839233398438
740.8760986328125 821.0411987304688 617.6129150390625 849.4434204101562
764.5704956054688 792.564697265625 608.3472900390625 824.942138671875
788.126708984375 780.9389038085938 607.8334350585938 803.5317993164062
865.3599853515625 755.8575439453125 619.8602905273438 739.8245849609375
740.4671630859375 837.6202392578125 625.9136962890625 856.0045776367188
638.0305786132812 1007.7349243164062 703.7864379882812 1013.8260498046875
701.8577270507812 832.97265625 609.9413452148438 885.4797973632812
792.685546875 946.1530151367188 716.1878051757812 852.7328491210938
870.8133544921875 745.2633056640625 614.912841796875 732.5833129882812
632.002197265625 761.7799072265625 545.275634765625 914.1860961914062
807.8742065429688 769.08349609375 608.9595947265625 785.2543334960938
669.441650390625 891.14208984375 633.62841796875 934.03515625
648.1176147460938 849.7002563476562 600.35400390625 934.4132080078125
792.5680541992188 767.196533203125 603.8029174804688 796.5736083984375
737.6897583007812 827.8843994140625 619.1635131835938 855.838623046875
703.574951171875 845.4588623046875 615.822021484375 887.3423461914062
803.43115234375 756.1575927734375 600.8222045898438 783.411865234375
698.0711059570312 815.8765869140625 599.2841796875 882.404296875
646.604248046875 829.6490478515625 588.7766723632812 928.2691650390625
854.076171875 966.89453125 754.3558959960938 807.2488403320312
676.1423950195312 819.7963256835938 594.174560546875 900.3890991210938
794.934814453125 750.7455444335938 594.6869506835938 788.861083984375
823.13330078125 935.8040161132812 720.6594848632812 821.7363891601562
674.7403564453125 873.2987670898438 623.75341796875 923.7721557617188
673.89013671875 883.092529296875 630.87255859375 924.8533325195312
687.3217163085938 790.75341796875 580.8950805664062 880.0675659179688
792.584228515625 820.5314331054688 633.3916015625 811.0740966796875
641.4581298828125 992.3153076171875 692.4481811523438 1003.9789428710938
740.5870971679688 859.1360473632812 639.0607299804688 864.3648071289062
813.0098876953125 817.5989990234375 640.614013671875 795.7086181640625
696.3277587890625 958.0201416015625 689.1754150390625 938.7095947265625
