270.0683898925781 614.1981201171875 454.2897033691406 1275.1287841796875
855.9852294921875 1076.492919921875 1032.1558837890625 926.6162719726562
584.14794921875 1139.07080078125 1016.475830078125 1271.49169921875
582.7786254882812 1126.7303466796875 1000.2626342773438 1264.4189453125
551.4295654296875 1110.5125732421875 965.5094604492188 1291.4295654296875
521.8740234375 977.2886962890625 805.1068115234375 1231.88720703125
526.964599609375 845.7630004882812 691.38916015625 1153.3614501953125
887.5501708984375 1066.9556884765625 1030.2144775390625 892.6402587890625
1043.0908203125 812.3232421875 834.1849365234375 701.7243041992188
987.8936157226562 1017.1231079101562 1008.4835815429688 783.0637817382812
870.5054931640625 1075.7313232421875 1036.7625732421875 911.7996215820312
551.5889892578125 1013.4583740234375 853.9109497070312 1221.8870849609375
1030.7032470703125 888.5792846679688 894.5582885742188 721.6524658203125
352.3274841308594 675.9677734375 515.87158203125 1232.8289794921875
998.4977416992188 1018.3843994140625 1012.8876342773438 770.8701782226562
455.9848327636719 979.2850341796875 783.8953247070312 1307.33740234375
526.964599609375 845.7630004882812 691.38916015625 1153.3614501953125
568.0849609375 1030.927734375 878.94140625 1214.4129638671875
1032.790283203125 668.52734375 726.0065307617188 695.0445556640625
562.8515625 1144.009033203125 1014.2116088867188 1301.479736328125
887.5501708984375 1066.9556884765625 1030.2144775390625 892.6402587890625
520.79931640625 1115.6048583984375 962.076904296875 1333.3948974609375
534.3446655273438 994.1364135742188 827.0825805664062 1228.1148681640625
501.072509765625 563.9338989257812 502.65447998046875 1061.69873046875
565.1095581054688 1123.5538330078125 986.385009765625 1281.8544921875
535.09375 493.677978515625 479.644287109375 1013.4096069335938
548.2218017578125 1132.044677734375 993.5817260742188 1313.448486328125
408.9619140625 951.5035400390625 739.7525634765625 1341.333251953125
535.09375 493.677978515625 479.644287109375 1013.4096069335938
679.3663330078125 388.6859436035156 473.5578308105469 890.8429565429688
534.850830078125 978.5877075195312 812.4656372070312 1218.61376953125
540.2642211914062 685.6705322265625 584.4493408203125 1073.8668212890625
544.4873046875 869.9600219726562 717.9059448242188 1147.8531494140625
536.5596923828125 710.543212890625 599.135009765625 1085.7554931640625
1052.7333984375 874.1134033203125 887.9739379882812 702.5949096679688
870.5054931640625 1075.7313232421875 1036.7625732421875 911.7996215820312
548.2218017578125 1132.044677734375 993.5817260742188 1313.448486328125
568.0849609375 1030.927734375 878.94140625 1214.4129638671875
551.5889892578125 1013.4583740234375 853.9109497070312 1221.8870849609375
455.9848327636719 979.2850341796875 783.8953247070312 1307.33740234375
547.0436401367188 724.2357177734375 611.4497680664062 1081.451904296875
538.1114501953125 1118.0111083984375 970.1298828125 1313.603759765625
1049.04052734375 655.0159912109375 722.5184326171875 681.35546875
677.2020263671875 1135.6595458984375 1044.048828125 1153.335693359375
336.9791259765625 801.33642578125 591.953369140625 1320.5533447265625
1049.04052734375 655.0159912109375 722.5184326171875 681.35546875
528.100830078125 549.0880126953125 504.5242614746094 1038.3665771484375
552.5308227539062 1003.3475952148438 845.7743530273438 1213.445556640625
522.8132934570312 563.0980834960938 509.0687561035156 1044.7076416015625
551.0741577148438 1143.5738525390625 1010.4017333984375 1318.088134765625
1052.7333984375 874.1134033203125 887.9739379882812 702.5949096679688
513.1919555664062 536.3416748046875 494.65692138671875 1044.5623779296875
547.0436401367188 724.2357177734375 611.4497680664062 1081.451904296875
1042.1434326171875 688.6524047851562 744.6104125976562 688.3388671875
336.9791259765625 801.33642578125 591.953369140625 1320.5533447265625
442.2829284667969 842.920166015625 658.6893310546875 1234.7188720703125
437.3967590332031 795.56494140625 622.1015625 1216.123291015625
572.8603515625 983.9344482421875 831.8648071289062 1180.5084228515625
535.5023193359375 548.2664794921875 506.3398742675781 1029.686767578125
460.1889953613281 663.4228515625 544.69287109375 1132.240966796875
319.09906005859375 833.591064453125 608.0534057617188 1355.6976318359375
451.7711181640625 687.1370849609375 555.934326171875 1148.6307373046875
460.1889953613281 663.4228515625 544.69287109375 1132.240966796875
547.6489868164062 533.4437866210938 502.7328186035156 1016.4562377929688
568.3667602539062 994.289794921875 841.42919921875 1191.8402099609375
333.6405029296875 828.4725341796875 609.1810302734375 1339.130126953125
563.643310546875 1017.364501953125 860.9715576171875 1211.35205078125
871.3291015625 1064.0013427734375 1022.3755493164062 906.409912109375
534.9046630859375 857.494140625 703.9933471679688 1150.3082275390625
535.27978515625 520.237060546875 492.5165710449219 1021.3966674804688
458.21630859375 688.803955078125 559.7373046875 1143.213134765625
335.69903564453125 965.8074951171875 725.3731689453125 1438.614013671875
683.5438842773438 330.6340637207031 450.6159973144531 877.18408203125
550.0836791992188 848.4397583007812 702.1285400390625 1132.983154296875
709.9364624023438 310.5486145019531 450.2138977050781 856.6914672851562
314.5368347167969 930.0029907226562 683.568603515625 1434.8502197265625
327.1230773925781 942.4278564453125 700.0150756835938 1429.0067138671875
433.1995544433594 943.3005981445312 741.5628662109375 1307.252197265625
680.6881713867188 345.8916320800781 456.7407531738281 880.3524780273438
