464.7400817871094 625.75439453125 469.3878479003906 555.1541748046875
480.4479064941406 715.9696044921875 472.3936462402344 653.4342041015625
522.3595581054688 767.74072265625 506.30078125 715.4281616210938
544.5582885742188 709.1021728515625 540.3614501953125 659.2039794921875
499.9619140625 678.577880859375 499.2274169921875 618.3544311523438
499.9619140625 678.577880859375 499.2274169921875 618.3544311523438
451.39300537109375 643.7666015625 454.15032958984375 571.4317626953125
473.0283203125 757.718505859375 456.57208251953125 695.303955078125
485.287841796875 687.09033203125 482.1985778808594 624.9517822265625
436.50946044921875 690.2890014648438 430.1216125488281 617.2903442382812
469.6910705566406 691.8701782226562 465.3365173339844 626.5248413085938
535.5916137695312 732.0947265625 526.474365234375 681.4519653320312
581.93017578125 605.9096069335938 598.4386596679688 560.8934936523438
798.78662109375 1217.670166015625 702.821044921875 1209.8253173828125
460.2847595214844 702.2202758789062 452.8885803222656 634.7783203125
356.2264404296875 644.6087036132812 351.572265625 552.8575439453125
547.8107299804688 736.13623046875 538.7294311523438 687.6590576171875
454.01904296875 817.9666137695312 425.2122497558594 754.6813354492188
395.065673828125 519.7066650390625 416.2064208984375 428.5730895996094
454.01904296875 817.9666137695312 425.2122497558594 754.6813354492188
625.9281005859375 600.8748168945312 645.1052856445312 563.578369140625
598.8952026367188 655.2718505859375 606.1173095703125 614.2793579101562
437.864990234375 719.8265991210938 426.76556396484375 650.1923217773438
437.864990234375 719.8265991210938 426.76556396484375 650.1923217773438
319.5898132324219 779.7440795898438 287.5981750488281 688.25048828125
542.4132080078125 548.7406616210938 568.045654296875 490.1495666503906
279.6666564941406 811.234375 239.14305114746094 712.8646240234375
483.9631652832031 698.8997192382812 478.6065368652344 635.9628295898438
612.6061401367188 625.0885009765625 626.9842529296875 585.3840942382812
412.9989929199219 489.140380859375 441.11285400390625 399.9844970703125
503.3067321777344 512.1709594726562 533.955810546875 445.1588439941406
300.2144470214844 563.7301635742188 302.26470947265625 456.7511901855469
603.750732421875 463.7456970214844 646.277099609375 415.3382568359375
531.5613403320312 655.1983032226562 537.2781372070312 601.0988159179688
485.287841796875 687.09033203125 482.1985778808594 624.9517822265625
536.0674438476562 758.6089477539062 522.49658203125 708.2940673828125
601.9136962890625 513.68017578125 635.7156372070312 467.4746398925781
711.0323486328125 216.97833251953125 807.2334594726562 179.48226928710938
825.8101806640625 490.4539489746094 869.0845947265625 490.49951171875
596.3016967773438 448.82220458984375 643.110107421875 398.4887390136719
437.768310546875 661.9717407226562 435.74676513671875 588.0547485351562
492.0068664550781 888.7998657226562 452.2835998535156 833.738525390625
618.1735229492188 364.6868896484375 683.667724609375 314.943603515625
572.5108032226562 640.2869262695312 582.1459350585938 593.9895629882812
485.30078125 557.2057495117188 505.6695251464844 487.7371826171875
335.5323791503906 771.5388793945312 306.3726806640625 683.3709716796875
618.1735229492188 364.6868896484375 683.667724609375 314.943603515625
437.768310546875 661.9717407226562 435.74676513671875 588.0547485351562
355.17999267578125 703.3750610351562 340.8165283203125 614.4569702148438
483.9631652832031 698.8997192382812 478.6065368652344 635.9628295898438
540.0191040039062 748.4680786132812 528.4798583984375 698.6878051757812
371.877197265625 663.710693359375 365.84136962890625 575.5361938476562
636.6487426757812 378.5621337890625 699.3884887695312 334.19903564453125
452.5583190917969 587.7630004882812 465.2093811035156 512.7609252929688
536.0674438476562 758.6089477539062 522.49658203125 708.2940673828125
531.3165893554688 517.9188842773438 563.632080078125 457.311767578125
596.3016967773438 448.82220458984375 643.110107421875 398.4887390136719
749.7144775390625 621.8375244140625 767.931396484375 610.3668823242188
477.3811950683594 1073.921630859375 403.38104248046875 1020.464599609375
395.79150390625 539.8273315429688 412.3062438964844 450.34124755859375
382.0644226074219 631.5537109375 382.088623046875 545.4592895507812
473.92626953125 1015.077392578125 409.8203125 959.2805786132812
617.5294189453125 424.2488708496094 670.7256469726562 376.6976623535156
379.0471496582031 751.82568359375 356.48876953125 669.9320678710938
654.0576171875 383.06011962890625 715.2938842773438 342.0267028808594
365.64764404296875 541.7444458007812 380.2286682128906 444.2373046875
654.0576171875 383.06011962890625 715.2938842773438 342.0267028808594
511.1494445800781 1045.6068115234375 443.4021911621094 998.76904296875
528.113037109375 782.8018188476562 509.44708251953125 732.067138671875
313.07220458984375 764.982177734375 283.5295104980469 672.0780639648438
593.462890625 637.3062744140625 604.0460205078125 594.8536376953125
475.95166015625 1040.7921142578125 408.1441345214844 986.978271484375
465.3247375488281 736.234130859375 452.1088562011719 671.3936157226562
696.741455078125 628.6648559570312 713.4204711914062 604.6975708007812
514.347412109375 788.3193359375 494.0724792480469 735.2434692382812
771.191162109375 620.6695556640625 790.546875 612.4454956054688
318.1322021484375 829.782470703125 278.14898681640625 739.923583984375
749.9578247070312 219.99098205566406 848.1090087890625 189.262939453125
500.26239013671875 1020.145751953125 436.3631591796875 967.8919067382812
403.5383605957031 866.6572875976562 363.2430419921875 794.9666137695312
419.364990234375 699.1038208007812 409.07586669921875 623.1485595703125
403.5383605957031 866.6572875976562 363.2430419921875 794.9666137695312
636.6487426757812 378.5621337890625 699.3884887695312 334.19903564453125
417.22418212890625 730.201416015625 400.9930114746094 654.5722045898438
428.1756896972656 1060.1546630859375 354.83172607421875 997.8690795898438
653.8811645507812 1148.072998046875 571.0070190429688 1122.39501953125
470.4931640625 1048.339111328125 400.6422424316406 993.1820068359375
686.5599365234375 385.91357421875 749.462158203125 351.32830810546875
506.99871826171875 943.1712646484375 458.0423583984375 893.0843505859375
245.63250732421875 840.20654296875 194.6609649658203 734.766845703125
888.8817749023438 324.84039306640625 965.4623413085938 334.4640197753906
656.7412719726562 629.3817749023438 672.8717651367188 596.9037475585938
428.1412048339844 867.8980102539062 388.10296630859375 801.8660888671875
480.3589782714844 572.511474609375 498.0893249511719 503.75238037109375
485.5234375 1023.2202758789062 421.0756530761719 969.7494506835938
428.1412048339844 867.8980102539062 388.10296630859375 801.8660888671875
569.91015625 1058.928466796875 503.0911560058594 1018.9580688476562
342.98980712890625 619.792724609375 341.1196594238281 523.6790771484375
676.6676635742188 424.21258544921875 731.8473510742188 388.58203125
337.0187683105469 689.3017578125 322.5097961425781 595.8532104492188
481.8160400390625 938.770263671875 431.9296569824219 882.6547241210938
458.746337890625 701.6905517578125 451.63525390625 634.559814453125
531.5613403320312 655.1983032226562 537.2781372070312 601.0988159179688
453.4922790527344 994.8048095703125 392.63153076171875 935.046875
629.1825561523438 443.8076477050781 678.1207885742188 401.1209716796875
413.2869567871094 848.1586303710938 376.16619873046875 777.7371826171875
387.9143981933594 860.6603393554688 347.80157470703125 786.6555786132812
731.2476806640625 1217.3602294921875 635.5217895507812 1200.9493408203125
541.73486328125 1124.4844970703125 461.5846862792969 1082.33251953125
399.7994384765625 817.6970825195312 367.8058166503906 744.6434326171875
346.1477966308594 673.0357055664062 335.37884521484375 580.9710083007812
497.0093688964844 825.56005859375 469.2880859375 769.1980590820312
492.5519714355469 1040.611083984375 426.5684509277344 987.0301513671875
410.7366027832031 881.7223510742188 368.5772399902344 811.9431762695312
912.5377197265625 1295.5654296875 796.9254760742188 1301.7039794921875
506.99871826171875 943.1712646484375 458.0423583984375 893.0843505859375
882.9334106445312 229.13568115234375 980.8130493164062 233.69081115722656
505.78875732421875 1032.7213134765625 440.7980651855469 983.162109375
592.9720458984375 640.3782348632812 603.4771728515625 597.7577514648438
391.53826904296875 789.972412109375 362.2002258300781 712.97705078125
653.6739501953125 466.7998962402344 698.0863037109375 430.0341491699219
300.55499267578125 684.9777221679688 282.6624755859375 581.0240478515625
399.5598449707031 804.3458862304688 368.6249694824219 728.863525390625
609.26806640625 1160.106201171875 523.294189453125 1127.0400390625
464.7711181640625 580.4376220703125 480.6417541503906 506.5009765625
949.1448974609375 549.1069946289062 979.38232421875 576.26220703125
489.4918212890625 1088.9058837890625 413.2660217285156 1038.5716552734375
327.344970703125 727.1827392578125 304.9565124511719 634.2282104492188
525.7132568359375 915.8997192382812 482.4363098144531 868.0033569335938
299.8919677734375 818.3992309570312 259.0155334472656 724.8637084960938
411.33782958984375 835.4788208007812 375.6304626464844 763.7608032226562
421.75830078125 807.0431518554688 392.65875244140625 736.2340087890625
480.3589782714844 572.511474609375 498.0893249511719 503.75238037109375
499.9918212890625 909.3609008789062 456.6233825683594 857.1559448242188
375.22564697265625 859.387939453125 333.46856689453125 780.7298583984375
595.5681762695312 610.8616943359375 610.8262939453125 566.6519165039062
902.9708862304688 539.2507934570312 937.0081787109375 561.75830078125
566.4385986328125 1091.07666015625 492.84912109375 1052.2957763671875
601.5645141601562 564.1538696289062 629.5244140625 516.7171630859375
360.43267822265625 460.46197509765625 388.5172119140625 358.7110900878906
727.2493286132812 177.5185089111328 837.399169921875 142.2013702392578
882.9334106445312 229.13568115234375 980.8130493164062 233.69081115722656
746.9830322265625 1243.2952880859375 644.9651489257812 1229.5482177734375
429.1675109863281 890.8595581054688 386.50628662109375 825.1151733398438
667.3090209960938 283.3221130371094 746.36767578125 239.55690002441406
553.678466796875 1099.7188720703125 479.55963134765625 1056.7899169921875
326.1635437011719 619.15869140625 322.47894287109375 520.1884765625
781.4443359375 468.42327880859375 829.6983032226562 459.32806396484375
725.57275390625 290.29510498046875 805.1199951171875 263.0738830566406
475.37249755859375 1052.0255126953125 405.28643798828125 998.3280639648438
468.6206359863281 546.0410766601562 490.1683349609375 472.7035217285156
570.58251953125 1116.2034912109375 496.0345153808594 1078.1177978515625
402.1037292480469 836.2698974609375 366.529052734375 763.1312255859375
432.57232666015625 703.469970703125 423.06573486328125 630.5913696289062
762.8948974609375 188.23367309570312 868.218017578125 159.5263214111328
621.6680297851562 663.4325561523438 628.8605346679688 628.2452392578125
566.0150146484375 1136.043701171875 484.56121826171875 1096.927001953125
444.7368469238281 1068.4930419921875 371.4468688964844 1010.42626953125
806.3099365234375 508.8925476074219 846.1113891601562 506.1986999511719
497.9374694824219 1053.2769775390625 429.0386962890625 1002.4246826171875
725.57275390625 290.29510498046875 805.1199951171875 263.0738830566406
473.8383483886719 1027.5604248046875 408.8613586425781 972.7385864257812
445.61676025390625 1050.4520263671875 374.3858947753906 990.667724609375
512.1168823242188 931.4352416992188 465.0638732910156 881.64794921875
740.3201293945312 647.3128051757812 752.3123779296875 635.3788452148438
904.5320434570312 515.979248046875 943.5969848632812 537.107177734375
837.988037109375 1231.115966796875 739.6372680664062 1227.864990234375
834.2689819335938 573.8035278320312 861.154541015625 578.2514038085938
707.6160888671875 277.788330078125 792.6149291992188 243.9088592529297
364.99627685546875 474.7478332519531 391.7958679199219 373.3717346191406
358.1096496582031 685.470947265625 346.64990234375 594.7117309570312
323.3942565917969 693.6178588867188 307.7557678222656 596.5610961914062
278.088623046875 795.8095092773438 239.33944702148438 695.587890625
788.84912109375 634.6500854492188 804.1636962890625 631.494873046875
458.7538757324219 1011.6835327148438 395.4504089355469 953.0398559570312
607.9363403320312 1087.03076171875 535.8851928710938 1053.9891357421875
291.3853454589844 756.361083984375 259.0174255371094 657.795654296875
432.8520202636719 859.0615844726562 395.4869384765625 792.1735229492188
471.4325256347656 1063.1875 399.88128662109375 1008.7271118164062
767.87939453125 462.9571838378906 816.6774291992188 451.16119384765625
626.1055297851562 653.6287231445312 636.203369140625 617.0280151367188
391.15618896484375 849.2741088867188 352.43267822265625 774.7842407226562
324.7423400878906 808.4401245117188 288.1832580566406 717.4899291992188
626.1055297851562 653.6287231445312 636.203369140625 617.0280151367188
531.5613403320312 655.1983032226562 537.2781372070312 601.0988159179688
642.385986328125 277.9617614746094 724.9190673828125 230.94955444335938
624.9532470703125 1123.943359375 546.5930786132812 1093.8638916015625
513.3603515625 920.0200805664062 469.4271240234375 870.2479858398438
765.6143188476562 655.1138916015625 776.3779907226562 647.8416137695312
369.531494140625 488.6298522949219 395.08636474609375 387.95465087890625
528.5694580078125 943.732666015625 480.8213195800781 896.7566528320312
609.0933837890625 1141.181884765625 527.4149780273438 1108.1912841796875
546.109375 789.1204833984375 527.3463134765625 742.2948608398438
647.3225708007812 599.375244140625 666.6973266601562 567.486572265625
720.8175659179688 1178.3455810546875 632.1126708984375 1161.149169921875
959.1369018554688 627.4766235351562 973.0128784179688 653.7472534179688
675.2803955078125 1182.5914306640625 588.3326416015625 1156.6341552734375
831.9847412109375 437.0045166015625 887.19970703125 436.9942932128906
818.9337768554688 413.3280334472656 882.1009521484375 410.13037109375
311.78387451171875 813.4560546875 273.0965576171875 721.2022705078125
486.79632568359375 544.8516845703125 509.2027893066406 475.7948303222656
595.8555297851562 626.9876098632812 610.0484619140625 584.9931640625
765.6143188476562 655.1138916015625 776.3779907226562 647.8416137695312
554.70458984375 725.7164306640625 547.8137817382812 678.34716796875
449.2503967285156 672.3267211914062 446.70574951171875 600.0408935546875
617.6508178710938 572.9954833984375 641.6309814453125 533.0645751953125
383.38568115234375 550.370849609375 399.55377197265625 457.4078369140625
688.2725830078125 222.4711456298828 783.61865234375 180.75439453125
485.49896240234375 1055.129150390625 415.7044982910156 1002.6380615234375
502.94140625 986.461181640625 443.35064697265625 933.548583984375
688.0401000976562 185.1616973876953 792.5183715820312 142.09597778320312
329.1726989746094 793.4647827148438 293.9174499511719 705.1852416992188
912.2550659179688 264.68865966796875 1003.403564453125 276.4246826171875
678.9074096679688 201.97476196289062 776.6250610351562 156.9461669921875
371.72296142578125 637.9669189453125 367.2664489746094 550.462646484375
460.2847595214844 702.2202758789062 452.8885803222656 634.7783203125
583.7531127929688 635.8077392578125 593.950439453125 590.21142578125
743.1434326171875 668.5742797851562 751.6094970703125 656.9930419921875
347.3203430175781 510.1731262207031 364.6402282714844 409.3078308105469
787.129150390625 484.8373718261719 830.3623046875 477.4274597167969
773.05322265625 414.510498046875 832.2459716796875 402.0177307128906
577.5843505859375 1097.5977783203125 503.4823913574219 1059.8017578125
452.5267028808594 725.7030029296875 440.4368591308594 657.25732421875
734.396728515625 663.441650390625 744.0680541992188 647.4573364257812
494.197509765625 351.7735900878906 553.6929321289062 269.5914611816406
829.1530151367188 464.77056884765625 877.8261108398438 466.422119140625
424.62481689453125 877.926513671875 383.4689636230469 810.3485717773438
532.7792358398438 931.7850952148438 486.44525146484375 886.3593139648438
371.72296142578125 637.9669189453125 367.2664489746094 550.462646484375
945.4154052734375 530.9928588867188 980.3748779296875 557.234375
629.92236328125 393.95599365234375 691.8591918945312 349.6772155761719
466.34283447265625 1025.006591796875 401.067626953125 967.9769287109375
913.5762329101562 681.1665649414062 922.404296875 701.8084106445312
748.436767578125 1161.5548095703125 664.2211303710938 1146.67529296875
400.66375732421875 854.1634521484375 362.3009948730469 780.9169311523438
501.6871032714844 534.4791259765625 527.5383911132812 467.65374755859375
614.596435546875 404.26995849609375 671.1980590820312 356.478515625
843.588623046875 260.5467529296875 934.1410522460938 258.1011657714844
532.7792358398438 931.7850952148438 486.44525146484375 886.3593139648438
384.8367004394531 492.2128601074219 410.2376708984375 396.1031799316406
309.357666015625 787.037353515625 274.7708740234375 693.5184936523438
536.5711669921875 967.1942138671875 484.70306396484375 922.7193603515625
469.6910705566406 691.8701782226562 465.3365173339844 626.5248413085938
876.4952392578125 1209.9158935546875 777.5121459960938 1215.822509765625
328.97265625 785.0457153320312 296.2380065917969 693.3867797851562
534.1481323242188 890.9706420898438 495.3268127441406 843.4097290039062
876.4952392578125 1209.9158935546875 777.5121459960938 1215.822509765625
976.1873779296875 1066.810791015625 904.4923706054688 1090.394775390625
353.8270263671875 485.7107238769531 376.0593566894531 384.7021789550781
440.9663391113281 732.8161010742188 427.0367431640625 661.30029296875
937.9246215820312 1260.35791015625 826.9093017578125 1271.8314208984375
327.6653747558594 967.4364013671875 262.0146179199219 887.075927734375
76.71943664550781 623.0892944335938 38.60958480834961 471.00213623046875
950.3770751953125 464.4009704589844 1000.0973510742188 488.5007019042969
609.0933837890625 1141.181884765625 527.4149780273438 1108.1912841796875
843.588623046875 260.5467529296875 934.1410522460938 258.1011657714844
339.4276123046875 678.5408935546875 327.1872253417969 582.6768188476562
756.6630249023438 638.5731811523438 769.6209716796875 631.1505126953125
995.77880859375 1124.3341064453125 910.0007934570312 1149.415771484375
740.0525512695312 682.1445922851562 745.9863891601562 666.1552124023438
857.5691528320312 272.1727600097656 945.9957275390625 272.80712890625
533.5857543945312 918.6069946289062 490.70269775390625 872.8855590820312
402.1037292480469 836.2698974609375 366.529052734375 763.1312255859375
533.5857543945312 918.6069946289062 490.70269775390625 872.8855590820312
1021.32958984375 1348.442626953125 891.927978515625 1365.025146484375
1025.63916015625 743.5599365234375 1015.2853393554688 785.3597412109375
443.27642822265625 678.0048217773438 439.0483703613281 606.8386840820312
766.9290161132812 430.1125183105469 822.6282348632812 416.8244934082031
298.91229248046875 794.2382202148438 262.28802490234375 698.6203002929688
361.8626708984375 501.5462341308594 383.5997009277344 401.6826477050781
740.0525512695312 682.1445922851562 745.9863891601562 666.1552124023438
473.8383483886719 1027.5604248046875 408.8613586425781 972.7385864257812
584.8023071289062 1140.9024658203125 502.7915344238281 1103.8790283203125
557.8384399414062 770.1619873046875 542.844482421875 724.790771484375
562.2377319335938 785.2843017578125 545.0651245117188 740.5350952148438
328.33984375 649.0545043945312 320.246337890625 550.3541870117188
774.8174438476562 445.71844482421875 823.0697021484375 434.8101501464844
864.484375 1231.962890625 763.815185546875 1236.8140869140625
890.1002807617188 1249.627197265625 784.4781494140625 1253.6376953125
847.2106323242188 292.5576171875 930.640380859375 287.7265625
641.4578247070312 429.3556213378906 694.3771362304688 387.9944763183594
1056.6787109375 974.9535522460938 998.0119018554688 1014.8701171875
522.931640625 542.5618286132812 548.7861938476562 480.6472473144531
1056.6787109375 974.9535522460938 998.0119018554688 1014.8701171875
309.357666015625 787.037353515625 274.7708740234375 693.5184936523438
929.930419921875 527.1715087890625 964.9510498046875 551.2800903320312
1056.6787109375 974.9535522460938 998.0119018554688 1014.8701171875
