42.095130920410156
50.5272216796875
52.0
55.34437561035156
56.7274169921875
59.84981155395508
62.257530212402344
65.81793212890625
68.40321350097656
68.7677230834961
69.75672149658203
70.73896026611328
71.89575958251953
72.02777099609375
73.55950164794922
73.97972869873047
75.7165756225586
75.90125274658203
75.95393371582031
76.03946685791016
76.30858612060547
76.88953399658203
77.23341369628906
77.93586730957031
78.05126190185547
78.31985473632812
78.65113067626953
78.83527374267578
80.3803482055664
80.47359466552734
81.51073455810547
81.92679595947266
82.86736297607422
83.57032775878906
84.07734680175781
85.35221099853516
85.5453109741211
86.29600524902344
86.31338500976562
86.35391998291016
86.6025390625
86.6256332397461
86.92525482177734
87.0746841430664
88.16461944580078
88.18163299560547
89.06177520751953
89.12911987304688
89.4315414428711
90.80748748779297
91.06591033935547
91.46037292480469
91.56964874267578
91.80413818359375
92.94084167480469
92.98925018310547
93.20944213867188
93.90420532226562
94.32920837402344
94.66783905029297
95.45679473876953
95.4725112915039
96.24967193603516
96.36907958984375
97.1956787109375
98.31072998046875
98.43779754638672
98.4834976196289
98.71676635742188
99.55400848388672
99.88493347167969
100.17485046386719
100.24469757080078
100.45397186279297
100.85633087158203
101.33113861083984
102.10289001464844
102.94173431396484
103.4794692993164
103.79306030273438
103.81714630126953
104.31682586669922
104.41743469238281
105.91033935546875
105.91978454589844
106.536376953125
106.75672912597656
107.340576171875
107.4709243774414
107.70329284667969
107.82856750488281
107.91663360595703
108.46658325195312
108.48502349853516
109.45775604248047
110.1226577758789
110.31319427490234
110.47624206542969
111.18453216552734
111.60197448730469
111.83470153808594
112.2630844116211
112.72089385986328
112.95574188232422
112.97787475585938
113.1856918334961
113.60017395019531
114.0570068359375
114.5338363647461
115.27359008789062
115.61141967773438
116.133544921875
116.6061782836914
116.92733001708984
118.08048248291016
118.2962417602539
119.12178802490234
119.12598419189453
119.83321380615234
120.43255615234375
120.77665710449219
122.36421203613281
122.53978729248047
123.4625473022461
124.97999572753906
126.1308822631836
126.77144622802734
129.26329040527344
130.88926696777344
131.0381622314453
132.0
132.5631866455078
132.73281860351562
132.95863342285156
133.43162536621094
134.3354034423828
136.3048095703125
136.3414764404297
136.8795166015625
137.55726623535156
137.6154022216797
138.39797973632812
139.1797332763672
139.60658264160156
139.75335693359375
139.84991455078125
139.9857177734375
140.23907470703125
140.37449645996094
140.64849853515625
142.12318420410156
142.9335479736328
144.02430725097656
145.70518493652344
145.7875213623047
146.45135498046875
146.92855834960938
147.0714111328125
147.2243194580078
147.3974151611328
147.6177520751953
147.68885803222656
147.79039001464844
148.9698028564453
149.3887481689453
150.6154022216797
152.65975952148438
153.66847229003906
154.96450805664062
156.214599609375
156.84706115722656
160.03125
160.68914794921875
162.62841796875
163.40135192871094
164.8393096923828
166.71832275390625
166.9940185546875
167.11373901367188
167.6573944091797
178.62530517578125
179.80545043945312
185.2430877685547
188.50198364257812
188.7696990966797
189.13751220703125
190.05789184570312
190.28399658203125
192.70184326171875
194.10305786132812
196.61129760742188
196.94668579101562
211.74276733398438
215.74986267089844
217.70162963867188
226.46853637695312
227.58074951171875
229.0261993408203
236.2731475830078
237.9705810546875
