637.9330444335938 658.1014404296875 894.5084228515625 862.3557739257812
740.3201293945312 647.3128051757812 848.560791015625 971.1356811523438
514.347412109375 788.3193359375 819.1491088867188 649.177734375
547.8107299804688 736.13623046875 861.3880615234375 715.4083862304688
603.97412109375 644.0965576171875 932.8838500976562 827.3739013671875
544.5582885742188 709.1021728515625 895.8616943359375 721.5057373046875
499.9619140625 678.577880859375 965.6295166015625 669.17236328125
603.97412109375 644.0965576171875 932.8838500976562 827.3739013671875
626.1055297851562 653.6287231445312 908.0995483398438 851.4031372070312
626.1055297851562 653.6287231445312 908.0995483398438 851.4031372070312
904.5320434570312 515.979248046875 890.048095703125 1158.6131591796875
581.93017578125 605.9096069335938 997.2466430664062 815.173583984375
814.40625 645.0386352539062 815.6257934570312 1037.4322509765625
656.7412719726562 629.3817749023438 916.15966796875 896.2379760742188
535.5916137695312 732.0947265625 873.5045166015625 701.02880859375
788.84912109375 634.6500854492188 836.5642700195312 1019.9678955078125
771.191162109375 620.6695556640625 859.2887573242188 1012.1595458984375
647.3225708007812 599.375244140625 955.7487182617188 897.6045532226562
740.3201293945312 647.3128051757812 848.560791015625 971.1356811523438
664.0831909179688 590.8740844726562 954.4108276367188 919.6563110351562
756.6630249023438 638.5731811523438 846.9337158203125 988.8322143554688
621.6680297851562 663.4325561523438 898.43017578125 841.22021484375
522.3595581054688 767.74072265625 839.9443969726562 669.2955932617188
768.2225341796875 501.0587463378906 987.3643188476562 1063.3485107421875
949.1448974609375 549.1069946289062 844.4093017578125 1173.247314453125
592.9720458984375 640.3782348632812 945.682373046875 815.9812622070312
465.3247375488281 736.234130859375 915.898681640625 592.8278198242188
767.87939453125 462.9571838378906 1029.8944091796875 1080.4481201171875
595.5681762695312 610.8616943359375 982.6759643554688 830.0552978515625
612.6061401367188 625.0885009765625 949.4662475585938 847.4820556640625
528.5694580078125 943.732666015625 640.2703247070312 617.6597900390625
625.9281005859375 600.8748168945312 970.719970703125 873.2282104492188
628.134033203125 577.9996337890625 995.9483032226562 884.2613525390625
902.9708862304688 539.2507934570312 869.1520385742188 1146.11767578125
794.8439331054688 650.7360229492188 818.5211791992188 1015.8052978515625
769.4628295898438 642.4617309570312 838.4237670898438 999.951171875
513.3603515625 920.0200805664062 670.9843139648438 602.5398559570312
445.29400634765625 705.6921997070312 976.2177124023438 569.2564697265625
800.5260620117188 490.6045837402344 976.5298461914062 1096.3494873046875
445.29400634765625 705.6921997070312 976.2177124023438 569.2564697265625
532.7792358398438 931.7850952148438 651.5945434570312 626.1241455078125
532.7792358398438 931.7850952148438 651.5945434570312 626.1241455078125
637.7125244140625 592.989013671875 969.3619995117188 890.3222045898438
780.4448852539062 665.2772827148438 811.3241577148438 999.9019165039062
743.1434326171875 668.5742797851562 825.1373291015625 965.9053955078125
512.1168823242188 931.4352416992188 659.0322265625 596.2673950195312
621.7777099609375 636.0581665039062 928.3265991210938 851.8907470703125
389.1915283203125 824.351318359375 854.31494140625 419.09393310546875
475.95166015625 1040.7921142578125 556.69140625 507.2922668457031
765.6143188476562 655.1138916015625 827.3792114257812 990.496826171875
765.6143188476562 655.1138916015625 827.3792114257812 990.496826171875
