114.92171478271484
124.73973083496094
128.7982940673828
134.80726623535156
139.7783966064453
141.7215576171875
144.8102264404297
144.96896362304688
149.82656860351562
154.25303649902344
156.83111572265625
159.11630249023438
161.51780700683594
166.55929565429688
169.7174072265625
169.9676513671875
172.86700439453125
174.2354736328125
175.2113037109375
177.08755493164062
182.6389923095703
186.20956420898438
189.95262145996094
194.46080017089844
197.9545440673828
201.3231201171875
202.5438232421875
209.06936645507812
212.07545471191406
218.09400939941406
222.9820556640625
227.61370849609375
235.70956420898438
242.51597595214844
244.94285583496094
