96.43132019042969
98.6204833984375
113.23868560791016
114.76933288574219
116.8417739868164
122.05736541748047
125.63040924072266
126.90153503417969
128.59237670898438
129.6456756591797
130.95419311523438
131.43820190429688
131.82943725585938
135.77554321289062
135.89334106445312
136.09555053710938
136.6089324951172
136.83201599121094
138.4051971435547
139.29464721679688
139.48118591308594
143.30735778808594
144.145751953125
146.86387634277344
147.81068420410156
147.9898681640625
149.77650451660156
150.6154022216797
153.83106994628906
153.83106994628906
154.13954162597656
155.39627075195312
159.58383178710938
165.04847717285156
166.62232971191406
167.16758728027344
167.83920288085938
167.9255828857422
170.6458282470703
171.28338623046875
179.78875732421875
181.95054626464844
182.52670288085938
185.18638610839844
185.25387573242188
185.8978271484375
187.3526153564453
191.24069213867188
191.26422119140625
196.67994689941406
205.86160278320312
208.6240692138672
211.24867248535156
213.99533081054688
214.9325408935547
215.3856964111328
215.89349365234375
220.48582458496094
232.1658935546875
240.5410614013672
241.20530700683594
244.59967041015625
248.8453369140625
261.9980773925781
272.65728759765625
