919.6600341796875 507.23187255859375 718.5349731445312 1236.293701171875
514.347412109375 788.3193359375 923.6857299804688 792.0679321289062
679.552490234375 583.5734252929688 873.4976196289062 1104.259521484375
544.5582885742188 709.1021728515625 946.8189086914062 899.4142456054688
656.7412719726562 629.3817749023438 868.364990234375 1050.985107421875
535.5916137695312 732.0947265625 940.104248046875 871.1239013671875
522.3595581054688 767.74072265625 930.5657348632812 823.711181640625
581.93017578125 605.9096069335938 974.4949340820312 1036.9749755859375
664.0831909179688 590.8740844726562 885.2352294921875 1089.667236328125
756.6630249023438 638.5731811523438 769.0819702148438 1082.6815185546875
612.6061401367188 625.0885009765625 920.43603515625 1032.1820068359375
621.6680297851562 663.4325561523438 882.5425415039062 999.9360961914062
814.40625 645.0386352539062 722.7460327148438 1100.512451171875
829.1530151367188 464.77056884765625 806.832763671875 1256.1241455078125
740.3201293945312 647.3128051757812 778.7026977539062 1070.5950927734375
904.5320434570312 515.979248046875 723.0652465820312 1224.0567626953125
800.5260620117188 490.6045837402344 816.0151977539062 1227.4810791015625
554.70458984375 725.7164306640625 916.7240600585938 891.4651489257812
800.1669311523438 420.21600341796875 856.6036987304688 1289.988525390625
768.2225341796875 501.0587463378906 838.6123657226562 1210.5191650390625
766.9290161132812 430.1125183105469 882.3410034179688 1276.9261474609375
492.0068664550781 888.7998657226562 877.6559448242188 665.702880859375
617.6508178710938 572.9954833984375 951.6168212890625 1088.820068359375
769.4628295898438 642.4617309570312 757.5457763671875 1085.7384033203125
781.4443359375 468.42327880859375 845.726318359375 1243.1365966796875
647.3225708007812 599.375244140625 898.1028442382812 1076.719970703125
809.0067138671875 476.8723449707031 816.3284912109375 1240.781982421875
767.87939453125 462.9571838378906 861.4833374023438 1243.8876953125
626.1055297851562 653.6287231445312 884.9031372070312 1011.002197265625
945.4154052734375 530.9928588867188 692.4796142578125 1224.048828125
794.8439331054688 650.7360229492188 735.7210083007812 1086.2451171875
651.0209350585938 399.225830078125 1034.3916015625 1287.234375
557.8384399414062 770.1619873046875 883.07568359375 847.0659790039062
743.1434326171875 668.5742797851562 763.4739379882812 1053.5018310546875
562.2377319335938 785.2843017578125 866.1724853515625 835.5703125
