618.4976806640625 984.0227661132812 767.21826171875 977.6573486328125
860.1315307617188 919.3358154296875 670.922119140625 769.7388305664062
689.7340087890625 981.69384765625 748.4591064453125 899.2850952148438
774.8296508789062 993.365478515625 742.14306640625 815.4540405273438
613.68798828125 887.2262573242188 686.0050048828125 1001.7416381835938
673.1802978515625 794.7755126953125 607.8206787109375 958.5678100585938
851.2671508789062 877.5184936523438 645.7015991210938 791.504150390625
661.633544921875 960.9577026367188 737.3646850585938 934.9190673828125
689.7188110351562 881.2489624023438 667.182861328125 927.1528930664062
883.8018188476562 846.4243774414062 622.1695556640625 776.0848999023438
901.8576049804688 814.8848876953125 600.2966918945312 772.98876953125
585.6340942382812 969.6661376953125 758.6026000976562 1017.62255859375
865.3204345703125 893.3162231445312 652.075439453125 774.5669555664062
878.6538696289062 850.3997802734375 626.884033203125 778.470458984375
842.5846557617188 1052.52197265625 779.6063842773438 733.666259765625
757.5416870117188 992.6648559570312 745.8678588867188 833.966796875
794.4493408203125 838.71630859375 625.3689575195312 846.614501953125
584.3067016601562 985.239501953125 777.6599731445312 1016.1266479492188
725.5513305664062 872.7050170898438 658.4268798828125 896.3146362304688
811.4013671875 1020.8130493164062 759.11865234375 773.6306762695312
853.1651611328125 995.8706665039062 731.4146728515625 749.2970581054688
812.283447265625 861.4976196289062 638.7859497070312 825.9342041015625
824.7132568359375 973.6165771484375 717.6417846679688 778.4293823242188
710.32177734375 840.345458984375 636.4822387695312 918.0035400390625
669.9116821289062 828.2947998046875 631.8629760742188 956.8794555664062
732.459716796875 780.841552734375 595.7667846679688 913.5320434570312
651.6506958007812 840.4039306640625 641.9715576171875 972.2157592773438
614.2086791992188 859.7196655273438 664.6505737304688 1005.9038696289062
842.725830078125 1000.9118041992188 734.7597045898438 754.3807983398438
726.5601806640625 828.3787841796875 626.7942504882812 905.149658203125
706.5799560546875 813.6678466796875 617.6676025390625 927.7940673828125
