522.49658203125 708.2940673828125 844.3011474609375 924.0282592773438
540.3614501953125 659.2039794921875 849.1808471679688 987.5777587890625
540.3614501953125 659.2039794921875 849.1808471679688 987.5777587890625
452.1088562011719 671.3936157226562 965.6149291992188 927.55322265625
547.8137817382812 678.34716796875 828.3623657226562 969.39501953125
545.0651245117188 740.5350952148438 800.2269287109375 899.1304321289062
527.3463134765625 742.2948608398438 820.5202026367188 887.2457275390625
545.0651245117188 740.5350952148438 800.2269287109375 899.1304321289062
528.4798583984375 698.6878051757812 842.4694213867188 935.0859985351562
506.30078125 715.4281616210938 861.8659057617188 908.4094848632812
509.44708251953125 732.067138671875 849.1820678710938 888.2356567382812
456.57208251953125 695.303955078125 943.5194702148438 900.2374877929688
472.3936462402344 653.4342041015625 943.82275390625 959.6178588867188
582.1459350585938 593.9895629882812 831.8763427734375 1078.9608154296875
603.4771728515625 597.7577514648438 804.2005004882812 1080.3533935546875
482.4363098144531 868.0033569335938 810.1436767578125 715.030517578125
452.2835998535156 833.738525390625 868.4493408203125 731.4660034179688
558.987060546875 720.05126953125 794.0222778320312 929.2711181640625
490.70269775390625 872.8855590820312 799.1388549804688 714.954345703125
626.9842529296875 585.3840942382812 783.915771484375 1098.9678955078125
482.1985778808594 624.9517822265625 947.9189453125 998.4746704101562
465.0638732910156 881.64794921875 825.66845703125 684.7982177734375
636.203369140625 617.0280151367188 760.2684936523438 1068.29736328125
486.44525146484375 886.3593139648438 796.5922241210938 697.6112060546875
456.57208251953125 695.303955078125 943.5194702148438 900.2374877929688
645.1052856445312 563.578369140625 776.3214721679688 1128.64306640625
486.44525146484375 886.3593139648438 796.5922241210938 697.6112060546875
395.1460876464844 760.1657104492188 1005.068359375 770.2916870117188
472.63848876953125 905.723876953125 802.88525390625 664.8139038085938
600.47998046875 577.3578491210938 817.9985961914062 1101.1868896484375
558.987060546875 720.05126953125 794.0222778320312 929.2711181640625
393.580078125 745.97412109375 1016.5299072265625 786.4700317382812
490.70269775390625 872.8855590820312 799.1388549804688 714.954345703125
672.8717651367188 596.9037475585938 733.0715942382812 1099.4127197265625
440.4368591308594 657.25732421875 995.3869018554688 938.3717041015625
641.6309814453125 533.0645751953125 793.63671875 1159.531494140625
490.8322448730469 861.04345703125 804.3139038085938 729.95849609375
769.6209716796875 631.1505126953125 637.1322021484375 1092.7216796875
472.63848876953125 905.723876953125 802.88525390625 664.8139038085938
1013.5760498046875 552.4359130859375 511.374267578125 1198.4385986328125
666.6973266601562 567.486572265625 751.3856201171875 1130.54638671875
376.16619873046875 777.7371826171875 1027.9990234375 726.9528198242188
376.16619873046875 777.7371826171875 1027.9990234375 726.9528198242188
568.763427734375 722.1287231445312 782.3665161132812 931.7699584960938
