368.5772399902344 811.9431762695312 908.511474609375 1144.238037109375
458.0423583984375 893.0843505859375 778.8113403320312 980.818603515625
386.50628662109375 825.1151733398438 878.5906372070312 1112.606689453125
351.7060241699219 732.9757080078125 925.8408203125 1305.1456298828125
490.8322448730469 861.04345703125 735.1497192382812 1025.9327392578125
490.4096984863281 903.5623779296875 739.1923828125 964.01513671875
452.2835998535156 833.738525390625 776.9827270507812 1073.9359130859375
401.067626953125 967.9769287109375 875.0578002929688 855.20361328125
472.63848876953125 905.723876953125 762.8311767578125 962.4295043945312
376.16619873046875 777.7371826171875 887.4569091796875 1201.9798583984375
486.44525146484375 886.3593139648438 741.0994873046875 989.4439697265625
376.6299133300781 799.4796752929688 889.22998046875 1163.95166015625
490.70269775390625 872.8855590820312 733.8795166015625 1009.915283203125
472.63848876953125 905.723876953125 762.8311767578125 962.4295043945312
420.1239013671875 826.3383178710938 825.5805053710938 1093.20654296875
366.529052734375 763.1312255859375 900.9976806640625 1232.789306640625
475.39410400390625 833.3272705078125 747.7066040039062 1070.112548828125
366.529052734375 763.1312255859375 900.9976806640625 1232.789306640625
486.44525146484375 886.3593139648438 741.0994873046875 989.4439697265625
362.3009948730469 780.9169311523438 914.3660278320312 1204.1435546875
515.87158203125 861.5861206054688 704.7055053710938 1020.8004760742188
420.1239013671875 826.3383178710938 825.5805053710938 1093.20654296875
367.8058166503906 744.6434326171875 896.7435913085938 1272.8385009765625
426.5684509277344 987.0301513671875 838.6079711914062 827.24560546875
