452.2835998535156 833.738525390625 805.1068115234375 1231.88720703125
535.8851928710938 1053.9891357421875 1046.9927978515625 1138.0462646484375
527.3463134765625 742.2948608398438 717.9059448242188 1147.8531494140625
972.3674926757812 997.8506469726562 887.9739379882812 702.5949096679688
603.4771728515625 597.7577514648438 611.4497680664062 1081.451904296875
490.70269775390625 872.8855590820312 841.42919921875 1191.8402099609375
490.70269775390625 872.8855590820312 841.42919921875 1191.8402099609375
1017.984619140625 937.1705322265625 829.9592895507812 686.9063110351562
465.0638732910156 881.64794921875 853.9109497070312 1221.8870849609375
413.7646789550781 744.5388793945312 728.6260986328125 1274.3302001953125
535.8851928710938 1053.9891357421875 1046.9927978515625 1138.0462646484375
641.6309814453125 533.0645751953125 572.6326904296875 1054.77197265625
522.49658203125 708.2940673828125 691.38916015625 1153.3614501953125
472.63848876953125 905.723876953125 878.94140625 1214.4129638671875
383.4689636230469 810.3485717773438 795.1577758789062 1316.41650390625
972.3674926757812 997.8506469726562 887.9739379882812 702.5949096679688
490.8322448730469 861.04345703125 827.4030151367188 1190.7127685546875
997.004638671875 940.4922485351562 834.1849365234375 701.7243041992188
952.3389282226562 968.0674438476562 863.7984008789062 727.7720336914062
377.0339050292969 719.802001953125 711.501220703125 1313.053466796875
506.30078125 715.4281616210938 696.0120239257812 1168.1878662109375
472.63848876953125 905.723876953125 878.94140625 1214.4129638671875
993.793212890625 993.4993286132812 881.881591796875 685.549560546875
616.9229125976562 553.9295654296875 584.4493408203125 1073.8668212890625
354.5035095214844 748.37109375 739.7525634765625 1341.333251953125
542.844482421875 724.790771484375 702.1285400390625 1132.983154296875
430.1216125488281 617.2903442382812 631.3926391601562 1244.7376708984375
881.9549560546875 1129.1279296875 1048.599853515625 734.8983764648438
482.1985778808594 624.9517822265625 634.5299072265625 1192.535888671875
507.863037109375 870.2658081054688 836.611083984375 1169.81640625
978.4599609375 1016.1244506835938 906.3352661132812 689.4849853515625
1006.8211669921875 1003.16259765625 888.628662109375 672.7695922851562
600.47998046875 577.3578491210938 599.135009765625 1085.7554931640625
552.9947509765625 500.09661865234375 555.5401611328125 1128.0634765625
983.4719848632812 935.603759765625 832.5518798828125 715.8421020507812
558.987060546875 720.05126953125 697.5305786132812 1116.32470703125
528.4798583984375 698.6878051757812 683.5291748046875 1147.2545166015625
522.49658203125 708.2940673828125 691.38916015625 1153.3614501953125
465.6513671875 841.1063232421875 812.4656372070312 1218.61376953125
376.16619873046875 777.7371826171875 763.8540649414062 1319.6954345703125
346.64990234375 594.7117309570312 620.0035400390625 1328.6033935546875
1001.5029907226562 980.2867431640625 868.0784301757812 685.4118041992188
665.4400634765625 411.6189880371094 509.0687561035156 1044.7076416015625
401.067626953125 967.9769287109375 970.1298828125 1313.603759765625
426.5684509277344 987.0301513671875 986.385009765625 1281.8544921875
881.9549560546875 1129.1279296875 1048.599853515625 734.8983764648438
459.7367858886719 622.14892578125 632.4647827148438 1215.2921142578125
998.0119018554688 1014.8701171875 900.6216430664062 675.6370849609375
415.7044982910156 1002.6380615234375 1014.2116088867188 1301.479736328125
426.76556396484375 650.1923217773438 657.7958374023438 1248.77294921875
352.43267822265625 774.7842407226562 764.1041870117188 1348.6834716796875
351.3292236328125 537.7604370117188 580.5940551757812 1316.6407470703125
545.0651245117188 740.5350952148438 714.5193481445312 1130.265380859375
603.4771728515625 597.7577514648438 611.4497680664062 1081.451904296875
545.0651245117188 740.5350952148438 714.5193481445312 1130.265380859375
426.76556396484375 650.1923217773438 657.7958374023438 1248.77294921875
610.8262939453125 566.6519165039062 591.9262084960938 1078.806396484375
440.4368591308594 657.25732421875 658.6893310546875 1234.7188720703125
366.529052734375 763.1312255859375 753.1734619140625 1331.2791748046875
498.0893249511719 503.75238037109375 557.6734619140625 1176.8818359375
273.0965576171875 721.2022705078125 725.3731689453125 1438.614013671875
459.7367858886719 622.14892578125 632.4647827148438 1215.2921142578125
335.37884521484375 580.9710083007812 609.1810302734375 1339.130126953125
