655.7178344726562 987.4138793945312 745.6888427734375 906.0303955078125
593.531982421875 854.0850219726562 678.3234252929688 1032.2694091796875
565.818115234375 958.7764282226562 766.9290771484375 1001.8245239257812
580.3135986328125 952.02783203125 753.9714965820312 991.80419921875
840.6857299804688 928.055908203125 637.7307739257812 814.5328979492188
827.7271118164062 907.5674438476562 633.0565185546875 833.115478515625
799.8047485351562 922.1072387695312 647.088623046875 842.3489990234375
851.2114868164062 902.5770874023438 620.017578125 822.6470947265625
760.0260620117188 743.7788696289062 565.8483276367188 959.7542724609375
835.9821166992188 945.5173950195312 647.4627685546875 807.9163818359375
756.0618286132812 920.6185302734375 661.7882080078125 870.8323974609375
574.6564331054688 935.2843627929688 739.4765625 1007.6868286132812
544.9843139648438 948.7396850585938 768.0239868164062 1028.7908935546875
599.4631958007812 825.9357299804688 656.560302734375 1040.980712890625
816.8087768554688 1004.2521362304688 692.0260620117188 783.92236328125
613.5562133789062 802.5370483398438 635.9701538085938 1040.568603515625
639.846923828125 936.4916381835938 713.0103149414062 948.2118530273438
791.082275390625 888.2484130859375 630.4342651367188 866.3915405273438
675.142822265625 860.2033081054688 650.96533203125 962.522216796875
747.9486694335938 941.1629028320312 676.6210327148438 865.444091796875
673.3960571289062 769.1427001953125 603.1109008789062 1012.1021728515625
735.4168701171875 980.65087890625 706.5653076171875 850.0995483398438
740.7294921875 987.7933959960938 709.7682495117188 842.4115600585938
759.163330078125 992.5245361328125 705.4987182617188 825.8552856445312
813.8161010742188 1021.2335205078125 704.6597290039062 773.7911376953125
753.3306884765625 851.9697265625 622.2791137695312 910.3953247070312
558.772705078125 932.8519897460938 747.1380004882812 1024.2926025390625
815.8087158203125 886.5410766601562 622.1525268554688 852.2862548828125
685.13427734375 940.6986083984375 699.841796875 910.2257690429688
735.6572875976562 849.5203857421875 626.0327758789062 922.918212890625
710.692626953125 860.1060180664062 639.08056640625 934.634521484375
758.6921997070312 961.6289672851562 685.7340698242188 845.1942749023438
722.3759765625 812.0410766601562 609.4264526367188 950.0413208007812
650.812744140625 856.3045654296875 656.625 981.9959106445312
685.4961547851562 797.4166870117188 612.605224609375 984.48486328125
880.8334350585938 856.8058471679688 590.9656982421875 829.3971557617188
