77.43384552001953
84.79976654052734
119.58261108398438
125.30762481689453
136.0110321044922
138.30401611328125
144.16310119628906
147.03741455078125
151.50247192382812
152.26622009277344
156.3105926513672
161.21104431152344
167.08082580566406
176.5389404296875
176.98587036132812
179.4017791748047
181.31463623046875
181.54063415527344
182.76214599609375
189.92367553710938
190.98953247070312
195.25111389160156
197.79281616210938
200.41207885742188
201.7969207763672
203.779296875
205.39474487304688
212.4099884033203
212.99061584472656
216.8962860107422
218.61839294433594
223.3069610595703
224.6285858154297
232.4951629638672
233.1480255126953
238.32540893554688
257.3518981933594
