901.38427734375 689.0489501953125 847.5427856445312 961.02001953125
888.906005859375 629.8067626953125 881.7034301757812 908.9867553710938
797.7239990234375 535.335205078125 898.6666259765625 764.9615478515625
743.5657958984375 575.622314453125 831.5316162109375 751.2885131835938
360.652099609375 674.80126953125 488.35345458984375 490.2738952636719
551.1892700195312 852.447509765625 510.2379150390625 807.5247192382812
996.1113891601562 529.4024047851562 1026.16259765625 920.27099609375
944.8364868164062 657.9627685546875 894.3438110351562 972.0918579101562
360.652099609375 674.80126953125 488.35345458984375 490.2738952636719
966.09814453125 527.1798706054688 1012.3810424804688 893.0745849609375
739.6741943359375 540.4685668945312 858.0081787109375 715.9778442382812
398.4083557128906 619.2618408203125 552.6082153320312 475.1454772949219
543.2627563476562 845.422119140625 508.9254455566406 795.931640625
767.0132446289062 556.028564453125 864.1568603515625 754.2765502929688
694.9921875 577.9953002929688 800.5090942382812 708.9662475585938
799.6478271484375 393.5093994140625 1021.7522583007812 645.3765869140625
508.8165283203125 1073.1490478515625 351.81524658203125 931.7487182617188
946.3694458007812 680.8130493164062 878.3572387695312 987.606201171875
491.1317443847656 850.9013671875 469.4059143066406 753.638427734375
899.8484497070312 660.384521484375 866.4407348632812 939.3151245117188
886.08544921875 653.8884887695312 866.8731689453125 924.0596923828125
609.9630737304688 725.2962646484375 636.1552734375 759.0663452148438
423.9791564941406 926.5618896484375 372.2315979003906 758.2281494140625
909.3211669921875 651.6465454101562 882.0304565429688 942.6226806640625
451.4024353027344 949.9322509765625 380.0986328125 802.0232543945312
569.5553588867188 621.1312866210938 680.7138061523438 640.6763305664062
912.2130126953125 635.3286743164062 891.20263671875 931.6390991210938
671.4047241210938 438.176513671875 895.666259765625 565.7926635742188
673.1362915039062 402.02099609375 924.5859375 535.1531982421875
376.6626281738281 603.585205078125 547.68359375 438.39569091796875
374.7448425292969 654.994873046875 512.423095703125 482.38568115234375
569.1177368164062 853.8089599609375 518.6177978515625 821.8350219726562
443.844970703125 913.5770874023438 393.7080078125 766.4193725585938
830.9556274414062 615.0809326171875 858.9169921875 852.625
543.2627563476562 845.422119140625 508.9254455566406 795.931640625
441.940673828125 981.56494140625 356.5191345214844 818.131103515625
515.59619140625 864.96875 479.3706359863281 786.861572265625
512.6117553710938 594.7191772460938 658.4078979492188 557.7507934570312
671.4047241210938 438.176513671875 895.666259765625 565.7926635742188
629.6953735351562 709.2263793945312 657.7957153320312 760.8167114257812
907.36474609375 719.2935180664062 831.5768432617188 985.2360229492188
522.9762573242188 1057.5792236328125 370.4381103515625 933.703857421875
737.1680297851562 624.5053100585938 794.3399658203125 783.1997680664062
477.0611572265625 740.7219848632812 529.8637084960938 657.3223876953125
466.39697265625 935.1532592773438 397.64794921875 803.6930541992188
769.4007568359375 521.630859375 892.0386352539062 728.9685668945312
820.4635009765625 391.6333312988281 1035.5716552734375 662.4876708984375
537.830078125 416.3456115722656 822.6779174804688 412.3987731933594
398.4083557128906 619.2618408203125 552.6082153320312 475.1454772949219
527.8106689453125 395.53472900390625 832.493408203125 379.99591064453125
445.2472229003906 715.4314575195312 521.3851318359375 608.0202026367188
716.38330078125 585.231689453125 807.7249145507812 735.2242431640625
546.011474609375 636.2600708007812 653.5387573242188 628.6920166015625
640.816162109375 433.9134216308594 877.2277221679688 532.9441528320312
435.91162109375 697.8883666992188 527.6254272460938 581.3036499023438
544.2196655273438 564.1762084960938 704.9525756835938 560.6904296875
417.51483154296875 484.5479431152344 672.121826171875 355.4891662597656
469.2477722167969 953.1998291015625 389.4141845703125 817.2716064453125
565.54052734375 364.5614013671875 883.68408203125 389.1564025878906
378.51177978515625 622.5991821289062 536.2958374023438 457.8428955078125
417.5421142578125 946.4291381835938 356.3731384277344 770.1696166992188
527.8106689453125 395.53472900390625 832.493408203125 379.99591064453125
662.6607055664062 449.33795166015625 878.77392578125 568.396484375
512.1880493164062 378.92803955078125 836.4346313476562 342.65771484375
469.136962890625 969.175048828125 381.45208740234375 829.4747314453125
739.6741943359375 540.4685668945312 858.0081787109375 715.9778442382812
425.4642333984375 968.2407836914062 350.6278381347656 794.0242309570312
579.3519897460938 603.5625 702.521240234375 629.4352416992188
873.6707153320312 707.6725463867188 817.0534057617188 954.2272338867188
579.3519897460938 603.5625 702.521240234375 629.4352416992188
798.4119262695312 373.218994140625 1039.0098876953125 625.9740600585938
545.4486694335938 481.5647888183594 769.31982421875 483.2530517578125
790.7832641601562 596.2304077148438 843.427978515625 806.5691528320312
583.8004150390625 336.6895446777344 921.8609619140625 379.64215087890625
907.36474609375 719.2935180664062 831.5768432617188 985.2360229492188
523.7338256835938 1031.1156005859375 387.26422119140625 914.35693359375
840.2420043945312 701.726318359375 801.2846069335938 920.8610229492188
577.9075317382812 845.9143676757812 532.8622436523438 824.428955078125
443.5367431640625 516.0460815429688 666.01611328125 417.446044921875
662.6607055664062 449.33795166015625 878.77392578125 568.396484375
452.24566650390625 732.62744140625 515.1889038085938 627.3103637695312
716.38330078125 585.231689453125 807.7249145507812 735.2242431640625
442.4980773925781 954.4527587890625 371.2122802734375 796.5617065429688
671.0242919921875 460.4303283691406 877.0427856445312 585.8212280273438
429.45965576171875 724.9096069335938 504.57745361328125 599.5460815429688
531.4182739257812 815.3899536132812 519.856201171875 762.8243408203125
681.1618041992188 447.2997741699219 894.9287719726562 583.5516357421875
892.4649658203125 704.0769653320312 829.2831420898438 967.1491088867188
529.9676513671875 377.022705078125 848.3773193359375 361.28155517578125
637.7005004882812 736.69677734375 647.381103515625 789.415283203125
437.0966491699219 747.914306640625 498.1203918457031 628.2963256835938
733.2040405273438 387.0185241699219 980.8627319335938 577.1466674804688
658.7456665039062 471.9559326171875 858.2928466796875 588.8275756835938
445.2472229003906 715.4314575195312 521.3851318359375 608.0202026367188
453.680908203125 935.1533813476562 390.3777770996094 793.6988525390625
448.4578552246094 693.6513061523438 538.192138671875 592.7636108398438
539.5744018554688 1069.9625244140625 372.4841003417969 951.4275512695312
351.6924133300781 643.9880981445312 500.1225891113281 454.02374267578125
773.71044921875 445.5963439941406 954.5595092773438 668.3345336914062
533.9283447265625 317.70013427734375 907.240478515625 305.2849426269531
456.12310791015625 967.4798583984375 376.50042724609375 816.7166748046875
