37.2827033996582
44.03407669067383
44.47471237182617
47.39198303222656
48.96937942504883
51.46843719482422
53.36665725708008
53.563045501708984
54.68089294433594
55.56977462768555
56.07138442993164
56.426944732666016
57.07889175415039
57.645469665527344
58.566200256347656
60.67124557495117
60.87692642211914
62.449981689453125
63.9609260559082
64.03124237060547
65.77233123779297
65.84071350097656
65.87108612060547
65.9772720336914
66.72331237792969
68.05145263671875
69.28203582763672
69.6634750366211
69.7782211303711
70.82372283935547
70.94364166259766
71.33722686767578
71.48426055908203
71.58212280273438
71.79136657714844
72.02082824707031
72.95889282226562
73.10950469970703
73.48469543457031
73.5051040649414
73.85797119140625
74.69939422607422
74.83982849121094
74.99333190917969
75.703369140625
76.50489807128906
77.2139892578125
77.3175277709961
77.58221435546875
79.11384582519531
80.21221923828125
80.43630981445312
81.20344543457031
82.89752960205078
82.98795318603516
83.09632873535156
83.12039184570312
83.9404525756836
83.97618865966797
85.22323608398438
85.6913070678711
85.75546264648438
86.68910217285156
87.58995056152344
87.72685241699219
88.93255615234375
89.45389556884766
89.52653503417969
89.67162322998047
91.18113708496094
91.59148406982422
91.7060546875
91.93476104736328
91.9673843383789
92.43376159667969
92.69303894042969
93.88822937011719
94.07975006103516
94.09569549560547
94.281494140625
94.3822021484375
95.46726989746094
95.5615005493164
95.91663360595703
96.03124237060547
96.06768798828125
96.3846435546875
97.69851684570312
98.39715576171875
98.53425598144531
98.69143676757812
99.12618255615234
99.84988403320312
99.9749984741211
102.24480438232422
102.43046569824219
102.498779296875
102.5865478515625
102.72293090820312
103.08248901367188
103.97595977783203
104.37911987304688
104.40785217285156
104.54185485839844
105.33755493164062
105.88201141357422
105.9433822631836
106.15554809570312
106.40958404541016
106.90182495117188
107.97685241699219
108.28665924072266
108.55413055419922
109.41663360595703
109.45775604248047
109.59014892578125
109.90450286865234
110.081787109375
110.94593048095703
111.6243667602539
112.07140350341797
112.27644348144531
112.44109344482422
112.74307250976562
112.86274719238281
113.30048370361328
113.62657928466797
114.80418395996094
115.16075897216797
115.20417022705078
115.65898132324219
116.36579895019531
117.39676666259766
117.42231750488281
117.49893951416016
117.74124145507812
118.89491271972656
119.16374969482422
119.72468566894531
120.05831909179688
120.71039581298828
120.72696685791016
121.05370330810547
121.07022857666016
121.15279388427734
121.18580627441406
121.21056365966797
121.34661102294922
121.81543731689453
122.38463592529297
123.18279266357422
123.37342071533203
124.33824920654297
125.07597351074219
125.80937957763672
126.07537078857422
126.30914306640625
126.72411346435547
127.53038787841797
127.72235870361328
127.97265625
128.16395568847656
128.60015869140625
128.9185791015625
129.19752502441406
129.4024658203125
129.83836364746094
129.88841247558594
130.3610382080078
130.50669860839844
130.84341430664062
131.38111877441406
131.55987548828125
132.21194458007812
132.3480224609375
132.8043670654297
133.00375366210938
133.4503631591797
133.90667724609375
134.52508544921875
134.83694458007812
135.02963256835938
135.2738037109375
135.31814575195312
135.41049194335938
135.9227752685547
135.9816131591797
136.25711059570312
137.16778564453125
138.57127380371094
139.58509826660156
139.62808227539062
140.59161376953125
140.9006805419922
141.49559020996094
142.0211181640625
142.35870361328125
142.3973388671875
142.9160614013672
144.28790283203125
145.37193298339844
146.01712036132812
146.4718475341797
146.49232482910156
147.06121826171875
148.98321533203125
149.6061553955078
149.6128387451172
149.98333740234375
150.1166229248047
150.36953735351562
151.47276306152344
151.5849609375
152.54835510253906
152.79725646972656
153.34927368164062
154.178466796875
154.259521484375
154.28221130371094
154.73202514648438
155.84286499023438
156.13134765625
156.20498657226562
156.58224487304688
157.4515838623047
157.71810913085938
158.73562622070312
158.8961944580078
159.2042694091797
159.6558837890625
160.05311584472656
160.06561279296875
160.5802001953125
161.38462829589844
164.6936492919922
164.78167724609375
166.2197265625
167.62159729003906
167.6484375
167.7796173095703
169.28968811035156
169.7174072265625
172.406494140625
173.11557006835938
173.409912109375
175.06570434570312
176.6493682861328
176.94349670410156
179.21774291992188
180.3662872314453
183.08468627929688
183.39028930664062
186.3115692138672
186.85289001464844
187.58998107910156
188.11166381835938
188.2312469482422
189.48614501953125
189.96841430664062
191.7211456298828
191.7498321533203
192.96372985839844
194.3424835205078
195.47122192382812
195.88006591796875
197.6967315673828
197.75743103027344
199.83993530273438
200.46446228027344
200.883056640625
200.9178924560547
201.39761352539062
205.5456085205078
211.16107177734375
213.82937622070312
214.64389038085938
215.70118713378906
216.65872192382812
221.6619110107422
224.97332763671875
229.375244140625
229.45587158203125
234.71258544921875
238.66294860839844
248.1511688232422
251.05377197265625
