70.29224395751953
84.87049102783203
87.78952026367188
116.07756042480469
118.45252227783203
127.34598541259766
128.89918518066406
129.39474487304688
129.79214477539062
130.27662658691406
133.23663330078125
133.8095703125
135.50645446777344
136.11024475097656
142.8775634765625
145.28248596191406
152.0789337158203
152.71868896484375
158.73878479003906
158.7450714111328
160.8446502685547
161.46826171875
161.73126220703125
162.6560821533203
163.13185119628906
167.04490661621094
167.19749450683594
168.638671875
170.23513793945312
170.28504943847656
170.2938690185547
171.968017578125
173.8620147705078
174.1493682861328
175.0142822265625
175.3795928955078
176.55027770996094
177.65415954589844
177.83981323242188
178.50210571289062
180.32748413085938
182.2635498046875
183.31121826171875
184.65643310546875
189.38848876953125
189.96315002441406
190.42059326171875
190.9450225830078
191.7133331298828
191.80718994140625
192.31224060058594
193.58460998535156
194.26271057128906
194.67665100097656
195.94131469726562
197.8079833984375
198.44898986816406
198.63031005859375
199.50437927246094
200.0399932861328
200.37464904785156
203.73020935058594
204.38198852539062
206.8429412841797
207.7618865966797
208.91146850585938
214.9744110107422
219.28976440429688
220.4291229248047
233.7969207763672
243.6575469970703
246.9595184326172
250.4416046142578
251.39808654785156
