901.38427734375 689.0489501953125 810.2508544921875 1000.6963500976562
907.36474609375 719.2935180664062 783.9288330078125 1012.2718505859375
870.5361328125 664.1515502929688 827.888671875 967.3006591796875
888.906005859375 629.8067626953125 864.5009765625 974.85205078125
899.8484497070312 660.384521484375 836.6565551757812 992.773681640625
946.3694458007812 680.8130493164062 825.00048828125 1038.0380859375
527.6635131835938 882.2996215820312 545.8128051757812 679.3099975585938
568.4228515625 839.1572875976562 597.40380859375 709.083740234375
609.9630737304688 725.2962646484375 717.894287109375 713.5511474609375
944.8364868164062 657.9627685546875 844.5106811523438 1033.811279296875
505.83697509765625 855.4329833984375 562.91357421875 641.8114624023438
545.28564453125 543.1092529296875 912.6499633789062 531.70703125
546.011474609375 636.2600708007812 799.9755249023438 590.7388305664062
743.5657958984375 575.622314453125 899.7860107421875 810.7431030273438
886.08544921875 653.8884887695312 842.203857421875 978.8220825195312
892.4649658203125 704.0769653320312 793.6298828125 997.93603515625
535.4703979492188 785.5418701171875 638.4873657226562 644.6905517578125
907.36474609375 719.2935180664062 783.9288330078125 1012.2718505859375
912.2130126953125 635.3286743164062 861.047607421875 998.7999267578125
716.38330078125 585.231689453125 887.2027587890625 782.0966796875
515.59619140625 864.96875 560.0311889648438 656.7208862304688
830.9556274414062 615.0809326171875 872.1010131835938 914.8766479492188
622.0755615234375 660.1533203125 789.3279418945312 697.2662963867188
544.2196655273438 564.1762084960938 886.1492919921875 546.4154052734375
535.7582397460938 873.14697265625 556.3935546875 685.3316650390625
595.1407470703125 692.2136840820312 750.8900756835938 678.5885620117188
720.576171875 543.604248046875 936.9273071289062 767.5536499023438
481.5756530761719 935.9164428710938 484.1402282714844 645.7681884765625
609.8484497070312 706.4630126953125 737.7589111328125 705.8523559570312
515.59619140625 864.96875 560.0311889648438 656.7208862304688
629.6953735351562 709.2263793945312 738.2018432617188 727.0853881835938
466.39697265625 935.1532592773438 477.4744567871094 627.8922119140625
453.680908203125 935.1533813476562 474.6129150390625 611.431640625
694.9921875 577.9953002929688 894.7998046875 752.6094970703125
767.0132446289062 556.028564453125 927.59814453125 829.5618896484375
716.38330078125 585.231689453125 887.2027587890625 782.0966796875
523.7338256835938 1031.1156005859375 422.8414001464844 730.0631713867188
469.136962890625 969.175048828125 451.2975158691406 645.5728759765625
577.9075317382812 845.9143676757812 593.9083251953125 722.1781616210938
717.1294555664062 562.7615356445312 912.8134765625 773.8594970703125
577.9075317382812 845.9143676757812 593.9083251953125 722.1781616210938
543.2627563476562 845.422119140625 584.3173828125 681.0056762695312
877.6729736328125 689.289306640625 807.6995849609375 976.6736450195312
565.3380737304688 1041.9674072265625 428.6271057128906 777.6245727539062
531.4182739257812 815.3899536132812 608.5812377929688 654.612548828125
873.6707153320312 707.6725463867188 787.5582885742188 981.1970825195312
914.6652221679688 704.4945678710938 798.2655029296875 1016.7861328125
441.940673828125 981.56494140625 431.457275390625 620.1993408203125
435.91162109375 697.8883666992188 702.8319702148438 463.78961181640625
553.4160766601562 597.2843627929688 847.2184448242188 578.3963623046875
520.094482421875 804.35205078125 616.7673950195312 635.2178344726562
851.1697998046875 688.4111328125 801.0579223632812 956.1844482421875
449.7144470214844 754.9143676757812 646.5258178710938 517.6636352539062
527.6635131835938 882.2996215820312 545.8128051757812 679.3099975585938
629.582763671875 725.8565673828125 720.6484375 734.2155151367188
923.3036499023438 660.1055908203125 840.7067260742188 1013.674072265625
456.12310791015625 967.4798583984375 447.9884948730469 629.9598999023438
443.844970703125 913.5770874023438 488.69354248046875 587.9557495117188
543.2627563476562 845.422119140625 584.3173828125 681.0056762695312
717.1294555664062 562.7615356445312 912.8134765625 773.8594970703125
790.7832641601562 596.2304077148438 882.2252807617188 866.8789672851562
522.9762573242188 1057.5792236328125 402.2418518066406 740.1766967773438
862.0037841796875 678.1237182617188 814.4414672851562 961.987060546875
452.24566650390625 732.62744140625 667.35888671875 507.7893371582031
552.3402099609375 579.2057495117188 868.4491577148438 569.1407470703125
423.9791564941406 926.5618896484375 472.6429748535156 569.5626220703125
563.28125 871.5474853515625 566.99169921875 716.4468383789062
469.2477722167969 953.1998291015625 465.22705078125 640.3186645507812
445.2472229003906 715.4314575195312 683.1025390625 489.43548583984375
452.24566650390625 732.62744140625 667.35888671875 507.7893371582031
365.6016845703125 625.7013549804688 770.9022827148438 301.18634033203125
539.5744018554688 1069.9625244140625 399.7602844238281 762.5510864257812
637.7005004882812 736.69677734375 713.843017578125 748.8302612304688
445.2472229003906 715.4314575195312 683.1025390625 489.43548583984375
