735.3623046875 673.7149658203125 727.916015625 1101.2828369140625
700.5552978515625 611.8595581054688 809.655517578125 1146.2261962890625
739.8609619140625 655.8134155273438 735.7640991210938 1123.000732421875
769.9337158203125 647.5401000976562 714.0975952148438 1148.3321533203125
645.0314331054688 658.9061889648438 838.1947021484375 1052.0718994140625
718.9417724609375 671.1571044921875 745.6382446289062 1093.4510498046875
758.50732421875 655.7714233398438 718.4033813476562 1134.2232666015625
584.5169067382812 605.4996337890625 979.2545776367188 1069.9786376953125
591.1091918945312 690.2798461914062 882.9256591796875 964.4324951171875
767.4645385742188 730.76806640625 664.6099243164062 1065.469970703125
706.5725708007812 585.091064453125 823.643310546875 1182.6634521484375
589.2007446289062 661.3994750976562 913.706298828125 998.248291015625
749.7098999023438 715.9281616210938 689.3599243164062 1068.095703125
581.084716796875 622.0668334960938 967.84912109375 1041.3907470703125
821.0439453125 645.108154296875 671.56591796875 1176.3258056640625
804.2478637695312 700.4343872070312 655.3092651367188 1115.9520263671875
703.8787231445312 596.6836547851562 816.0325317382812 1164.4893798828125
809.5958251953125 684.3108520507812 658.7109985351562 1133.131103515625
664.4865112304688 544.6194458007812 918.9050903320312 1210.91650390625
645.0314331054688 658.9061889648438 838.1947021484375 1052.0718994140625
749.5008544921875 558.7399291992188 795.3638305664062 1236.6976318359375
809.5958251953125 684.3108520507812 658.7109985351562 1133.131103515625
707.3701782226562 538.7990112304688 860.5111694335938 1240.10400390625
804.2478637695312 700.4343872070312 655.3092651367188 1115.9520263671875
749.5008544921875 558.7399291992188 795.3638305664062 1236.6976318359375
687.0675048828125 514.1743774414062 912.5603637695312 1262.9686279296875
724.5408935546875 545.6373901367188 834.6891479492188 1239.77392578125
707.3701782226562 538.7990112304688 860.5111694335938 1240.10400390625
575.2697143554688 658.7227172851562 939.4593505859375 984.8466796875
703.8787231445312 596.6836547851562 816.0325317382812 1164.4893798828125
657.0122680664062 735.2154541015625 760.4458618164062 979.0979614257812
753.9147338867188 673.1236572265625 711.8983154296875 1112.4912109375
910.6631469726562 597.6431274414062 635.70703125 1260.2330322265625
910.6631469726562 597.6431274414062 635.70703125 1260.2330322265625
735.3596801757812 574.3382568359375 796.232177734375 1207.588134765625
817.890380859375 697.0894165039062 645.9774780273438 1127.51904296875
808.8423461914062 652.6854858398438 678.4492797851562 1164.6737060546875
737.8807373046875 535.7498779296875 829.03125 1259.55810546875
683.5911254882812 533.4857788085938 900.718017578125 1235.789794921875
771.5177612304688 681.4194946289062 691.3327026367188 1115.8016357421875
646.5805053710938 594.3224487304688 896.2894897460938 1132.8641357421875
753.9147338867188 673.1236572265625 711.8983154296875 1112.4912109375
927.3555297851562 569.8325805664062 638.1227416992188 1290.2723388671875
701.5640869140625 565.166259765625 846.7203369140625 1202.784912109375
737.8807373046875 535.7498779296875 829.03125 1259.55810546875
