1022.043701171875 624.9103393554688 812.4666748046875 1132.5186767578125
1022.043701171875 624.9103393554688 812.4666748046875 1132.5186767578125
956.4716186523438 635.0702514648438 831.8763427734375 1078.9608154296875
875.149658203125 707.5523071289062 802.7012329101562 978.8555297851562
864.2777709960938 728.5635375976562 787.2947387695312 962.1412353515625
987.0567016601562 852.785400390625 641.9655151367188 1022.0443725585938
999.8106079101562 617.4356079101562 829.55126953125 1120.6510009765625
867.4091796875 664.9480590820312 849.1808471679688 987.5777587890625
1001.5449829101562 664.9948120117188 783.915771484375 1098.9678955078125
839.87890625 754.9633178710938 769.02978515625 929.9390258789062
971.0550537109375 656.9622192382812 804.2005004882812 1080.3533935546875
964.0553588867188 705.1490478515625 763.1116943359375 1056.67138671875
879.23974609375 757.1851806640625 752.3310546875 964.42041015625
1039.2255859375 836.2109375 640.8513793945312 1063.959228515625
995.879638671875 485.9359130859375 961.2523193359375 1177.4188232421875
673.2570190429688 834.4307250976562 771.671142578125 707.7517700195312
995.3799438476562 500.86199951171875 941.6307373046875 1166.8143310546875
980.7048950195312 703.4111328125 760.2684936523438 1068.29736328125
807.2612915039062 741.1295776367188 800.2269287109375 899.1304321289062
673.2515869140625 810.1985473632812 799.1388549804688 714.954345703125
1026.8421630859375 890.244384765625 606.1006469726562 1040.4698486328125
1036.326416015625 821.4735717773438 649.8538818359375 1069.3372802734375
1036.326416015625 821.4735717773438 649.8538818359375 1069.3372802734375
847.9166259765625 700.6723022460938 823.6648559570312 956.7554931640625
1026.8421630859375 890.244384765625 606.1006469726562 1040.4698486328125
739.1569213867188 769.179443359375 808.6093139648438 815.3810424804688
1016.3672485351562 818.1846923828125 660.0289306640625 1051.3377685546875
