538.2675170898438 565.5659790039062 979.2545776367188 1069.9786376953125
686.9915161132812 550.2838134765625 891.1552734375 1274.664794921875
670.7681884765625 540.60986328125 912.5603637695312 1262.9686279296875
686.6710815429688 599.9830322265625 834.6891479492188 1239.77392578125
637.284423828125 553.8228149414062 918.9050903320312 1210.91650390625
561.4263916015625 561.0269165039062 966.3682861328125 1106.65283203125
718.884033203125 540.423583984375 881.5737915039062 1316.88916015625
728.4188842773438 442.5049743652344 996.5379028320312 1405.9044189453125
699.9660034179688 611.3528442382812 815.5776977539062 1248.5693359375
699.8185424804688 437.5810852050781 1026.627197265625 1378.7218017578125
658.4078979492188 557.7507934570312 900.718017578125 1235.789794921875
714.7543334960938 566.9060668945312 855.2926635742188 1291.4739990234375
687.8489379882812 434.0715026855469 1042.006591796875 1368.1092529296875
718.884033203125 540.423583984375 881.5737915039062 1316.88916015625
527.6254272460938 581.3036499023438 967.84912109375 1041.3907470703125
680.7138061523438 640.6763305664062 796.232177734375 1207.588134765625
686.9915161132812 550.2838134765625 891.1552734375 1274.664794921875
552.507568359375 576.2711791992188 953.0048828125 1081.3634033203125
552.9508056640625 590.852294921875 937.0505981445312 1074.7799072265625
702.521240234375 629.4352416992188 795.3638305664062 1236.6976318359375
702.4981079101562 595.3560180664062 829.03125 1259.55810546875
822.6779174804688 412.3987731933594 963.6249389648438 1527.640625
659.3314208984375 603.918701171875 846.7203369140625 1202.784912109375
807.7249145507812 735.2242431640625 658.4282836914062 1278.8897705078125
540.81005859375 611.7444458007812 914.5578002929688 1043.12255859375
684.267333984375 424.5476379394531 1058.942626953125 1372.118408203125
699.36767578125 584.8760986328125 843.4574584960938 1262.32275390625
636.5335693359375 652.0821533203125 809.655517578125 1146.2261962890625
831.5316162109375 751.2885131835938 638.1227416992188 1290.2723388671875
653.5387573242188 628.6920166015625 823.643310546875 1182.6634521484375
560.7418212890625 613.0802612304688 900.1964111328125 1073.0272216796875
515.1889038085938 627.3103637695312 913.706298828125 998.248291015625
700.3299560546875 552.9329223632812 879.3602905273438 1284.5130615234375
861.5774536132812 602.330810546875 746.8241577148438 1411.1015625
527.6254272460938 581.3036499023438 967.84912109375 1041.3907470703125
773.611572265625 552.7706298828125 837.599609375 1362.317138671875
864.1568603515625 754.2765502929688 628.5382690429688 1317.4720458984375
633.4734497070312 730.9284057617188 727.916015625 1101.2828369140625
896.6555786132812 547.581298828125 780.5550537109375 1476.8201904296875
877.2277221679688 532.9441528320312 803.4163208007812 1471.7791748046875
704.9525756835938 560.6904296875 867.5281982421875 1287.6923828125
800.5090942382812 708.9662475585938 682.2489624023438 1286.4234619140625
858.2928466796875 588.8275756835938 759.8788452148438 1415.4013671875
657.7957153320312 760.8167114257812 691.3327026367188 1115.8016357421875
873.2302856445312 780.1310424804688 606.84375 1308.052978515625
553.9988403320312 636.4078369140625 872.5652465820312 1048.2890625
704.9525756835938 560.6904296875 867.5281982421875 1287.6923828125
654.8785400390625 586.4490356445312 867.9559326171875 1210.6307373046875
877.9389038085938 517.5388793945312 816.4682006835938 1485.8018798828125
868.8155517578125 506.85614013671875 834.09326171875 1483.767578125
686.6710815429688 599.9830322265625 834.6891479492188 1239.77392578125
811.7277221679688 728.9680786132812 665.48779296875 1286.16845703125
846.2919311523438 662.2171020507812 702.813720703125 1357.4163818359375
687.7388305664062 741.07861328125 693.24267578125 1158.552734375
492.46221923828125 614.8966674804688 947.4265747070312 965.1000366210938
832.493408203125 379.99591064453125 996.67138671875 1567.1849365234375
842.7996826171875 540.3878784179688 813.7816772460938 1440.5643310546875
829.1497192382812 606.119384765625 755.38818359375 1376.637451171875
540.81005859375 611.7444458007812 914.5578002929688 1043.12255859375
647.381103515625 789.415283203125 672.321044921875 1087.275390625
901.0340576171875 344.14520263671875 992.9501953125 1655.25048828125
895.666259765625 565.7926635742188 764.6119384765625 1462.607666015625
803.1344604492188 979.1732788085938 503.7022399902344 1159.7662353515625
644.4419555664062 774.3427734375 684.4006958007812 1096.4559326171875
