73.71566772460938
90.12213897705078
90.127685546875
108.59097290039062
110.29052734375
110.49434661865234
112.29425811767578
115.71084594726562
121.6922378540039
122.80065155029297
123.47469329833984
129.2323455810547
136.6016082763672
142.81455993652344
143.1467742919922
146.90472412109375
158.2434844970703
163.07054138183594
167.23934936523438
167.36785888671875
167.8600616455078
167.93748474121094
169.41664123535156
170.5579071044922
170.92396545410156
174.8113250732422
175.99716186523438
176.64088439941406
179.6357421875
179.9888916015625
183.63006591796875
184.95945739746094
185.7686767578125
190.83238220214844
194.38877868652344
196.3644561767578
197.79534912109375
203.07388305664062
216.34231567382812
232.652099609375
236.1905975341797
245.12649536132812
254.15939331054688
260.43426513671875
