63.450767517089844
67.44627380371094
67.5351791381836
74.46475982666016
77.84600067138672
80.16857147216797
83.85701751708984
87.8521499633789
87.98295593261719
89.17398834228516
89.38680267333984
91.92388153076172
94.50396728515625
104.79503631591797
112.32096862792969
113.75411987304688
115.36897277832031
115.88787841796875
116.55899810791016
119.7163314819336
120.7849349975586
121.8031234741211
123.3369369506836
124.10882568359375
129.60324096679688
129.676513671875
129.98077392578125
131.27833557128906
132.49905395507812
133.80209350585938
134.39122009277344
134.777587890625
135.0962677001953
136.0882110595703
141.72860717773438
144.21165466308594
145.30313110351562
145.39944458007812
148.5530242919922
156.37774658203125
157.02548217773438
158.889892578125
160.68292236328125
161.66014099121094
164.65419006347656
166.28890991210938
169.71151733398438
170.2086944580078
171.79930114746094
173.55978393554688
174.0948028564453
174.7913055419922
176.46246337890625
176.77670288085938
177.2653350830078
177.4429473876953
181.28982543945312
181.3091278076172
182.4746551513672
184.14939880371094
184.78366088867188
185.38877868652344
185.62057495117188
190.0552520751953
190.5255889892578
195.12815856933594
216.1735382080078
222.05404663085938
225.76315307617188
225.9579620361328
226.49282836914062
227.55877685546875
238.82838439941406
250.30381774902344
252.8537139892578
253.3475799560547
264.9471740722656
