65.52861785888672
73.57988739013672
78.6320571899414
79.31582641601562
80.56053924560547
86.04650115966797
86.56211853027344
89.342041015625
93.58419036865234
94.35041046142578
96.98453521728516
100.99504852294922
101.47413635253906
103.70149230957031
106.32027435302734
107.42439270019531
108.83013916015625
112.06694793701172
112.2630844116211
112.32096862792969
116.79469299316406
118.22859191894531
118.74763488769531
121.06196594238281
122.4132308959961
122.95934295654297
123.26799774169922
124.0282211303711
124.16924285888672
124.76778411865234
125.55078887939453
130.25743103027344
130.34568786621094
130.58331298828125
131.85598754882812
132.683837890625
132.9548797607422
135.23683166503906
136.81008911132812
138.8128204345703
139.83204650878906
141.1807403564453
141.8943328857422
142.43243408203125
143.70803833007812
144.06248474121094
146.55374145507812
147.217529296875
148.18907165527344
149.30841064453125
154.91610717773438
154.91932678222656
155.87815856933594
156.38734436035156
157.4579315185547
157.6864013671875
157.7212677001953
159.04087829589844
159.67466735839844
160.1686553955078
161.69415283203125
163.1992645263672
163.4900665283203
164.05487060546875
164.32284545898438
165.0272674560547
165.37835693359375
165.74679565429688
166.4632110595703
167.30810546875
167.9106903076172
167.9970245361328
171.26295471191406
171.4905242919922
171.8953094482422
174.41043090820312
175.71282958984375
176.75689697265625
177.26815795898438
177.9297637939453
179.7526092529297
180.693115234375
181.29258728027344
181.6122283935547
183.0027313232422
188.8968048095703
190.27610778808594
190.65414428710938
191.2589874267578
192.15878295898438
195.44052124023438
195.9234619140625
196.31607055664062
200.30726623535156
201.36036682128906
202.1979217529297
202.8965301513672
203.08372497558594
204.7046661376953
207.6848602294922
209.88330078125
211.7829132080078
212.9835662841797
213.72412109375
214.4224853515625
220.68756103515625
225.2087860107422
231.51242065429688
