389.4642639160156 1131.432861328125 774.0701904296875 894.6329345703125
515.7523193359375 1055.1104736328125 641.3984985351562 979.0696411132812
467.78985595703125 1045.974609375 681.4252319335938 987.3209838867188
394.10394287109375 1033.88525390625 755.0537109375 1000.0578002929688
515.7523193359375 1055.1104736328125 641.3984985351562 979.0696411132812
517.3333129882812 1087.0238037109375 642.21923828125 951.4226684570312
415.97222900390625 1098.84814453125 737.0459594726562 933.0042114257812
394.10394287109375 1033.88525390625 755.0537109375 1000.0578002929688
387.50128173828125 1031.7271728515625 762.2468872070312 1002.423828125
491.1070251464844 1095.1024169921875 664.7396240234375 942.1881103515625
431.0391540527344 1116.37744140625 723.8739624023438 917.0441284179688
431.0391540527344 1116.37744140625 723.8739624023438 917.0441284179688
405.79058837890625 1044.40380859375 744.0613403320312 988.88037109375
391.43212890625 1055.1776123046875 760.3650512695312 977.815673828125
528.3323364257812 1105.7774658203125 634.9555053710938 935.6434936523438
485.4733581542969 1125.812744140625 671.7635498046875 913.5139770507812
400.7704162597656 1025.3646240234375 746.1563720703125 1008.974365234375
405.41131591796875 1125.610595703125 752.3699951171875 902.1296997070312
384.1126403808594 1030.8583984375 766.1795654296875 1003.362060546875
543.3977661132812 1114.6141357421875 624.4796142578125 929.0064697265625
498.9853210449219 1288.674560546875 675.6244506835938 761.3591918945312
535.8539428710938 1092.1829833984375 629.3772583007812 948.5698852539062
477.89874267578125 1282.9593505859375 694.3422241210938 759.953125
521.1517333984375 1146.0753173828125 643.7366333007812 899.1201171875
523.7147827148438 1188.4827880859375 646.6773071289062 861.0089721679688
514.559326171875 1160.8812255859375 650.1475219726562 885.2710571289062
503.51416015625 1177.87890625 661.5055541992188 868.0507202148438
548.2401733398438 1126.3074951171875 621.9518432617188 919.1653442382812
474.0072326660156 1248.193603515625 694.2941284179688 793.3251342773438
425.7886047363281 1096.2589111328125 726.3887939453125 936.8662719726562
430.3724670410156 1270.8973388671875 744.3038330078125 754.3043823242188
521.1517333984375 1146.0753173828125 643.7366333007812 899.1201171875
512.6099243164062 1278.3211669921875 666.6115112304688 777.680908203125
545.3445434570312 1088.050537109375 621.30859375 952.0730590820312
499.57330322265625 1183.853271484375 665.4320678710938 861.2972412109375
480.9305114746094 1149.411865234375 678.4224243164062 890.8728637695312
506.4268493652344 1087.799072265625 651.5125122070312 949.62646484375
474.4508972167969 1132.3082275390625 682.33837890625 906.0382690429688
385.7541809082031 1042.1868896484375 765.9112548828125 991.8818969726562
481.64935302734375 1143.0911865234375 677.2283935546875 897.1965942382812
606.9668579101562 1082.4034423828125 578.4196166992188 960.5777587890625
448.15374755859375 1206.2113037109375 717.55419921875 829.0599365234375
416.4138488769531 1201.812255859375 751.1405639648438 825.0927734375
490.0709533691406 1033.0308837890625 662.4678955078125 998.8782348632812
594.6812133789062 1066.0118408203125 584.9306030273438 971.84521484375
562.0313110351562 1146.5880126953125 614.0531616210938 902.0546264648438
594.6812133789062 1066.0118408203125 584.9306030273438 971.84521484375
547.7236328125 1134.1666259765625 623.2763671875 912.9514770507812
454.5326843261719 1220.224365234375 711.37109375 818.1204223632812
510.28936767578125 1182.0360107421875 655.7067260742188 865.3746337890625
551.5880126953125 1177.5718994140625 624.5977172851562 876.0672607421875
509.0069274902344 1091.19189453125 648.66357421875 946.88671875
524.42236328125 1226.5889892578125 649.4072875976562 827.4061279296875
487.6311950683594 1170.235595703125 674.5967407226562 871.3430786132812
491.1930847167969 1106.9337158203125 664.5977172851562 933.6573486328125
507.6209716796875 1115.8863525390625 652.3028564453125 925.2127075195312
416.4138488769531 1201.812255859375 751.1405639648438 825.0927734375
384.1126403808594 1030.8583984375 766.1795654296875 1003.362060546875
430.0178527832031 1150.719482421875 729.7203979492188 881.7207641601562
615.3971557617188 1075.8658447265625 575.1085815429688 963.9877319335938
515.7349853515625 1168.994140625 649.3099975585938 878.1432495117188
544.3922119140625 1129.1683349609375 624.5033569335938 916.920654296875
492.3482666015625 1117.60498046875 664.9304809570312 921.8411254882812
423.19482421875 1222.4197998046875 747.0064086914062 803.2986450195312
441.5480651855469 1190.358642578125 721.350341796875 843.0835571289062
422.42919921875 1195.93603515625 742.8350830078125 832.8477783203125
