46.540306091308594
51.2347526550293
54.954524993896484
60.7618293762207
64.70703125
65.0076904296875
65.66581726074219
66.75328063964844
67.39436340332031
69.69935607910156
69.80687713623047
72.93147277832031
72.93147277832031
73.55270385742188
73.71566772460938
74.53858184814453
74.61903381347656
76.14459991455078
76.17086029052734
76.89603424072266
77.56288146972656
77.78817749023438
78.28793334960938
78.84161376953125
79.72452545166016
81.44937133789062
84.71717834472656
84.77027893066406
85.32291412353516
86.24964141845703
87.20092010498047
87.26969909667969
87.8464584350586
89.10106658935547
90.31610870361328
90.4101791381836
90.49309539794922
91.3564453125
91.7496566772461
92.51486206054688
92.6822509765625
92.860107421875
93.10209655761719
93.77099609375
94.0265884399414
94.18598937988281
94.48809814453125
95.84362030029297
96.42095184326172
97.14936828613281
97.7240982055664
97.95917510986328
98.13256072998047
98.64582824707031
98.92926788330078
99.51884460449219
100.0999526977539
100.45397186279297
100.93067169189453
101.76443481445312
102.09799194335938
102.17631530761719
104.163330078125
104.97142791748047
105.13800811767578
105.4134750366211
105.86312103271484
106.40958404541016
106.46125793457031
106.68177032470703
107.07473754882812
107.32660675048828
111.26994323730469
111.35977935791016
111.90621185302734
112.72532653808594
114.12274169921875
114.13150024414062
114.16654205322266
114.56002807617188
114.9652099609375
116.15937042236328
116.31852722167969
117.366943359375
117.49468231201172
118.06777954101562
118.20321655273438
118.35540008544922
118.45252227783203
119.80818176269531
119.83738708496094
119.91664123535156
120.68553924560547
120.95453643798828
121.86467742919922
122.24974060058594
122.79251098632812
123.17061614990234
124.69563293457031
124.8318862915039
125.61846923828125
126.92123413085938
127.90230560302734
128.2107696533203
128.5690460205078
129.66110229492188
129.76516723632812
130.03460693359375
130.1114959716797
130.4913787841797
131.2288055419922
131.6472625732422
132.8683624267578
134.08580017089844
134.1118927001953
135.40310668945312
136.43679809570312
136.99270629882812
137.5899658203125
137.59359741210938
137.73526000976562
137.75340270996094
139.0575408935547
139.4309844970703
140.77996826171875
140.89002990722656
141.2657012939453
142.13021850585938
142.56927490234375
143.58273315429688
144.6720428466797
145.4132080078125
148.50926208496094
148.66404724121094
148.86570739746094
149.472412109375
149.50250244140625
149.50250244140625
149.64291381835938
150.36622619628906
150.9635772705078
151.06951904296875
151.17869567871094
151.6904754638672
151.91773986816406
152.1512451171875
152.35812377929688
153.56431579589844
154.46035766601562
154.59625244140625
154.7611083984375
154.9354705810547
155.09996032714844
155.44451904296875
156.03524780273438
156.185791015625
157.17506408691406
158.12652587890625
159.55250549316406
161.04037475585938
161.42181396484375
162.76055908203125
163.1287841796875
166.24681091308594
166.92213439941406
166.95208740234375
167.16160583496094
168.5645294189453
168.78684997558594
169.63784790039062
170.4640655517578
170.74835205078125
171.25711059570312
171.34759521484375
172.3629913330078
172.84963989257812
172.8959197998047
173.50791931152344
173.62315368652344
176.31222534179688
177.57815551757812
179.63296508789062
180.0888671875
180.51593017578125
181.53236389160156
182.57054138183594
182.6389923095703
184.31494140625
188.22061157226562
188.2896728515625
188.80677795410156
189.7893524169922
190.68035888671875
191.88278198242188
193.6595001220703
194.60472106933594
194.8640594482422
198.58750915527344
203.54852294921875
204.6631317138672
205.170654296875
206.54539489746094
206.84776306152344
207.9254608154297
208.8731689453125
209.6449432373047
209.6449432373047
209.76654052734375
211.86080932617188
211.97877502441406
213.5298614501953
218.76242065429688
219.8340301513672
220.565185546875
221.36846923828125
223.5240478515625
226.57008361816406
228.0219268798828
230.13475036621094
230.39747619628906
232.57041931152344
233.89955139160156
254.8097381591797
260.68756103515625
