771.6613159179688 761.9074096679688 678.4751586914062 1103.7325439453125
598.0283813476562 738.3023071289062 819.9318237304688 1145.7781982421875
564.438232421875 740.763671875 855.2540283203125 1147.845947265625
693.8289184570312 756.1924438476562 734.3795166015625 1116.4149169921875
598.0283813476562 738.3023071289062 819.9318237304688 1145.7781982421875
555.2778930664062 649.4791870117188 869.8057861328125 1237.82861328125
699.9219360351562 730.0601196289062 731.4302368164062 1135.9649658203125
791.2655029296875 752.9176025390625 666.0020141601562 1109.64697265625
743.6005249023438 783.402099609375 696.1173095703125 1089.6981201171875
526.0308227539062 821.5455322265625 901.7489013671875 1073.4193115234375
727.2862548828125 752.9804077148438 709.4744262695312 1116.51904296875
568.05126953125 804.2057495117188 850.20751953125 1086.2530517578125
484.1402282714844 645.7681884765625 958.5647583007812 1268.9654541015625
713.843017578125 748.8302612304688 719.8306274414062 1120.554931640625
721.3458862304688 767.5819091796875 712.9697875976562 1104.254150390625
487.43182373046875 827.1128540039062 954.3408203125 1071.0079345703125
554.2188720703125 779.2528076171875 866.3421630859375 1112.425048828125
560.2394409179688 809.3527221679688 860.1080322265625 1082.8607177734375
706.289306640625 759.212890625 724.237060546875 1112.6795654296875
496.23699951171875 803.9546508789062 942.5598754882812 1096.2413330078125
717.894287109375 713.5511474609375 717.9059448242188 1147.8531494140625
727.2862548828125 752.9804077148438 709.4744262695312 1116.51904296875
552.7843017578125 826.3930053710938 868.1406860351562 1067.048828125
729.7698364257812 684.3986206054688 710.7274780273438 1167.1878662109375
610.6156616210938 690.7725219726562 809.0463256835938 1183.566650390625
757.2286376953125 743.84521484375 687.36328125 1120.583251953125
597.40380859375 709.083740234375 821.3884887695312 1172.05322265625
532.3889770507812 810.958251953125 893.5479736328125 1084.48583984375
484.767822265625 812.5256958007812 958.635986328125 1088.7332763671875
693.8289184570312 756.1924438476562 734.3795166015625 1116.4149169921875
737.7589111328125 705.8523559570312 703.9933471679688 1150.3082275390625
506.8973693847656 776.9762573242188 931.2474975585938 1124.491943359375
502.6882019042969 821.9828491210938 932.2584228515625 1075.832275390625
736.0480346679688 776.2874755859375 703.1295166015625 1097.0828857421875
721.3458862304688 767.5819091796875 712.9697875976562 1104.254150390625
512.5709228515625 826.5882568359375 918.7530517578125 1069.8203125
912.8134765625 773.8594970703125 599.135009765625 1085.7554931640625
512.5709228515625 826.5882568359375 918.7530517578125 1069.8203125
512.073974609375 797.529052734375 919.9786987304688 1099.4930419921875
887.2027587890625 782.0966796875 611.4497680664062 1081.451904296875
608.5812377929688 654.612548828125 812.4656372070312 1218.61376953125
738.2018432617188 727.0853881835938 702.1285400390625 1132.983154296875
523.5132446289062 807.4197387695312 905.3677978515625 1088.7540283203125
512.073974609375 797.529052734375 919.9786987304688 1099.4930419921875
504.71728515625 806.0756225585938 929.3579711914062 1091.8648681640625
506.48614501953125 838.728271484375 927.4918823242188 1056.5859375
616.7673950195312 635.2178344726562 805.1068115234375 1231.88720703125
545.4450073242188 809.0469970703125 876.9607543945312 1083.4921875
465.22705078125 640.3186645507812 986.385009765625 1281.8544921875
566.99169921875 716.4468383789062 857.468994140625 1174.22900390625
887.2027587890625 782.0966796875 611.4497680664062 1081.451904296875
813.9368286132812 581.7792358398438 661.1934204101562 1225.13232421875
568.05419921875 662.8851318359375 853.9109497070312 1221.8870849609375
720.6484375 734.2155151367188 714.5193481445312 1130.265380859375
564.4755249023438 675.7619018554688 860.9715576171875 1211.35205078125
