598.0283813476562 738.3023071289062 910.2479248046875 1163.3067626953125
598.0283813476562 738.3023071289062 910.2479248046875 1163.3067626953125
771.6613159179688 761.9074096679688 751.2667236328125 1129.7994384765625
727.2862548828125 752.9804077148438 785.7508544921875 1141.9532470703125
526.0308227539062 821.5455322265625 995.6161499023438 1075.97998046875
560.2394409179688 809.3527221679688 949.4120483398438 1090.5860595703125
699.9219360351562 730.0601196289062 811.814697265625 1161.05029296875
610.6156616210938 690.7725219726562 901.8543701171875 1206.370849609375
707.022216796875 760.27880859375 801.978271484375 1134.624267578125
727.2862548828125 752.9804077148438 785.7508544921875 1141.9532470703125
709.628173828125 774.5834350585938 798.0676879882812 1122.888427734375
736.0480346679688 776.2874755859375 776.9517822265625 1120.9915771484375
552.7843017578125 826.3930053710938 956.9952392578125 1071.2310791015625
791.2655029296875 752.9176025390625 737.7593383789062 1137.29052734375
743.6005249023438 783.402099609375 769.1005859375 1113.48388671875
554.2188720703125 779.2528076171875 959.3016357421875 1122.16845703125
751.1787109375 769.297607421875 764.5633544921875 1126.5281982421875
532.3889770507812 810.958251953125 987.3858032226562 1088.6920166015625
866.684814453125 789.5709838867188 688.8412475585938 1107.4656982421875
568.05126953125 804.2057495117188 939.1192016601562 1094.9002685546875
737.7589111328125 705.8523559570312 782.673583984375 1179.9781494140625
556.3935546875 685.3316650390625 969.393798828125 1224.5439453125
541.8782958984375 817.1265869140625 974.0022583007812 1081.7403564453125
738.2018432617188 727.0853881835938 779.0892944335938 1159.688720703125
512.5709228515625 826.5882568359375 1014.6519775390625 1070.3875732421875
502.6882019042969 821.9828491210938 1030.5718994140625 1075.9483642578125
545.4450073242188 809.0469970703125 969.01953125 1089.381103515625
713.843017578125 748.8302612304688 797.7295532226562 1145.4365234375
512.073974609375 797.529052734375 1019.3138427734375 1102.6212158203125
616.7673950195312 635.2178344726562 902.6427001953125 1261.029296875
560.0311889648438 656.7208862304688 972.8682250976562 1254.0430908203125
536.1160888671875 828.39892578125 980.4602661132812 1068.89404296875
566.99169921875 716.4468383789062 955.1600952148438 1191.4788818359375
657.0166625976562 706.4874877929688 852.7991943359375 1188.385986328125
512.073974609375 797.529052734375 1019.3138427734375 1102.6212158203125
512.5709228515625 826.5882568359375 1014.6519775390625 1070.3875732421875
737.7589111328125 705.8523559570312 782.673583984375 1179.9781494140625
899.7860107421875 810.7431030273438 668.3167724609375 1089.9998779296875
696.0501098632812 516.1780395507812 837.1937255859375 1350.4737548828125
720.6484375 734.2155151367188 791.8201904296875 1155.551025390625
1035.525146484375 671.8324584960938 618.0668334960938 1178.7279052734375
931.5101318359375 845.7599487304688 648.922607421875 1069.842041015625
564.4755249023438 675.7619018554688 963.1593017578125 1233.0634765625
882.6973876953125 821.5474853515625 676.6932373046875 1087.2806396484375
506.48614501953125 838.728271484375 1023.2090454101562 1054.80810546875
