53.61902618408203
73.287109375
75.64390563964844
76.51143646240234
77.8395767211914
80.49223327636719
81.93900299072266
85.5628433227539
94.41397857666016
100.45894622802734
101.3804702758789
101.67103576660156
103.16007232666016
104.91901397705078
106.45186614990234
109.61751556396484
110.34491729736328
112.51222229003906
118.06777954101562
120.76009368896484
125.30363464355469
127.7380142211914
129.34449768066406
132.41978454589844
136.09555053710938
140.6947021484375
142.0985565185547
152.44015502929688
154.10061645507812
154.31785583496094
155.29649353027344
157.12416076660156
157.6832275390625
158.39508056640625
158.48974609375
165.2301483154297
174.1407470703125
176.71446228027344
180.04721069335938
184.1249542236328
184.1358184814453
185.6151885986328
185.6986846923828
185.97579956054688
190.0684051513672
192.09893798828125
197.03298950195312
200.70376586914062
204.0514678955078
207.0386505126953
212.56764221191406
212.7604217529297
214.71376037597656
217.2924346923828
220.47901916503906
222.50393676757812
236.42123413085938
243.04115295410156
254.3304901123047
262.7508239746094
