614.0321044921875 1410.755859375 278.4373474121094 1315.2296142578125
895.9317626953125 859.9730224609375 671.56591796875 1176.3258056640625
942.2775268554688 1006.064453125 628.5382690429688 1317.4720458984375
750.9185180664062 395.3864440917969 870.4624633789062 630.5344848632812
858.0224609375 1220.7021484375 480.0672912597656 1383.5496826171875
936.470703125 975.1680908203125 638.1227416992188 1290.2723388671875
912.3026733398438 770.159912109375 735.7640991210938 1123.000732421875
952.4692993164062 1338.9654541015625 481.71026611328125 1517.760498046875
705.3834838867188 478.7424621582031 780.55810546875 675.3110961914062
1043.94140625 722.6298828125 846.7203369140625 1202.784912109375
967.9386596679688 957.3634643554688 666.3529663085938 1304.0938720703125
700.7974243164062 835.0768432617188 570.5498046875 997.3040161132812
889.7791137695312 847.5263671875 678.4492797851562 1164.6737060546875
745.7412109375 876.3052978515625 575.8988647460938 1066.8450927734375
968.6820678710938 1007.201416015625 641.5313720703125 1337.2896728515625
1001.8132934570312 570.6697998046875 914.5578002929688 1043.12255859375
704.642333984375 487.4696960449219 773.308837890625 682.8641357421875
790.045166015625 1347.752197265625 393.6437683105469 1406.4599609375
724.7952270507812 417.78948974609375 835.8851318359375 629.0946655273438
1012.9484252929688 730.9540405273438 823.643310546875 1182.6634521484375
1006.8612060546875 600.2371215820312 900.1964111328125 1073.0272216796875
920.2807006835938 1020.0716552734375 606.84375 1308.052978515625
892.501220703125 760.7531127929688 727.916015625 1101.2828369140625
854.858154296875 845.1088256835938 658.7109985351562 1133.131103515625
928.7481079101562 1402.6923828125 443.23480224609375 1530.3829345703125
911.6170654296875 1197.7762451171875 519.2145385742188 1408.59814453125
876.4483642578125 1243.83056640625 481.653076171875 1409.7069091796875
946.5625 539.997802734375 903.6981201171875 965.25146484375
982.0446166992188 563.9886474609375 911.6389770507812 1021.04443359375
662.6017456054688 1412.5960693359375 302.96728515625 1349.24755859375
885.1377563476562 783.29541015625 711.8983154296875 1112.4912109375
888.4264526367188 1004.4505004882812 595.0476684570312 1276.6480712890625
733.4461669921875 1236.9046630859375 405.7431945800781 1299.45166015625
607.9118041992188 1399.92626953125 278.8062744140625 1306.5137939453125
1001.8132934570312 570.6697998046875 914.5578002929688 1043.12255859375
743.389892578125 906.2355346679688 559.6847534179688 1086.9954833984375
987.6077270507812 967.9959716796875 672.9506225585938 1325.1058349609375
895.312255859375 1199.802001953125 509.4776611328125 1398.4351806640625
839.109619140625 801.9353637695312 672.321044921875 1087.275390625
604.7725830078125 1293.4217529296875 314.8975524902344 1239.631591796875
710.587646484375 1230.98095703125 395.9454040527344 1278.964111328125
696.3070068359375 505.3583984375 756.6729125976562 696.4370727539062
826.5888061523438 805.2847290039062 661.9819946289062 1079.2264404296875
885.1377563476562 783.29541015625 711.8983154296875 1112.4912109375
576.4576416015625 553.3159790039062 644.8778686523438 630.0803833007812
726.2662963867188 1229.103759765625 405.1248779296875 1291.128173828125
920.2807006835938 1020.0716552734375 606.84375 1308.052978515625
913.926513671875 956.0564575195312 635.70703125 1260.2330322265625
982.4701538085938 524.1010131835938 939.4593505859375 984.8466796875
609.1657104492188 574.5431518554688 654.4407958984375 682.2299194335938
775.2337646484375 999.352294921875 533.6268310546875 1179.829833984375
1055.4490966796875 1175.1630859375 608.1304931640625 1503.7117919921875
854.1923828125 796.4034423828125 684.4006958007812 1096.4559326171875
726.8134765625 1242.993896484375 400.0385437011719 1298.83154296875
564.578857421875 579.4235229492188 623.4613647460938 646.3700561523438
732.544921875 832.1923828125 591.1826171875 1019.5361938476562
794.552490234375 1052.6558837890625 519.6852416992188 1229.9149169921875
622.2529907226562 1388.3316650390625 291.041015625 1305.7794189453125
784.1421508789062 1059.073486328125 510.874267578125 1227.468017578125
539.8405151367188 1405.39404296875 242.50662231445312 1259.013671875
632.7595825195312 711.3582763671875 594.1138305664062 833.9562377929688
772.5531005859375 951.7557983398438 550.939453125 1142.816650390625
716.1521606445312 473.65325927734375 792.6475830078125 679.6578369140625
721.6712646484375 456.00714111328125 804.5360107421875 664.1323852539062
535.2922973632812 1428.1036376953125 232.66726684570312 1270.3507080078125
