895.9317626953125 859.9730224609375 763.784912109375 1059.28857421875
912.3026733398438 770.159912109375 827.4187622070312 988.8759155273438
904.9539184570312 539.1845703125 956.6134643554688 756.3967895507812
750.9185180664062 395.3864440917969 908.690673828125 474.761962890625
700.7974243164062 835.0768432617188 628.057373046875 908.1701049804688
942.2775268554688 1006.064453125 734.0814208984375 1214.2322998046875
968.6820678710938 1007.201416015625 752.6187744140625 1231.992919921875
907.1677856445312 799.2764282226562 807.3975830078125 1015.7808227539062
987.6077270507812 967.9959716796875 784.2922973632812 1209.4300537109375
936.1676025390625 519.2794799804688 996.7340087890625 758.630126953125
883.084716796875 1168.4293212890625 615.4351806640625 1301.9501953125
743.389892578125 906.2355346679688 626.5525512695312 1000.6181640625
900.56396484375 1259.9329833984375 585.9323120117188 1377.822509765625
929.2630004882812 814.259521484375 817.32568359375 1040.3841552734375
1024.03857421875 824.2205200195312 886.7295532226562 1114.4215087890625
923.3602905273438 938.115234375 754.2360229492188 1147.2718505859375
858.0224609375 1220.7021484375 575.0484008789062 1325.3621826171875
712.4249267578125 511.5936279296875 803.3092651367188 583.0005493164062
647.0745849609375 688.867919921875 655.0817260742188 728.7789916992188
975.210693359375 1023.9788208007812 748.227294921875 1248.5625
708.0899658203125 844.8768920898438 627.694091796875 921.5638427734375
1002.8540649414062 1433.48193359375 589.6723022460938 1555.7271728515625
889.7791137695312 847.5263671875 769.5936279296875 1045.409912109375
901.456298828125 741.423583984375 834.3699340820312 956.5684814453125
724.7952270507812 417.78948974609375 870.6246337890625 481.7516174316406
893.8583984375 948.644775390625 725.7470092773438 1136.291259765625
560.9772338867188 1491.56005859375 271.3435363769531 1342.4420166015625
647.0745849609375 688.867919921875 655.0817260742188 728.7789916992188
744.0682983398438 415.2122802734375 891.17041015625 492.60845947265625
961.6443481445312 523.1152954101562 1017.5390014648438 780.1875610351562
730.6732788085938 509.4602966308594 823.6014404296875 595.5995483398438
812.8424682617188 1064.3388671875 608.0368041992188 1178.1649169921875
820.2460327148438 820.3977661132812 728.3277587890625 975.87646484375
696.3070068359375 505.3583984375 794.1880493164062 564.1971435546875
892.501220703125 760.7531127929688 815.6366577148438 968.44873046875
978.7764282226562 988.30126953125 767.9559936523438 1222.281982421875
704.642333984375 487.4696960449219 811.423583984375 547.970947265625
839.9907836914062 851.6807250976562 728.0101928710938 1016.8890991210938
892.501220703125 760.7531127929688 815.6366577148438 968.44873046875
911.5502319335938 822.025634765625 799.3036499023438 1037.6890869140625
732.544921875 832.1923828125 652.7749633789062 924.7125854492188
942.1364135742188 1040.666748046875 714.556640625 1240.5556640625
967.9386596679688 957.3634643554688 774.9158325195312 1190.212158203125
620.3960571289062 565.999267578125 694.8364868164062 574.7228393554688
696.3070068359375 505.3583984375 794.1880493164062 564.1971435546875
982.4701538085938 524.1010131835938 1031.8798828125 800.392822265625
611.75927734375 512.6375122070312 714.4375610351562 506.5617980957031
660.4163208007812 673.48779296875 672.2083129882812 716.839111328125
872.147705078125 582.3194580078125 900.0648193359375 779.73193359375
689.7186279296875 524.5155639648438 778.46875 582.5810546875
968.2236938476562 1384.1943359375 585.6007690429688 1504.3187255859375
754.5806884765625 1240.5916748046875 491.38153076171875 1275.05322265625
879.2627563476562 827.86669921875 772.8823852539062 1020.3921508789062
715.075439453125 1243.0963134765625 464.2672424316406 1256.715576171875
776.0339965820312 1261.1131591796875 499.9476013183594 1305.1212158203125
854.1923828125 796.4034423828125 767.1475830078125 975.5537109375
959.4679565429688 1445.6038818359375 552.8674926757812 1536.1695556640625
497.9601745605469 619.4256591796875 562.8085327148438 545.8172607421875
611.75927734375 512.6375122070312 714.4375610351562 506.5617980957031
552.8624267578125 565.3823852539062 639.4059448242188 524.7720336914062
998.2201538085938 1416.1375732421875 594.2703857421875 1543.0718994140625
1002.8540649414062 1433.48193359375 589.6723022460938 1555.7271728515625
927.6497802734375 1299.35400390625 591.67529296875 1422.4146728515625
807.7429809570312 572.4462890625 848.6099853515625 719.9669189453125
980.1625366210938 720.8998413085938 911.5755004882812 992.0911865234375
660.4163208007812 673.48779296875 672.2083129882812 716.839111328125
977.6578979492188 506.09942626953125 1038.25146484375 775.5532836914062
952.4692993164062 1338.9654541015625 595.280517578125 1466.747314453125
932.0941772460938 1371.1629638671875 566.0820922851562 1474.68310546875
1024.03857421875 824.2205200195312 886.7295532226562 1114.4215087890625
708.0899658203125 844.8768920898438 627.694091796875 921.5638427734375
733.4461669921875 1236.9046630859375 479.4951477050781 1262.255615234375
818.3685913085938 929.2391357421875 673.3265380859375 1068.7720947265625
847.7628173828125 815.9155883789062 751.8268432617188 991.1795043945312
745.7412109375 876.3052978515625 642.1293334960938 976.0135498046875
724.391845703125 531.8969116210938 803.646240234375 616.2423706054688
578.812255859375 628.8780517578125 626.82666015625 615.5511474609375
971.673095703125 1351.487060546875 601.8445434570312 1485.1641845703125
811.3554077148438 593.9474487304688 841.3090209960938 745.7785034179688
739.8721313476562 1184.6363525390625 508.0617980957031 1228.5577392578125
726.2662963867188 1229.103759765625 478.14422607421875 1252.209228515625
1012.9484252929688 730.9540405273438 931.9991455078125 1024.3037109375
998.2201538085938 1416.1375732421875 594.2703857421875 1543.0718994140625
873.4183349609375 1219.4420166015625 586.3612670898438 1333.7984619140625
927.6497802734375 1299.35400390625 591.67529296875 1422.4146728515625
847.7628173828125 815.9155883789062 751.8268432617188 991.1795043945312
888.4264526367188 1004.4505004882812 691.80224609375 1180.796630859375
516.234619140625 675.0219116210938 549.2493286132812 621.8782958984375
968.2236938476562 1384.1943359375 585.6007690429688 1504.3187255859375
839.3297119140625 777.09912109375 767.5928955078125 946.5193481445312
801.8662109375 1039.0948486328125 611.9257202148438 1150.1202392578125
718.3660278320312 845.3175659179688 637.4139404296875 929.2162475585938
975.4752197265625 1425.2305908203125 574.2529907226562 1534.943603515625
724.1182861328125 1206.1085205078125 486.0490417480469 1233.2823486328125
611.7303466796875 724.1659545898438 607.5006713867188 739.9088134765625
839.109619140625 801.9353637695312 752.5941162109375 969.8203125
932.0941772460938 1371.1629638671875 566.0820922851562 1474.68310546875
708.8843994140625 461.1653137207031 833.5247192382812 521.5691528320312
936.8177490234375 1226.4749755859375 628.7860107421875 1376.57470703125
894.4107666015625 1155.534423828125 631.93505859375 1300.9769287109375
710.587646484375 1230.98095703125 465.5580139160156 1242.3974609375
788.9730834960938 1139.896484375 563.045654296875 1224.02880859375
781.2730102539062 618.3619384765625 803.4187622070312 750.0419311523438
705.9061889648438 531.7422485351562 787.425048828125 601.3291625976562
1006.4447631835938 1400.9534912109375 605.3640747070312 1537.799560546875
970.6661987304688 547.2946166992188 1006.4046020507812 815.067138671875
578.812255859375 628.8780517578125 626.82666015625 615.5511474609375
710.587646484375 1230.98095703125 465.5580139160156 1242.3974609375
621.3765258789062 589.522216796875 682.6231689453125 607.1226806640625
501.8883361816406 1257.3660888671875 308.0879821777344 1138.7642822265625
807.0996704101562 1374.6273193359375 477.7901611328125 1403.286376953125
617.4076538085938 1277.8470458984375 382.561767578125 1223.40087890625
582.9551391601562 611.931396484375 638.8294067382812 600.8013916015625
811.3554077148438 593.9474487304688 841.3090209960938 745.7785034179688
980.1625366210938 720.8998413085938 911.5755004882812 992.0911865234375
825.8782958984375 723.6532592773438 780.1680908203125 887.2301635742188
854.858154296875 845.1088256835938 745.47216796875 1020.6387329101562
564.578857421875 579.4235229492188 642.4736328125 549.7760620117188
556.8901977539062 1396.222900390625 300.22796630859375 1272.2784423828125
516.8324584960938 650.043701171875 562.7177734375 592.3903198242188
933.4718017578125 1196.59765625 637.5744018554688 1354.098388671875
725.2413330078125 862.9672241210938 630.8213500976562 948.5126953125
781.2730102539062 618.3619384765625 803.4187622070312 750.0419311523438
814.0404663085938 1405.90478515625 471.7572326660156 1427.4468994140625
836.1369018554688 1386.8111572265625 493.58892822265625 1427.669677734375
607.9118041992188 1399.92626953125 333.6104431152344 1307.15966796875
606.7290649414062 562.2335815429688 683.6893920898438 561.898681640625
576.4576416015625 553.3159790039062 663.6754760742188 528.7310180664062
1006.8612060546875 600.2371215820312 1003.5955200195312 893.9031372070312
516.05029296875 1406.72119140625 270.1388854980469 1257.414794921875
567.443603515625 1266.3546142578125 351.2953186035156 1186.1329345703125
971.673095703125 1351.487060546875 601.8445434570312 1485.1641845703125
705.3834838867188 478.7424621582031 816.2910766601562 540.7788696289062
761.6539306640625 1048.0550537109375 578.9319458007812 1133.5362548828125
587.3175659179688 1234.6173095703125 377.85296630859375 1173.56689453125
622.2529907226562 1388.3316650390625 347.8276672363281 1304.5250244140625
968.1727905273438 929.7250366210938 789.652099609375 1167.6212158203125
645.0736083984375 698.3352661132812 646.6709594726562 736.563720703125
887.5320434570312 1251.6138916015625 581.3472900390625 1363.812255859375
939.8471069335938 1353.6893310546875 578.458251953125 1466.848876953125
968.1727905273438 929.7250366210938 789.652099609375 1167.6212158203125
618.3185424804688 746.3853149414062 602.5135498046875 765.2991333007812
752.7291259765625 615.9313354492188 782.2860107421875 726.939697265625
779.9744262695312 1013.1493530273438 608.41748046875 1116.5701904296875
493.91168212890625 637.5496215820312 550.7282104492188 563.1342163085938
472.44403076171875 1277.9110107421875 280.96435546875 1137.6865234375
1043.94140625 722.6298828125 961.0206909179688 1039.7161865234375
823.8599853515625 1374.3372802734375 489.9778747558594 1412.8482666015625
714.5781860351562 1260.5927734375 457.4207763671875 1267.842041015625
743.7610473632812 638.3397827148438 760.8727416992188 743.9292602539062
771.3764038085938 669.2843017578125 766.9047241210938 796.0723266601562
1006.4447631835938 1400.9534912109375 605.3640747070312 1537.799560546875
665.7285766601562 1399.7467041015625 371.9006042480469 1337.4913330078125
672.5194091796875 714.22802734375 662.4691772460938 770.2018432617188
769.3049926757812 1206.3748779296875 516.3530883789062 1259.521728515625
722.7402954101562 480.2767333984375 833.7925415039062 555.8460083007812
911.6170654296875 1197.7762451171875 623.093994140625 1341.105712890625
951.2975463867188 1415.35595703125 563.0030517578125 1515.972412109375
493.91168212890625 637.5496215820312 550.7282104492188 563.1342163085938
770.8948364257812 654.2525024414062 775.331787109375 780.8594360351562
536.7371826171875 1449.575927734375 270.68377685546875 1300.5694580078125
794.552490234375 1052.6558837890625 600.3209838867188 1156.1832275390625
956.1124877929688 1398.1766357421875 569.1001586914062 1503.8514404296875
506.0309753417969 641.8118896484375 558.9194946289062 577.077880859375
832.8275756835938 1402.9708251953125 485.23712158203125 1437.68798828125
697.3508911132812 469.4803161621094 815.8693237304688 524.56689453125
1008.8436279296875 769.2787475585938 906.9688110351562 1056.1947021484375
771.6365966796875 1031.3743896484375 589.6124877929688 1124.4605712890625
794.552490234375 1052.6558837890625 600.3209838867188 1156.1832275390625
736.5025634765625 1039.768310546875 562.285888671875 1110.426513671875
788.1806640625 1404.1790771484375 456.0629577636719 1413.734375
616.969970703125 1261.045654296875 385.6192932128906 1210.37158203125
637.898193359375 722.300537109375 632.38916015625 755.2708740234375
504.9024353027344 670.494873046875 544.4182739257812 607.7610473632812
1002.4555053710938 511.8094787597656 1056.846923828125 801.0365600585938
531.6809692382812 1414.462890625 276.9678955078125 1271.6883544921875
721.835205078125 1028.03125 557.2833862304688 1096.08544921875
954.4828491210938 945.9276123046875 769.1649780273438 1170.8707275390625
725.3445434570312 444.3699951171875 853.3872680664062 516.1343383789062
535.2922973632812 1428.1036376953125 275.3741455078125 1283.259521484375
873.4183349609375 1219.4420166015625 586.3612670898438 1333.7984619140625
476.74468994140625 1265.975341796875 287.5152282714844 1130.696044921875
556.0960693359375 1447.3026123046875 281.41943359375 1307.720703125
609.1657104492188 574.5431518554688 680.620361328125 577.6466674804688
673.6432495117188 1428.1231689453125 368.1782531738281 1360.6002197265625
604.7725830078125 1293.4217529296875 367.9708251953125 1227.2652587890625
1002.4555053710938 511.8094787597656 1056.846923828125 801.0365600585938
852.9102783203125 832.0203857421875 748.0401611328125 1007.8943481445312
598.803955078125 615.6004638671875 650.0459594726562 615.7481689453125
539.6221313476562 1393.2943115234375 288.35614013671875 1260.255126953125
338.46844482421875 785.862548828125 357.2686462402344 612.1174926757812
756.5802001953125 630.4130859375 778.3394165039062 744.7559814453125
489.4567565917969 682.94580078125 525.903564453125 607.3516845703125
913.926513671875 956.0564575195312 734.6068115234375 1154.1424560546875
929.1103515625 1389.4796142578125 556.885009765625 1486.2503662109375
504.9024353027344 670.494873046875 544.4182739257812 607.7610473632812
782.0684814453125 647.7798461914062 785.8134155273438 781.0321655273438
860.9411010742188 1190.194091796875 587.4395141601562 1304.071533203125
588.8815307617188 1246.53466796875 374.417724609375 1183.9886474609375
598.7703247070312 1273.0499267578125 370.8692321777344 1212.4725341796875
495.3348083496094 1286.27978515625 294.9457702636719 1157.8712158203125
671.9874877929688 775.678955078125 634.6844482421875 832.2348022460938
732.729248046875 1012.0986328125 571.9172973632812 1087.584716796875
632.7595825195312 711.3582763671875 634.5191040039062 740.2737426757812
582.2092895507812 566.9947509765625 661.7505493164062 545.6898803710938
756.6749877929688 1021.4158935546875 588.5794677734375 1108.8267822265625
762.2395629882812 642.922119140625 774.1873168945312 760.7659301757812
1031.3226318359375 734.2030029296875 942.043701171875 1038.115966796875
