912.3026733398438 770.159912109375 861.8659057617188 908.4094848632812
942.1364135742188 1040.666748046875 759.3211669921875 1155.806396484375
940.0845336914062 842.5601806640625 849.1808471679688 987.5777587890625
895.9317626953125 859.9730224609375 802.7012329101562 978.8555297851562
889.7791137695312 847.5263671875 805.5177612304688 965.8817749023438
660.4163208007812 673.48779296875 691.8992309570312 665.9712524414062
847.7628173828125 815.9155883789062 786.3274536132812 913.74853515625
885.1377563476562 783.29541015625 832.0658569335938 905.9427490234375
879.2627563476562 827.86669921875 807.5869750976562 942.2977294921875
923.3602905273438 938.115234375 792.4821166992188 1063.59716796875
988.3623657226562 596.4108276367188 1016.5299072265625 786.4700317382812
888.4264526367188 1004.4505004882812 733.0715942382812 1099.4127197265625
660.4163208007812 673.48779296875 691.8992309570312 665.9712524414062
982.0446166992188 563.9886474609375 1029.924560546875 749.50244140625
732.544921875 832.1923828125 681.5704345703125 864.69482421875
841.5897216796875 875.7518310546875 752.3310546875 964.42041015625
820.2460327148438 820.3977661132812 760.5191650390625 903.3532104492188
839.9907836914062 851.6807250976562 762.514404296875 942.1435546875
927.6497802734375 1299.35400390625 641.2440185546875 1346.283447265625
828.2031860351562 1074.4888916015625 655.7232055664062 1125.0433349609375
987.6077270507812 967.9959716796875 829.55126953125 1120.6510009765625
892.501220703125 760.7531127929688 849.1820678710938 888.2356567382812
854.1923828125 796.4034423828125 800.2269287109375 899.1304321289062
828.2031860351562 1074.4888916015625 655.7232055664062 1125.0433349609375
895.312255859375 1199.802001953125 656.0521240234375 1257.5594482421875
779.9567260742188 593.8475952148438 835.65869140625 658.7979736328125
885.1377563476562 783.29541015625 832.0658569335938 905.9427490234375
724.391845703125 531.8969116210938 819.6767578125 558.9800415039062
699.4902954101562 550.2168579101562 788.056884765625 563.2244873046875
669.82177734375 750.9143676757812 664.1444702148438 751.9041137695312
779.9567260742188 593.8475952148438 835.65869140625 658.7979736328125
852.9102783203125 832.0203857421875 782.3665161132812 931.7699584960938
700.7974243164062 835.0768432617188 653.0972900390625 850.0612182617188
903.4783935546875 1056.226318359375 721.2366943359375 1147.0321044921875
641.2401123046875 594.0822143554688 711.8992309570312 574.2280883789062
560.5892333984375 1164.6190185546875 401.83770751953125 1062.384521484375
980.1625366210938 720.8998413085938 943.5194702148438 900.2374877929688
656.1195678710938 714.221923828125 669.6367797851562 706.4019165039062
689.7186279296875 524.5155639648438 792.1098022460938 528.8215942382812
913.926513671875 956.0564575195312 775.201904296875 1072.218994140625
942.2775268554688 1006.064453125 776.3214721679688 1128.64306640625
901.456298828125 741.423583984375 866.799072265625 876.224609375
726.2662963867188 1229.103759765625 511.374267578125 1198.4385986328125
847.7628173828125 815.9155883789062 786.3274536132812 913.74853515625
873.39208984375 853.9750366210938 787.2947387695312 962.1412353515625
895.312255859375 1199.802001953125 656.0521240234375 1257.5594482421875
873.4183349609375 1219.4420166015625 631.3458251953125 1261.6661376953125
696.3070068359375 505.3583984375 807.4454345703125 511.5567626953125
927.6497802734375 1299.35400390625 641.2440185546875 1346.283447265625
501.8883361816406 1257.3660888671875 323.22918701171875 1107.957763671875
764.0984497070312 691.8848266601562 773.9335327148438 748.9983520507812
734.7059326171875 852.5931396484375 673.7656860351562 884.5629272460938
684.7757568359375 742.4806518554688 681.079833984375 751.9011840820312
825.8782958984375 723.6532592773438 808.6093139648438 815.3810424804688
725.2413330078125 862.9672241210938 660.0366821289062 888.3436889648438
906.6618041992188 1347.9910888671875 604.7011108398438 1371.5364990234375
904.9539184570312 539.1845703125 976.22998046875 677.210205078125
812.8424682617188 1064.3388671875 646.98486328125 1109.7744140625
980.1625366210938 720.8998413085938 943.5194702148438 900.2374877929688
797.3043212890625 1026.4320068359375 649.8538818359375 1069.3372802734375
788.9730834960938 1139.896484375 600.3084106445312 1158.7978515625
744.0682983398438 415.2122802734375 899.611328125 439.5002136230469
516.234619140625 675.0219116210938 560.9564208984375 581.7904052734375
936.1676025390625 519.2794799804688 1014.2700805664062 676.1737670898438
593.90673828125 629.09228515625 652.9468994140625 581.778076171875
841.5897216796875 875.7518310546875 752.3310546875 964.42041015625
730.6732788085938 509.4602966308594 837.8002319335938 538.5396728515625
919.3110961914062 835.5855712890625 834.8004760742188 970.816162109375
847.7122802734375 1177.1165771484375 629.0042114257812 1217.459716796875
645.0736083984375 698.3352661132812 666.3563232421875 684.8829345703125
606.6005859375 528.6489868164062 713.5848999023438 478.57086181640625
978.7764282226562 988.30126953125 812.4666748046875 1132.5186767578125
858.0224609375 1220.7021484375 618.876953125 1256.275390625
806.8514404296875 613.0556030273438 850.33984375 693.7710571289062
873.4183349609375 1219.4420166015625 631.3458251953125 1261.6661376953125
684.7757568359375 742.4806518554688 681.079833984375 751.9011840820312
892.501220703125 760.7531127929688 849.1820678710938 888.2356567382812
936.470703125 975.1680908203125 783.915771484375 1098.9678955078125
501.8883361816406 1257.3660888671875 323.22918701171875 1107.957763671875
770.8948364257812 654.2525024414062 799.1388549804688 714.954345703125
776.0339965820312 1261.1131591796875 539.41845703125 1244.9501953125
769.3049926757812 1206.3748779296875 556.1412353515625 1200.320556640625
704.642333984375 487.4696960449219 824.313232421875 495.89141845703125
887.5320434570312 1251.6138916015625 629.5458984375 1292.629638671875
673.3673095703125 732.2132568359375 675.4451293945312 735.888427734375
910.7391967773438 1038.2308349609375 736.0258178710938 1139.0147705078125
775.2337646484375 999.352294921875 643.7434692382812 1036.5322265625
718.3660278320312 845.3175659179688 662.90625 868.881103515625
873.4183349609375 1219.4420166015625 631.3458251953125 1261.6661376953125
614.0321044921875 1410.755859375 360.2388000488281 1279.6405029296875
643.9376220703125 1404.7288818359375 384.18798828125 1288.944580078125
865.9459838867188 956.648193359375 735.5407104492188 1048.719482421875
620.3960571289062 565.999267578125 707.8233032226562 528.4415893554688
955.0450439453125 1014.4733276367188 781.4898071289062 1141.443603515625
765.2425537109375 444.2025146484375 899.6891479492188 488.8560485839844
751.4874267578125 1080.4991455078125 590.955322265625 1091.80712890625
698.16064453125 713.5676879882812 706.6282958984375 732.1389770507812
516.8324584960938 650.043701171875 573.4825439453125 553.45703125
770.8948364257812 654.2525024414062 799.1388549804688 714.954345703125
876.4483642578125 1243.83056640625 624.6539916992188 1280.8304443359375
994.0013427734375 1390.1134033203125 656.5753173828125 1441.9674072265625
803.4871215820312 787.7635498046875 761.79443359375 864.0245971679688
696.3070068359375 505.3583984375 807.4454345703125 511.5567626953125
603.2555541992188 1372.841552734375 364.48809814453125 1247.7298583984375
968.1727905273438 929.7250366210938 831.8763427734375 1078.9608154296875
871.5927124023438 1184.960205078125 643.5240478515625 1234.738037109375
513.6561889648438 663.4939575195312 565.2655639648438 566.4100341796875
512.9066772460938 1277.3310546875 325.53143310546875 1129.3590087890625
915.4849243164062 1368.8504638671875 605.201904296875 1390.8961181640625
978.7764282226562 988.30126953125 812.4666748046875 1132.5186767578125
567.443603515625 1266.3546142578125 372.1658935546875 1147.433837890625
920.2807006835938 1020.0716552734375 751.3856201171875 1130.54638671875
587.661376953125 536.2288208007812 692.482666015625 474.9186096191406
807.7429809570312 572.4462890625 869.8558349609375 652.6674194335938
606.6005859375 528.6489868164062 713.5848999023438 478.57086181640625
771.3764038085938 669.2843017578125 791.174072265625 731.2977905273438
775.2337646484375 999.352294921875 643.7434692382812 1036.5322265625
746.7057495117188 1094.9420166015625 579.7197875976562 1099.7806396484375
756.6749877929688 1021.4158935546875 619.8460693359375 1045.692138671875
739.8721313476562 1184.6363525390625 541.8897094726562 1171.276123046875
609.1657104492188 574.5431518554688 693.5880126953125 531.5985107421875
541.2871704101562 1468.484130859375 286.4436340332031 1287.4171142578125
694.4443359375 743.1322631835938 688.21044921875 759.385986328125
587.3175659179688 1234.6173095703125 401.1493225097656 1133.610595703125
564.6442260742188 1226.635986328125 386.4768371582031 1116.71875
745.49951171875 664.2125244140625 771.671142578125 707.7517700195312
920.2807006835938 1020.0716552734375 751.3856201171875 1130.54638671875
746.7057495117188 1094.9420166015625 579.7197875976562 1099.7806396484375
911.6170654296875 1197.7762451171875 669.4283447265625 1262.9305419921875
479.30120849609375 1286.890869140625 295.193603515625 1121.4449462890625
952.4692993164062 1338.9654541015625 644.2422485351562 1388.189453125
502.12298583984375 685.7521362304688 545.2894287109375 583.7880859375
872.147705078125 582.3194580078125 923.058837890625 703.2046508789062
466.7366943359375 642.4135131835938 531.076904296875 514.2588500976562
811.3554077148438 593.9474487304688 862.9541625976562 677.7603149414062
724.7952270507812 417.78948974609375 879.2796630859375 430.7618103027344
470.31427001953125 659.8717651367188 527.139892578125 535.6778564453125
652.88330078125 761.0137329101562 645.197998046875 751.6839599609375
669.82177734375 750.9143676757812 664.1444702148438 751.9041137695312
942.9235229492188 1240.505126953125 676.4892578125 1309.3533935546875
465.2125549316406 674.4625854492188 516.7037963867188 549.7435302734375
637.898193359375 722.300537109375 650.1146240234375 704.2308959960938
733.4461669921875 1236.9046630859375 515.1903076171875 1206.4345703125
722.7402954101562 480.2767333984375 846.2669677734375 500.8373107910156
698.5847778320312 1200.7939453125 501.5189208984375 1162.271240234375
489.4567565917969 682.94580078125 534.603759765625 571.806884765625
729.3907470703125 1274.2764892578125 494.610595703125 1230.8841552734375
616.8977661132812 603.1796875 687.1025390625 567.7424926757812
566.5623779296875 1153.8848876953125 412.0614013671875 1057.4996337890625
771.3764038085938 669.2843017578125 791.174072265625 731.2977905273438
893.8583984375 948.644775390625 763.1116943359375 1056.67138671875
466.7366943359375 642.4135131835938 531.076904296875 514.2588500976562
647.0745849609375 688.867919921875 673.1544189453125 675.5870361328125
935.7915649414062 1019.3198852539062 764.8575439453125 1135.5625
611.7303466796875 724.1659545898438 625.6949462890625 691.06689453125
732.2481079101562 1255.3336181640625 506.8447570800781 1220.1588134765625
782.0684814453125 647.7798461914062 810.1436767578125 715.030517578125
900.56396484375 1259.9329833984375 636.2293090820312 1303.412841796875
811.3554077148438 593.9474487304688 862.9541625976562 677.7603149414062
595.8563842773438 1282.3558349609375 390.65118408203125 1174.513671875
565.6723022460938 1142.080078125 416.7679443359375 1046.8140869140625
578.6626586914062 1283.500732421875 375.24383544921875 1166.6302490234375
478.8330993652344 646.2696533203125 540.5508422851562 526.4078369140625
889.4652709960938 978.9906005859375 745.4012451171875 1082.117919921875
531.6809692382812 1414.462890625 294.33447265625 1242.6104736328125
530.0997314453125 1151.3585205078125 383.3033752441406 1036.6002197265625
715.075439453125 1243.0963134765625 498.4720458984375 1202.0709228515625
708.8843994140625 461.1653137207031 843.30126953125 469.63177490234375
759.8316040039062 928.7448120117188 662.49365234375 968.1610717773438
655.49560546875 740.995361328125 656.4854736328125 732.4136962890625
975.210693359375 1023.9788208007812 793.63671875 1159.531494140625
831.4950561523438 651.5968627929688 849.543701171875 748.377685546875
1012.9484252929688 730.9540405273438 965.6149291992188 927.55322265625
797.095703125 1077.6171875 627.936279296875 1111.5238037109375
727.0650024414062 810.0511474609375 686.3532104492188 840.2818603515625
560.9772338867188 1491.56005859375 292.1441650390625 1316.8062744140625
509.1273498535156 627.5139770507812 576.7168579101562 524.4841918945312
801.8662109375 1039.0948486328125 649.1694946289062 1084.787353515625
823.8599853515625 1374.3372802734375 533.6681518554688 1350.3670654296875
672.5194091796875 714.22802734375 683.6659545898438 716.154541015625
556.8901977539062 1396.222900390625 320.5227966308594 1242.3814697265625
928.5764770507812 548.775390625 991.6397705078125 697.5
595.8563842773438 1282.3558349609375 390.65118408203125 1174.513671875
497.9601745605469 619.4256591796875 570.64404296875 509.1429748535156
838.1481323242188 841.1464233398438 769.02978515625 929.9390258789062
797.3043212890625 1026.4320068359375 649.8538818359375 1069.3372802734375
750.5623168945312 1273.5355224609375 515.39892578125 1243.174560546875
558.69873046875 1252.8316650390625 370.294677734375 1135.317138671875
523.772705078125 1291.23388671875 329.66192626953125 1143.55517578125
873.4183349609375 1219.4420166015625 631.3458251953125 1261.6661376953125
705.3834838867188 478.7424621582031 829.7583618164062 487.4130554199219
602.6332397460938 599.2566528320312 676.9922485351562 554.1538696289062
490.3354187011719 1306.763916015625 297.28558349609375 1141.559326171875
732.8109741210938 879.3896484375 660.7086791992188 909.327392578125
752.7291259765625 615.9313354492188 802.88525390625 664.8139038085938
736.5025634765625 1039.768310546875 595.507080078125 1050.7799072265625
752.7291259765625 615.9313354492188 802.88525390625 664.8139038085938
722.7402954101562 480.2767333984375 846.2669677734375 500.8373107910156
673.6432495117188 1428.1231689453125 400.7553405761719 1320.777099609375
582.9551391601562 611.931396484375 651.698486328125 556.7723388671875
902.982666015625 1012.3751220703125 742.8052978515625 1111.8922119140625
1043.94140625 722.6298828125 995.3869018554688 938.3717041015625
762.3269653320312 1063.13427734375 606.2571411132812 1084.2138671875
790.045166015625 1347.752197265625 518.1373291015625 1318.279541015625
592.7877197265625 1292.872314453125 385.0630187988281 1182.581298828125
761.6539306640625 1048.0550537109375 613.047607421875 1070.6837158203125
576.8106079101562 1233.8448486328125 391.358154296875 1126.446533203125
743.7610473632812 638.3397827148438 782.7406005859375 682.4967041015625
481.4713134765625 660.7853393554688 536.20361328125 543.9580688476562
576.4576416015625 553.3159790039062 674.043701171875 486.78936767578125
470.31427001953125 659.8717651367188 527.139892578125 535.6778564453125
663.6829833984375 760.2633056640625 653.9193725585938 757.7658081054688
621.979248046875 1374.8232421875 378.7555847167969 1256.419677734375
559.0001831054688 1238.196044921875 376.06036376953125 1121.5966796875
928.5764770507812 548.775390625 991.6397705078125 697.5
852.9102783203125 832.0203857421875 782.3665161132812 931.7699584960938
806.8514404296875 613.0556030273438 850.33984375 693.7710571289062
866.0643920898438 1203.68603515625 631.580078125 1245.6658935546875
754.5806884765625 1240.5916748046875 529.631103515625 1218.7650146484375
580.3491821289062 1156.0340576171875 422.86553955078125 1065.620849609375
772.7355346679688 1390.956787109375 488.0657958984375 1339.5145263671875
907.1677856445312 799.2764282226562 842.4694213867188 935.0859985351562
556.0960693359375 1447.3026123046875 302.3633117675781 1276.8101806640625
968.6820678710938 1007.201416015625 794.3381958007812 1142.3817138671875
777.5576171875 1417.471435546875 482.8500061035156 1359.88232421875
583.9418334960938 1259.978515625 388.209716796875 1151.48974609375
616.969970703125 1261.045654296875 414.1228942871094 1166.343505859375
694.4443359375 743.1322631835938 688.21044921875 759.385986328125
745.7412109375 876.3052978515625 672.6670532226562 913.2996215820312
613.8368530273438 582.0054321289062 693.2828369140625 542.0979614257812
794.552490234375 1052.6558837890625 637.1322021484375 1092.7216796875
970.6661987304688 547.2946166992188 1027.9990234375 726.9528198242188
495.3348083496094 1286.27978515625 307.87420654296875 1127.5263671875
771.5518188476562 627.4630737304688 810.2957763671875 685.206298828125
757.6023559570312 709.0607299804688 759.9714965820312 762.023193359375
504.9024353027344 670.494873046875 553.9577026367188 569.2554321289062
547.3035888671875 1380.4093017578125 318.6236267089844 1225.15966796875
609.1657104492188 574.5431518554688 693.5880126953125 531.5985107421875
706.2868041992188 530.8588256835938 803.8007202148438 549.20947265625
819.5646362304688 794.4339599609375 772.2887573242188 878.7197875976562
916.8426513671875 970.468505859375 769.9794921875 1088.1051025390625
878.085693359375 814.6250610351562 811.09228515625 927.0401000976562
883.084716796875 1168.4293212890625 659.5236206054688 1227.6197509765625
502.2410888671875 655.2030639648438 557.8143310546875 551.025634765625
939.8471069335938 1353.6893310546875 629.42578125 1391.981201171875
618.3185424804688 746.3853149414062 621.9033203125 716.4263916015625
936.8177490234375 1226.4749755859375 677.5104370117188 1298.3692626953125
782.2914428710938 661.9339599609375 804.3139038085938 729.95849609375
545.5840454101562 1157.953125 393.6522216796875 1049.8419189453125
506.0309753417969 641.8118896484375 567.8101806640625 539.2317504882812
662.4395141601562 722.8304443359375 670.7965087890625 719.3110961914062
582.2092895507812 566.9947509765625 672.5642700195312 504.8924865722656
550.9844360351562 1144.8682861328125 403.7523498535156 1042.569091796875
502.12298583984375 685.7521362304688 545.2894287109375 583.7880859375
484.6604309082031 671.9119873046875 535.9737548828125 557.5344848632812
584.1342163085938 576.132080078125 668.4830932617188 518.6737670898438
709.0764770507812 683.3324584960938 730.6148681640625 709.134765625
330.7594909667969 801.4017333984375 340.5542297363281 598.8082885742188
585.2107543945312 549.1560668945312 684.443603515625 488.7413024902344
474.11358642578125 1257.015380859375 302.20263671875 1094.6573486328125
752.9315795898438 1036.4339599609375 608.60205078125 1055.130126953125
637.5331420898438 690.0712890625 664.2806396484375 670.759033203125
697.3508911132812 469.4803161621094 827.0039672851562 473.4234313964844
503.4658203125 1316.996337890625 302.8476257324219 1154.455078125
504.9024353027344 670.494873046875 553.9577026367188 569.2554321289062
578.6626586914062 1283.500732421875 375.24383544921875 1166.6302490234375
771.6365966796875 1031.3743896484375 628.3338012695312 1062.084716796875
788.1806640625 1404.1790771484375 494.38800048828125 1357.5711669921875
696.3070068359375 505.3583984375 807.4454345703125 511.5567626953125
784.1421508789062 1059.073486328125 625.6306762695312 1090.5201416015625
584.1342163085938 576.132080078125 668.4830932617188 518.6737670898438
915.4849243164062 1368.8504638671875 605.201904296875 1390.8961181640625
609.1657104492188 574.5431518554688 693.5880126953125 531.5985107421875
714.6131591796875 1006.1550903320312 590.9877319335938 1011.8035888671875
982.4701538085938 524.1010131835938 1051.849365234375 709.12158203125
632.7595825195312 711.3582763671875 652.2467651367188 689.72119140625
1006.8612060546875 600.2371215820312 1030.1334228515625 799.4991455078125
973.723876953125 606.98974609375 995.410400390625 787.2547607421875
492.8711242675781 701.3616943359375 529.288818359375 595.0177001953125
487.5760498046875 1265.558349609375 309.221435546875 1106.9259033203125
673.4059448242188 1105.551513671875 519.979736328125 1071.9036865234375
588.8815307617188 1246.53466796875 396.8651123046875 1143.1689453125
1032.7969970703125 797.2521362304688 947.9189453125 998.4746704101562
961.6443481445312 523.1152954101562 1036.508056640625 693.347900390625
604.7725830078125 1293.4217529296875 392.7253112792969 1187.2943115234375
579.4583740234375 1246.7955322265625 389.665771484375 1138.846435546875
927.1848754882812 1239.8841552734375 664.6983642578125 1301.9205322265625
637.898193359375 722.300537109375 650.1146240234375 704.2308959960938
489.0084533691406 1276.7918701171875 305.6910400390625 1115.923583984375
539.8405151367188 1405.39404296875 304.3255920410156 1239.817626953125
662.6017456054688 1412.5960693359375 397.24560546875 1303.642333984375
791.43212890625 1036.6923828125 636.937744140625 1076.890869140625
1008.8436279296875 769.2787475585938 943.82275390625 959.6178588867188
607.5203857421875 605.670654296875 677.2742919921875 563.8076782226562
650.9413452148438 727.6350708007812 657.7356567382812 717.128662109375
545.5840454101562 1157.953125 393.6522216796875 1049.8419189453125
613.8732299804688 554.5883178710938 707.9938354492188 512.8350219726562
1031.3226318359375 734.2030029296875 977.7985229492188 939.7924194335938
558.1953735351562 1129.4827880859375 414.35943603515625 1032.907470703125
476.74468994140625 1265.975341796875 300.1005859375 1102.365234375
913.6912841796875 1245.4326171875 651.8241577148438 1300.3204345703125
622.2529907226562 1388.3316650390625 374.0781555175781 1266.4871826171875
766.7107543945312 1219.2093505859375 547.6111450195312 1210.3575439453125
764.3810424804688 470.2657775878906 888.0380249023438 514.6519165039062
762.3269653320312 1063.13427734375 606.2571411132812 1084.2138671875
500.4082336425781 1296.502685546875 308.79888916015625 1138.7611083984375
779.9744262695312 1013.1493530273438 640.51611328125 1050.3828125
954.4828491210938 945.9276123046875 813.5177001953125 1084.4429931640625
497.4538879394531 648.4181518554688 557.0033569335938 540.8646850585938
617.2559814453125 735.1788330078125 625.51171875 704.9089965820312
1026.4012451171875 1145.1593017578125 781.1392822265625 1281.6805419921875
485.8400573730469 643.7105102539062 548.2940063476562 528.2843017578125
598.7703247070312 1273.0499267578125 396.9963073730469 1165.2945556640625
