1028.3135986328125 576.1848754882812 851.3702392578125 1247.939697265625
1011.7224731445312 581.5444946289062 842.3768920898438 1232.3831787109375
973.723876953125 606.98974609375 810.1799926757812 1197.4295654296875
1024.4681396484375 556.0350341796875 867.9133911132812 1235.5950927734375
782.0684814453125 647.7798461914062 722.6047973632812 985.559326171875
977.6578979492188 506.09942626953125 902.3837280273438 1156.6748046875
1001.8132934570312 570.6697998046875 848.8486328125 1214.892822265625
1033.4368896484375 532.5000610351562 892.5863037109375 1237.4571533203125
1006.8612060546875 600.2371215820312 823.1757202148438 1229.6009521484375
895.9317626953125 859.9730224609375 608.5685424804688 1207.2415771484375
1002.4555053710938 511.8094787597656 903.0738525390625 1189.621826171875
999.6508178710938 541.4077758789062 872.7781982421875 1197.223876953125
770.8948364257812 654.2525024414062 713.919677734375 978.5696411132812
760.4086303710938 901.4684448242188 547.9203491210938 1090.3941650390625
1043.94140625 722.6298828125 739.4193725585938 1319.6849365234375
982.4701538085938 524.1010131835938 885.6197509765625 1170.428466796875
885.1377563476562 783.29541015625 655.1099243164062 1170.318603515625
942.2775268554688 1006.064453125 541.7305297851562 1302.8555908203125
839.109619140625 801.9353637695312 630.3342895507812 1128.781982421875
