804.836181640625 675.1903686523438 760.1067504882812 1020.6827392578125
804.836181640625 675.1903686523438 760.1067504882812 1020.6827392578125
995.4598999023438 566.078369140625 949.5475463867188 1142.212158203125
1038.8104248046875 1305.55712890625 536.6145629882812 1565.4381103515625
899.0321655273438 909.0304565429688 663.4620361328125 1264.3974609375
757.3927612304688 926.3023071289062 590.8170776367188 1147.7437744140625
713.0448608398438 859.7511596679688 605.7388305664062 1060.5035400390625
732.924560546875 899.2098388671875 594.1515502929688 1105.935302734375
899.5581665039062 831.82958984375 711.3184814453125 1221.737548828125
866.1724853515625 835.5703125 691.9249267578125 1193.604736328125
