854.5869750976562 815.5978393554688 731.4302368164062 1135.9649658203125
816.7296752929688 819.5698852539062 747.254638671875 1113.1568603515625
828.0353393554688 704.8424682617188 809.0463256835938 1183.566650390625
876.7621459960938 899.7371826171875 678.4751586914062 1103.7325439453125
832.3419189453125 829.1743774414062 734.3795166015625 1116.4149169921875
883.07568359375 847.0659790039062 702.1285400390625 1132.983154296875
916.7240600585938 891.4651489257812 668.0106201171875 1128.06591796875
881.1474609375 819.9843139648438 717.9059448242188 1147.8531494140625
887.3282470703125 874.7619018554688 687.36328125 1120.583251953125
857.4412231445312 854.448486328125 709.4744262695312 1116.51904296875
804.836181640625 675.1903686523438 841.42919921875 1191.8402099609375
885.228515625 692.0247802734375 784.7369384765625 1217.91455078125
843.82568359375 890.013916015625 696.1173095703125 1089.6981201171875
779.6151123046875 653.9100341796875 873.06787109375 1192.3939208984375
899.0321655273438 909.0304565429688 666.0020141601562 1109.64697265625
899.5581665039062 831.82958984375 703.9933471679688 1150.3082275390625
832.3419189453125 829.1743774414062 734.3795166015625 1116.4149169921875
647.08935546875 686.0521240234375 958.635986328125 1088.7332763671875
777.1290283203125 679.4303588867188 857.468994140625 1174.22900390625
844.2200927734375 879.9085083007812 703.1295166015625 1097.0828857421875
793.09716796875 631.4600830078125 878.94140625 1214.4129638671875
866.1724853515625 835.5703125 714.5193481445312 1130.265380859375
930.5657348632812 823.711181640625 696.0120239257812 1168.1878662109375
677.2257080078125 716.6221923828125 905.3677978515625 1088.7540283203125
661.8875122070312 720.8999633789062 918.7530517578125 1069.8203125
804.836181640625 675.1903686523438 841.42919921875 1191.8402099609375
661.8875122070312 720.8999633789062 918.7530517578125 1069.8203125
699.4695434570312 700.6964721679688 903.2719116210938 1113.645263671875
955.2744140625 1021.4813232421875 599.135009765625 1085.7554931640625
664.0525512695312 688.495361328125 942.5598754882812 1096.2413330078125
877.6559448242188 665.702880859375 805.1068115234375 1231.88720703125
659.35693359375 708.2919921875 932.2584228515625 1075.832275390625
856.799560546875 671.5330200195312 812.4656372070312 1218.61376953125
671.7389526367188 730.2490844726562 901.7489013671875 1073.4193115234375
695.9083862304688 719.8743286132812 889.8120727539062 1097.582275390625
848.3426513671875 758.704345703125 766.7547607421875 1164.8477783203125
851.0623168945312 842.6975708007812 719.8306274414062 1120.554931640625
