672.6670532226562 913.2996215820312 575.8988647460938 1066.8450927734375
707.8233032226562 528.4415893554688 667.0474853515625 682.5431518554688
802.7012329101562 978.8555297851562 671.56591796875 1176.3258056640625
672.6670532226562 913.2996215820312 575.8988647460938 1066.8450927734375
1035.95458984375 926.2645874023438 883.9004516601562 1208.0008544921875
821.1463623046875 1487.408203125 607.4957275390625 1677.0677490234375
524.5797119140625 679.7557983398438 490.745361328125 785.3213500976562
793.63671875 1159.531494140625 636.55078125 1352.7821044921875
844.3011474609375 924.0282592773438 718.4033813476562 1134.2232666015625
605.201904296875 1390.8961181640625 449.4168395996094 1505.112060546875
664.1876831054688 569.7105712890625 622.858154296875 714.3515625
965.6149291992188 927.55322265625 823.643310546875 1182.6634521484375
653.0972900390625 850.0612182617188 570.5498046875 997.3040161132812
625.6949462890625 691.06689453125 571.4503784179688 828.0420532226562
674.3334350585938 948.1493530273438 570.6939086914062 1103.4669189453125
618.876953125 1256.275390625 480.0672912597656 1383.5496826171875
776.3214721679688 1128.64306640625 628.5382690429688 1317.4720458984375
448.46612548828125 605.1621704101562 438.8702087402344 686.9899291992188
824.313232421875 495.89141845703125 773.308837890625 682.8641357421875
557.0033569335938 540.8646850585938 536.6199340820312 653.877685546875
783.915771484375 1098.9678955078125 638.1227416992188 1290.2723388671875
801.9227294921875 1371.1788330078125 607.939208984375 1558.4053955078125
751.3856201171875 1130.54638671875 606.84375 1308.052978515625
831.31494140625 1386.2210693359375 631.0925903320312 1586.1649169921875
330.6829833984375 582.5072631835938 348.67706298828125 630.9420776367188
518.1373291015625 1318.279541015625 393.6437683105469 1406.4599609375
674.043701171875 486.78936767578125 644.8778686523438 630.0803833007812
557.0033569335938 540.8646850585938 536.6199340820312 653.877685546875
888.0380249023438 514.6519165039062 827.8593139648438 723.7394409179688
861.8659057617188 908.4094848632812 735.7640991210938 1123.000732421875
597.642333984375 1066.4427490234375 491.6210021972656 1194.9969482421875
1035.95458984375 926.2645874023438 883.9004516601562 1208.0008544921875
644.2422485351562 1388.189453125 481.71026611328125 1517.760498046875
827.0039672851562 473.4234313964844 780.7594604492188 662.729736328125
995.410400390625 787.2547607421875 872.5652465820312 1048.2890625
849.1820678710938 888.2356567382812 727.916015625 1101.2828369140625
498.4720458984375 1202.0709228515625 393.5265808105469 1291.1168212890625
846.2669677734375 500.8373107910156 793.216796875 698.3019409179688
598.850341796875 1106.17578125 484.5577087402344 1230.7274169921875
709.6162719726562 493.9169921875 672.6384887695312 649.215576171875
653.1849975585938 507.7930908203125 623.4613647460938 646.3700561523438
636.2293090820312 1303.412841796875 485.0009460449219 1433.2247314453125
693.5880126953125 531.5985107421875 654.4407958984375 682.2299194335938
989.1866455078125 974.8660888671875 834.6891479492188 1239.77392578125
608.71435546875 1460.706787109375 441.22943115234375 1568.827392578125
807.552490234375 1323.7327880859375 621.268798828125 1516.81591796875
891.7578125 459.25042724609375 838.1378173828125 666.9932861328125
804.2005004882812 1080.3533935546875 658.4282836914062 1278.8897705078125
858.5106201171875 1314.071044921875 664.64013671875 1526.3551025390625
515.1903076171875 1206.4345703125 405.7431945800781 1299.45166015625
868.2828979492188 1135.3170166015625 702.813720703125 1357.4163818359375
641.9655151367188 1022.0443725585938 536.1475219726562 1165.866455078125
835.206787109375 1370.0673828125 636.0257568359375 1571.2852783203125
863.850830078125 463.29156494140625 815.4805908203125 660.4617919921875
612.246826171875 1099.3668212890625 498.0713195800781 1230.0439453125
795.2469482421875 1565.8282470703125 572.3560791015625 1737.7681884765625
605.201904296875 1390.8961181640625 449.4168395996094 1505.112060546875
643.5057983398438 556.4258422851562 606.0215454101562 696.9016723632812
1027.9990234375 726.9528198242188 913.706298828125 998.248291015625
772.2619018554688 1470.744140625 568.701904296875 1640.790771484375
666.7294921875 878.6259155273438 576.3812255859375 1029.79736328125
636.937744140625 1076.890869140625 519.3518676757812 1215.27734375
627.936279296875 1111.5238037109375 507.3084411621094 1246.001708984375
995.3869018554688 938.3717041015625 846.7203369140625 1202.784912109375
832.0658569335938 905.9427490234375 711.8983154296875 1112.4912109375
590.955322265625 1091.80712890625 482.2127380371094 1215.879150390625
401.1493225097656 1133.610595703125 329.1913757324219 1192.4853515625
649.8950805664062 1214.727783203125 512.8812255859375 1355.6474609375
651.698486328125 556.7723388671875 614.8098754882812 696.7586669921875
567.8101806640625 539.2317504882812 546.3968505859375 653.7662963867188
846.2669677734375 500.8373107910156 793.216796875 698.3019409179688
668.4830932617188 518.6737670898438 632.916259765625 662.7835693359375
547.330810546875 540.5827026367188 528.8746948242188 649.5562133789062
595.507080078125 1050.7799072265625 492.0977783203125 1176.8408203125
624.6539916992188 1280.8304443359375 481.653076171875 1409.7069091796875
829.55126953125 1120.6510009765625 672.9506225585938 1325.1058349609375
543.6072387695312 572.1116943359375 521.2101440429688 681.0693359375
570.64404296875 509.1429748535156 553.4789428710938 622.9120483398438
432.999755859375 633.7440795898438 422.0431823730469 711.8170776367188
388.546875 1254.6279296875 304.0558166503906 1302.44775390625
649.1694946289062 1084.787353515625 530.646240234375 1227.2515869140625
606.7786865234375 1410.8199462890625 447.1941833496094 1525.3968505859375
816.0077514648438 1521.3145751953125 594.5841674804688 1704.9422607421875
838.3956909179688 1539.8201904296875 612.7230834960938 1730.8870849609375
515.39892578125 1243.174560546875 399.9617919921875 1333.1666259765625
677.2742919921875 563.8076782226562 635.111328125 711.349365234375
643.7434692382812 1036.5322265625 533.6268310546875 1179.829833984375
842.4694213867188 935.0859985351562 714.0975952148438 1148.3321533203125
656.0521240234375 1257.5594482421875 509.4776611328125 1398.4351806640625
551.9432373046875 678.16162109375 511.8687438964844 791.515380859375
1029.924560546875 749.50244140625 911.6389770507812 1021.04443359375
888.0380249023438 514.6519165039062 827.8593139648438 723.7394409179688
835.0130615234375 1507.4578857421875 614.01416015625 1699.8714599609375
769.02978515625 929.9390258789062 655.3092651367188 1115.9520263671875
519.0652465820312 574.6387329101562 500.8584289550781 676.5936279296875
805.5177612304688 965.8817749023438 678.4492797851562 1164.6737060546875
638.0318603515625 689.1572265625 582.0396118164062 829.884765625
751.3856201171875 1130.54638671875 606.84375 1308.052978515625
547.6111450195312 1210.3575439453125 431.19256591796875 1313.8409423828125
397.24560546875 1303.642333984375 302.96728515625 1349.24755859375
989.1866455078125 974.8660888671875 834.6891479492188 1239.77392578125
602.1409301757812 1419.0548095703125 443.23480224609375 1530.3829345703125
941.6307373046875 1166.8143310546875 759.8788452148438 1415.4013671875
547.330810546875 540.5827026367188 528.8746948242188 649.5562133789062
512.8312377929688 1336.626708984375 384.7160949707031 1419.62255859375
662.49365234375 968.1610717773438 558.3399047851562 1116.5780029296875
387.8276672363281 1308.09912109375 295.4815673828125 1346.5523681640625
807.5869750976562 942.2977294921875 684.4714965820312 1140.1895751953125
807.4454345703125 511.5567626953125 756.6729125976562 696.4370727539062
392.7253112792969 1187.2943115234375 314.8975524902344 1239.631591796875
754.8258056640625 1493.6322021484375 551.88330078125 1656.242919921875
374.0781555175781 1266.4871826171875 291.041015625 1305.7794189453125
843.0358276367188 485.9534912109375 792.6475830078125 679.6578369140625
858.5106201171875 1314.071044921875 664.64013671875 1526.3551025390625
764.8575439453125 1135.5625 616.008544921875 1318.619384765625
638.0318603515625 689.1572265625 582.0396118164062 829.884765625
649.8538818359375 1069.3372802734375 533.6931762695312 1214.9405517578125
796.0817260742188 1493.7645263671875 585.2127685546875 1672.3492431640625
838.9458618164062 1333.26953125 645.0443725585938 1539.6396484375
449.39404296875 631.0606689453125 435.6097106933594 714.6498413085938
508.0862731933594 1392.702880859375 374.2182922363281 1469.5078125
412.2157287597656 598.0726318359375 410.0291748046875 671.5170288085938
840.408203125 1226.096435546875 666.5782470703125 1433.4842529296875
529.631103515625 1218.7650146484375 414.6520080566406 1313.4403076171875
681.5704345703125 864.69482421875 591.1826171875 1019.5361938476562
511.374267578125 1198.4385986328125 405.1248779296875 1291.128173828125
669.4283447265625 1262.9305419921875 519.2145385742188 1408.59814453125
818.9144287109375 1341.0865478515625 627.0958862304688 1536.3736572265625
832.0658569335938 905.9427490234375 711.8983154296875 1112.4912109375
736.0258178710938 1139.0147705078125 592.3737182617188 1312.9105224609375
506.8447570800781 1220.1588134765625 398.3372802734375 1309.5682373046875
838.9458618164062 1333.26953125 645.0443725585938 1539.6396484375
591.5975341796875 1429.32177734375 433.6025085449219 1537.29931640625
327.5574645996094 598.4258422851562 343.2158508300781 645.5489501953125
956.2245483398438 1209.47119140625 764.6119384765625 1462.607666015625
628.125 1456.262939453125 457.77288818359375 1573.2242431640625
786.5235595703125 1347.7491455078125 600.1360473632812 1531.9971923828125
978.6298217773438 1197.156005859375 786.076904296875 1458.966064453125
956.2245483398438 1209.47119140625 764.6119384765625 1462.607666015625
882.7113037109375 530.9297485351562 817.063720703125 742.5204467773438
613.047607421875 1070.6837158203125 504.5158996582031 1203.2435302734375
835.206787109375 1370.0673828125 636.0257568359375 1571.2852783203125
672.5642700195312 504.8924865722656 640.8248291015625 646.6150512695312
931.78271484375 1233.090087890625 737.677978515625 1475.385498046875
857.8580322265625 1404.706298828125 648.7767944335938 1611.4378662109375
617.590576171875 1416.6561279296875 455.6767272949219 1533.9100341796875
646.3032836914062 1459.4918212890625 471.9880676269531 1583.3311767578125
840.408203125 1226.096435546875 666.5782470703125 1433.4842529296875
800.2269287109375 899.1304321289062 684.4006958007812 1096.4559326171875
899.6891479492188 488.8560485839844 838.2070922851562 699.6629638671875
628.3338012695312 1062.084716796875 515.66552734375 1198.4287109375
792.1098022460938 528.8215942382812 740.9754638671875 710.9592895507812
637.1322021484375 1092.7216796875 519.6852416992188 1229.9149169921875
556.1412353515625 1200.320556640625 438.23968505859375 1305.8248291015625
321.1274108886719 633.6426391601562 333.8832702636719 681.018310546875
815.4287109375 1546.28955078125 592.4974975585938 1729.573486328125
302.3633117675781 1276.8101806640625 236.0319061279297 1291.1234130859375
767.5018920898438 1517.3209228515625 557.7764892578125 1682.01708984375
619.8460693359375 1045.692138671875 512.3291625976562 1180.156982421875
391.358154296875 1126.446533203125 322.1882019042969 1182.5531005859375
523.8450317382812 1345.67626953125 392.5052795410156 1432.41943359375
623.7022705078125 1426.6964111328125 457.9286193847656 1543.387939453125
364.41107177734375 601.1874389648438 369.5177917480469 661.9302978515625
616.9994506835938 704.629150390625 561.8914184570312 839.7224731445312
595.507080078125 1050.7799072265625 492.0977783203125 1176.8408203125
400.7553405761719 1320.777099609375 304.24176025390625 1362.8682861328125
608.60205078125 1055.130126953125 502.2613830566406 1186.3839111328125
442.39337158203125 618.1611328125 432.5342712402344 696.2682495117188
810.4751586914062 1561.03515625 584.7691650390625 1738.0074462890625
403.3293151855469 1156.71337890625 327.2081298828125 1214.0067138671875
412.9289245605469 622.2583618164062 408.4660949707031 694.6300659179688
980.284912109375 745.849853515625 866.4447021484375 1002.9803466796875
545.2894287109375 583.7880859375 521.655029296875 694.066162109375
442.39337158203125 618.1611328125 432.5342712402344 696.2682495117188
813.5177001953125 1084.4429931640625 665.48779296875 1286.16845703125
652.2467651367188 689.72119140625 594.1138305664062 833.9562377929688
657.6591796875 938.5651245117188 559.6847534179688 1086.9954833984375
976.4447631835938 1216.471435546875 780.5550537109375 1476.8201904296875
631.3458251953125 1261.6661376953125 488.8894348144531 1392.682861328125
631.3458251953125 1261.6661376953125 488.8894348144531 1392.682861328125
769.0423583984375 1535.5299072265625 556.6874389648438 1699.7662353515625
929.1497192382812 1132.4246826171875 755.38818359375 1376.637451171875
304.3255920410156 1239.817626953125 242.50662231445312 1259.013671875
1030.1334228515625 799.4991455078125 900.1964111328125 1073.0272216796875
336.15826416015625 620.1154174804688 346.55413818359375 672.9948120117188
681.079833984375 751.9011840820312 607.8426513671875 906.9927368164062
494.38800048828125 1357.5711669921875 369.8541564941406 1434.2315673828125
681.079833984375 751.9011840820312 607.8426513671875 906.9927368164062
507.7651062011719 1206.7305908203125 400.0385437011719 1298.83154296875
558.4588012695312 1045.5198974609375 463.3836364746094 1158.5721435546875
812.4666748046875 1132.5186767578125 657.2211303710938 1333.896728515625
348.45550537109375 641.2052612304688 353.8869934082031 696.1822509765625
823.6648559570312 956.7554931640625 693.24267578125 1158.552734375
340.5542297363281 598.8082885742188 352.9196472167969 652.376220703125
294.33447265625 1242.6104736328125 233.9047088623047 1257.966064453125
640.465087890625 1406.6766357421875 475.0794982910156 1529.2723388671875
