672.6670532226562 913.2996215820312 578.70458984375 1094.080322265625
662.49365234375 968.1610717773438 552.553466796875 1131.707275390625
792.4821166992188 1063.59716796875 596.488525390625 1306.1031494140625
799.1388549804688 714.954345703125 733.8795166015625 1009.915283203125
776.562255859375 1566.822021484375 435.5093688964844 1617.2431640625
802.7012329101562 978.8555297851562 629.8802490234375 1241.7294921875
995.3869018554688 938.3717041015625 767.2827758789062 1357.41162109375
664.2806396484375 670.759033203125 666.7505493164062 861.490966796875
802.88525390625 664.8139038085938 762.8311767578125 962.4295043945312
524.5797119140625 679.7557983398438 575.9961547851562 771.062255859375
660.0366821289062 888.3436889648438 579.1951293945312 1063.0361328125
923.058837890625 703.2046508789062 825.5805053710938 1093.20654296875
660.7086791992188 909.327392578125 572.8602294921875 1081.6904296875
989.1866455078125 974.8660888671875 747.0772705078125 1382.51611328125
832.0658569335938 905.9427490234375 678.4525146484375 1206.18994140625
767.5018920898438 1517.3209228515625 443.5721130371094 1584.525146484375
832.0658569335938 905.9427490234375 678.4525146484375 1206.18994140625
628.3338012695312 1062.084716796875 502.6630554199219 1183.5517578125
656.4854736328125 732.4136962890625 637.4854125976562 915.7529907226562
