73.54590606689453
76.03289031982422
76.49836730957031
83.46855926513672
87.34986877441406
88.0738296508789
89.28045654296875
90.29949951171875
90.54280853271484
90.77444458007812
92.14119720458984
92.17375183105469
92.8493423461914
93.3327407836914
94.50926208496094
94.75231170654297
95.33100128173828
95.88013458251953
96.90717315673828
96.94328308105469
97.2419662475586
97.40636444091797
98.18350219726562
98.62555694580078
98.66610717773438
98.8028335571289
99.38813018798828
100.20478820800781
100.7074966430664
101.63660430908203
101.92644500732422
102.02941131591797
102.33767700195312
102.38652038574219
102.8299560546875
103.29084777832031
104.02403259277344
105.58409118652344
105.9480972290039
107.14942932128906
107.44300842285156
107.93053436279297
107.9861068725586
108.30050659179688
108.40203094482422
108.62319946289062
109.03668975830078
109.11461639404297
109.38921356201172
109.54450988769531
110.07270050048828
110.1226577758789
110.3313217163086
110.5893325805664
110.9414291381836
111.80339813232422
111.8659896850586
112.74750518798828
112.95574188232422
113.09288024902344
113.43721008300781
114.17967987060547
114.44649505615234
114.63420104980469
114.66472625732422
115.17378234863281
115.33429718017578
115.39497375488281
115.90081787109375
116.91022491455078
116.97435760498047
117.05126953125
117.29876708984375
117.6435317993164
117.92794036865234
118.2708740234375
119.1721420288086
119.712158203125
120.04582214355469
120.258056640625
120.42840576171875
120.82218170166016
120.91732788085938
121.42899322509766
121.48662567138672
121.49485778808594
121.81133270263672
121.81133270263672
121.86467742919922
122.30290222167969
122.36421203613281
122.89833068847656
122.97154235839844
123.48279571533203
123.50303649902344
124.00806427001953
124.18132019042969
125.45915985107422
125.65428924560547
126.33289337158203
126.40016174316406
126.49505615234375
126.8936538696289
127.51078033447266
127.55783081054688
128.253662109375
128.75558471679688
128.81381225585938
128.8487548828125
129.04263305664062
129.68423461914062
130.19984436035156
130.34568786621094
130.35336303710938
130.89691162109375
131.05723571777344
131.92042541503906
131.9962158203125
132.36691284179688
132.69137573242188
132.80813598632812
132.9022216796875
133.10147094726562
133.68994140625
133.8095703125
134.149169921875
134.1938934326172
134.76646423339844
135.45848083496094
135.55441284179688
135.6871337890625
135.72030639648438
135.7608184814453
135.77554321289062
136.1286163330078
136.2681121826172
136.42947387695312
136.75160217285156
136.97079467773438
137.01824951171875
137.02554321289062
137.32443237304688
137.37176513671875
137.64810180664062
137.74977111816406
138.0
138.08692932128906
138.25338745117188
139.16537475585938
139.3018341064453
139.47760009765625
139.4990997314453
140.31036376953125
140.42079162597656
140.70892333984375
141.0
141.2727813720703
142.68496704101562
142.95103454589844
143.1537628173828
143.33876037597656
143.38409423828125
143.4154815673828
143.4642791748047
143.4747314453125
143.49215698242188
143.8679962158203
144.2185821533203
145.6125030517578
145.83895874023438
145.98629760742188
146.35231018066406
146.5946807861328
146.73785400390625
147.1291961669922
147.21412658691406
147.5567626953125
147.89523315429688
147.90199279785156
148.67413330078125
149.44229125976562
149.55935668945312
149.93666076660156
150.00999450683594
150.3196563720703
151.34397888183594
151.91444396972656
152.14794921875
152.9705810546875
153.01307678222656
153.31993103027344
154.1103515625
154.25628662109375
154.39883422851562
155.07095336914062
156.44168090820312
157.07322692871094
157.2704620361328
157.36264038085938
157.41664123535156
157.7244415283203
158.38876342773438
158.4834442138672
158.62535095214844
158.84898376464844
159.16029357910156
159.80926513671875
160.17491149902344
160.76380920410156
161.28236389160156
162.12033081054688
162.16966247558594
162.28062438964844
162.39149475097656
163.0644073486328
163.2390899658203
163.32176208496094
163.44418334960938
163.90850830078125
164.44451904296875
164.64202880859375
166.3670654296875
166.4752197265625
166.89817810058594
168.2319793701172
169.1626434326172
169.36056518554688
169.5818328857422
170.6692657470703
170.6692657470703
171.16073608398438
171.66537475585938
172.09881591796875
172.1888427734375
174.12925720214844
174.15797424316406
175.4508514404297
175.71568298339844
176.77952575683594
176.87001037597656
178.30311584472656
178.72604370117188
179.6719207763672
184.57789611816406
184.81613159179688
185.81980895996094
185.88168334960938
186.94384765625
187.38729858398438
189.75247192382812
189.82887268066406
190.3470458984375
190.50721740722656
191.09683227539062
191.85671997070312
192.04165649414062
192.50714111328125
194.71774291992188
195.29977416992188
198.91455078125
198.91455078125
199.5970916748047
201.1094207763672
204.23760986328125
204.92681884765625
206.65672302246094
211.2628631591797
214.22418212890625
214.33851623535156
214.70445251464844
215.35784912109375
219.626953125
221.7430877685547
223.953125
225.51939392089844
228.57821655273438
232.0581817626953
233.49732971191406
234.18582153320312
235.87709045410156
236.6664276123047
241.85325622558594
245.74783325195312
249.87196350097656
274.597900390625
