144.6098175048828
148.18907165527344
159.18228149414062
169.130126953125
170.6487579345703
173.5828399658203
177.64572143554688
180.9806671142578
191.36875915527344
198.22714233398438
199.32887268066406
204.39666748046875
205.69151306152344
208.9784698486328
209.71409606933594
213.269775390625
214.95347595214844
220.70794677734375
224.0602569580078
224.0870361328125
229.3490753173828
230.96319580078125
236.3493194580078
237.44052124023438
239.9270782470703
240.33934020996094
246.73265075683594
247.58433532714844
266.7639465332031
277.1732177734375
