137.71710205078125
148.49916076660156
149.32179260253906
159.92811584472656
162.7144775390625
167.9970245361328
168.39537048339844
169.14491271972656
173.43875122070312
176.98304748535156
177.9016571044922
184.88104248046875
185.4696807861328
186.3035125732422
187.6459503173828
189.842041015625
193.48126220703125
194.8743133544922
197.24349975585938
210.04046630859375
210.05712890625
210.6015167236328
215.03488159179688
217.9265899658203
230.92855834960938
244.70594787597656
247.15379333496094
253.736083984375
