649.4636840820312 1105.770263671875 657.3908081054688 1188.2410888671875
883.74169921875 1035.567626953125 893.5523071289062 1227.546142578125
883.74169921875 1035.567626953125 893.5523071289062 1227.546142578125
607.939208984375 1558.4053955078125 536.6145629882812 1565.4381103515625
39.83498764038086 696.4714965820312 208.54957580566406 538.5755615234375
966.3682861328125 1106.65283203125 955.7984008789062 1336.103759765625
975.0149536132812 1686.3070068359375 819.7839965820312 1851.1739501953125
391.5556640625 1500.6640625 379.03466796875 1422.414794921875
422.1075439453125 1353.067626953125 423.6957702636719 1311.3548583984375
525.4583129882812 1436.0870361328125 492.477783203125 1427.3994140625
934.4716186523438 1055.8311767578125 936.2847290039062 1269.9693603515625
579.0052490234375 1052.411865234375 606.3152465820312 1106.086181640625
579.0052490234375 1052.411865234375 606.3152465820312 1106.086181640625
866.508544921875 1254.4241943359375 820.8714599609375 1428.2073974609375
594.459716796875 1293.1456298828125 573.1412963867188 1335.7174072265625
484.9019470214844 1586.72021484375 437.6560363769531 1532.0438232421875
575.8988647460938 1066.8450927734375 600.9811401367188 1117.6082763671875
575.8988647460938 1066.8450927734375 600.9811401367188 1117.6082763671875
451.6826171875 1486.65087890625 424.74127197265625 1435.5482177734375
934.4716186523438 1055.8311767578125 936.2847290039062 1269.9693603515625
852.5458984375 645.6646728515625 970.8917846679688 793.6602172851562
818.4098510742188 1546.621337890625 715.8151245117188 1657.29443359375
540.3158569335938 680.1195068359375 650.1070556640625 702.4022216796875
962.3131103515625 975.5986328125 986.436767578125 1202.4490966796875
503.5233154296875 831.6693115234375 583.8175048828125 851.3368530273438
914.5578002929688 1043.12255859375 924.1717529296875 1252.640869140625
855.1428833007812 1258.344970703125 810.4247436523438 1426.333251953125
559.6847534179688 1086.9954833984375 582.8767700195312 1130.42529296875
648.7767944335938 1611.4378662109375 563.2630004882812 1629.1575927734375
555.4068603515625 655.2169799804688 671.6771240234375 678.40771484375
809.655517578125 1146.2261962890625 792.0557861328125 1300.198486328125
559.6847534179688 1086.9954833984375 582.8767700195312 1130.42529296875
630.7579345703125 1333.26953125 596.9267578125 1389.6451416015625
451.6826171875 1486.65087890625 424.74127197265625 1435.5482177734375
979.2545776367188 1069.9786376953125 979.0834350585938 1305.8299560546875
419.3788757324219 1343.916748046875 423.7994079589844 1301.9598388671875
380.74786376953125 1390.400390625 385.2496337890625 1325.546875
475.9625244140625 824.1806640625 560.5215454101562 832.1082153320312
493.7967529296875 691.6970825195312 604.0490112304688 697.1693725585938
592.3737182617188 1312.9105224609375 568.4866943359375 1352.1541748046875
779.3281860351562 1506.337646484375 691.135986328125 1607.074462890625
435.6097106933594 714.6498413085938 546.13427734375 699.5003051757812
855.1428833007812 1258.344970703125 810.4247436523438 1426.333251953125
373.8443603515625 650.8563232421875 503.3753967285156 604.8563842773438
559.2175903320312 1717.32666015625 473.6478271484375 1669.171630859375
881.5737915039062 1316.88916015625 823.8262329101562 1492.7489013671875
313.94085693359375 786.9332275390625 424.8777770996094 730.5618896484375
896.2894897460938 1132.8641357421875 879.3187255859375 1327.7845458984375
914.5578002929688 1043.12255859375 924.1717529296875 1252.640869140625
591.1826171875 1019.5361938476562 624.4035034179688 1079.658203125
524.7154541015625 664.6491088867188 639.2265014648438 679.06201171875
664.64013671875 1526.3551025390625 587.9306030273438 1569.000244140625
664.64013671875 1526.3551025390625 587.9306030273438 1569.000244140625
834.1966552734375 649.3411865234375 950.13134765625 790.3739013671875
953.0048828125 1081.3634033203125 949.5218505859375 1307.26904296875
607.5858154296875 1223.41845703125 596.431640625 1279.652099609375
860.5111694335938 1240.10400390625 817.1829223632812 1412.7276611328125
971.762939453125 1641.610595703125 825.1622924804688 1813.443603515625
507.353271484375 689.6005249023438 617.8069458007812 699.5972290039062
891.1552734375 1274.664794921875 839.56591796875 1459.82958984375
913.706298828125 998.248291015625 932.3379516601562 1202.3565673828125
652.6318359375 1372.25439453125 609.4459838867188 1430.71044921875
512.8812255859375 1355.6474609375 494.5365905761719 1355.169189453125
507.3084411621094 1246.001708984375 510.57476806640625 1254.2298583984375
557.7764892578125 1682.01708984375 477.8355407714844 1640.6240234375
507.353271484375 689.6005249023438 617.8069458007812 699.5972290039062
673.9835205078125 1120.3319091796875 675.8165893554688 1212.481201171875
513.7749633789062 620.3936767578125 638.9796142578125 624.3955688476562
477.753173828125 797.742919921875 567.4276123046875 805.045654296875
971.762939453125 1641.610595703125 825.1622924804688 1813.443603515625
557.7764892578125 1682.01708984375 477.8355407714844 1640.6240234375
962.3131103515625 975.5986328125 986.436767578125 1202.4490966796875
691.3327026367188 1115.8016357421875 693.7020263671875 1216.766845703125
528.8746948242188 649.5562133789062 646.7682495117188 663.0473022460938
524.4090576171875 1253.1302490234375 522.7880859375 1267.8642578125
369.5177917480469 661.9302978515625 497.4786071777344 615.0232543945312
838.1947021484375 1052.0718994140625 842.9691772460938 1219.5047607421875
477.753173828125 797.742919921875 567.4276123046875 805.045654296875
834.6891479492188 1239.77392578125 795.4508666992188 1399.7637939453125
831.8104248046875 1202.241455078125 801.911865234375 1363.047119140625
691.3327026367188 1115.8016357421875 693.7020263671875 1216.766845703125
467.09637451171875 807.5408325195312 555.6907348632812 811.5773315429688
576.3812255859375 1029.79736328125 608.8243408203125 1082.1947021484375
591.1826171875 1019.5361938476562 624.4035034179688 1079.658203125
275.896240234375 1347.889404296875 312.1111755371094 1245.9420166015625
384.7160949707031 1419.62255859375 385.0492858886719 1353.3328857421875
447.69195556640625 676.2206420898438 565.6259155273438 660.66845703125
570.6939086914062 1103.4669189453125 590.8170776367188 1147.7437744140625
672.9506225585938 1325.1058349609375 635.5693359375 1399.56591796875
891.1552734375 1274.664794921875 839.56591796875 1459.82958984375
655.3092651367188 1115.9520263671875 661.2529907226562 1200.0958251953125
366.63702392578125 1415.3865966796875 370.4355773925781 1341.0877685546875
813.7816772460938 1440.5643310546875 733.0811157226562 1568.3890380859375
571.4503784179688 828.0420532226562 646.40234375 876.0214233398438
711.8983154296875 1112.4912109375 711.3184814453125 1221.737548828125
280.16748046875 1331.9293212890625 317.3135681152344 1233.4287109375
827.8593139648438 723.7394409179688 921.8821411132812 871.98291015625
365.89874267578125 640.158447265625 498.08392333984375 590.1443481445312
630.7579345703125 1333.26953125 596.9267578125 1389.6451416015625
432.5342712402344 696.2682495117188 546.7955322265625 678.1362915039062
402.8713073730469 1455.1995849609375 394.177978515625 1390.12646484375
903.6981201171875 965.25146484375 931.0882568359375 1164.4957275390625
834.09326171875 1483.767578125 742.7662353515625 1613.803955078125
738.5409545898438 1419.9189453125 670.4083862304688 1512.19140625
834.6891479492188 1239.77392578125 795.4508666992188 1399.7637939453125
635.595947265625 1505.16943359375 570.3187255859375 1537.5950927734375
759.8788452148438 1415.4013671875 689.4652709960938 1518.870849609375
867.9559326171875 1210.6307373046875 833.335693359375 1384.585693359375
592.3737182617188 1312.9105224609375 568.4866943359375 1352.1541748046875
813.7816772460938 1440.5643310546875 733.0811157226562 1568.3890380859375
867.5281982421875 1287.6923828125 814.7221069335938 1459.8292236328125
490.745361328125 785.3213500976562 581.8126831054688 797.3748779296875
392.5052795410156 1432.41943359375 389.23345947265625 1367.9033203125
594.5841674804688 1704.9422607421875 503.7254333496094 1675.73681640625
727.916015625 1101.2828369140625 730.243896484375 1219.9769287109375
568.701904296875 1640.790771484375 492.91363525390625 1614.3211669921875
432.5342712402344 696.2682495117188 546.7955322265625 678.1362915039062
519.3518676757812 1215.27734375 523.9176025390625 1232.3094482421875
900.718017578125 1235.789794921875 859.2528686523438 1430.1671142578125
468.4140930175781 1513.7191162109375 434.69903564453125 1468.18798828125
555.2022705078125 640.0718383789062 674.8408203125 662.3514404296875
846.7203369140625 1202.784912109375 814.2496948242188 1372.830078125
591.8646850585938 1395.8067626953125 549.8321533203125 1425.570556640625
896.2894897460938 1132.8641357421875 879.3187255859375 1327.7845458984375
652.6318359375 1372.25439453125 609.4459838867188 1430.71044921875
671.56591796875 1176.3258056640625 663.4620361328125 1264.3974609375
546.3968505859375 653.7662963867188 662.7550659179688 674.4074096679688
900.1964111328125 1073.0272216796875 898.2611694335938 1270.386962890625
365.89874267578125 640.158447265625 498.08392333984375 590.1443481445312
496.7636413574219 1213.80224609375 504.6755065917969 1219.609619140625
546.6035766601562 1387.453369140625 517.3443603515625 1398.242919921875
556.6874389648438 1699.7662353515625 474.89520263671875 1655.75244140625
435.6097106933594 714.6498413085938 546.13427734375 699.5003051757812
291.041015625 1305.7794189453125 328.9610900878906 1215.781005859375
684.4714965820312 1140.1895751953125 684.5271606445312 1239.8177490234375
535.1392822265625 1391.1297607421875 507.51007080078125 1395.745849609375
496.7636413574219 1213.80224609375 504.6755065917969 1219.609619140625
475.3177185058594 806.2039794921875 562.6546020507812 812.0534057617188
468.4140930175781 1513.7191162109375 434.69903564453125 1468.18798828125
514.2913208007812 675.3914184570312 626.7901611328125 687.3053588867188
364.5686950683594 687.2918701171875 488.2761535644531 641.7007446289062
735.7640991210938 1123.000732421875 733.2642822265625 1243.486328125
640.8248291015625 646.6150512695312 755.8396606445312 704.5883178710938
939.4593505859375 984.8466796875 959.5822143554688 1203.3145751953125
433.6130065917969 1276.3482666015625 443.7448425292969 1250.7889404296875
322.1826171875 800.6241455078125 430.197509765625 747.1190795898438
664.6474609375 1124.3302001953125 667.8392944335938 1212.547119140625
912.5603637695312 1262.9686279296875 864.246826171875 1457.655517578125
860.5111694335938 1240.10400390625 817.1829223632812 1412.7276611328125
397.82818603515625 816.1280517578125 492.94903564453125 792.6840209960938
459.826171875 818.877685546875 546.0296020507812 822.338623046875
528.8746948242188 649.5562133789062 646.7682495117188 663.0473022460938
576.3812255859375 1029.79736328125 608.8243408203125 1082.1947021484375
658.4282836914062 1278.8897705078125 630.482421875 1352.6552734375
640.8248291015625 646.6150512695312 755.8396606445312 704.5883178710938
410.6596984863281 809.2171020507812 505.92132568359375 790.5562133789062
636.0257568359375 1571.2852783203125 558.9827880859375 1593.423828125
326.7434387207031 779.5950927734375 437.7369079589844 727.1007080078125
658.7306518554688 1503.6639404296875 586.3038330078125 1546.7242431640625
326.7434387207031 779.5950927734375 437.7369079589844 727.1007080078125
481.71026611328125 1517.760498046875 443.81732177734375 1476.7738037109375
348.67706298828125 630.9420776367188 484.6311950683594 573.761474609375
672.321044921875 1087.275390625 681.70556640625 1180.5167236328125
442.11798095703125 647.9974365234375 565.4016723632812 627.9189453125
498.0713195800781 1230.0439453125 504.3109130859375 1236.3482666015625
278.8062744140625 1306.5137939453125 319.15130615234375 1211.8087158203125
627.0958862304688 1536.3736572265625 558.6115112304688 1558.2530517578125
815.5776977539062 1248.5693359375 774.9552001953125 1395.693603515625
361.9298095703125 1397.543701171875 369.75994873046875 1324.166748046875
657.2211303710938 1333.896728515625 619.4035034179688 1402.120849609375
553.4789428710938 622.9120483398438 676.6487426757812 642.6435546875
480.3028259277344 1612.8895263671875 431.0309143066406 1551.39111328125
607.4957275390625 1677.0677490234375 516.4930419921875 1661.408447265625
502.1059265136719 632.565185546875 624.5450439453125 634.5216064453125
684.4006958007812 1096.4559326171875 691.9249267578125 1193.604736328125
530.4647216796875 1374.3758544921875 505.2401123046875 1378.653076171875
480.437255859375 786.0947875976562 572.42041015625 793.6765747070312
591.8787231445312 721.7205810546875 688.6878662109375 768.55615234375
503.2186584472656 1454.1650390625 472.5330505371094 1433.989990234375
484.5577087402344 1230.7274169921875 493.7737121582031 1231.716796875
333.8832702636719 681.018310546875 460.9461975097656 624.4268188476562
817.063720703125 742.5204467773438 906.7316284179688 887.6919555664062
570.5498046875 997.3040161132812 608.9498291015625 1046.8089599609375
503.0358581542969 651.3915405273438 620.8475341796875 658.0919799804688
913.706298828125 998.248291015625 932.3379516601562 1202.3565673828125
930.4107666015625 963.7078857421875 955.0673828125 1176.1307373046875
521.005859375 1189.6302490234375 531.0126342773438 1211.203369140625
702.813720703125 1357.4163818359375 654.0960083007812 1441.2640380859375
796.232177734375 1207.588134765625 764.742431640625 1349.6387939453125
504.5158996582031 1203.2435302734375 514.0634155273438 1215.1409912109375
636.55078125 1352.7821044921875 597.8973388671875 1408.119873046875
972.5711669921875 1588.850341796875 836.0963745117188 1767.9814453125
315.3939514160156 796.2694091796875 424.95538330078125 739.8364868164062
517.939208984375 635.6207885742188 639.4598388671875 644.3063354492188
410.5254821777344 820.942626953125 503.4903564453125 801.758544921875
681.7300415039062 1524.977294921875 601.8026123046875 1578.1248779296875
353.8869934082031 696.1822509765625 476.3343505859375 647.9019775390625
582.0396118164062 829.884765625 656.1319580078125 880.588623046875
304.0558166503906 1302.44775390625 338.5220031738281 1217.601806640625
623.4613647460938 646.3700561523438 737.6747436523438 697.3488159179688
431.19256591796875 1313.8409423828125 435.8150939941406 1282.7396240234375
485.0009460449219 1433.2247314453125 461.61761474609375 1408.1295166015625
622.0960693359375 676.7759399414062 729.380126953125 731.78662109375
1042.006591796875 1368.1092529296875 956.6026611328125 1618.3431396484375
526.0421142578125 607.8861694335938 656.4137573242188 616.7047729492188
438.8702087402344 686.9899291992188 554.53076171875 669.5491943359375
630.796630859375 1241.3988037109375 612.8002319335938 1306.6790771484375
514.2913208007812 675.3914184570312 626.7901611328125 687.3053588867188
376.701171875 820.5018310546875 473.14862060546875 790.0715942382812
472.9620361328125 1408.9569091796875 454.7730712890625 1381.344970703125
530.646240234375 1227.2515869140625 531.7293090820312 1249.4892578125
521.655029296875 694.066162109375 628.9148559570312 710.2904052734375
368.4245300292969 1450.107666015625 367.79278564453125 1370.7464599609375
628.5382690429688 1317.4720458984375 596.6995849609375 1372.04736328125
457.5827941894531 1515.4268798828125 426.889892578125 1463.975830078125
411.4021301269531 655.5060424804688 534.9354858398438 623.5731201171875
645.9774780273438 1127.51904296875 650.404296875 1206.63916015625
491.6210021972656 1194.9969482421875 503.749755859375 1201.1846923828125
606.84375 1308.052978515625 580.533447265625 1355.3525390625
512.3291625976562 1180.156982421875 523.9589233398438 1195.565185546875
342.03338623046875 680.6768188476562 469.20819091796875 625.5960083007812
645.0443725585938 1539.6396484375 571.9288330078125 1567.6611328125
592.4974975585938 1729.573486328125 497.8544616699219 1695.6483154296875
779.4533081054688 735.5341186523438 868.2769775390625 864.7672119140625
606.84375 1308.052978515625 580.533447265625 1355.3525390625
651.6357421875 1562.9735107421875 574.114501953125 1589.8756103515625
536.6199340820312 653.877685546875 653.6644897460938 670.4802856445312
705.3984375 1163.94775390625 694.9345703125 1267.6737060546875
680.250732421875 632.2662963867188 798.6401977539062 704.7716674804688
346.55413818359375 672.9948120117188 474.49542236328125 619.350341796875
295.5635070800781 1324.290283203125 329.1496276855469 1233.9246826171875
447.1941833496094 1525.3968505859375 416.4676818847656 1466.859375
645.0443725585938 1539.6396484375 571.9288330078125 1567.6611328125
475.9625244140625 824.1806640625 560.5215454101562 832.1082153320312
711.8983154296875 1112.4912109375 711.3184814453125 1221.737548828125
369.8541564941406 1434.2315673828125 370.6511535644531 1358.576171875
408.4660949707031 694.6300659179688 526.0316162109375 666.930419921875
626.0842895507812 1289.808837890625 599.248291015625 1345.712890625
399.6414794921875 829.4859008789062 493.56884765625 807.6898803710938
471.7900390625 1583.07958984375 427.06256103515625 1524.10888671875
590.880859375 848.0762939453125 659.60107421875 904.3944702148438
551.88330078125 1656.242919921875 477.6348876953125 1619.2159423828125
558.3399047851562 1116.5780029296875 574.9720458984375 1155.7083740234375
829.03125 1259.55810546875 786.8441772460938 1416.2012939453125
433.6025085449219 1537.29931640625 404.2419128417969 1471.6201171875
420.8891296386719 682.8089599609375 539.1846313476562 659.0655517578125
582.0396118164062 829.884765625 656.1319580078125 880.588623046875
525.7249755859375 624.5848999023438 649.293701171875 634.0046997070312
556.6874389648438 1699.7662353515625 474.89520263671875 1655.75244140625
442.11798095703125 647.9974365234375 565.4016723632812 627.9189453125
521.2101440429688 681.0693359375 632.0195922851562 696.6900634765625
501.8118896484375 797.4981079101562 590.00390625 815.7446899414062
622.858154296875 714.3515625 720.666748046875 774.2211303710938
636.0257568359375 1571.2852783203125 558.9827880859375 1593.423828125
413.7124938964844 1275.0286865234375 428.8806457519531 1241.186279296875
600.1360473632812 1531.9971923828125 535.3132934570312 1541.2698974609375
480.3028259277344 1612.8895263671875 431.0309143066406 1551.39111328125
414.6520080566406 1313.4403076171875 424.2403564453125 1272.3778076171875
641.5313720703125 1337.2896728515625 604.0211791992188 1395.541259765625
407.3556213378906 681.5765991210938 526.692138671875 651.9970703125
488.8894348144531 1392.682861328125 470.0882568359375 1375.7020263671875
837.599609375 1362.317138671875 771.5824584960938 1511.823974609375
776.7855224609375 1435.22900390625 699.7062377929688 1545.6719970703125
457.5827941894531 1515.4268798828125 426.889892578125 1463.975830078125
438.23968505859375 1305.8248291015625 444.30059814453125 1277.48486328125
749.3878784179688 1449.4072265625 674.2160034179688 1543.7916259765625
481.2852478027344 853.7100830078125 559.4880981445312 865.2957763671875
610.8521728515625 1510.62109375 548.6018676757812 1530.7781982421875
644.8778686523438 630.0803833007812 763.533447265625 687.5223388671875
390.7178039550781 1448.5400390625 385.410888671875 1379.67431640625
457.9286193847656 1543.387939453125 423.55950927734375 1487.242431640625
572.3560791015625 1737.7681884765625 481.07501220703125 1690.259765625
1041.76123046875 1631.24462890625 889.0247192382812 1838.0107421875
521.655029296875 694.066162109375 628.9148559570312 710.2904052734375
400.0858459472656 803.097412109375 496.9053039550781 780.040771484375
635.111328125 711.349365234375 734.1924438476562 774.2840576171875
739.6511840820312 899.6259155273438 787.4083862304688 1022.68310546875
626.0842895507812 1289.808837890625 599.248291015625 1345.712890625
416.8912658691406 670.831787109375 537.9923095703125 643.477783203125
337.373779296875 804.1305541992188 442.0549011230469 754.8970336914062
738.5409545898438 1419.9189453125 670.4083862304688 1512.19140625
515.66552734375 1198.4287109375 525.525390625 1217.839111328125
654.4407958984375 682.2299194335938 758.2046508789062 754.1029052734375
565.4985961914062 1658.2669677734375 487.13916015625 1629.5023193359375
533.6268310546875 1179.829833984375 543.5563354492188 1207.7666015625
550.939453125 1142.816650390625 564.3935546875 1177.13671875
780.5550537109375 1476.8201904296875 696.1429443359375 1583.6336669921875
536.6199340820312 653.877685546875 653.6644897460938 670.4802856445312
