39.83498764038086 696.4714965820312 152.03207397460938 591.5580444335938
575.8988647460938 1066.8450927734375 599.4956665039062 1092.7611083984375
540.3158569335938 680.1195068359375 621.8190307617188 694.25830078125
607.939208984375 1558.4053955078125 562.5562133789062 1551.482666015625
720.5125732421875 1170.45556640625 720.5398559570312 1231.68994140625
575.8988647460938 1066.8450927734375 599.4956665039062 1092.7611083984375
843.9168701171875 1294.688720703125 816.01171875 1384.0478515625
648.7767944335938 1611.4378662109375 593.3900146484375 1609.8321533203125
975.0149536132812 1686.3070068359375 874.7252807617188 1771.7142333984375
966.3682861328125 1106.65283203125 966.6751708984375 1240.5908203125
496.7636413574219 1213.80224609375 506.647705078125 1210.8062744140625
648.7767944335938 1611.4378662109375 593.3900146484375 1609.8321533203125
575.2285766601562 1020.5979614257812 604.9452514648438 1047.5635986328125
419.3788757324219 1343.916748046875 423.6053466796875 1308.6754150390625
369.5177917480469 661.9302978515625 461.44818115234375 632.1708374023438
576.3812255859375 1029.79736328125 604.426513671875 1057.316650390625
666.5782470703125 1433.4842529296875 635.4207763671875 1457.162353515625
500.8584289550781 676.5936279296875 584.0011596679688 680.8837890625
896.2894897460938 1132.8641357421875 892.4176635742188 1245.3011474609375
816.0325317382812 1164.4893798828125 810.0462036132812 1252.6690673828125
852.5458984375 645.6646728515625 938.9556884765625 739.0478515625
636.55078125 1352.7821044921875 615.6456909179688 1377.7137451171875
883.9004516601562 1208.0008544921875 868.2242431640625 1313.2252197265625
502.5255432128906 1370.5360107421875 493.2007751464844 1356.51904296875
546.6035766601562 1387.453369140625 530.2962646484375 1383.9859619140625
881.5737915039062 1316.88916015625 849.609375 1415.19140625
568.701904296875 1640.790771484375 518.697998046875 1612.1917724609375
659.681884765625 1046.8275146484375 680.002685546875 1096.6180419921875
673.9835205078125 1120.3319091796875 682.5540771484375 1171.1378173828125
883.74169921875 1035.567626953125 898.7910766601562 1147.9810791015625
555.9521484375 1622.03271484375 509.1507263183594 1592.536376953125
607.5858154296875 1223.41845703125 606.28076171875 1250.83251953125
576.3812255859375 1029.79736328125 604.426513671875 1057.316650390625
665.48779296875 1286.16845703125 653.5016479492188 1326.413330078125
666.3529663085938 1304.0938720703125 649.7149658203125 1341.8365478515625
295.4815673828125 1346.5523681640625 315.3539733886719 1276.9505615234375
524.4090576171875 1253.1302490234375 527.6746215820312 1254.364501953125
691.3327026367188 1115.8016357421875 700.5830688476562 1171.866943359375
857.1746826171875 1434.99755859375 805.33544921875 1516.7518310546875
711.8983154296875 1112.4912109375 719.477783203125 1174.07080078125
818.4098510742188 1546.621337890625 753.7857666015625 1602.5260009765625
546.6035766601562 1387.453369140625 530.2962646484375 1383.9859619140625
672.321044921875 1087.275390625 686.3922729492188 1139.2274169921875
834.09326171875 1483.767578125 778.0031127929688 1552.2225341796875
493.7967529296875 691.6970825195312 574.8009643554688 695.0631103515625
664.64013671875 1526.3551025390625 616.7507934570312 1542.0693359375
881.5737915039062 1316.88916015625 849.609375 1415.19140625
813.7816772460938 1440.5643310546875 765.5740356445312 1508.32275390625
553.4789428710938 622.9120483398438 643.8278198242188 636.73583984375
664.6099243164062 1065.469970703125 682.5130615234375 1115.912353515625
657.2211303710938 1333.896728515625 637.7362670898438 1367.2431640625
652.6318359375 1372.25439453125 628.4611206054688 1398.9425048828125
568.701904296875 1640.790771484375 518.697998046875 1612.1917724609375
816.0325317382812 1164.4893798828125 810.0462036132812 1252.6690673828125
519.3518676757812 1215.27734375 526.9818115234375 1218.287109375
612.6010131835938 1242.1591796875 608.813720703125 1269.459716796875
352.13531494140625 661.7589111328125 442.5476989746094 629.2538452148438
561.9965209960938 609.7626342773438 654.4026489257812 625.453125
524.4090576171875 1253.1302490234375 527.6746215820312 1254.364501953125
570.5498046875 997.3040161132812 603.5888671875 1023.7213745117188
813.7816772460938 1440.5643310546875 765.5740356445312 1508.32275390625
860.5111694335938 1240.10400390625 839.3145751953125 1338.1990966796875
475.9625244140625 824.1806640625 539.3248291015625 826.6864013671875
420.5427551269531 1484.9168701171875 408.18768310546875 1437.106201171875
636.0257568359375 1571.2852783203125 586.23291015625 1571.599609375
645.9774780273438 1127.51904296875 655.9525146484375 1170.012451171875
953.0048828125 1081.3634033203125 958.3003540039062 1213.4287109375
891.1552734375 1274.664794921875 863.9765014648438 1379.26318359375
502.2613830566406 1186.3839111328125 515.3306884765625 1186.530029296875
591.1826171875 1019.5361938476562 620.800048828125 1051.76611328125
524.7154541015625 664.6491088867188 608.854248046875 674.1651000976562
711.8983154296875 1112.4912109375 719.477783203125 1174.07080078125
652.6318359375 1372.25439453125 628.4611206054688 1398.9425048828125
727.916015625 1101.2828369140625 737.4258422851562 1168.4462890625
557.7764892578125 1682.01708984375 504.0186462402344 1643.6153564453125
999.1747436523438 976.8450927734375 1022.7402954101562 1123.1541748046875
521.9423828125 1474.6693115234375 497.99127197265625 1454.2034912109375
779.3281860351562 1506.337646484375 724.6185913085938 1556.336181640625
503.5233154296875 831.6693115234375 564.3667602539062 841.4994506835938
834.6891479492188 1239.77392578125 815.9935302734375 1330.0068359375
996.67138671875 1567.1849365234375 910.9761962890625 1674.6827392578125
891.1552734375 1274.664794921875 863.9765014648438 1379.26318359375
827.8593139648438 723.7394409179688 898.861083984375 815.6683349609375
892.4385375976562 1051.9049072265625 902.495849609375 1165.7008056640625
777.5300903320312 888.569580078125 819.3004760742188 971.8973999023438
502.5255432128906 1370.5360107421875 493.2007751464844 1356.51904296875
348.67706298828125 630.9420776367188 444.6014404296875 595.6555786132812
644.8778686523438 630.0803833007812 732.6327514648438 667.6929931640625
536.8064575195312 711.3071899414062 613.9032592773438 726.0585327148438
664.6099243164062 1065.469970703125 682.5130615234375 1115.912353515625
887.988037109375 949.4996337890625 916.1039428710938 1065.931884765625
656.9398803710938 1127.3519287109375 665.7748413085938 1173.3592529296875
674.4302368164062 1074.935302734375 690.4484252929688 1126.88134765625
555.4068603515625 655.2169799804688 640.9000854492188 670.9475708007812
664.64013671875 1526.3551025390625 616.7507934570312 1542.0693359375
626.0842895507812 1289.808837890625 614.2891235351562 1316.5693359375
657.2211303710938 1333.896728515625 637.7362670898438 1367.2431640625
996.5379028320312 1405.9044189453125 940.73876953125 1528.2625732421875
626.0842895507812 1289.808837890625 614.2891235351562 1316.5693359375
681.7300415039062 1524.977294921875 632.5593872070312 1545.4005126953125
900.1964111328125 1073.0272216796875 907.0148315429688 1188.4720458984375
595.0476684570312 1276.6480712890625 588.4948120117188 1295.9500732421875
834.1966552734375 649.3411865234375 919.3109130859375 738.55615234375
477.753173828125 797.742919921875 544.64111328125 800.0336303710938
658.7306518554688 1503.6639404296875 614.4364624023438 1519.0968017578125
636.0257568359375 1571.2852783203125 586.23291015625 1571.599609375
530.4647216796875 1374.3758544921875 517.0593872070312 1367.46533203125
515.66552734375 1198.4287109375 526.80908203125 1202.4989013671875
451.6826171875 1486.65087890625 434.35504150390625 1444.24169921875
436.2449645996094 725.3389282226562 516.4808349609375 715.8319702148438
500.8435974121094 701.2100830078125 579.3595581054688 705.9474487304688
692.0331420898438 618.8866577148438 782.3997192382812 667.8920288085938
323.0616455078125 759.6488037109375 403.7838439941406 723.1651611328125
860.5111694335938 1240.10400390625 839.3145751953125 1338.1990966796875
903.6981201171875 965.25146484375 930.228271484375 1083.3463134765625
480.3028259277344 1612.8895263671875 446.0555725097656 1562.3458251953125
410.6596984863281 809.2171020507812 480.2214050292969 794.906494140625
528.7777709960938 1189.05810546875 539.3868408203125 1196.2589111328125
594.5841674804688 1704.9422607421875 533.6528930664062 1674.14697265625
759.8788452148438 1415.4013671875 718.565185546875 1469.0716552734375
735.7640991210938 1123.000732421875 741.8648071289062 1192.1171875
422.1075439453125 1353.067626953125 424.3261413574219 1316.352783203125
507.3084411621094 1246.001708984375 513.4193725585938 1243.8521728515625
607.4957275390625 1677.0677490234375 547.5723876953125 1653.910888671875
528.8746948242188 649.5562133789062 615.5073852539062 659.148193359375
772.1139526367188 1259.671875 753.8045654296875 1328.9207763671875
516.5438842773438 1171.0263671875 530.7369384765625 1177.1138916015625
834.6891479492188 1239.77392578125 815.9935302734375 1330.0068359375
367.9971923828125 1375.1121826171875 374.6203308105469 1323.127685546875
834.6891479492188 1239.77392578125 815.9935302734375 1330.0068359375
896.2894897460938 1132.8641357421875 892.4176635742188 1245.3011474609375
607.405029296875 1468.578125 572.6339721679688 1473.6988525390625
616.008544921875 1318.619384765625 601.2039184570312 1340.2301025390625
658.4282836914062 1278.8897705078125 645.903564453125 1316.347900390625
912.5603637695312 1262.9686279296875 887.2117919921875 1373.670166015625
570.6939086914062 1103.4669189453125 590.1571655273438 1125.5762939453125
664.6474609375 1124.3302001953125 674.0709228515625 1172.332275390625
516.5438842773438 1171.0263671875 530.7369384765625 1177.1138916015625
591.8646850585938 1395.8067626953125 567.7213134765625 1404.9151611328125
870.4624633789062 630.5344848632812 960.301513671875 727.8338012695312
435.6097106933594 714.6498413085938 516.2188720703125 704.3626708984375
887.5095825195312 1525.8541259765625 819.8961181640625 1606.95751953125
887.5095825195312 1525.8541259765625 819.8961181640625 1606.95751953125
777.5300903320312 888.569580078125 819.3004760742188 971.8973999023438
518.0036010742188 649.5523071289062 605.4243774414062 657.1031494140625
484.9019470214844 1586.72021484375 452.74542236328125 1540.1795654296875
475.9625244140625 824.1806640625 539.3248291015625 826.6864013671875
846.7203369140625 1202.784912109375 833.1851196289062 1299.693359375
541.6467895507812 1214.4107666015625 548.5430297851562 1223.058837890625
551.88330078125 1656.242919921875 502.20654296875 1620.2550048828125
304.0558166503906 1302.44775390625 326.46881103515625 1239.63427734375
871.0711059570312 1271.3865966796875 843.4602661132812 1370.066650390625
684.4714965820312 1140.1895751953125 692.0540161132812 1194.9088134765625
645.0443725585938 1539.6396484375 598.7107543945312 1546.1268310546875
507.353271484375 689.6005249023438 588.62158203125 696.2861328125
393.5265808105469 1291.1168212890625 406.5350646972656 1253.77490234375
372.2773742675781 1392.57177734375 375.50433349609375 1338.97998046875
738.5409545898438 1419.9189453125 698.4920043945312 1466.968505859375
484.5577087402344 1230.7274169921875 494.4618225097656 1223.8216552734375
480.3028259277344 1612.8895263671875 446.0555725097656 1562.3458251953125
442.11798095703125 647.9974365234375 531.2059936523438 635.989990234375
477.753173828125 797.742919921875 544.64111328125 800.0336303710938
616.008544921875 1318.619384765625 601.2039184570312 1340.2301025390625
672.9506225585938 1325.1058349609375 653.3902587890625 1362.3463134765625
402.8713073730469 1455.1995849609375 396.24871826171875 1404.5538330078125
420.5427551269531 1484.9168701171875 408.18768310546875 1437.106201171875
528.2799072265625 1269.5716552734375 529.1171875 1271.2073974609375
540.1245727539062 1310.2998046875 536.2486572265625 1309.1099853515625
374.2182922363281 1469.5078125 370.2332763671875 1408.7978515625
424.3412780761719 1364.4072265625 425.2954406738281 1329.5439453125
866.508544921875 1254.4241943359375 843.7315063476562 1353.0830078125
728.9215698242188 1452.3607177734375 685.3369140625 1493.34326171875
393.6007385253906 1463.242431640625 386.967529296875 1409.3018798828125
831.8104248046875 1202.241455078125 819.665283203125 1293.6373291015625
507.353271484375 689.6005249023438 588.62158203125 696.2861328125
493.132568359375 804.5836791992188 557.9589233398438 810.8562622070312
579.0052490234375 1052.411865234375 604.2669677734375 1080.474609375
454.1800231933594 636.1742553710938 545.5435180664062 626.8319091796875
755.38818359375 1376.637451171875 718.5560913085938 1432.6004638671875
550.2742919921875 634.2940673828125 637.5985107421875 648.3024291992188
481.71026611328125 1517.760498046875 457.29632568359375 1480.5821533203125
410.5254821777344 820.942626953125 478.4972229003906 806.3941650390625
435.6097106933594 714.6498413085938 516.2188720703125 704.3626708984375
668.7449340820312 1289.9466552734375 653.9140014648438 1328.843017578125
397.82818603515625 816.1280517578125 466.8499450683594 798.72021484375
413.7124938964844 1275.0286865234375 426.0744934082031 1245.431396484375
414.6520080566406 1313.4403076171875 422.1960144042969 1278.7926025390625
607.5858154296875 1223.41845703125 606.28076171875 1250.83251953125
546.3968505859375 653.7662963867188 632.0325927734375 667.6798706054688
627.0958862304688 1536.3736572265625 583.8465576171875 1538.6148681640625
467.09637451171875 807.5408325195312 533.0589599609375 807.9287719726562
408.4660949707031 694.6300659179688 492.80908203125 676.4786376953125
771.9815673828125 1484.925537109375 719.5355834960938 1534.8555908203125
372.2773742675781 1392.57177734375 375.50433349609375 1338.97998046875
441.22943115234375 1568.827392578125 416.8992919921875 1514.498291015625
472.1171875 1220.8927001953125 484.28680419921875 1210.2760009765625
702.813720703125 1357.4163818359375 675.973388671875 1399.3604736328125
656.6708374023438 1293.3369140625 641.9439086914062 1328.914794921875
1026.627197265625 1378.7218017578125 973.1415405273438 1515.4405517578125
999.1747436523438 976.8450927734375 1022.7402954101562 1123.1541748046875
533.6931762695312 1214.9405517578125 540.8644409179688 1222.0379638671875
582.0396118164062 829.884765625 639.6533203125 859.2182006835938
422.1075439453125 1353.067626953125 424.3261413574219 1316.352783203125
806.7673950195312 1409.9967041015625 764.6481323242188 1480.11865234375
705.3984375 1163.94775390625 705.8916625976562 1221.3509521484375
612.7230834960938 1730.8870849609375 546.8482666015625 1699.3907470703125
635.595947265625 1505.16943359375 595.5228881835938 1513.817626953125
465.3746032714844 779.9910278320312 535.14501953125 779.611328125
301.7703552246094 1431.0029296875 314.54376220703125 1355.3011474609375
385.0260009765625 811.4362182617188 455.4791564941406 790.81787109375
796.232177734375 1207.588134765625 782.9490966796875 1287.48486328125
623.4613647460938 646.3700561523438 708.341796875 679.582275390625
278.8062744140625 1306.5137939453125 304.5955810546875 1237.3726806640625
882.9256591796875 964.4324951171875 909.237548828125 1078.134521484375
614.01416015625 1699.8714599609375 550.6336059570312 1674.8546142578125
490.745361328125 785.3213500976562 558.4880981445312 790.6250610351562
1042.006591796875 1368.1092529296875 990.9092407226562 1509.6187744140625
829.03125 1259.55810546875 808.1256103515625 1347.0006103515625
480.37518310546875 810.4072265625 546.3273315429688 813.3828735351562
1041.76123046875 1631.24462890625 943.8193969726562 1743.472412109375
491.7056884765625 1351.7325439453125 484.64642333984375 1337.1898193359375
883.9004516601562 1208.0008544921875 868.2242431640625 1313.2252197265625
822.8779296875 1233.3682861328125 805.2994384765625 1322.2342529296875
674.4302368164062 1074.935302734375 690.4484252929688 1126.88134765625
831.8104248046875 1202.241455078125 819.665283203125 1293.6373291015625
645.0443725585938 1539.6396484375 598.7107543945312 1546.1268310546875
417.78814697265625 790.5479125976562 489.6138916015625 778.2708740234375
607.405029296875 1468.578125 572.6339721679688 1473.6988525390625
503.0358581542969 651.3915405273438 589.5316772460938 655.6361694335938
304.24176025390625 1362.8682861328125 320.8149719238281 1295.6583251953125
315.91827392578125 1314.8399658203125 335.9203796386719 1255.9906005859375
528.8746948242188 649.5562133789062 615.5073852539062 659.148193359375
508.9725646972656 606.0233154296875 602.1005249023438 608.1779174804688
380.74786376953125 1390.400390625 383.82403564453125 1339.5264892578125
592.3737182617188 1312.9105224609375 581.4671020507812 1328.20849609375
555.2022705078125 640.0718383789062 643.2498779296875 655.2177124023438
340.22491455078125 761.2222290039062 420.1058654785156 729.1180419921875
275.896240234375 1347.889404296875 297.7816162109375 1275.356201171875
763.56494140625 871.6275024414062 808.1309814453125 950.2311401367188
517.939208984375 635.6207885742188 606.9732055664062 642.1719360351562
501.8118896484375 797.4981079101562 567.9669189453125 806.7698974609375
633.6328735351562 1145.4658203125 641.80078125 1183.564208984375
506.31951904296875 665.5438842773438 592.1010131835938 671.0067138671875
628.5382690429688 1317.4720458984375 612.65673828125 1342.605712890625
996.67138671875 1567.1849365234375 910.9761962890625 1674.6827392578125
449.4168395996094 1505.112060546875 430.81402587890625 1461.30859375
610.8901977539062 1240.39306640625 605.266845703125 1269.803955078125
595.449462890625 1747.7633056640625 529.1444091796875 1710.292236328125
649.33154296875 1584.0242919921875 596.7280883789062 1585.9073486328125
1041.76123046875 1631.24462890625 943.8193969726562 1743.472412109375
411.4021301269531 655.5060424804688 500.0027770996094 635.4061279296875
600.784912109375 1791.180908203125 528.80322265625 1747.083251953125
472.1171875 1220.8927001953125 484.28680419921875 1210.2760009765625
313.94085693359375 786.9332275390625 392.049072265625 748.6576538085938
498.0713195800781 1230.0439453125 506.4605712890625 1225.96484375
503.2186584472656 1454.1650390625 484.1300964355469 1431.4727783203125
979.2545776367188 1069.9786376953125 986.5529174804688 1208.0313720703125
519.2145385742188 1408.59814453125 503.58551025390625 1394.5806884765625
557.7764892578125 1682.01708984375 504.0186462402344 1643.6153564453125
433.6025085449219 1537.29931640625 414.0355224609375 1484.2247314453125
585.407470703125 1153.7974853515625 596.0523071289062 1173.7481689453125
509.4776611328125 1398.4351806640625 495.93939208984375 1383.3172607421875
606.84375 1308.052978515625 594.5448608398438 1328.760009765625
718.4033813476562 1134.2232666015625 722.2554321289062 1198.44580078125
295.5635070800781 1324.290283203125 316.82147216796875 1259.11376953125
701.7177734375 1179.68115234375 702.3145141601562 1237.7786865234375
632.916259765625 662.7835693359375 716.6650390625 699.048095703125
530.98974609375 1422.15966796875 512.1923217773438 1410.27294921875
464.1976623535156 1411.60888671875 454.6606140136719 1382.6177978515625
556.6874389648438 1699.7662353515625 500.7598571777344 1656.9051513671875
392.5052795410156 1432.41943359375 389.66119384765625 1381.101806640625
376.701171875 820.5018310546875 446.33380126953125 798.93701171875
521.9423828125 1474.6693115234375 497.99127197265625 1454.2034912109375
992.9501953125 1655.25048828125 895.3846435546875 1747.1480712890625
728.9215698242188 1452.3607177734375 685.3369140625 1493.34326171875
521.655029296875 694.066162109375 600.7451782226562 704.1503295898438
457.5827941894531 1515.4268798828125 437.0021057128906 1472.8638916015625
438.23968505859375 1305.8248291015625 444.23028564453125 1279.8603515625
644.3788452148438 1138.8046875 652.771728515625 1181.9498291015625
432.5342712402344 696.2682495117188 515.2564697265625 685.0722045898438
930.4107666015625 963.7078857421875 955.3886108398438 1090.2110595703125
459.826171875 818.877685546875 523.8932495117188 819.2380981445312
578.8992309570312 1316.6939697265625 568.2407836914062 1328.11865234375
855.1428833007812 1258.344970703125 832.8580932617188 1353.5771484375
499.051513671875 1395.31396484375 487.2679443359375 1377.63818359375
464.1976623535156 1411.60888671875 454.6606140136719 1382.6177978515625
373.8443603515625 650.8563232421875 465.9257507324219 622.9786987304688
693.24267578125 1158.552734375 699.6557006835938 1212.8485107421875
879.3602905273438 1284.5130615234375 849.9293823242188 1383.809814453125
935.6756591796875 1636.349609375 844.6754760742188 1715.06103515625
573.7052612304688 796.482666015625 635.7449951171875 824.1030883789062
431.19256591796875 1313.8409423828125 436.0921936035156 1285.8770751953125
911.6389770507812 1021.04443359375 926.7963256835938 1140.7293701171875
365.89874267578125 640.158447265625 459.99066162109375 609.226806640625
913.706298828125 998.248291015625 934.3261108398438 1118.572265625
348.67706298828125 630.9420776367188 444.6014404296875 595.6555786132812
682.2489624023438 1286.4234619140625 666.9804077148438 1330.1141357421875
792.6475830078125 679.6578369140625 872.207275390625 759.0880737304688
600.1360473632812 1531.9971923828125 559.4308471679688 1526.81591796875
544.2855834960938 1566.875 504.5328369140625 1542.218017578125
644.3788452148438 1138.8046875 652.771728515625 1181.9498291015625
930.4107666015625 963.7078857421875 955.3886108398438 1090.2110595703125
420.8891296386719 682.8089599609375 506.4988708496094 667.4683227539062
449.4168395996094 1505.112060546875 430.81402587890625 1461.30859375
472.2408447265625 767.4383544921875 542.6522827148438 767.6908569335938
291.041015625 1305.7794189453125 315.30621337890625 1240.5311279296875
662.1594848632812 633.8486328125 748.8876953125 677.0172729492188
442.11798095703125 647.9974365234375 531.2059936523438 635.989990234375
269.2559814453125 1340.973876953125 293.2430725097656 1266.3194580078125
776.7855224609375 1435.22900390625 730.9934692382812 1492.8211669921875
937.0505981445312 1074.7799072265625 940.4697875976562 1199.6103515625
521.005859375 1189.6302490234375 532.76806640625 1195.9041748046875
386.9140930175781 775.1879272460938 460.5975646972656 754.216064453125
937.0505981445312 1074.7799072265625 940.4697875976562 1199.6103515625
658.4282836914062 1278.8897705078125 645.903564453125 1316.347900390625
392.5052795410156 1432.41943359375 389.66119384765625 1381.101806640625
591.1826171875 1019.5361938476562 620.800048828125 1051.76611328125
745.6382446289062 1093.4510498046875 755.56591796875 1165.933349609375
563.89208984375 1072.07080078125 587.267578125 1093.964599609375
375.4776916503906 628.7313842773438 471.6712341308594 600.2108764648438
485.0009460449219 1433.2247314453125 470.5201416015625 1407.7169189453125
481.2852478027344 853.7100830078125 540.2662963867188 857.8099365234375
493.0151672363281 1546.2244873046875 464.1129150390625 1508.9417724609375
580.1057739257812 813.4560546875 639.7896728515625 843.120849609375
447.69195556640625 676.2206420898438 533.6447143554688 665.6165771484375
400.0858459472656 803.097412109375 470.5740051269531 786.0178833007812
837.599609375 1362.317138671875 800.005126953125 1444.1107177734375
472.9620361328125 1408.9569091796875 462.3599853515625 1382.258056640625
519.6852416992188 1229.9149169921875 525.9461059570312 1232.262451171875
585.407470703125 1153.7974853515625 596.0523071289062 1173.7481689453125
406.7193298339844 796.3358154296875 477.5797424316406 779.8787841796875
480.437255859375 786.0947875976562 548.9927368164062 788.6241455078125
399.9617919921875 1333.1666259765625 407.9864807128906 1295.5391845703125
640.8248291015625 646.6150512695312 725.964111328125 684.6091918945312
760.4458618164062 979.0979614257812 789.4077758789062 1057.5606689453125
801.3663330078125 702.340087890625 876.959716796875 786.2244262695312
505.8660888671875 681.620849609375 588.2775268554688 687.257080078125
353.8869934082031 696.1822509765625 440.8274841308594 664.9547119140625
472.6680908203125 836.4600830078125 534.9050903320312 838.640380859375
333.8832702636719 681.018310546875 423.578125 644.6812133789062
399.7946472167969 789.5156860351562 472.0848083496094 772.2215576171875
590.880859375 848.0762939453125 644.8220825195312 880.5301513671875
486.75347900390625 701.7772216796875 565.9275512695312 703.1610717773438
1008.8652954101562 1694.11474609375 904.0128784179688 1784.0047607421875
524.7738037109375 1383.513916015625 511.28070068359375 1374.1064453125
602.1760864257812 708.68505859375 677.8674926757812 739.948486328125
855.1428833007812 1258.344970703125 832.8580932617188 1353.5771484375
470.2510681152344 1548.078125 443.9703369140625 1503.97705078125
419.3788757324219 1343.916748046875 423.6053466796875 1308.6754150390625
472.6680908203125 836.4600830078125 534.9050903320312 838.640380859375
361.9298095703125 1397.543701171875 367.38372802734375 1340.498779296875
514.2913208007812 675.3914184570312 597.1405029296875 683.8576049804688
749.3878784179688 1449.4072265625 704.2947387695312 1496.6876220703125
803.4163208007812 1471.7791748046875 750.986572265625 1531.659423828125
457.5827941894531 1515.4268798828125 437.0021057128906 1472.8638916015625
559.6847534179688 1086.9954833984375 581.6231689453125 1108.086669921875
441.56732177734375 1442.4783935546875 428.0535888671875 1404.9034423828125
485.007080078125 1534.0838623046875 457.9712829589844 1495.343017578125
429.5199279785156 1288.313232421875 438.05963134765625 1261.552490234375
469.71051025390625 1597.814453125 438.2671813964844 1546.9371337890625
385.0260009765625 811.4362182617188 455.4791564941406 790.81787109375
550.1263427734375 1709.129150390625 494.002685546875 1663.00048828125
770.8906860351562 947.4371948242188 804.5308227539062 1026.68408203125
491.6210021972656 1194.9969482421875 504.1833801269531 1191.3331298828125
791.3604736328125 644.380126953125 877.3680419921875 721.6567993164062
963.6249389648438 1527.640625 886.3284301757812 1628.994140625
571.4503784179688 828.0420532226562 629.5021362304688 856.119873046875
322.1826171875 800.6241455078125 398.690185546875 764.2254028320312
965.6040649414062 1301.3404541015625 930.511474609375 1424.6864013671875
561.8914184570312 839.7224731445312 618.4607543945312 865.3838500976562
285.2575378417969 1361.4417724609375 304.82989501953125 1291.2230224609375
591.8787231445312 721.7205810546875 664.3339233398438 750.3735961914062
340.77423095703125 733.5927124023438 424.5674133300781 700.5242309570312
512.3291625976562 1180.156982421875 524.9724731445312 1182.9266357421875
416.0330810546875 633.185791015625 507.5707702636719 614.7512817382812
402.3316650390625 1254.0157470703125 417.953369140625 1222.5794677734375
399.95391845703125 1441.1590576171875 395.5450439453125 1392.759521484375
804.5360107421875 664.1323852539062 886.586669921875 745.8384399414062
488.8894348144531 1392.682861328125 478.6137390136719 1372.564453125
496.7636413574219 1213.80224609375 506.647705078125 1210.8062744140625
480.37518310546875 810.4072265625 546.3273315429688 813.3828735351562
509.4776611328125 1398.4351806640625 495.93939208984375 1383.3172607421875
364.3662109375 653.741455078125 456.2491455078125 623.0757446289062
654.4407958984375 682.2299194335938 734.240478515625 724.2393188476562
520.3292846679688 1444.0057373046875 499.08905029296875 1428.91015625
738.5409545898438 1419.9189453125 698.4920043945312 1466.968505859375
737.677978515625 1475.385498046875 690.7431030273438 1516.4735107421875
763.56494140625 871.6275024414062 808.1309814453125 950.2311401367188
838.1947021484375 1052.0718994140625 849.5755615234375 1149.3719482421875
465.63214111328125 793.23046875 533.2560424804688 792.8404541015625
772.722412109375 1453.851318359375 725.1975708007812 1507.12158203125
815.0297241210938 644.2435913085938 901.1245727539062 727.9187622070312
780.5550537109375 1476.8201904296875 728.7122192382812 1530.1844482421875
481.2852478027344 853.7100830078125 540.2662963867188 857.8099365234375
764.6119384765625 1462.607666015625 716.264404296875 1512.8255615234375
438.8702087402344 686.9899291992188 522.9141235351562 675.8504028320312
481.90869140625 1547.78369140625 454.3812255859375 1507.2620849609375
967.84912109375 1041.3907470703125 979.1160888671875 1177.49072265625
608.1304931640625 1503.7117919921875 569.8228149414062 1503.7645263671875
595.4388427734375 821.1693725585938 653.80615234375 854.2543334960938
736.27734375 1440.29736328125 694.3546142578125 1484.1204833984375
747.8340454101562 864.6318969726562 794.6984252929688 939.8765258789062
596.021484375 1540.8848876953125 554.6173095703125 1533.2117919921875
590.880859375 848.0762939453125 644.8220825195312 880.5301513671875
802.1329345703125 722.4519653320312 874.469970703125 807.8602294921875
622.0960693359375 676.7759399414062 702.1912841796875 710.5797119140625
507.6810607910156 630.3651733398438 598.581787109375 634.1997680664062
742.4292602539062 885.2779541015625 785.3627319335938 958.3104248046875
1025.3671875 1650.6885986328125 924.768310546875 1754.0997314453125
428.5908203125 646.2296142578125 518.7201538085938 630.9944458007812
815.5776977539062 1248.5693359375 795.275390625 1330.991455078125
349.2934875488281 1341.5635986328125 361.3482971191406 1288.3885498046875
346.55413818359375 672.9948120117188 437.6130065917969 637.6082763671875
535.6738891601562 1510.28271484375 509.33587646484375 1488.648681640625
705.8129272460938 869.093994140625 752.4945068359375 932.5161743164062
405.1248779296875 1291.128173828125 415.9497985839844 1256.3218994140625
753.1327514648438 940.4678955078125 786.827880859375 1016.305908203125
971.762939453125 1641.610595703125 876.49072265625 1731.3819580078125
488.8894348144531 1392.682861328125 478.6137390136719 1372.564453125
780.7594604492188 662.729736328125 863.0888671875 738.015625
225.95306396484375 1279.6556396484375 262.16888427734375 1201.9554443359375
867.5281982421875 1287.6923828125 839.5285034179688 1385.265380859375
365.011962890625 1409.0828857421875 368.23876953125 1355.721923828125
559.6847534179688 1086.9954833984375 581.6231689453125 1108.086669921875
677.8906860351562 669.2164306640625 759.2135620117188 717.5313720703125
342.03338623046875 680.6768188476562 432.2361755371094 645.5736694335938
917.537353515625 1408.2950439453125 869.6513671875 1507.658447265625
823.5723876953125 940.0551147460938 855.8919067382812 1034.6983642578125
307.255615234375 1330.8687744140625 327.1275939941406 1266.8912353515625
472.9620361328125 1408.9569091796875 462.3599853515625 1382.258056640625
534.514404296875 1184.5997314453125 545.3594360351562 1194.870361328125
511.8687438964844 791.515380859375 579.5408325195312 802.3875732421875
939.4593505859375 984.8466796875 960.69775390625 1114.78076171875
525.7249755859375 624.5848999023438 616.1900024414062 631.659912109375
578.3958129882812 1719.760009765625 517.5681762695312 1682.1654052734375
466.7564697265625 1530.9931640625 443.30938720703125 1488.233642578125
550.939453125 1142.816650390625 565.5230712890625 1157.895751953125
384.1444091796875 799.0081787109375 454.9646301269531 777.64794921875
306.0555419921875 1315.11865234375 326.9612731933594 1251.7998046875
514.2913208007812 675.3914184570312 597.1405029296875 683.8576049804688
533.6931762695312 1214.9405517578125 540.8644409179688 1222.0379638671875
343.2158508300781 645.5489501953125 437.3618469238281 609.83642578125
793.216796875 698.3019409179688 868.5151977539062 780.614501953125
457.77288818359375 1573.2242431640625 429.7016906738281 1519.5458984375
693.8779907226562 1174.2127685546875 691.7766723632812 1225.88037109375
594.1138305664062 833.9562377929688 648.8902587890625 866.2402954101562
729.0677490234375 857.0298461914062 776.1419067382812 925.8181762695312
866.4447021484375 1002.9803466796875 887.1293334960938 1110.659912109375
293.6668395996094 1350.819091796875 313.1600646972656 1280.8828125
233.9047088623047 1257.966064453125 271.25006103515625 1181.8050537109375
565.4985961914062 1658.2669677734375 513.6749877929688 1624.6455078125
508.0751953125 1379.5831298828125 498.7884826660156 1365.7918701171875
1025.3671875 1650.6885986328125 924.768310546875 1754.0997314453125
971.762939453125 1641.610595703125 876.49072265625 1731.3819580078125
710.5603637695312 949.9855346679688 748.2513427734375 1014.8875122070312
331.02972412109375 768.3909912109375 410.75250244140625 734.2484130859375
333.6166687011719 784.0955810546875 411.3035888671875 751.0429077148438
326.3292236328125 824.4413452148438 399.55096435546875 789.2762451171875
608.1304931640625 1503.7117919921875 569.8228149414062 1503.7645263671875
486.0944519042969 840.7962646484375 547.0661010742188 845.94921875
621.268798828125 1516.81591796875 580.290771484375 1519.8013916015625
1044.1649169921875 1611.6534423828125 948.8811645507812 1726.9619140625
