70.56202697753906
72.32565307617188
73.62744140625
75.70997619628906
78.30709075927734
78.75277709960938
79.4732666015625
80.04998779296875
81.41252899169922
81.49846649169922
82.05486297607422
82.3225326538086
82.97589874267578
84.451171875
85.1234359741211
85.34635162353516
87.08616638183594
88.0340805053711
88.62279510498047
88.7918930053711
89.5600357055664
90.04443359375
90.58145141601562
91.77145385742188
91.95651245117188
92.39588928222656
93.27378845214844
94.03722381591797
94.12757110595703
96.52460479736328
96.71090698242188
96.7315902709961
96.7470932006836
96.7470932006836
96.96391296386719
97.18538665771484
97.78036499023438
97.84170532226562
97.93875885009766
98.36157989501953
98.98484802246094
99.62931060791016
100.30952453613281
101.13357543945312
101.15829467773438
101.86265563964844
102.60116577148438
102.79105377197266
103.0
103.48429870605469
104.30244445800781
104.67091369628906
104.8093490600586
105.0428466796875
105.07140350341797
105.18079376220703
105.1998062133789
105.1998062133789
105.43244171142578
105.57935333251953
105.61723327636719
107.44300842285156
107.66615295410156
107.73114776611328
107.75898742675781
108.5126724243164
108.5955810546875
108.81636047363281
108.8714828491211
109.12836456298828
109.1421127319336
109.90450286865234
110.70230102539062
110.88282012939453
111.175537109375
111.2789306640625
111.35977935791016
111.64676666259766
112.08924865722656
112.56109619140625
112.75637817382812
113.07962036132812
113.39311981201172
113.74533081054688
113.98245239257812
115.03912353515625
115.03912353515625
115.08692169189453
115.13036346435547
115.32996368408203
115.36897277832031
115.46427917480469
116.133544921875
116.21961975097656
116.3314208984375
116.5547103881836
116.6576156616211
117.83463287353516
117.89826202392578
118.36807250976562
118.53269958496094
118.72657775878906
119.2182846069336
119.24344635009766
119.58261108398438
119.79566192626953
119.90412902832031
120.39933776855469
120.52385711669922
121.67579650878906
121.67579650878906
121.69634246826172
122.29472351074219
122.36012268066406
122.79251098632812
122.95121002197266
123.32071685791016
123.38152313232422
123.5111312866211
123.79822540283203
124.7557601928711
124.79582977294922
125.04399108886719
125.17987060546875
125.31958770751953
125.54680633544922
126.58198547363281
126.96849822998047
127.29100799560547
127.338134765625
127.93357849121094
128.3939208984375
129.30970764160156
129.4642791748047
130.3226776123047
130.79373168945312
131.20213317871094
131.54847717285156
131.74217224121094
132.01136779785156
132.46885681152344
132.8269500732422
132.89845275878906
132.91726684570312
133.16531372070312
133.85440063476562
134.75161743164062
134.78501892089844
134.95184326171875
135.22943115234375
135.4695587158203
135.52859497070312
135.9705810546875
136.06983947753906
137.01095581054688
137.44090270996094
138.78761291503906
138.81642150878906
139.0575408935547
139.42022705078125
140.49554443359375
141.1984405517578
141.5803680419922
141.88375854492188
142.36572265625
142.5762939453125
142.6884765625
143.5478973388672
143.8888397216797
143.95484924316406
144.3156280517578
144.37451171875
144.47145080566406
144.5371856689453
144.82403564453125
144.8551025390625
145.1378631591797
145.27560424804688
145.76693725585938
146.47525024414062
146.54010009765625
146.8604736328125
149.0670928955078
149.090576171875
149.6696319580078
149.69969177246094
149.7130584716797
149.7531280517578
149.9933319091797
150.94369506835938
151.0
151.0662078857422
151.25144958496094
151.828857421875
151.9736785888672
152.11508178710938
152.5057373046875
152.57785034179688
152.6728515625
153.77255249023438
154.54449462890625
155.89739990234375
156.01602172851562
156.57586669921875
156.82473754882812
157.05413818359375
157.66102600097656
158.02215576171875
158.45188903808594
158.97483825683594
159.28590393066406
159.30787658691406
160.59576416015625
160.83221435546875
160.8446502685547
161.23895263671875
161.5425567626953
163.2513427734375
163.4900665283203
164.84841918945312
164.85447692871094
164.86358642578125
165.7196502685547
166.55929565429688
166.6613311767578
167.63352966308594
168.09521484375
168.16064453125
168.59715270996094
168.9674530029297
170.496337890625
171.03216552734375
172.21788024902344
173.72103881835938
174.57949829101562
174.5823516845703
174.77413940429688
175.19989013671875
175.96022033691406
176.75405883789062
177.11013793945312
177.14401245117188
177.47113037109375
177.49366760253906
177.91851806640625
180.224853515625
182.22512817382812
183.62733459472656
184.70787048339844
185.2349853515625
185.2835693359375
187.5926513671875
190.197265625
190.2288055419922
190.31552124023438
190.61741638183594
191.86453247070312
192.63177490234375
198.16659545898438
199.4968719482422
200.70126342773438
203.04432678222656
203.302734375
205.08534240722656
205.76686096191406
207.03622436523438
208.14898681640625
209.7617645263672
210.58251953125
210.66323852539062
211.70262145996094
212.7134246826172
215.92591857910156
218.538330078125
218.8149871826172
220.15902709960938
220.517578125
223.47483825683594
225.5526580810547
225.68783569335938
226.31173706054688
227.62469482421875
227.7279052734375
227.7279052734375
241.3876495361328
242.33035278320312
242.68704223632812
268.50140380859375
