104.04806518554688
130.99237060546875
133.4353790283203
149.95999145507812
150.74813842773438
160.32154846191406
160.90370178222656
172.52536010742188
174.28138732910156
175.09425354003906
175.32540893554688
177.8032684326172
178.924560546875
190.03683471679688
201.00994873046875
204.73397827148438
206.2183380126953
209.2128143310547
210.25460815429688
210.48753356933594
213.01173400878906
213.5298614501953
213.75453186035156
223.87496948242188
233.07723999023438
241.30271911621094
244.4340362548828
256.72357177734375
267.87310791015625
