108.52649688720703
130.20751953125
138.01449584960938
141.95069885253906
154.580078125
157.781494140625
178.03651428222656
178.57492065429688
181.8213348388672
188.5497283935547
189.39376831054688
190.2892608642578
190.4573516845703
193.87367248535156
194.28587341308594
194.3013153076172
194.41192626953125
202.8743438720703
205.6477508544922
209.03826904296875
211.09713745117188
218.67327880859375
220.85968017578125
223.65599060058594
224.50611877441406
230.9458770751953
234.47601318359375
236.52272033691406
238.1680145263672
240.03125
252.91302490234375
284.9350891113281
