786.5493774414062 971.5834350585938 858.7294311523438 1203.3594970703125
921.8821411132812 871.98291015625 924.8341064453125 1325.6680908203125
686.1079711914062 892.0349731445312 925.55859375 1104.517822265625
825.6007080078125 1027.998779296875 821.9201049804688 1232.2564697265625
760.1067504882812 1020.6827392578125 824.5069580078125 1177.369873046875
734.1924438476562 774.2840576171875 1029.9134521484375 1166.7552490234375
686.1079711914062 892.0349731445312 925.55859375 1104.517822265625
760.1067504882812 1020.6827392578125 824.5069580078125 1177.369873046875
742.6824951171875 995.5052490234375 842.3001098632812 1162.8289794921875
720.666748046875 774.2211303710938 1034.4180908203125 1152.1033935546875
818.234375 1002.7862548828125 837.7421875 1230.45263671875
794.5107421875 1007.6326904296875 833.1253051757812 1207.68310546875
734.1924438476562 774.2840576171875 1029.9134521484375 1166.7552490234375
643.887451171875 935.980224609375 888.9331665039062 1050.880859375
808.60498046875 1082.6253662109375 783.8867797851562 1210.7318115234375
649.6826782226562 893.0515747070312 927.2387084960938 1057.6734619140625
681.70556640625 1180.5167236328125 713.1294555664062 1093.7120361328125
656.1319580078125 880.588623046875 938.6431274414062 1065.5750732421875
776.3986206054688 985.3169555664062 848.2427368164062 1192.5294189453125
659.60107421875 904.3944702148438 916.5407104492188 1069.6868896484375
656.1319580078125 880.588623046875 938.6431274414062 1065.5750732421875
