1014.4990844726562 761.056396484375 728.0099487304688 1052.54638671875
660.002197265625 891.4091186523438 562.125 795.006103515625
703.2506103515625 1171.3533935546875 485.8663635253906 925.5528564453125
651.8824462890625 861.8203125 575.6810302734375 769.270751953125
672.0787353515625 930.068115234375 547.0997924804688 828.5178833007812
658.8863525390625 826.7677612304688 600.9322509765625 744.928466796875
666.5223999023438 926.9462280273438 546.0093994140625 823.5667724609375
666.7814331054688 873.3414306640625 576.3363647460938 786.2686157226562
652.452880859375 882.18798828125 563.7401733398438 784.40185546875
665.9066772460938 932.7584838867188 542.3313598632812 826.62939453125
1014.4990844726562 761.056396484375 728.0099487304688 1052.54638671875
