1033.42822265625 581.84130859375 578.8992309570312 1316.6939697265625
1018.32568359375 572.2824096679688 592.3737182617188 1312.9105224609375
1007.4772338867188 520.26123046875 630.7579345703125 1333.26953125
968.8580322265625 723.0355224609375 533.6931762695312 1214.9405517578125
1014.0479125976562 703.8170166015625 524.4090576171875 1253.1302490234375
1004.1052856445312 545.205810546875 616.008544921875 1318.619384765625
968.8580322265625 723.0355224609375 533.6931762695312 1214.9405517578125
943.9605712890625 545.9136352539062 658.4282836914062 1278.8897705078125
1022.8367919921875 730.759521484375 507.3084411621094 1246.001708984375
954.994140625 757.1051025390625 521.005859375 1189.6302490234375
943.9605712890625 545.9136352539062 658.4282836914062 1278.8897705078125
953.945068359375 576.853271484375 629.363037109375 1269.455322265625
941.7083740234375 613.36669921875 612.6010131835938 1242.1591796875
1004.1052856445312 545.205810546875 616.008544921875 1318.619384765625
996.8115234375 728.619873046875 519.6852416992188 1229.9149169921875
969.4326171875 499.81463623046875 672.9506225585938 1325.1058349609375
958.0938110351562 536.6181640625 655.80224609375 1293.855224609375
942.3162231445312 578.796142578125 635.70703125 1260.2330322265625
1002.270263671875 563.5518188476562 606.84375 1308.052978515625
1007.4772338867188 520.26123046875 630.7579345703125 1333.26953125
931.2536010742188 632.5497436523438 607.5858154296875 1223.41845703125
932.1828002929688 597.2789916992188 630.796630859375 1241.3988037109375
995.232177734375 536.4387817382812 628.5382690429688 1317.4720458984375
865.79248046875 612.359619140625 671.56591796875 1176.3258056640625
1002.4669189453125 508.97186279296875 641.5313720703125 1337.2896728515625
1014.4990844726562 761.056396484375 498.0713195800781 1230.0439453125
958.7154541015625 519.863525390625 666.3529663085938 1304.0938720703125
1001.6160888671875 740.8554077148438 511.5299987792969 1229.0594482421875
1002.270263671875 563.5518188476562 606.84375 1308.052978515625
985.3895874023438 715.2347412109375 530.646240234375 1227.2515869140625
832.3369140625 646.9424438476562 673.9835205078125 1120.3319091796875
1020.2830810546875 498.713623046875 636.55078125 1352.7821044921875
966.020263671875 811.789306640625 492.0977783203125 1176.8408203125
964.8407592773438 792.0023193359375 502.2613830566406 1186.3839111328125
937.6514282226562 747.1597290039062 533.6268310546875 1179.829833984375
964.56396484375 555.6557006835938 638.1227416992188 1290.2723388671875
839.5718994140625 621.263916015625 684.4714965820312 1140.1895751953125
