57.27128601074219
67.96322631835938
74.64582824707031
78.75277709960938
79.98124694824219
80.47359466552734
81.82298278808594
84.56949615478516
86.52167510986328
89.66604614257812
92.58509826660156
92.93008422851562
92.95159912109375
96.67471313476562
97.47307586669922
98.45811462402344
100.15487670898438
102.01960754394531
102.303466796875
102.62065887451172
102.78131866455078
103.5857162475586
105.1047134399414
107.71722412109375
108.2728042602539
109.4349136352539
109.57189178466797
112.1383056640625
113.09288024902344
113.32695770263672
114.56875610351562
115.01738739013672
117.44786071777344
117.46488952636719
118.10165405273438
118.30891418457031
118.58330535888672
119.2392578125
119.34403991699219
119.46965789794922
119.68291473388672
120.44500732421875
120.68553924560547
121.31776428222656
121.56890869140625
123.4179916381836
123.44634246826172
124.4387435913086
124.80384826660156
124.91997528076172
125.98809814453125
127.84756469726562
128.60792541503906
128.86038208007812
129.1549530029297
130.7440185546875
131.45721435546875
132.34425354003906
132.51414489746094
133.07516479492188
133.8880157470703
133.9029541015625
134.5845489501953
134.6142578125
134.85919189453125
135.4695587158203
135.86758422851562
137.00364685058594
137.29530334472656
137.4663543701172
137.92752075195312
138.02174377441406
138.8776397705078
139.37001037597656
140.1570587158203
140.92550659179688
140.95388793945312
141.10633850097656
141.32232666015625
141.36831665039062
141.72860717773438
142.64991760253906
143.25152587890625
143.47125244140625
143.71847534179688
144.0763702392578
144.2601776123047
144.5614013671875
144.69622802734375
145.1723175048828
145.96917724609375
146.20875549316406
146.34547424316406
146.93536376953125
147.6854705810547
148.06417846679688
148.48568725585938
149.16433715820312
149.90330505371094
149.99667358398438
151.0959930419922
151.5123748779297
151.930908203125
154.00650024414062
154.4506378173828
154.8483123779297
155.76585388183594
156.48641967773438
157.3880615234375
157.75613403320312
157.78466796875
158.08541870117188
158.79861450195312
158.83639526367188
159.14459228515625
160.24044799804688
162.51768493652344
162.5484619140625
163.34625244140625
166.6493377685547
167.29913330078125
169.4077911376953
169.84698486328125
170.31735229492188
171.81967163085938
173.22817993164062
176.87283325195312
177.1835174560547
179.82769775390625
180.10275268554688
181.39735412597656
181.48829650878906
182.35130310058594
182.62803649902344
182.95901489257812
183.42300415039062
184.38546752929688
184.67538452148438
184.90538024902344
186.1048126220703
186.13973999023438
186.55026245117188
187.0106964111328
190.58856201171875
197.65879821777344
197.72708129882812
198.21200561523438
198.27001953125
198.89695739746094
199.06532287597656
206.42916870117188
210.39248657226562
210.42813110351562
211.9032745361328
212.14381408691406
213.04928588867188
213.41976928710938
215.5342254638672
219.59963989257812
221.1311798095703
223.1300048828125
223.302490234375
225.6922607421875
236.12709045410156
237.86129760742188
244.68960571289062
249.0943603515625
253.48175048828125
