956.153564453125 637.7669067382812 991.5985107421875 633.4205322265625
809.6357421875 510.523193359375 866.0355224609375 472.8956604003906
1000.0328979492188 1182.62841796875 949.2781372070312 1163.3079833984375
1049.7105712890625 1030.869873046875 1017.6005249023438 1031.9884033203125
809.6357421875 510.523193359375 866.0355224609375 472.8956604003906
1005.7955322265625 855.6698608398438 1003.999267578125 862.3641967773438
826.825927734375 493.96270751953125 885.7474365234375 457.9153137207031
1049.7105712890625 1030.869873046875 1017.6005249023438 1031.9884033203125
687.4083251953125 560.7869262695312 735.3738403320312 504.6622009277344
903.2492065429688 466.9085693359375 967.1200561523438 442.44696044921875
889.8668823242188 525.4052124023438 944.1481323242188 503.8692932128906
799.8685302734375 577.4724731445312 846.1853637695312 543.5054931640625
750.44775390625 550.7442626953125 800.3707275390625 506.1869812011719
1038.1890869140625 1114.7607421875 993.7315673828125 1107.3538818359375
880.6007080078125 682.1651611328125 910.83935546875 667.2933959960938
1014.5179443359375 1062.149658203125 980.27685546875 1056.3756103515625
807.5433349609375 589.6140747070312 852.7291259765625 557.6224975585938
978.0904541015625 1410.1470947265625 898.3408813476562 1357.6639404296875
750.44775390625 550.7442626953125 800.3707275390625 506.1869812011719
917.7343139648438 708.9033203125 942.6985473632812 700.7021484375
1012.4180297851562 1090.52001953125 974.0022583007812 1081.7403564453125
937.144287109375 1286.6927490234375 877.846435546875 1246.21826171875
821.333740234375 1313.766845703125 769.36767578125 1258.17138671875
629.58642578125 680.8712158203125 661.392333984375 624.3160400390625
961.9292602539062 1401.1160888671875 884.74755859375 1347.8231201171875
745.8255615234375 559.6478271484375 794.4536743164062 515.1058959960938
992.3311767578125 1081.415283203125 956.9952392578125 1071.2310791015625
971.9901123046875 551.44677734375 1020.7296142578125 546.1600341796875
672.475341796875 666.6635131835938 706.9661254882812 616.6503295898438
846.6328125 1385.61865234375 783.881103515625 1321.6185302734375
865.9800415039062 643.1467895507812 902.1534423828125 624.585693359375
836.0904541015625 1242.6610107421875 791.4627685546875 1195.973876953125
907.6339721679688 681.9993286132812 937.1024780273438 671.4834594726562
939.8922729492188 667.7987060546875 970.507080078125 662.2587280273438
968.8192138671875 517.8908081054688 1023.6304321289062 508.5087890625
674.4805297851562 1208.4500732421875 645.9918212890625 1145.8856201171875
943.5316162109375 528.877197265625 996.5977783203125 516.616943359375
932.827880859375 541.5203247070312 984.1804809570312 528.80224609375
937.144287109375 1286.6927490234375 877.846435546875 1246.21826171875
869.3511352539062 670.1290283203125 901.5355224609375 652.9500122070312
542.348876953125 597.3406982421875 581.8840942382812 519.71240234375
763.7865600585938 590.8886108398438 807.5787963867188 551.5305786132812
626.7919921875 612.6565551757812 666.22314453125 550.7706298828125
784.8740234375 567.4657592773438 832.9816284179688 530.0045776367188
631.0185546875 590.2246704101562 673.3521728515625 527.9590454101562
626.7919921875 612.6565551757812 666.22314453125 550.7706298828125
585.398193359375 593.7159423828125 627.0949096679688 522.39990234375
934.9578247070312 1384.2060546875 862.5371704101562 1330.8582763671875
940.0872192382812 484.269287109375 1000.857177734375 467.68994140625
560.7601318359375 725.123291015625 586.7605590820312 659.3255004882812
917.7343139648438 708.9033203125 942.6985473632812 700.7021484375
872.0431518554688 655.9874267578125 906.404296875 638.697509765625
872.0626831054688 1569.087646484375 783.2869262695312 1477.72021484375
789.968017578125 528.418701171875 843.5151977539062 488.79443359375
683.7083740234375 579.3214111328125 728.8964233398438 524.66845703125
978.0904541015625 1410.1470947265625 898.3408813476562 1357.6639404296875
663.893310546875 678.1755981445312 696.4784545898438 626.8861694335938
817.9686279296875 1204.3515625 779.0892944335938 1159.688720703125
1004.3043212890625 1137.2186279296875 959.3016357421875 1122.16845703125
953.3392333984375 519.2675170898438 1007.804443359375 508.3272705078125
970.723388671875 1279.515869140625 909.1531372070312 1245.083984375
961.9292602539062 1401.1160888671875 884.74755859375 1347.8231201171875
987.429443359375 1103.9368896484375 949.4120483398438 1090.5860595703125
671.9981689453125 526.6557006835938 724.4524536132812 465.45062255859375
987.429443359375 1103.9368896484375 949.4120483398438 1090.5860595703125
909.7487182617188 1410.765625 837.1937255859375 1350.4737548828125
902.8037109375 510.6092224121094 959.501953125 489.9671325683594
652.8165893554688 689.93115234375 683.7175903320312 637.6234741210938
545.9403076171875 682.8914184570312 576.6981811523438 611.7855224609375
1020.3372192382812 1310.4290771484375 949.781982421875 1278.5098876953125
655.6326293945312 1260.875244140625 622.6473999023438 1190.43505859375
678.4735107421875 1251.1790771484375 644.69482421875 1185.8228759765625
681.2910766601562 534.4663696289062 732.3482666015625 475.4317626953125
773.9979858398438 554.8475952148438 823.542724609375 514.8869018554688
640.850341796875 532.957275390625 690.7577514648438 466.9928894042969
508.27069091796875 1080.0728759765625 499.6679992675781 1005.3160400390625
951.3405151367188 546.726806640625 1001.3523559570312 537.1156616210938
809.1743774414062 1160.84716796875 776.9517822265625 1120.9915771484375
770.7945556640625 516.4609375 825.9840698242188 472.11083984375
809.8361206054688 1231.25048828125 768.4288330078125 1183.12841796875
929.5953369140625 1439.3990478515625 851.53759765625 1376.9619140625
830.8756103515625 1197.4002685546875 791.8201904296875 1155.551025390625
783.6754760742188 1176.1514892578125 751.2667236328125 1129.7994384765625
557.276611328125 599.3445434570312 597.2771606445312 523.8736572265625
526.0231323242188 696.5956420898438 553.9745483398438 623.6099853515625
902.8037109375 510.6092224121094 959.501953125 489.9671325683594
622.1649780273438 1266.1199951171875 590.4622802734375 1190.360107421875
639.4548950195312 689.8067016601562 670.5016479492188 635.1317749023438
767.9656982421875 531.2589721679688 820.8177490234375 488.0707092285156
938.2785034179688 655.6286010742188 970.9251098632812 648.3516845703125
788.4345703125 1619.6868896484375 706.1219482421875 1511.2762451171875
558.2125854492188 647.7077026367188 593.1117553710938 576.094970703125
1027.8946533203125 1112.43359375 984.8390502929688 1103.8218994140625
763.1860961914062 1221.14794921875 726.907470703125 1167.474853515625
867.5015869140625 1535.2257080078125 783.9738159179688 1449.1131591796875
800.3438110351562 1226.31689453125 760.405029296875 1177.5001220703125
997.4359130859375 1059.084228515625 965.10791015625 1051.3985595703125
520.6748046875 648.9811401367188 553.1676635742188 571.8646240234375
918.3755493164062 695.1316528320312 945.7474365234375 686.33935546875
486.8898010253906 967.4644775390625 488.2796630859375 893.8511962890625
797.044189453125 549.9833374023438 847.7525634765625 513.6671142578125
1043.1256103515625 884.692138671875 1034.730224609375 893.5117797851562
514.2313842773438 864.1585693359375 525.9849853515625 794.6324462890625
659.9227294921875 1137.346923828125 640.0888671875 1077.6151123046875
567.9435424804688 588.6371459960938 609.2161254882812 514.749267578125
860.9105834960938 1562.498046875 775.3767700195312 1470.1038818359375
892.17626953125 1351.7171630859375 827.9561767578125 1297.804443359375
634.3069458007812 567.4978637695312 679.9674682617188 503.58660888671875
958.9603271484375 1188.3614501953125 910.2479248046875 1163.3067626953125
583.2028198242188 617.4303588867188 622.262939453125 547.6310424804688
572.0974731445312 567.0167846679688 616.0264282226562 491.0860595703125
992.3311767578125 1081.415283203125 956.9952392578125 1071.2310791015625
832.8446655273438 1161.268798828125 798.0676879882812 1122.888427734375
564.57763671875 527.9260864257812 611.640380859375 446.906005859375
526.2396850585938 726.3152465820312 551.7105102539062 654.363525390625
781.7015380859375 1521.43896484375 710.5263671875 1430.9342041015625
566.6538696289062 575.4210815429688 609.2901000976562 499.7959899902344
746.9465942382812 586.458251953125 791.8233032226562 544.054443359375
967.8391723632812 466.58892822265625 1032.1624755859375 452.9078369140625
501.85760498046875 1007.581787109375 500.3110656738281 933.5282592773438
1016.5870361328125 1075.478271484375 980.4602661132812 1068.89404296875
852.2618408203125 1199.8818359375 811.814697265625 1161.05029296875
528.76220703125 677.5234985351562 559.0546875 603.7343139648438
867.5015869140625 1535.2257080078125 783.9738159179688 1449.1131591796875
449.0937805175781 1035.2379150390625 445.71435546875 952.7340698242188
656.7693481445312 1511.1536865234375 600.1344604492188 1407.4090576171875
1038.9119873046875 900.5382080078125 1028.3289794921875 907.489013671875
484.8516845703125 1010.0150146484375 483.5616760253906 934.2092895507812
956.2137451171875 1237.906982421875 901.8543701171875 1206.370849609375
824.08984375 1224.633544921875 782.673583984375 1179.9781494140625
652.81201171875 604.1982421875 693.938232421875 546.4495849609375
509.1172180175781 836.28125 523.34765625 766.1758422851562
714.7874755859375 1159.7135009765625 688.8412475585938 1107.4656982421875
939.8922729492188 667.7987060546875 970.507080078125 662.2587280273438
809.8361206054688 1231.25048828125 768.4288330078125 1183.12841796875
777.9690551757812 1203.920654296875 741.9066162109375 1156.5023193359375
1020.3372192382812 1310.4290771484375 949.781982421875 1278.5098876953125
674.94970703125 1284.794677734375 638.4972534179688 1211.9725341796875
909.7487182617188 1410.765625 837.1937255859375 1350.4737548828125
737.7488403320312 598.2438354492188 780.9202270507812 555.072265625
567.5419311523438 714.7321166992188 595.7655639648438 648.1632080078125
504.0189208984375 982.34033203125 504.03485107421875 910.2816162109375
660.4913940429688 537.6881713867188 710.124267578125 475.3351745605469
704.9303588867188 1189.49267578125 676.849609375 1132.4754638671875
824.08984375 1224.633544921875 782.673583984375 1179.9781494140625
611.58837890625 1363.3577880859375 570.760498046875 1275.5955810546875
521.4561157226562 718.2627563476562 547.3482666015625 646.0895385742188
1034.564208984375 1080.3275146484375 995.6161499023438 1075.97998046875
910.0101928710938 539.773681640625 961.81103515625 522.3817138671875
954.01708984375 530.55712890625 1007.2828369140625 520.1157836914062
997.8236694335938 1239.2845458984375 939.0712890625 1212.5919189453125
940.6756591796875 1422.2786865234375 863.2890014648438 1363.4205322265625
763.0912475585938 1295.646728515625 717.94873046875 1234.237060546875
836.0904541015625 1242.6610107421875 791.4627685546875 1195.973876953125
780.357421875 1301.071533203125 732.6360473632812 1241.4873046875
801.5811767578125 1392.8333740234375 742.7161254882812 1322.0909423828125
559.8365478515625 705.3846435546875 587.8531494140625 637.7569580078125
631.8711547851562 1389.3011474609375 587.1994018554688 1299.7164306640625
711.2459716796875 1479.0479736328125 651.0833129882812 1384.801025390625
787.5906372070312 506.0865478515625 845.034423828125 464.2474365234375
628.5458374023438 1373.6934814453125 585.2802124023438 1285.22900390625
560.0482788085938 1389.610107421875 521.7612915039062 1293.6634521484375
637.2713623046875 1335.072509765625 598.3854370117188 1254.1363525390625
615.2721557617188 505.51116943359375 672.2804565429688 429.1048889160156
569.8905639648438 693.04052734375 600.120849609375 625.8258666992188
496.0236511230469 1099.6397705078125 485.86846923828125 1022.2491455078125
770.8317260742188 1185.892822265625 737.7593383789062 1137.29052734375
624.8270874023438 1236.6627197265625 595.7448120117188 1163.7845458984375
646.6893310546875 564.3902587890625 693.322509765625 502.60235595703125
519.2182006835938 1004.9738159179688 517.4060668945312 934.7400512695312
659.8946533203125 550.6179809570312 708.267578125 489.6802062988281
1001.4041748046875 934.6214599609375 989.3515625 935.7633666992188
897.1602783203125 537.6594848632812 949.6270141601562 517.8211059570312
542.1446533203125 690.96142578125 571.5574951171875 619.6895751953125
925.1548461914062 494.9195251464844 984.421142578125 476.65545654296875
519.5363159179688 986.0300903320312 519.5759887695312 916.2350463867188
901.0755004882812 1224.963623046875 852.7991943359375 1188.385986328125
1021.4353637695312 1272.7108154296875 955.7977905273438 1245.265380859375
484.8516845703125 1010.0150146484375 483.5616760253906 934.2092895507812
665.4714965820312 1307.97900390625 626.3779907226562 1232.645263671875
513.6075439453125 965.2918701171875 515.597412109375 895.5172119140625
1038.9119873046875 900.5382080078125 1028.3289794921875 907.489013671875
682.1862182617188 605.40966796875 725.1443481445312 552.0734252929688
998.3485107421875 831.4476928710938 1000.5904541015625 836.7946166992188
969.8641357421875 529.4282836914062 1022.4454345703125 522.2191772460938
918.4816284179688 480.196533203125 979.2240600585938 458.7097473144531
843.9805297851562 1259.8280029296875 797.0173950195312 1212.640625
987.1813354492188 996.8865356445312 965.3786010742188 991.4443969726562
799.13818359375 536.4404907226562 851.1543579101562 499.283447265625
672.7077026367188 1166.508056640625 648.5125122070312 1107.1912841796875
843.5845336914062 1613.5361328125 754.4129638671875 1508.77392578125
866.15185546875 1555.5311279296875 781.9782104492188 1465.285888671875
888.735595703125 1437.6337890625 815.2754516601562 1369.2301025390625
660.3630981445312 672.4592895507812 693.3898315429688 620.2889404296875
1015.3350219726562 1032.299072265625 985.82275390625 1028.5181884765625
520.8662109375 843.3408203125 533.36865234375 774.3963623046875
544.5852661132812 573.5778198242188 586.1858520507812 494.7320251464844
910.1051635742188 525.2627563476562 964.5298461914062 506.27166748046875
561.4677734375 616.5042724609375 598.9903564453125 543.5880737304688
1011.33203125 1213.285400390625 955.1600952148438 1191.4788818359375
769.8043212890625 1381.873779296875 715.7938842773438 1309.9234619140625
1043.1256103515625 884.692138671875 1034.730224609375 893.5117797851562
555.166015625 1146.7589111328125 539.270263671875 1072.654541015625
794.6390991210938 1357.2379150390625 739.5244750976562 1291.9222412109375
936.9785766601562 1619.2076416015625 835.6917724609375 1525.104248046875
695.14306640625 1166.434326171875 669.8970336914062 1109.23779296875
797.757080078125 1168.44287109375 764.5633544921875 1126.5281982421875
1027.8651123046875 1095.8734130859375 987.3858032226562 1088.6920166015625
819.0465087890625 526.4583129882812 873.2607421875 492.5157470703125
703.8143920898438 1506.9237060546875 641.1123657226562 1405.5426025390625
725.8707885742188 1514.0850830078125 660.8681030273438 1417.4625244140625
763.1860961914062 1221.14794921875 726.907470703125 1167.474853515625
548.3560180664062 552.336181640625 592.4735717773438 471.9234619140625
652.78369140625 1163.4024658203125 630.1638793945312 1102.1044921875
570.55078125 1155.92138671875 552.1549682617188 1084.17333984375
821.333740234375 1313.766845703125 769.36767578125 1258.17138671875
585.5142211914062 1152.22216796875 567.8720703125 1083.306884765625
769.5905151367188 1536.639404296875 697.431396484375 1439.7779541015625
901.0755004882812 1224.963623046875 852.7991943359375 1188.385986328125
819.3690795898438 1247.9488525390625 775.969970703125 1199.1053466796875
581.6732177734375 1173.0841064453125 562.1600341796875 1102.1966552734375
488.9018249511719 782.7684326171875 509.4231872558594 710.4767456054688
964.9003295898438 1465.512939453125 879.2232666015625 1403.740966796875
536.8931884765625 623.970703125 572.8140869140625 546.8350219726562
930.33837890625 699.7017211914062 956.95849609375 692.9779663085938
785.1693725585938 555.645263671875 834.4618530273438 517.69873046875
493.9181823730469 1078.4984130859375 485.97113037109375 1001.4281616210938
725.7574462890625 1502.40625 662.0278930664062 1406.3294677734375
690.0621948242188 1354.6710205078125 645.5269775390625 1277.885498046875
527.747802734375 834.166259765625 542.6256713867188 766.7232055664062
897.7639770507812 495.1442565917969 957.1109008789062 472.2504577636719
845.6648559570312 1186.4072265625 806.6856079101562 1148.0670166015625
718.6070556640625 1423.3236083984375 662.3094482421875 1339.0623779296875
591.6557006835938 1119.7276611328125 576.8455200195312 1055.1058349609375
730.5931396484375 1525.9149169921875 665.4295654296875 1427.658935546875
843.9805297851562 1259.8280029296875 797.0173950195312 1212.640625
981.681396484375 468.369873046875 1045.5794677734375 457.7868957519531
943.3504638671875 689.431396484375 970.7138061523438 684.610107421875
636.3722534179688 1267.039306640625 603.6898803710938 1193.205810546875
543.3883666992188 614.2570190429688 581.30322265625 537.2525024414062
646.7993774414062 1423.8291015625 598.1854858398438 1331.7945556640625
784.4322509765625 1142.0032958984375 755.478515625 1099.757568359375
645.4940185546875 1223.435791015625 615.843994140625 1156.14501953125
742.6907958984375 1338.276611328125 694.8724975585938 1270.166015625
625.851318359375 1284.87158203125 592.0531005859375 1207.28857421875
557.8782348632812 1129.329833984375 542.644287109375 1059.8653564453125
873.6785888671875 1445.6934814453125 800.6719970703125 1374.301025390625
736.1492309570312 1354.2996826171875 686.8609619140625 1281.4222412109375
757.67431640625 530.9801635742188 809.8021850585938 486.4055480957031
988.2252197265625 1431.085693359375 904.687255859375 1377.940185546875
768.30908203125 1469.85546875 703.2815551757812 1384.531005859375
891.6779174804688 665.2454833984375 924.1401977539062 650.5650634765625
556.7979125976562 716.9432983398438 583.898193359375 650.0645751953125
892.17626953125 1351.7171630859375 827.9561767578125 1297.804443359375
769.5905151367188 1536.639404296875 697.431396484375 1439.7779541015625
618.5859375 673.4974365234375 650.9839477539062 615.0279541015625
896.320556640625 1607.9930419921875 801.4694213867188 1511.8343505859375
1050.880126953125 1240.1055908203125 986.2510986328125 1220.40478515625
493.01220703125 957.7481689453125 496.05767822265625 884.3966674804688
897.37744140625 1459.7376708984375 821.7228393554688 1390.890869140625
561.489501953125 564.3264770507812 605.5180053710938 486.079833984375
478.60955810546875 1099.192626953125 469.6247863769531 1018.2454833984375
645.90380859375 1271.302978515625 612.3551025390625 1198.7196044921875
823.9830322265625 628.10986328125 864.0947265625 599.16259765625
978.2938842773438 1110.57373046875 939.1192016601562 1094.9002685546875
798.3287353515625 1369.7646484375 741.15478515625 1304.1240234375
506.71734619140625 874.819091796875 516.9002685546875 803.8394775390625
649.0962524414062 639.3206176757812 685.6005249023438 583.2826538085938
725.7574462890625 1502.40625 662.0278930664062 1406.3294677734375
745.4746704101562 1326.1668701171875 698.6618041992188 1258.1904296875
1021.7042846679688 1022.1005249023438 993.4754638671875 1021.1209716796875
521.1005249023438 1026.2095947265625 518.4652099609375 954.0886840820312
934.7452392578125 1478.4459228515625 851.474609375 1409.7215576171875
751.7880249023438 574.3104248046875 798.925048828125 531.7802734375
665.8825073242188 1150.2939453125 643.3259887695312 1093.444091796875
556.7979125976562 716.9432983398438 583.898193359375 650.0645751953125
650.9315795898438 702.3623046875 680.4346313476562 650.3272094726562
905.386474609375 1436.276123046875 829.5953979492188 1371.9427490234375
1037.2999267578125 1298.076171875 966.4716796875 1269.8465576171875
969.0811157226562 1205.856201171875 917.8499145507812 1180.191650390625
503.9229431152344 971.8123779296875 505.07598876953125 901.4803466796875
494.84576416015625 951.7113037109375 496.9474792480469 880.093994140625
638.5154418945312 1254.7586669921875 607.1113891601562 1183.0323486328125
1007.804931640625 922.567626953125 994.8037109375 924.9901123046875
1009.1488037109375 1251.0347900390625 947.8399047851562 1225.3597412109375
538.4760131835938 885.8585205078125 547.7662963867188 820.7523193359375
473.7365417480469 1080.324951171875 466.3787841796875 999.8316040039062
822.2496337890625 1183.3797607421875 785.7508544921875 1141.9532470703125
557.9614868164062 1160.05126953125 540.5940551757812 1086.121826171875
839.4500122070312 1217.873046875 797.3989868164062 1175.357421875
591.6557006835938 1119.7276611328125 576.8455200195312 1055.1058349609375
597.3963623046875 1402.2591552734375 554.4447631835938 1305.0296630859375
1020.70849609375 1229.7615966796875 961.22265625 1206.71337890625
751.7880249023438 574.3104248046875 798.925048828125 531.7802734375
782.2490234375 525.26171875 835.31396484375 484.41864013671875
639.2799682617188 576.1119995117188 683.9069213867188 513.4798583984375
557.8782348632812 1129.329833984375 542.644287109375 1059.8653564453125
659.8946533203125 550.6179809570312 708.267578125 489.6802062988281
638.5154418945312 1254.7586669921875 607.1113891601562 1183.0323486328125
531.2764282226562 885.0994262695312 541.433837890625 817.0469970703125
575.1031494140625 1123.123779296875 560.1609497070312 1054.0682373046875
522.5599975585938 742.1497192382812 546.3756103515625 670.25927734375
920.6432495117188 1605.961181640625 823.0148315429688 1513.6024169921875
650.9315795898438 702.3623046875 680.4346313476562 650.3272094726562
736.1492309570312 1354.2996826171875 686.8609619140625 1281.4222412109375
987.2891845703125 795.9913940429688 994.8137817382812 805.4833374023438
1047.95703125 826.0525512695312 1048.9129638671875 837.770751953125
744.4573974609375 1274.304931640625 702.494140625 1213.42626953125
582.9195556640625 555.6070556640625 628.9611206054688 480.645751953125
522.5599975585938 742.1497192382812 546.3756103515625 670.25927734375
694.6962890625 524.6207885742188 747.242431640625 467.8983154296875
745.5731811523438 1455.6002197265625 685.246337890625 1368.561279296875
558.2125854492188 647.7077026367188 593.1117553710938 576.094970703125
1001.8753662109375 942.8228759765625 986.466552734375 943.50634765625
646.1619873046875 673.6651611328125 679.8677368164062 619.600830078125
804.3257446289062 1363.95458984375 747.6248779296875 1297.616943359375
936.9785766601562 1619.2076416015625 835.6917724609375 1525.104248046875
952.5753784179688 1445.323486328125 871.552734375 1384.6029052734375
918.3755493164062 695.1316528320312 945.7474365234375 686.33935546875
988.80419921875 1049.4652099609375 958.1858520507812 1042.2313232421875
948.84814453125 1460.524658203125 865.7357177734375 1396.5035400390625
1036.3206787109375 1231.22607421875 975.0179443359375 1210.6953125
503.9229431152344 971.8123779296875 505.07598876953125 901.4803466796875
776.2255249023438 1503.4061279296875 706.8153686523438 1412.6707763671875
785.5658569335938 1378.2825927734375 729.2144775390625 1308.013671875
822.2496337890625 1183.3797607421875 785.7508544921875 1141.9532470703125
866.2747802734375 685.3287353515625 896.2307739257812 668.0765991210938
668.0410766601562 690.3399047851562 699.462646484375 639.9985961914062
925.8966674804688 1593.972900390625 829.2569580078125 1503.949951171875
946.9157104492188 1395.7000732421875 873.9097290039062 1340.78662109375
607.7716064453125 1386.3299560546875 566.4270629882812 1292.2930908203125
662.132568359375 690.0933227539062 692.8651123046875 639.4527587890625
657.3488159179688 1120.416015625 638.353271484375 1063.7003173828125
991.7259521484375 1054.4918212890625 960.6471557617188 1046.5120849609375
908.7044677734375 479.7632141113281 972.947021484375 457.2952575683594
1013.52978515625 1021.4451293945312 986.02783203125 1018.9916381835938
648.5534057617188 546.05322265625 698.7675170898438 480.5956115722656
866.2747802734375 685.3287353515625 896.2307739257812 668.0765991210938
954.01708984375 530.55712890625 1007.2828369140625 520.1157836914062
930.0201416015625 712.3147583007812 954.1192626953125 706.0298461914062
587.4707641601562 1185.461181640625 567.218017578125 1113.2821044921875
710.1311645507812 1131.9666748046875 686.7454223632812 1080.4090576171875
936.3186645507812 680.50244140625 964.9876708984375 673.2120971679688
744.3187866210938 1483.663818359375 680.3131103515625 1393.0081787109375
1036.3206787109375 1231.22607421875 975.0179443359375 1210.6953125
763.0912475585938 1295.646728515625 717.94873046875 1234.237060546875
930.0201416015625 712.3147583007812 954.1192626953125 706.0298461914062
659.1033325195312 1252.716552734375 626.2233276367188 1184.0650634765625
467.45208740234375 1089.6685791015625 458.7630310058594 1008.1546630859375
990.1104736328125 1067.8837890625 956.7987670898438 1058.53125
641.7984008789062 702.6884765625 671.2098999023438 649.0131225585938
625.4754028320312 1446.7274169921875 577.5474853515625 1348.2972412109375
604.8468017578125 640.8106689453125 640.52392578125 577.66650390625
496.4163513183594 1045.8094482421875 491.7686767578125 970.6829833984375
567.2779541015625 1121.0396728515625 553.2395629882812 1050.1822509765625
581.0841674804688 1136.721435546875 564.471435546875 1068.578369140625
1050.880126953125 1240.1055908203125 986.2510986328125 1220.40478515625
610.5850219726562 1397.2652587890625 568.1336669921875 1303.5150146484375
782.2490234375 525.26171875 835.31396484375 484.41864013671875
1011.4502563476562 1264.032958984375 945.5494384765625 1237.2672119140625
1008.531005859375 1099.4788818359375 969.01953125 1089.381103515625
590.9505004882812 1165.197509765625 571.7589721679688 1096.48681640625
652.8504028320312 1404.9791259765625 605.0377197265625 1316.3951416015625
877.8385620117188 1556.4853515625 790.5820922851562 1467.00830078125
944.0075073242188 465.2276916503906 1008.1969604492188 447.3600769042969
1017.016845703125 1241.93115234375 955.8425903320312 1217.47119140625
986.72802734375 1033.5615234375 957.9705200195312 1029.847412109375
757.02099609375 1321.6329345703125 709.9737548828125 1254.706787109375
555.0955810546875 559.623779296875 599.551025390625 480.08990478515625
507.8873291015625 862.18310546875 520.0558471679688 792.9530029296875
660.7724609375 701.1135864257812 690.1275024414062 650.735107421875
976.1768798828125 994.4148559570312 954.5831298828125 994.1407470703125
698.6771240234375 1169.1129150390625 673.3787231445312 1113.7047119140625
981.8287963867188 799.2877197265625 989.726318359375 808.3556518554688
991.7259521484375 1054.4918212890625 960.6471557617188 1046.5120849609375
1013.8357543945312 930.6163330078125 1000.0824584960938 931.9807739257812
902.344970703125 1626.788330078125 803.9849243164062 1526.8104248046875
1036.0257568359375 726.44775390625 1054.1593017578125 737.0791015625
593.3414916992188 1422.41259765625 549.5299682617188 1322.0716552734375
509.44525146484375 852.373046875 522.1796264648438 781.975341796875
514.1460571289062 997.1646118164062 512.1519165039062 928.3035278320312
797.757080078125 1168.44287109375 764.5633544921875 1126.5281982421875
670.5951538085938 538.2314453125 721.0189819335938 477.593994140625
509.9605712890625 974.7960815429688 511.22149658203125 903.3678588867188
554.8966064453125 1101.0382080078125 541.6221923828125 1031.2176513671875
930.0201416015625 712.3147583007812 954.1192626953125 706.0298461914062
642.3746337890625 1279.93115234375 608.1171264648438 1206.2066650390625
708.4317016601562 1144.8602294921875 684.3475341796875 1092.725830078125
790.2579345703125 1154.7220458984375 760.0856323242188 1110.9771728515625
1048.87744140625 862.0653076171875 1043.7716064453125 872.0216064453125
762.359130859375 1365.197998046875 710.11279296875 1291.1845703125
467.6534118652344 1128.2891845703125 457.3331604003906 1045.5667724609375
1011.3759765625 1294.334716796875 943.9457397460938 1262.994384765625
986.72802734375 1033.5615234375 957.9705200195312 1029.847412109375
1032.5250244140625 1048.8199462890625 998.6907348632812 1046.059814453125
639.2799682617188 576.1119995117188 683.9069213867188 513.4798583984375
537.822509765625 724.4619140625 563.758544921875 656.15966796875
738.0228881835938 1505.1112060546875 672.6773681640625 1410.91259765625
1041.821533203125 712.41162109375 1061.8134765625 723.7523193359375
697.5631713867188 1127.281005859375 675.4456787109375 1074.4853515625
757.02099609375 1321.6329345703125 709.9737548828125 1254.706787109375
1011.3759765625 1294.334716796875 943.9457397460938 1262.994384765625
1041.821533203125 712.41162109375 1061.8134765625 723.7523193359375
814.6282958984375 1195.3304443359375 776.8633422851562 1151.232177734375
939.6660766601562 843.4119262695312 943.5463256835938 838.7285766601562
581.168701171875 1127.3658447265625 565.89599609375 1057.8746337890625
981.212158203125 917.4583129882812 970.82421875 917.330078125
745.462890625 1526.3013916015625 677.2073364257812 1429.183837890625
668.7053833007812 1124.9312744140625 648.922607421875 1069.842041015625
794.6390991210938 1357.2379150390625 739.5244750976562 1291.9222412109375
607.7716064453125 1386.3299560546875 566.4270629882812 1292.2930908203125
967.994140625 1220.0130615234375 915.9267578125 1192.3026123046875
578.6260375976562 610.070556640625 617.801025390625 539.4030151367188
640.5680541992188 1244.024658203125 610.0369262695312 1173.2962646484375
676.7515869140625 559.1241455078125 724.4623413085938 502.0711669921875
528.7651977539062 707.212890625 556.52001953125 634.3450317382812
713.4276123046875 1120.2457275390625 691.8451538085938 1070.5079345703125
537.5267333984375 736.886474609375 562.2391967773438 667.1599731445312
548.6263427734375 580.9281005859375 590.3885498046875 501.9524841308594
754.6224975585938 1293.4083251953125 709.904052734375 1231.6480712890625
910.0101928710938 539.773681640625 961.81103515625 522.3817138671875
766.2105102539062 1339.6845703125 715.233154296875 1272.0810546875
931.0604248046875 1450.358154296875 851.5274658203125 1386.8287353515625
967.994140625 1220.0130615234375 915.9267578125 1192.3026123046875
703.085693359375 632.3324584960938 742.3519897460938 585.7520141601562
902.344970703125 1626.788330078125 803.9849243164062 1526.8104248046875
916.8389892578125 1457.128173828125 837.818359375 1390.07666015625
972.0523071289062 847.855224609375 972.8209228515625 845.5864868164062
1053.5638427734375 1071.966796875 1014.6519775390625 1070.3875732421875
572.8958129882812 1134.8238525390625 556.998046875 1065.298828125
520.666748046875 854.3616333007812 534.3253173828125 787.0675048828125
1004.47705078125 926.5704956054688 991.9014282226562 927.9660034179688
876.451416015625 699.3239135742188 904.65869140625 683.7369995117188
479.91375732421875 1082.8583984375 472.4806823730469 1002.1678466796875
543.3449096679688 745.5316162109375 566.6459350585938 676.8085327148438
1053.5638427734375 1071.966796875 1014.6519775390625 1070.3875732421875
908.3452758789062 712.1940307617188 933.646728515625 702.4418334960938
908.3452758789062 712.1940307617188 933.646728515625 702.4418334960938
640.5680541992188 1244.024658203125 610.0369262695312 1173.2962646484375
876.451416015625 699.3239135742188 904.65869140625 683.7369995117188
980.7056274414062 1352.4306640625 908.4315795898438 1308.6676025390625
555.3511962890625 735.8770141601562 580.806396484375 668.8416137695312
555.0955810546875 559.623779296875 599.551025390625 480.08990478515625
691.0003662109375 1140.5389404296875 668.3167724609375 1089.9998779296875
980.434814453125 840.185546875 981.5997314453125 840.8867797851562
892.0979614257812 1586.022705078125 800.354736328125 1493.7576904296875
537.1300659179688 856.740478515625 548.81494140625 791.79638671875
633.8402099609375 1277.788330078125 601.4049682617188 1203.090576171875
475.317138671875 1111.4796142578125 465.2113342285156 1030.0784912109375
619.8755493164062 1426.352294921875 573.4976196289062 1328.8101806640625
646.9313354492188 1258.9600830078125 614.1148071289062 1186.9376220703125
901.3588256835938 862.6373901367188 904.3037719726562 856.1160888671875
499.3050842285156 959.7174072265625 502.6409606933594 885.6679077148438
964.1227416992188 840.9998779296875 966.3536376953125 841.9564819335938
646.7993774414062 1423.8291015625 598.1854858398438 1331.7945556640625
1061.060546875 1038.7242431640625 1026.916748046875 1040.5096435546875
887.609375 711.162109375 913.2210693359375 698.2608032226562
672.6869506835938 1116.85791015625 654.5616455078125 1062.6104736328125
980.1327514648438 1013.9761962890625 953.3465576171875 1011.6463012695312
763.03125 557.2506103515625 811.9478759765625 515.6251220703125
887.609375 711.162109375 913.2210693359375 698.2608032226562
814.6282958984375 1195.3304443359375 776.8633422851562 1151.232177734375
634.6932983398438 714.3662109375 662.5882568359375 660.1260375976562
