42.89522171020508
44.48595428466797
46.850826263427734
47.095645904541016
47.52893829345703
48.44584655761719
48.47679901123047
48.59012222290039
50.309043884277344
53.77731704711914
56.920997619628906
57.09640884399414
59.06775665283203
59.80802536010742
61.13918685913086
61.28621292114258
61.5629768371582
61.95966339111328
61.99193572998047
62.04836654663086
62.329769134521484
62.928531646728516
63.36402893066406
63.49803161621094
63.62389373779297
64.06246948242188
64.10928344726562
65.29165649414062
65.57438659667969
66.05300903320312
68.49087524414062
68.69497680664062
69.49100494384766
71.14773559570312
71.18988800048828
71.28113555908203
71.70076751708984
72.91776275634766
73.0684585571289
74.75961303710938
74.81310272216797
75.55130767822266
76.8179702758789
76.88953399658203
76.92203521728516
77.18160247802734
77.4790267944336
77.89095306396484
78.55570983886719
78.62569427490234
79.07591247558594
79.29691314697266
79.37883758544922
79.37883758544922
79.52986907958984
81.3879623413086
81.90848541259766
82.71638488769531
83.07225799560547
83.10836029052734
83.15647888183594
83.74365997314453
83.95832061767578
84.08924102783203
84.35045623779297
84.7289810180664
84.81745147705078
85.64461517333984
85.67963409423828
85.68547058105469
86.25543212890625
86.29600524902344
86.87347412109375
86.94825744628906
87.01148986816406
87.62419891357422
87.77812957763672
87.8179931640625
87.90904235839844
89.31964874267578
89.94442749023438
90.0555419921875
90.8570327758789
91.46037292480469
91.52595520019531
91.88035583496094
91.94563293457031
92.59049987792969
92.96773529052734
93.05912017822266
93.16114807128906
93.64293670654297
93.7229995727539
93.92549896240234
94.0265884399414
94.20191192626953
94.26557922363281
94.355712890625
94.38749694824219
94.40338897705078
94.48280334472656
94.71536254882812
94.97894287109375
95.11045837402344
95.33100128173828
95.40440368652344
95.44631958007812
95.88534545898438
95.90099334716797
96.07289123535156
96.7315902709961
96.7729263305664
96.82975006103516
97.46281433105469
97.47820281982422
97.77525329589844
98.35140991210938
98.47334289550781
98.93937683105469
98.9494857788086
99.12113952636719
99.1665267944336
99.55400848388672
99.98999786376953
100.14988708496094
100.31450653076172
101.41498565673828
101.71037292480469
101.90191650390625
102.0392074584961
102.22035217285156
102.38652038574219
102.89801025390625
102.94658660888672
103.2569580078125
103.89418029785156
103.9855728149414
104.04806518554688
104.177734375
104.37911987304688
104.69956970214844
104.70912170410156
104.75209045410156
105.4798583984375
105.4845962524414
105.55093383789062
105.89617919921875
105.97169494628906
106.39079284667969
106.67239379882812
106.7192611694336
106.76609802246094
106.96260833740234
108.5955810546875
109.89995574951172
110.39022064208984
110.39022064208984
111.8212890625
111.99107360839844
112.00892639160156
112.01338958740234
112.25862884521484
112.53887939453125
112.71202087402344
112.72976684570312
113.99561309814453
114.28472900390625
114.74755096435547
115.16510009765625
115.56816101074219
115.5724868774414
116.43882751464844
116.48175811767578
116.89311218261719
117.16227722167969
117.97457122802734
118.05506896972656
118.21167755126953
118.59173583984375
118.74342346191406
119.03781127929688
119.18892669677734
120.10828399658203
120.1582260131836
120.19567108154297
120.23726654052734
120.41179656982422
121.9590072631836
121.98770141601562
122.48265075683594
122.53570556640625
122.5887451171875
123.10564422607422
123.6203842163086
123.66487121582031
124.72770690917969
124.76377868652344
125.36746215820312
125.41531372070312
125.55078887939453
125.81732940673828
125.89678192138672
126.60963439941406
126.72016143798828
127.338134765625
127.41271209716797
127.85147857666016
128.07809448242188
128.24195861816406
128.26145935058594
128.8177032470703
129.5106201171875
129.9730682373047
130.52586364746094
130.64456176757812
130.86634826660156
131.33544921875
131.4534149169922
131.6510467529297
131.95074462890625
132.22708129882812
132.6536865234375
132.93983459472656
132.96615600585938
133.27415466308594
133.33792114257812
134.39866638183594
134.62911987304688
134.74420166015625
135.61341857910156
135.86390686035156
136.1286163330078
136.16534423828125
136.41114807128906
137.62994384765625
137.66989135742188
138.2280731201172
138.27146911621094
139.502685546875
140.54891967773438
140.8580780029297
141.03900146484375
141.3364715576172
141.6968536376953
141.76388549804688
141.78504943847656
142.24978637695312
144.57177734375
145.00344848632812
146.11981201171875
146.21217346191406
148.18907165527344
148.71449279785156
149.7130584716797
150.6154022216797
152.53196716308594
153.29383850097656
153.7855682373047
154.1590118408203
154.44093322753906
154.45387268066406
156.02883911132812
156.5535125732422
157.13369750976562
157.14324951171875
157.51507568359375
157.76881408691406
158.44557189941406
159.40200805664062
160.45559692382812
161.0496826171875
161.2947540283203
161.40013122558594
162.01852416992188
162.49000549316406
162.8465576171875
163.4380645751953
163.8566436767578
164.2863311767578
164.29241943359375
164.6389923095703
166.30694580078125
167.0957794189453
169.076904296875
170.04705810546875
170.38192749023438
170.5461883544922
170.6106719970703
172.0959014892578
172.4355010986328
172.54275512695312
173.29454040527344
176.07952880859375
176.46530151367188
177.42041015625
177.57815551757812
177.8313751220703
177.91290283203125
177.9381866455078
179.977783203125
180.30807495117188
180.38015747070312
181.0414276123047
181.09942626953125
182.792236328125
182.86607360839844
183.47479248046875
184.8648223876953
185.3914794921875
185.75521850585938
185.78213500976562
188.92591857910156
189.6681365966797
190.18675231933594
190.26034545898438
191.38442993164062
193.18643188476562
193.2795867919922
195.68597412109375
196.5375213623047
200.23736572265625
200.41456604003906
201.4571990966797
201.462158203125
203.1698760986328
204.22047424316406
204.77059936523438
206.26438903808594
210.9620819091797
212.30638122558594
214.45045471191406
218.16966247558594
219.10499572753906
219.39234924316406
219.7703399658203
220.89590454101562
221.43170166015625
222.10357666015625
224.2431640625
226.10838317871094
226.62083435058594
227.06826782226562
227.31695556640625
234.4781494140625
238.6566619873047
253.18569946289062
