1007.1577758789062 948.5569458007812 1009.6566162109375 966.5238647460938
1054.518798828125 932.5772705078125 1050.686279296875 935.9697265625
1039.401611328125 915.2576293945312 1029.49365234375 923.8253173828125
1039.401611328125 915.2576293945312 1029.49365234375 923.8253173828125
984.8390502929688 1103.8218994140625 1044.0247802734375 1134.26123046875
1028.3289794921875 907.489013671875 1015.6044311523438 920.5931396484375
521.7612915039062 1293.6634521484375 601.2188720703125 1526.0596923828125
993.7315673828125 1107.3538818359375 1055.4547119140625 1135.026611328125
926.8759765625 1200.5914306640625 1020.8931884765625 1264.7569580078125
447.8664245605469 1073.7490234375 473.5441589355469 1275.9068603515625
959.3016357421875 1122.16845703125 1025.0400390625 1163.5670166015625
779.0892944335938 1159.688720703125 848.3626708984375 1268.1177978515625
598.3854370117188 1254.1363525390625 679.3995361328125 1448.28076171875
980.4602661132812 1068.89404296875 1025.203857421875 1097.9366455078125
917.8499145507812 1180.191650390625 1002.8019409179688 1243.51025390625
686.8609619140625 1281.4222412109375 786.3782958984375 1453.6729736328125
686.8609619140625 1281.4222412109375 786.3782958984375 1453.6729736328125
611.640380859375 446.906005859375 525.4412841796875 654.9978637695312
798.925048828125 531.7802734375 698.287841796875 668.77001953125
926.8759765625 1200.5914306640625 1020.8931884765625 1264.7569580078125
995.6161499023438 1075.97998046875 1044.7760009765625 1100.0621337890625
939.1192016601562 1094.9002685546875 994.713623046875 1140.8690185546875
747.242431640625 467.8983154296875 642.235595703125 635.8375244140625
776.9517822265625 1120.9915771484375 831.2371826171875 1220.88916015625
934.8494262695312 1222.242431640625 1037.22021484375 1287.7847900390625
832.5192260742188 1321.7181396484375 962.8464965820312 1451.0545654296875
725.1443481445312 552.0734252929688 640.9686279296875 703.4649047851562
598.3854370117188 1254.1363525390625 679.3995361328125 1448.28076171875
1021.575927734375 888.8911743164062 1002.7288208007812 904.320556640625
811.814697265625 1161.05029296875 881.8372802734375 1256.66748046875
732.6360473632812 1241.4873046875 824.75439453125 1381.2943115234375
785.7508544921875 1141.9532470703125 849.5529174804688 1243.852783203125
742.7161254882812 1322.0909423828125 860.1005859375 1486.477294921875
626.2020874023438 410.98004150390625 528.3832397460938 626.0079956054688
827.9561767578125 1297.804443359375 950.140869140625 1420.0804443359375
576.6981811523438 611.7855224609375 520.1377563476562 792.673095703125
675.4456787109375 1074.4853515625 713.65380859375 1204.2860107421875
1003.999267578125 862.3641967773438 976.4047241210938 887.0111083984375
807.5787963867188 551.5305786132812 711.964599609375 679.9414672851562
930.4996948242188 1188.608154296875 1021.6174926757812 1249.668212890625
645.9918212890625 1145.8856201171875 699.4937744140625 1296.180908203125
949.31884765625 630.2498168945312 855.3497314453125 703.6566162109375
775.969970703125 1199.1053466796875 855.0325317382812 1315.5855712890625
686.8609619140625 1281.4222412109375 786.3782958984375 1453.6729736328125
984.1804809570312 528.80224609375 858.8228149414062 614.2151489257812
676.849609375 1132.4754638671875 729.4813842773438 1271.385498046875
597.2771606445312 523.8736572265625 523.8588256835938 717.099365234375
851.1543579101562 499.283447265625 737.4193115234375 629.2252197265625
769.1005859375 1113.48388671875 824.098876953125 1217.6055908203125
797.0173950195312 1212.640625 882.6007080078125 1324.650390625
445.71435546875 952.7340698242188 452.92010498046875 1145.848388671875
816.8696899414062 1339.54052734375 952.1661376953125 1481.2537841796875
570.760498046875 1275.5955810546875 655.0158081054688 1484.025634765625
980.27685546875 1056.3756103515625 1022.0581665039062 1084.02294921875
852.7291259765625 557.6224975585938 753.8187866210938 671.7294921875
791.4627685546875 1195.973876953125 872.6963500976562 1307.439697265625
690.7577514648438 466.9928894042969 592.0650024414062 649.9099731445312
970.507080078125 662.2587280273438 883.6177368164062 721.8663330078125
909.1531372070312 1245.083984375 1017.95947265625 1324.6175537109375
794.4536743164062 515.1058959960938 691.00732421875 655.74267578125
873.2607421875 492.5157470703125 754.7596435546875 619.9782104492188
987.3858032226562 1088.6920166015625 1041.62451171875 1117.04931640625
832.9816284179688 530.0045776367188 726.5944213867188 658.0943603515625
806.6856079101562 1148.0670166015625 873.704345703125 1242.8489990234375
628.9611206054688 480.645751953125 543.68017578125 677.779296875
587.1994018554688 1299.7164306640625 680.3839111328125 1511.053955078125
559.0546875 603.7343139648438 502.79376220703125 790.3712768554688
1020.7296142578125 546.1600341796875 896.332275390625 616.62451171875
798.0676879882812 1122.888427734375 856.5573120117188 1217.684326171875
811.3688354492188 465.4476013183594 695.054931640625 616.3968505859375
957.1109008789062 472.2504577636719 819.7933959960938 579.9310913085938
598.9903564453125 543.5880737304688 530.5880737304688 731.6245727539062
901.8543701171875 1206.370849609375 995.7149658203125 1281.4757080078125
612.3551025390625 1198.7196044921875 679.2157592773438 1372.1182861328125
806.6856079101562 1148.0670166015625 873.704345703125 1242.8489990234375
688.8412475585938 1107.4656982421875 735.1982421875 1236.752197265625
630.1638793945312 1102.1044921875 673.3173217773438 1251.60009765625
877.846435546875 1246.21826171875 985.4124755859375 1338.6768798828125
693.938232421875 546.4495849609375 613.2014770507812 707.1806030273438
791.4627685546875 1195.973876953125 872.6963500976562 1307.439697265625
764.5633544921875 1126.5281982421875 821.9895629882812 1231.71728515625
648.5125122070312 1107.1912841796875 693.9649047851562 1251.3427734375
499.6679992675781 1005.3160400390625 516.8793334960938 1185.40234375
1001.3523559570312 537.1156616210938 877.3472900390625 615.5152587890625
984.421142578125 476.65545654296875 845.3519897460938 576.4439697265625
852.7991943359375 1188.385986328125 936.4190063476562 1278.237548828125
964.9876708984375 673.2120971679688 880.9224853515625 733.934814453125
549.542724609375 1062.0504150390625 579.828857421875 1230.8544921875
751.2667236328125 1129.7994384765625 808.7792358398438 1243.6044921875
627.0949096679688 522.39990234375 549.3042602539062 709.544677734375
944.1481323242188 503.8692932128906 816.90869140625 606.8272705078125
590.4622802734375 1190.360107421875 654.2590942382812 1371.5723876953125
732.3482666015625 475.4317626953125 630.2696533203125 643.9684448242188
494.0196228027344 906.7833862304688 493.825927734375 1083.299560546875
811.3688354492188 465.4476013183594 695.054931640625 616.3968505859375
976.2396850585938 1039.711669921875 1010.43896484375 1066.453857421875
737.7593383789062 1137.29052734375 797.7256469726562 1255.958740234375
845.034423828125 464.2474365234375 723.6494750976562 607.0125732421875
797.3989868164062 1175.357421875 871.4445190429688 1277.884521484375
809.8021850585938 486.4055480957031 698.963134765625 630.5317993164062
815.2754516601562 1369.2301025390625 961.6631469726562 1524.12109375
842.03662109375 1334.051025390625 980.1067504882812 1463.7332763671875
673.3521728515625 527.9590454101562 590.0156860351562 697.3763427734375
755.478515625 1099.757568359375 805.0140380859375 1205.8607177734375
965.10791015625 1051.3985595703125 1004.420654296875 1084.0516357421875
691.8451538085938 1070.5079345703125 729.3143920898438 1194.257080078125
609.2901000976562 499.7959899902344 530.2569580078125 695.86572265625
1007.804443359375 508.3272705078125 873.8521728515625 593.1886596679688
615.843994140625 1156.14501953125 672.79150390625 1317.559326171875
483.5616760253906 934.2092895507812 488.2447814941406 1117.2939453125
791.8201904296875 1155.551025390625 861.2488403320312 1258.561279296875
465.2113342285156 1030.0784912109375 486.1925964355469 1224.7772216796875
1000.857177734375 467.68994140625 857.18115234375 565.3496704101562
980.9085693359375 929.2966918945312 976.3253784179688 955.5873413085938
1000.857177734375 467.68994140625 857.18115234375 565.3496704101562
1032.1624755859375 452.9078369140625 879.6424560546875 547.5675048828125
652.4476928710938 1080.033203125 691.0488891601562 1217.607666015625
566.4270629882812 1292.2930908203125 651.9998779296875 1513.721923828125
491.7686767578125 970.6829833984375 502.0784606933594 1151.9866943359375
560.1609497070312 1054.0682373046875 589.1707153320312 1220.748779296875
616.0112915039062 1211.3179931640625 686.1484985351562 1386.916259765625
593.1117553710938 576.094970703125 528.421142578125 760.1583862304688
739.5244750976562 1291.9222412109375 848.1487426757812 1443.90380859375
782.673583984375 1179.9781494140625 856.3424682617188 1288.0050048828125
595.7448120117188 1163.7845458984375 654.6161499023438 1336.994384765625
852.7991943359375 1188.385986328125 936.4190063476562 1278.237548828125
956.9952392578125 1071.2310791015625 1004.0875244140625 1109.134033203125
949.2781372070312 1163.3079833984375 1031.7899169921875 1211.580078125
1000.5904541015625 836.7946166992188 964.2596435546875 859.4602661132812
820.8177490234375 488.0707092285156 709.0048217773438 629.1018676757812
1000.0824584960938 931.9807739257812 996.5654907226562 953.536865234375
571.5416870117188 1293.8026123046875 658.6788330078125 1510.375
915.9267578125 1192.3026123046875 1003.5090942382812 1258.4395751953125
964.9876708984375 673.2120971679688 880.9224853515625 733.934814453125
618.0668334960938 1178.7279052734375 680.2001953125 1346.384033203125
1008.1969604492188 447.3600769042969 859.1834106445312 550.3180541992188
745.207763671875 1179.74609375 816.73095703125 1303.4071044921875
593.1117553710938 576.094970703125 528.421142578125 760.1583862304688
729.2144775390625 1308.013671875 841.5181274414062 1471.060546875
996.5977783203125 516.616943359375 867.0247802734375 601.759521484375
607.5821533203125 1226.228759765625 679.6025390625 1409.60595703125
621.2594604492188 1167.677978515625 680.9805297851562 1331.6329345703125
638.353271484375 1063.7003173828125 673.4136352539062 1201.7000732421875
567.8720703125 1083.306884765625 602.0205688476562 1250.01953125
519.5759887695312 916.2350463867188 520.1327514648438 1086.514404296875
643.3259887695312 1093.444091796875 685.179931640625 1233.715576171875
640.0888671875 1077.6151123046875 676.1738891601562 1222.5794677734375
843.5151977539062 488.79443359375 728.4822387695312 622.6951904296875
956.9952392578125 1071.2310791015625 1004.0875244140625 1109.134033203125
1017.6005249023438 1031.9884033203125 1049.4300537109375 1047.670654296875
562.1600341796875 1102.1966552734375 599.5072631835938 1273.0223388671875
956.7987670898438 1058.53125 998.5230712890625 1094.7447509765625
985.82275390625 1028.5181884765625 1016.5005493164062 1054.446533203125
676.03466796875 1055.5029296875 709.0031127929688 1182.256103515625
1061.8134765625 723.7523193359375 986.4136962890625 745.7813110351562
1021.575927734375 888.8911743164062 1002.7288208007812 904.320556640625
571.5574951171875 619.6895751953125 517.3248291015625 800.8274536132812
652.4476928710938 1080.033203125 691.0488891601562 1217.607666015625
747.0081787109375 1142.3819580078125 807.1122436523438 1257.482177734375
638.4972534179688 1211.9725341796875 711.2001953125 1385.9779052734375
576.8455200195312 1055.1058349609375 603.9417114257812 1212.7305908203125
797.7295532226562 1145.4365234375 861.4419555664062 1243.3125
1052.90283203125 904.2278442382812 1037.932373046875 909.97314453125
504.03485107421875 910.2816162109375 505.3826904296875 1083.910400390625
603.6898803710938 1193.205810546875 668.3070678710938 1368.9044189453125
811.9478759765625 515.6251220703125 707.2227172851562 652.0225830078125
704.0403442382812 519.8734130859375 614.9029541015625 686.4114379882812
1018.51708984375 976.7610473632812 1033.700439453125 990.7987670898438
937.1024780273438 671.4834594726562 856.1369018554688 740.1013793945312
997.9840698242188 503.517822265625 864.1460571289062 592.4155883789062
706.7725219726562 503.9212951660156 612.6908569335938 673.4287719726562
511.22149658203125 903.3678588867188 510.12799072265625 1076.438232421875
556.998046875 1065.298828125 588.2049560546875 1233.8995361328125
607.1113891601562 1183.0323486328125 669.7510986328125 1355.5050048828125
710.124267578125 475.3351745605469 613.3877563476562 649.1122436523438
978.3541259765625 926.3688354492188 972.225830078125 953.502197265625
618.0668334960938 1178.7279052734375 680.2001953125 1346.384033203125
525.9849853515625 794.6324462890625 504.7989501953125 966.13671875
961.81103515625 522.3817138671875 838.5986328125 614.95751953125
739.5244750976562 1291.9222412109375 848.1487426757812 1443.90380859375
750.0794067382812 1166.6507568359375 819.8394775390625 1282.271240234375
586.1858520507812 494.7320251464844 509.438232421875 694.1551513671875
539.270263671875 1072.654541015625 571.1328735351562 1253.072998046875
500.3110656738281 933.5282592773438 504.7584228515625 1112.6175537109375
564.471435546875 1068.578369140625 596.79150390625 1234.2861328125
541.9242553710938 778.3416137695312 515.9539794921875 946.439208984375
529.9779052734375 989.8303833007812 547.3794555664062 1161.214111328125
684.3475341796875 1092.725830078125 727.5114135742188 1221.8133544921875
764.5633544921875 1126.5281982421875 821.9895629882812 1231.71728515625
542.644287109375 1059.8653564453125 572.3985595703125 1228.38720703125
529.9779052734375 989.8303833007812 547.3794555664062 1161.214111328125
709.9737548828125 1254.706787109375 802.7769165039062 1411.472412109375
693.322509765625 502.60235595703125 603.1854248046875 675.6930541992188
945.7474365234375 686.33935546875 868.1033935546875 748.7877197265625
823.542724609375 514.8869018554688 716.8195190429688 648.595458984375
963.64111328125 900.7125244140625 950.7693481445312 929.3616333007812
477.3315124511719 1008.2803955078125 494.7872619628906 1194.8917236328125
