61.0
72.3394775390625
78.0768814086914
83.92854309082031
85.1116943359375
86.75252532958984
87.48143005371094
88.6510009765625
88.6735610961914
90.55384826660156
91.010986328125
91.9510726928711
92.4662094116211
92.85472869873047
94.32391357421875
94.47750854492188
94.88414001464844
96.26006317138672
96.37945556640625
97.52947998046875
98.54440307617188
100.38426208496094
102.08819580078125
102.94658660888672
103.48429870605469
104.03364562988281
105.82060241699219
106.56453704833984
107.0140151977539
107.49884033203125
109.32977294921875
109.99545288085938
110.37662506103516
110.5169677734375
111.57060241699219
111.61540985107422
112.30316162109375
113.39752960205078
113.61778259277344
114.4639663696289
115.09127044677734
117.48616790771484
119.07980346679688
119.75391387939453
121.83184814453125
122.1187973022461
124.85992431640625
125.36347198486328
125.37543487548828
125.9007568359375
126.62937927246094
127.15737915039062
130.11917114257812
130.4683837890625
131.3087921142578
131.62066650390625
132.80813598632812
133.43911743164062
133.53651428222656
133.79461669921875
134.02984619140625
134.76646423339844
135.15176391601562
136.4734344482422
137.16778564453125
138.71914672851562
139.01438903808594
139.1510009765625
139.53494262695312
140.06069946289062
140.2889862060547
141.6580352783203
142.43946838378906
142.89157104492188
143.49913024902344
143.7949981689453
144.94827270507812
146.49232482910156
146.50596618652344
146.80258178710938
147.28543090820312
148.2025604248047
148.83547973632812
149.51922607421875
150.15325927734375
150.37286376953125
151.0099334716797
151.26466369628906
151.3208465576172
151.5948486328125
152.23008728027344
152.728515625
152.82997131347656
153.20574951171875
153.25794982910156
153.43728637695312
153.8700714111328
153.94154357910156
154.55419921875
154.6900177001953
154.98709106445312
155.3447723388672
155.70164489746094
155.82362365722656
155.8268280029297
156.42250061035156
156.56947326660156
157.1496124267578
158.01898193359375
158.404541015625
158.45504760742188
158.4613494873047
158.53390502929688
159.4114227294922
159.47726440429688
159.718505859375
160.3683319091797
160.5459442138672
160.94097900390625
161.06520080566406
161.46826171875
162.12649536132812
162.73291015625
163.66734313964844
165.50225830078125
165.8824920654297
167.13168334960938
167.46641540527344
168.14874267578125
168.3597412109375
168.8756866455078
169.0295867919922
169.2660675048828
169.61131286621094
170.6458282470703
171.2191619873047
171.28338623046875
171.7323455810547
172.87857055664062
173.1011199951172
175.0599822998047
175.2084503173828
175.39669799804688
175.45654296875
175.51353454589844
176.59275817871094
176.669189453125
176.77386474609375
176.86434936523438
177.84544372558594
178.07582092285156
179.66635131835938
180.13050842285156
180.28033447265625
180.5768585205078
180.86183166503906
181.02761840820312
181.26499938964844
181.4111328125
182.5869598388672
183.56198120117188
183.81512451171875
183.9755401611328
184.19825744628906
185.62057495117188
187.28053283691406
187.5526580810547
187.6912384033203
188.0691375732422
188.98941040039062
189.13487243652344
189.1613006591797
189.33303833007812
191.6976776123047
192.6473388671875
192.81597900390625
193.22525024414062
193.4140625
193.5045166015625
193.71629333496094
194.2601318359375
194.38363647460938
195.0435791015625
195.05126953125
196.07907104492188
196.81463623046875
197.91412353515625
198.7536163330078
201.34796142578125
201.4348602294922
202.1781463623047
202.3561248779297
204.77792358398438
208.06248474121094
210.1142578125
210.75814819335938
211.29600524902344
213.4595947265625
214.4248046875
216.55715942382812
218.2223663330078
220.21580505371094
220.4744873046875
221.46331787109375
221.88961791992188
223.68504333496094
226.57449340820312
227.4664764404297
233.45877075195312
234.97659301757812
235.53981018066406
240.17701721191406
240.63665771484375
242.70352172851562
243.79910278320312
247.1881866455078
256.2049865722656
258.59234619140625
