1019.8784790039062 848.9647827148438 944.7988891601562 1210.027099609375
967.2877197265625 794.6080932617188 987.260986328125 1152.777099609375
996.7911376953125 865.6649169921875 929.2996826171875 1189.9451904296875
1021.6824951171875 777.953857421875 1001.9578247070312 1211.6904296875
992.2997436523438 815.3514404296875 966.6715087890625 1182.658447265625
982.7762451171875 869.1054077148438 924.1715698242188 1170.8485107421875
961.2567138671875 1001.649658203125 826.0419311523438 1154.566162109375
1025.4908447265625 871.5970458984375 924.5659790039062 1219.4482421875
1043.94970703125 857.0480346679688 935.2158203125 1236.9853515625
980.962158203125 799.136474609375 986.2754516601562 1169.721435546875
