1016.5241088867188 987.5258178710938 985.3460083007812 1023.9279174804688
997.9615478515625 1215.8310546875 901.2385864257812 1172.77099609375
986.3845825195312 1104.3929443359375 926.12060546875 1095.1929931640625
961.2567138671875 1001.649658203125 935.446044921875 1004.5562744140625
982.7762451171875 869.1054077148438 997.2083129882812 905.2779541015625
1000.4327392578125 1001.0733642578125 966.6399536132812 1024.7161865234375
1016.5241088867188 987.5258178710938 985.3460083007812 1023.9279174804688
985.992431640625 981.15087890625 963.0723876953125 1003.2684326171875
986.3845825195312 1104.3929443359375 926.12060546875 1095.1929931640625
989.8861083984375 1055.7288818359375 940.5225830078125 1059.5526123046875
876.7224731445312 1367.0889892578125 772.2459106445312 1210.8367919921875
1025.4908447265625 871.5970458984375 1034.1197509765625 934.5886840820312
969.587158203125 1214.625732421875 879.948486328125 1160.2200927734375
876.7224731445312 1367.0889892578125 772.2459106445312 1210.8367919921875
982.7762451171875 869.1054077148438 997.2083129882812 905.2779541015625
978.0584716796875 1328.0615234375 859.00830078125 1230.53271484375
696.20166015625 1332.489990234375 641.6266479492188 1110.2794189453125
996.7911376953125 865.6649169921875 1009.9794921875 909.9716186523438
934.489501953125 1180.1004638671875 861.57177734375 1121.1160888671875
961.158447265625 951.5227661132812 947.8827514648438 963.4423828125
936.0567626953125 975.746337890625 923.9321899414062 972.1663818359375
835.251953125 1193.10205078125 782.3121948242188 1081.9547119140625
791.7521362304688 1412.2847900390625 702.9027709960938 1204.333740234375
985.40087890625 1073.4586181640625 931.8946533203125 1070.843505859375
992.7767333984375 1037.33056640625 948.9522705078125 1048.1435546875
829.7638549804688 1176.823486328125 780.2255859375 1067.1876220703125
1009.7438354492188 1024.483642578125 968.8948974609375 1045.9962158203125
891.8082885742188 1437.0911865234375 771.6519775390625 1257.6895751953125
806.653076171875 1371.903564453125 722.3314208984375 1185.395263671875
945.646240234375 1204.43408203125 862.4088745117188 1141.625732421875
891.8082885742188 1437.0911865234375 771.6519775390625 1257.6895751953125
969.587158203125 1214.625732421875 879.948486328125 1160.2200927734375
989.8861083984375 1055.7288818359375 940.5225830078125 1059.5526123046875
902.8738403320312 1200.1912841796875 830.3284301757812 1119.4970703125
924.12158203125 1208.877685546875 847.9039916992188 1134.7672119140625
1025.4908447265625 871.5970458984375 1034.1197509765625 934.5886840820312
1019.126220703125 832.1012573242188 1043.19091796875 895.2559814453125
952.796630859375 866.4401245117188 974.61328125 886.0537719726562
936.3638916015625 1281.548095703125 839.2996826171875 1185.142333984375
901.2982177734375 1271.942138671875 813.9513549804688 1163.2159423828125
825.2490844726562 1203.5618896484375 769.7233276367188 1085.50634765625
917.7572021484375 1262.456298828125 829.621337890625 1166.9287109375
829.7638549804688 1176.823486328125 780.2255859375 1067.1876220703125
757.2845458984375 1380.484375 680.6527709960938 1168.5257568359375
1019.8784790039062 848.9647827148438 1035.264892578125 910.1376953125
906.2308349609375 1426.281005859375 784.4685668945312 1257.4967041015625
906.2308349609375 1426.281005859375 784.4685668945312 1257.4967041015625
885.0435180664062 1442.2001953125 764.8938598632812 1257.08984375
954.5779418945312 1224.9345703125 865.6863403320312 1158.6527099609375
878.8492431640625 1476.128173828125 756.0751342773438 1273.5428466796875
690.1160888671875 684.0010375976562 782.0969848632812 481.931884765625
960.246337890625 1285.679443359375 854.8988647460938 1197.456787109375
920.8388061523438 1246.119873046875 835.4844360351562 1155.7764892578125
780.869140625 543.5980224609375 937.4720458984375 369.490234375
690.1160888671875 684.0010375976562 782.0969848632812 481.931884765625
924.12158203125 1208.877685546875 847.9039916992188 1134.7672119140625
