106.89247131347656
115.77996063232422
115.80587005615234
115.8921890258789
116.71760559082031
120.60265350341797
122.72734069824219
123.98789978027344
125.27569580078125
127.64403533935547
128.53404235839844
128.9573516845703
137.02919006347656
139.3377227783203
140.9716339111328
141.79209899902344
143.9583282470703
150.57223510742188
151.88482666015625
153.17962646484375
153.8115692138672
155.51205444335938
158.3698272705078
160.89126586914062
162.2744598388672
163.65512084960938
170.496337890625
170.6839141845703
172.203369140625
172.47608947753906
174.7455291748047
174.90283203125
175.64736938476562
175.8948516845703
177.11578369140625
177.62319946289062
179.03073120117188
179.68861389160156
183.46116638183594
187.6486053466797
188.50994873046875
191.18838500976562
192.2784423828125
192.78744506835938
192.84190368652344
199.43670654296875
204.30125427246094
204.96340942382812
205.18771362304688
205.2388916015625
206.37103271484375
207.30653381347656
211.8985595703125
216.5525360107422
227.71253967285156
231.6592254638672
