825.3853759765625 817.3314819335938 395.91265869140625 887.9078979492188
748.5657348632812 963.95458984375 312.89764404296875 1017.1952514648438
754.0018310546875 914.412353515625 317.4210205078125 973.9315795898438
765.68017578125 854.7149047851562 328.1865539550781 920.57861328125
766.7573852539062 843.2612915039062 329.8189697265625 910.4705200195312
792.62939453125 852.1422119140625 360.09295654296875 918.316162109375
740.42529296875 971.0416870117188 303.6952819824219 1023.939208984375
694.804931640625 989.4798583984375 251.9063262939453 1042.1041259765625
762.3958129882812 936.2942504882812 327.6418151855469 992.9736328125
750.2846069335938 936.2110595703125 313.0801086425781 992.93115234375
930.8966674804688 840.7278442382812 507.49041748046875 908.9320678710938
828.7899780273438 824.2325439453125 400.1551513671875 893.02392578125
744.0886840820312 996.724609375 308.84136962890625 1046.5179443359375
747.9022216796875 999.7545166015625 313.1416320800781 1048.7012939453125
764.3339233398438 873.1387329101562 327.1781005859375 937.2623901367188
754.0018310546875 914.412353515625 317.4210205078125 973.9315795898438
694.804931640625 989.4798583984375 251.9063262939453 1042.1041259765625
729.5068359375 1017.8300170898438 293.1414489746094 1065.2080078125
765.68017578125 854.7149047851562 328.1865539550781 920.57861328125
745.5564575195312 1008.2277221679688 310.625244140625 1056.30419921875
768.8060913085938 1048.44482421875 338.22772216796875 1089.841064453125
776.8119506835938 874.9935913085938 342.0744323730469 938.7535400390625
774.5089111328125 886.309326171875 340.0419616699219 948.830322265625
736.833740234375 993.0284423828125 300.1092224121094 1043.6964111328125
756.306640625 952.24169921875 321.02899169921875 1007.0924682617188
770.9354248046875 849.3193359375 334.3682861328125 915.8861694335938
733.4994506835938 998.0596923828125 296.84295654296875 1047.037841796875
946.8845825195312 839.8824462890625 524.5779418945312 907.8737182617188
733.0366821289062 1008.26513671875 295.3416748046875 1056.7264404296875
696.2670288085938 983.8207397460938 253.6150360107422 1036.4449462890625
736.629150390625 1013.7586669921875 299.496826171875 1061.367919921875
727.9682006835938 905.8316040039062 287.7068176269531 966.3177490234375
