75.0333251953125
105.58409118652344
124.22560119628906
125.2796859741211
126.75961303710938
130.17295837402344
132.2535400390625
135.0703582763672
137.62994384765625
137.7461395263672
138.89564514160156
140.9574432373047
143.9791717529297
144.41952514648438
145.58502197265625
145.62966918945312
147.5804901123047
147.5906524658203
149.7531280517578
150.8476104736328
155.9583282470703
159.88746643066406
159.90621948242188
162.1079864501953
164.5600128173828
172.307861328125
176.25833129882812
179.09214782714844
179.1116943359375
210.3996124267578
224.0111541748047
243.50975036621094
