70.07852935791016
72.61542510986328
78.77182006835938
87.63561248779297
88.16461944580078
89.10667419433594
91.054931640625
92.6498794555664
93.12894439697266
93.6856460571289
97.07728576660156
98.40223693847656
99.38813018798828
99.97999572753906
100.82162475585938
101.47906494140625
102.4743881225586
102.53779602050781
107.70793914794922
108.3189697265625
108.71522521972656
108.90362548828125
109.1512680053711
110.31319427490234
110.8106460571289
111.5257797241211
111.7944564819336
112.73419952392578
114.3197250366211
114.72140502929688
115.6676254272461
115.71084594726562
116.7347412109375
117.45211791992188
118.13128662109375
118.23281860351562
118.30046844482422
120.12493133544922
120.66482543945312
121.0826187133789
123.08940124511719
125.36746215820312
126.13880920410156
126.41202545166016
127.38524627685547
128.7633514404297
130.41856384277344
130.63690185546875
130.94654846191406
131.04197692871094
131.33163452148438
131.67384338378906
131.97348022460938
134.39866638183594
135.3513946533203
136.10658264160156
136.2057342529297
136.23141479492188
136.79180908203125
136.9379425048828
136.97445678710938
137.80421447753906
138.3546142578125
139.1294403076172
140.1071014404297
140.89356994628906
141.23739624023438
142.60784912109375
143.3910675048828
143.5409393310547
145.09996032714844
146.41380310058594
146.7446746826172
148.80860900878906
148.9228057861328
150.12661743164062
150.82440185546875
151.97039794921875
152.33187866210938
153.80181884765625
155.52491760253906
155.8845672607422
156.47683715820312
157.56585693359375
157.6832275390625
158.0379638671875
159.125732421875
162.6622314453125
162.7882080078125
163.7956085205078
165.64117431640625
168.0981903076172
169.15968322753906
169.5258026123047
169.63784790039062
169.7998809814453
169.8764190673828
170.1175994873047
170.86837768554688
172.92483520507812
173.2079620361328
173.49928283691406
173.91090393066406
174.18380737304688
175.7384490966797
176.1732177734375
176.3349151611328
176.55877685546875
176.57009887695312
178.2470245361328
178.3115234375
178.3704071044922
178.41244506835938
178.85189819335938
179.0977325439453
179.5689239501953
180.86459350585938
182.010986328125
182.7101593017578
183.46116638183594
184.4586639404297
184.79177856445312
185.0918731689453
186.58509826660156
186.8582305908203
188.71937561035156
189.12957763671875
191.95571899414062
192.0286407470703
192.87042236328125
193.26666259765625
194.17774963378906
196.82479858398438
199.09796142578125
200.10496520996094
202.68447875976562
203.4993896484375
205.4993896484375
206.25469970703125
211.41665649414062
211.5655975341797
216.111083984375
217.08062744140625
220.12269592285156
223.57325744628906
232.18096923828125
232.8583221435547
239.52244567871094
244.9020233154297
247.5015106201172
247.6570281982422
255.78311157226562
