694.7333984375 1025.3448486328125 565.0369873046875 865.0614013671875
1062.13623046875 894.3934936523438 967.3355712890625 1227.9268798828125
1062.13623046875 894.3934936523438 967.3355712890625 1227.9268798828125
1024.0108642578125 840.9087524414062 986.2754516601562 1169.721435546875
1005.2794189453125 869.7733154296875 954.1720581054688 1163.5621337890625
1038.4349365234375 847.6293334960938 986.6587524414062 1185.602294921875
1034.1197509765625 934.5886840820312 924.5659790039062 1219.4482421875
1005.2794189453125 869.7733154296875 954.1720581054688 1163.5621337890625
859.4314575195312 743.4884033203125 970.2391967773438 919.4270629882812
792.1456909179688 704.7634887695312 959.1751708984375 784.8912353515625
1035.264892578125 910.1376953125 944.7988891601562 1210.027099609375
983.8026123046875 858.7614135742188 950.7667236328125 1136.5618896484375
948.1471557617188 904.6200561523438 897.3099365234375 1121.927734375
