1005.2794189453125 869.7733154296875 852.7863159179688 1102.6217041015625
1005.2794189453125 869.7733154296875 852.7863159179688 1102.6217041015625
1034.1197509765625 934.5886840820312 807.7578125 1121.7376708984375
1043.19091796875 895.2559814453125 832.262451171875 1133.29541015625
1055.211669921875 882.8543701171875 840.6387329101562 1144.872314453125
1038.4349365234375 847.6293334960938 865.8720092773438 1133.52099609375
1007.5679931640625 888.9598999023438 839.256103515625 1103.4127197265625
997.2083129882812 905.2779541015625 827.4618530273438 1093.766845703125
1035.264892578125 910.1376953125 822.5567016601562 1125.11669921875
983.8026123046875 858.7614135742188 863.91845703125 1085.9635009765625
