72.22187805175781
74.19568634033203
77.88452911376953
78.77816772460938
79.72452545166016
91.28527069091797
93.30059051513672
93.42911529541016
93.86692810058594
94.19129180908203
97.63196563720703
106.6911392211914
109.04586029052734
109.32977294921875
109.49429321289062
111.42710876464844
111.72734832763672
114.28910827636719
114.83901977539062
116.91022491455078
122.4132308959961
122.48265075683594
122.69882202148438
123.45039367675781
123.76187133789062
123.89108276367188
124.95999145507812
125.55477142333984
127.42448425292969
127.97265625
128.2224578857422
129.39474487304688
130.80520629882812
130.89308166503906
134.47305297851562
134.53623962402344
134.86289978027344
136.88316345214844
137.07296752929688
139.59226989746094
139.73904418945312
141.5768280029297
141.8590850830078
143.54441833496094
143.68716430664062
144.5648651123047
145.73948669433594
147.8546600341797
149.57940673828125
150.17323303222656
152.5188446044922
152.82997131347656
152.8855743408203
152.89212036132812
155.1193084716797
155.43165588378906
155.4702606201172
159.7654571533203
160.31219482421875
162.9018096923828
163.3646240234375
164.37457275390625
166.7453155517578
167.5171661376953
168.9792938232422
171.64207458496094
172.76284790039062
173.66635131835938
175.41380310058594
177.48802185058594
177.52183532714844
178.720458984375
179.8749542236328
181.7553253173828
181.93679809570312
183.32212829589844
185.833251953125
186.1101837158203
186.3088836669922
186.65744018554688
188.92855834960938
189.0105743408203
190.1262664794922
190.3496856689453
192.3070526123047
194.2601318359375
194.41964721679688
199.63967895507812
199.87245178222656
199.8849639892578
200.4345245361328
201.1243438720703
203.5804443359375
203.83572387695312
204.1127166748047
204.9390106201172
205.09022521972656
208.27626037597656
208.4658203125
211.8206787109375
212.8943328857422
215.79620361328125
218.36209106445312
219.26467895507812
220.24986267089844
234.40562438964844
235.23605346679688
239.42848205566406
240.3123016357422
243.8524169921875
258.2266540527344
