1034.1197509765625 934.5886840820312 722.7460327148438 1100.512451171875
863.58154296875 1450.3505859375 437.23272705078125 1247.7861328125
1043.19091796875 895.2559814453125 743.851318359375 1084.26318359375
877.6248168945312 707.40673828125 733.1692504882812 827.5440063476562
1034.1197509765625 934.5886840820312 722.7460327148438 1100.512451171875
1035.264892578125 910.1376953125 735.7210083007812 1086.2451171875
968.2915649414062 1305.1744384765625 546.1817016601562 1238.2784423828125
851.1588134765625 1441.6524658203125 431.8207092285156 1239.605224609375
979.404541015625 1297.735595703125 555.3360595703125 1240.49658203125
966.6255493164062 1282.9512939453125 552.6624755859375 1227.7723388671875
928.8381958007812 1328.326416015625 515.4592895507812 1230.2783203125
938.9586791992188 1287.3651123046875 535.511474609375 1215.5462646484375
962.4237060546875 1318.4459228515625 538.5059204101562 1240.93212890625
1038.4349365234375 847.6293334960938 763.4739379882812 1053.5018310546875
862.4088745117188 1141.625732421875 532.7885131835938 1100.723388671875
865.6863403320312 1158.6527099609375 529.6572875976562 1112.5758056640625
996.0551147460938 1620.516357421875 472.6046142578125 1364.987548828125
949.954833984375 1302.5687255859375 536.1748657226562 1227.643798828125
942.3209838867188 1313.1827392578125 527.9047241210938 1228.915771484375
981.8134155273438 1319.9981689453125 546.1034545898438 1250.299560546875
784.4685668945312 1257.4967041015625 438.65325927734375 1113.75
1008.0025634765625 1354.9344482421875 553.9716796875 1276.65283203125
994.06884765625 1359.826171875 544.7215576171875 1272.7750244140625
865.6863403320312 1158.6527099609375 529.6572875976562 1112.5758056640625
1007.5679931640625 888.9598999023438 729.8336181640625 1057.82080078125
1024.0108642578125 840.9087524414062 759.5098266601562 1040.1910400390625
1055.211669921875 882.8543701171875 757.5457763671875 1085.7384033203125
