1034.1197509765625 934.5886840820312 995.5738525390625 1191.6123046875
1043.19091796875 895.2559814453125 1025.7442626953125 1172.85107421875
938.9586791992188 1287.3651123046875 760.4229125976562 1311.587890625
792.1456909179688 704.7634887695312 938.5781860351562 748.8883666992188
949.954833984375 1302.5687255859375 760.79296875 1325.5299072265625
1035.264892578125 910.1376953125 1012.8816528320312 1174.97607421875
968.2915649414062 1305.1744384765625 772.1604614257812 1340.60986328125
1024.0108642578125 840.9087524414062 1045.7213134765625 1117.580810546875
862.4088745117188 1141.625732421875 760.6265869140625 1175.6668701171875
792.7349853515625 692.1016845703125 946.7824096679688 733.68212890625
784.4685668945312 1257.4967041015625 659.4889526367188 1182.9697265625
1019.3936767578125 1666.4884033203125 686.30712890625 1509.9681396484375
775.2015991210938 1249.859130859375 654.6396484375 1170.44873046875
