601.4559936523438 937.5088500976562 606.2333984375 870.037841796875
583.7959594726562 846.227294921875 638.262451171875 957.1796875
524.0467529296875 942.7260131835938 739.8516845703125 844.2526245117188
585.389892578125 889.1046142578125 632.0512084960938 915.1809692382812
535.8222045898438 960.0121459960938 713.5234985351562 829.5778198242188
623.031494140625 903.9583129882812 581.9188842773438 904.02880859375
585.4367065429688 842.8947143554688 638.9910888671875 962.4130249023438
577.235107421875 871.9607543945312 646.6589965820312 932.0366821289062
577.1119995117188 934.4447631835938 641.0569458007812 867.9447021484375
566.4520874023438 870.251953125 661.9884033203125 930.877685546875
580.2791748046875 911.8231811523438 637.0819702148438 892.1621704101562
574.2579956054688 829.6421508789062 652.8516845703125 972.7255249023438
562.5098266601562 915.4638671875 662.880859375 883.5878295898438
550.3375854492188 938.3125 684.5838012695312 857.2952270507812
620.6436767578125 890.2613525390625 586.2156982421875 917.1405639648438
575.36669921875 923.3385009765625 643.387939453125 879.867919921875
572.1929321289062 938.0826416015625 647.0606079101562 863.8706665039062
569.8628540039062 923.246826171875 652.6084594726562 878.6914672851562
