944.4223022460938 1027.091064453125 826.359619140625 1015.6126708984375
996.23388671875 1007.021240234375 847.5427856445312 961.02001953125
962.6453857421875 963.34619140625 792.385009765625 958.2401733398438
962.6453857421875 963.34619140625 792.385009765625 958.2401733398438
1019.416748046875 1051.00927734375 894.3438110351562 972.0918579101562
997.692626953125 1069.4913330078125 891.9789428710938 1002.5068359375
933.5344848632812 985.8306884765625 788.6532592773438 996.767333984375
922.829833984375 1093.4273681640625 861.37548828125 1080.6158447265625
950.5703125 986.6043701171875 799.8484497070312 982.7098388671875
981.7626342773438 979.6353149414062 817.0534057617188 954.2272338867188
922.3993530273438 1132.95458984375 889.3265991210938 1110.708251953125
981.8267211914062 998.4925537109375 829.2831420898438 967.1491088867188
940.239501953125 1118.2860107421875 890.661376953125 1082.34130859375
897.5853881835938 1086.025634765625 835.9608764648438 1098.6732177734375
967.82373046875 1010.1471557617188 831.5768432617188 985.2360229492188
843.5735473632812 1228.3980712890625 911.2073974609375 1268.337646484375
882.6300048828125 1118.013671875 850.2340087890625 1134.722412109375
1025.046630859375 1006.3417358398438 866.4407348632812 939.3151245117188
891.2633056640625 1053.5450439453125 805.0938720703125 1079.0712890625
912.257568359375 1051.0279541015625 820.7726440429688 1058.3843994140625
839.8201293945312 1106.489501953125 805.0928955078125 1169.908447265625
741.8722534179688 694.3114013671875 405.979248046875 952.1826171875
1011.1924438476562 1014.6213989257812 864.2201538085938 954.5789794921875
897.5853881835938 1086.025634765625 835.9608764648438 1098.6732177734375
839.9724731445312 718.15966796875 519.217041015625 891.5797119140625
1049.18359375 1190.6851806640625 1021.1609497070312 1043.1490478515625
822.6614990234375 553.8186645507812 397.64794921875 803.6930541992188
870.6334228515625 624.6167602539062 486.6041564941406 814.0374145507812
752.065185546875 686.2384033203125 411.01202392578125 940.4171752929688
903.66796875 1129.6036376953125 875.0166625976562 1125.878662109375
840.9854125976562 491.10845947265625 372.2315979003906 758.2281494140625
845.4728393554688 512.6019897460938 393.7080078125 766.4193725585938
911.4112548828125 582.8966674804688 496.74786376953125 765.148681640625
646.1046142578125 1179.7376708984375 688.67236328125 1481.8880615234375
887.8956298828125 635.7090454101562 510.2379150390625 807.5247192382812
787.586669921875 1223.6593017578125 860.994140625 1332.667724609375
811.9338989257812 563.9721069335938 389.4141845703125 817.2716064453125
887.8956298828125 635.7090454101562 510.2379150390625 807.5247192382812
996.916015625 470.5989990234375 500.69793701171875 657.9865112304688
804.154296875 1214.9000244140625 869.8002319335938 1302.40576171875
923.0236206054688 1113.2896728515625 876.2379760742188 1095.572998046875
1038.2293701171875 1202.0396728515625 1021.1260986328125 1060.176513671875
882.994140625 613.982177734375 490.9458312988281 799.3181762695312
884.7606811523438 593.7998046875 479.3706359863281 786.861572265625
812.09912109375 540.5496215820312 380.0986328125 802.0232543945312
906.5325927734375 1110.3701171875 864.6210327148438 1110.1273193359375
733.9173583984375 652.656982421875 370.4381103515625 933.703857421875
801.0391845703125 727.6610107421875 489.3550109863281 928.4366455078125
820.8594360351562 734.2952270507812 512.4249877929688 916.4981079101562
872.2697143554688 1102.223876953125 826.1517944335938 1133.921630859375
790.2421264648438 542.2656860351562 356.5191345214844 818.131103515625
1002.98876953125 1024.816162109375 866.619384765625 969.7805786132812
825.4720458984375 538.7390747070312 390.3777770996094 793.6988525390625
725.4232177734375 671.8778686523438 372.4841003417969 951.4275512695312
799.1242065429688 1237.9410400390625 885.8634033203125 1331.0306396484375
899.2476196289062 604.934326171875 501.4062194824219 784.3408813476562
804.154296875 1214.9000244140625 869.8002319335938 1302.40576171875
809.8478393554688 522.6532592773438 364.8543395996094 793.3594970703125
733.0263061523438 1281.5556640625 874.1685180664062 1461.1553955078125
874.6621704101562 1061.1644287109375 795.9490966796875 1101.72412109375
