996.9124145507812 968.1758422851562 808.7327880859375 966.3988647460938
775.3663940429688 1454.6654052734375 624.4913940429688 1396.6348876953125
997.692626953125 1069.4913330078125 815.847900390625 1054.5704345703125
967.82373046875 1010.1471557617188 783.2593383789062 1003.0755004882812
915.1476440429688 1655.2059326171875 775.6033325195312 1520.8048095703125
889.91845703125 822.2001953125 685.5062255859375 825.1298217773438
1029.9268798828125 1017.822265625 843.2205810546875 1009.8001098632812
771.0111694335938 655.8836059570312 521.6288452148438 634.4552612304688
1038.2293701171875 1202.0396728515625 861.551513671875 1161.7376708984375
962.6453857421875 963.34619140625 774.7718505859375 961.2566528320312
889.91845703125 822.2001953125 685.5062255859375 825.1298217773438
1002.98876953125 1024.816162109375 818.5211791992188 1015.8052978515625
734.2849731445312 1266.3895263671875 559.570556640625 1242.714599609375
996.23388671875 1007.021240234375 811.3241577148438 999.9019165039062
980.0722045898438 1019.23828125 796.7623291015625 1011.5804443359375
737.8605346679688 616.7037353515625 468.6136169433594 579.6838989257812
962.6453857421875 963.34619140625 774.7718505859375 961.2566528320312
1021.76123046875 1029.381591796875 836.5642700195312 1019.9678955078125
1010.4432373046875 1617.3524169921875 857.1384887695312 1475.9073486328125
970.6187133789062 1586.8175048828125 821.1736450195312 1461.669677734375
1034.2103271484375 1579.889404296875 875.894287109375 1446.28466796875
898.899169921875 821.933837890625 695.4852905273438 826.2211303710938
744.7169799804688 1309.572509765625 576.310302734375 1279.7596435546875
1013.6936645507812 1542.79638671875 856.8884887695312 1423.0921630859375
820.2138671875 1452.778564453125 670.0835571289062 1386.02294921875
781.6334838867188 1436.831298828125 629.8760375976562 1380.18798828125
877.2474975585938 1555.592529296875 735.9491577148438 1456.054931640625
909.9745483398438 568.9262084960938 678.0051879882812 564.1119384765625
783.1627197265625 1451.330078125 632.7150268554688 1392.874755859375
900.4256591796875 633.8956298828125 676.3587646484375 633.3421630859375
1014.7007446289062 996.648193359375 827.3792114257812 990.496826171875
720.4512329101562 1263.7198486328125 543.6705322265625 1241.367919921875
835.5860595703125 506.1866760253906 581.1893920898438 474.3017578125
783.1627197265625 1451.330078125 632.7150268554688 1392.874755859375
1003.2146606445312 1623.2767333984375 850.6207275390625 1480.943603515625
702.1143188476562 1277.60107421875 522.71630859375 1258.70947265625
1025.046630859375 1006.3417358398438 838.4237670898438 999.951171875
1027.330322265625 1235.3116455078125 854.0679321289062 1189.69482421875
994.9759521484375 1522.452392578125 840.2311401367188 1411.885009765625
1014.7007446289062 996.648193359375 827.3792114257812 990.496826171875
791.9750366210938 1450.396240234375 641.0972290039062 1389.1185302734375
839.9724731445312 718.15966796875 616.759033203125 714.33056640625
822.6614990234375 553.8186645507812 573.7003784179688 527.5211791992188
795.0803833007812 584.9852905273438 542.4863891601562 557.4894409179688
729.3300170898438 714.351806640625 476.1992492675781 692.3563842773438
826.3470458984375 1249.682861328125 658.5054321289062 1219.258056640625
775.0821533203125 739.3438110351562 539.4658203125 726.5337524414062
1011.1924438476562 1014.6213989257812 825.5811157226562 1007.055419921875
1047.2720947265625 1214.3953857421875 870.3236083984375 1171.4207763671875
992.2317504882812 1545.06005859375 840.1016235351562 1430.0247802734375
701.1300659179688 1268.5543212890625 521.0042114257812 1248.7943115234375
950.5703125 986.6043701171875 764.3807373046875 982.2783813476562
909.9745483398438 568.9262084960938 678.0051879882812 564.1119384765625
733.0263061523438 1281.5556640625 559.5982055664062 1256.5860595703125
895.35546875 1595.4254150390625 754.832275390625 1483.2633056640625
752.065185546875 686.2384033203125 501.759765625 664.5313110351562
913.7905883789062 845.7018432617188 713.8905639648438 849.7139282226562
868.1290283203125 1620.13134765625 730.3162231445312 1506.07568359375
740.2352294921875 706.7040405273438 489.36871337890625 686.4808959960938
811.9338989257812 563.9721069335938 558.5128173828125 535.7277221679688
717.6050415039062 1278.0565185546875 542.6324462890625 1256.0946044921875
767.5048217773438 1426.6663818359375 613.2695922851562 1374.6597900390625
791.5336303710938 1404.7161865234375 636.4366455078125 1351.7503662109375
1035.2940673828125 993.2451171875 846.9337158203125 988.8322143554688
1031.6859130859375 1554.1802978515625 872.7444458007812 1427.816162109375
702.1143188476562 1277.60107421875 522.71630859375 1258.70947265625
981.7626342773438 979.6353149414062 794.8325805664062 976.0281372070312
845.054443359375 1349.8253173828125 687.6656494140625 1300.7122802734375
854.766845703125 1346.9388427734375 696.6713256835938 1295.9493408203125
727.1683349609375 1288.6697998046875 554.088134765625 1263.403076171875
911.4112548828125 582.8966674804688 681.2357177734375 580.4290161132812
961.1986694335938 1553.4024658203125 812.4249267578125 1440.4532470703125
716.6788330078125 662.4609985351562 449.034912109375 628.828125
800.8216552734375 548.2896118164062 542.1964111328125 513.7897338867188
885.8128662109375 1360.0985107421875 728.9545288085938 1303.4984130859375
911.4112548828125 582.8966674804688 681.2357177734375 580.4290161132812
1032.9151611328125 1630.3558349609375 877.2852783203125 1482.1170654296875
1032.9151611328125 1630.3558349609375 877.2852783203125 1482.1170654296875
887.8956298828125 635.7090454101562 662.8884887695312 631.75634765625
870.6334228515625 624.6167602539062 640.2703247070312 617.6597900390625
972.2095336914062 1556.9219970703125 821.3507080078125 1439.6400146484375
887.8956298828125 635.7090454101562 662.8884887695312 631.75634765625
898.899169921875 821.933837890625 695.4852905273438 826.2211303710938
1014.4307250976562 967.7484130859375 825.1373291015625 965.9053955078125
854.766845703125 1346.9388427734375 696.6713256835938 1295.9493408203125
745.1103515625 1320.3309326171875 575.735107421875 1290.466796875
804.44140625 708.5511474609375 569.1478881835938 695.8265991210938
752.8904418945312 635.2762451171875 491.6429748535156 604.9778442382812
855.7203979492188 1650.8380126953125 719.8627319335938 1529.771728515625
808.083251953125 1428.03759765625 657.3306884765625 1368.4375
1006.5252075195312 1634.6766357421875 855.6369018554688 1490.43408203125
780.5318603515625 1205.09033203125 606.2366333007812 1183.755126953125
1006.5252075195312 1634.6766357421875 855.6369018554688 1490.43408203125
941.2544555664062 577.4212036132812 716.0523681640625 580.6423950195312
811.6868896484375 764.4703369140625 588.0638427734375 758.411865234375
747.3888549804688 1302.9361572265625 578.7863159179688 1273.68896484375
710.0808715820312 1267.843505859375 531.9506225585938 1247.3621826171875
804.9882202148438 754.37353515625 578.2467651367188 747.73779296875
970.7147827148438 1511.4443359375 818.9371337890625 1407.6876220703125
899.6036376953125 1735.1346435546875 767.21630859375 1581.159912109375
983.0630493164062 1599.6580810546875 836.1419067382812 1472.4161376953125
725.4232177734375 671.8778686523438 463.10504150390625 643.8378295898438
940.9120483398438 1536.0755615234375 793.4028930664062 1431.2974853515625
959.4742431640625 1584.2049560546875 811.1511840820312 1461.4010009765625
801.0391845703125 727.6610107421875 569.694091796875 719.2634887695312
701.1300659179688 1268.5543212890625 521.0042114257812 1248.7943115234375
694.0142211914062 1268.911865234375 513.1051025390625 1250.743896484375
780.59765625 1561.200439453125 634.2764892578125 1477.1578369140625
721.0185546875 1311.871337890625 549.3016357421875 1283.8177490234375
890.093994140625 1664.2694091796875 753.5370483398438 1532.972412109375
790.1416625976562 1374.655029296875 633.9749145507812 1327.4610595703125
804.44140625 708.5511474609375 569.1478881835938 695.8265991210938
861.84033203125 1360.2650146484375 704.8736572265625 1306.40625
825.4720458984375 538.7390747070312 573.2650146484375 510.0723876953125
888.310546875 602.2900390625 659.0322265625 596.2673950195312
812.09912109375 540.5496215820312 556.69140625 507.2922668457031
899.2476196289062 604.934326171875 670.9843139648438 602.5398559570312
885.8128662109375 1360.0985107421875 728.9545288085938 1303.4984130859375
885.2513427734375 656.0203247070312 662.1729736328125 654.3697509765625
807.1884765625 741.2100219726562 579.7706298828125 733.1581420898438
822.6056518554688 571.2793579101562 575.1204833984375 548.8396606445312
998.9476318359375 1537.7998046875 844.6450805664062 1423.520751953125
865.3460083007812 1639.8297119140625 729.2257690429688 1521.611083984375
907.7300415039062 1671.902099609375 771.2420654296875 1536.4129638671875
942.2159423828125 874.6217041015625 746.8894653320312 878.74609375
785.1869506835938 751.7792358398438 554.9896240234375 741.31591796875
820.8594360351562 734.2952270507812 593.8396606445312 726.558837890625
791.3115234375 758.907958984375 563.6439819335938 749.2948608398438
873.3967895507812 1641.2313232421875 736.107177734375 1520.020263671875
880.3424072265625 1407.886474609375 727.3101196289062 1341.7723388671875
928.775390625 615.0051879882812 707.8743286132812 616.4043579101562
800.277587890625 1461.27099609375 650.8677978515625 1397.8701171875
824.9229125976562 744.9559326171875 601.0841064453125 741.3701782226562
744.2037963867188 644.281005859375 483.33062744140625 614.7593994140625
888.310546875 602.2900390625 659.0322265625 596.2673950195312
859.4881591796875 678.8369750976562 636.323486328125 677.1357421875
799.380126953125 533.3104858398438 537.8358154296875 497.1080322265625
717.2640380859375 1297.08447265625 542.3126831054688 1273.3162841796875
928.775390625 615.0051879882812 707.8743286132812 616.4043579101562
965.6884155273438 1531.7642822265625 814.7289428710938 1423.2305908203125
795.6409912109375 1205.3359375 621.2725830078125 1183.9825439453125
874.7052001953125 1599.556640625 735.4208374023438 1489.3927001953125
729.4365844726562 699.8826293945312 473.9048156738281 675.3892211914062
884.7606811523438 593.7998046875 652.486572265625 586.2103881835938
788.7525634765625 1193.2850341796875 613.5309448242188 1172.5010986328125
811.9325561523438 1190.9290771484375 639.0643920898438 1168.496337890625
744.047607421875 659.8682861328125 486.1358337402344 632.487060546875
862.4493408203125 1386.7562255859375 707.681396484375 1327.8990478515625
882.3121948242188 1660.6832275390625 746.1692504882812 1533.5924072265625
1036.7476806640625 1275.5223388671875 862.8485717773438 1219.9937744140625
802.1725463867188 552.2775268554688 544.1365966796875 519.6748046875
809.8478393554688 522.6532592773438 548.8885498046875 486.9356384277344
721.0185546875 1311.871337890625 549.3016357421875 1283.8177490234375
809.0153198242188 1247.7171630859375 640.2899169921875 1219.4317626953125
1045.6427001953125 1626.3240966796875 887.307861328125 1476.8656005859375
912.5382080078125 600.6998901367188 687.5764770507812 599.3705444335938
767.5048217773438 1426.6663818359375 613.2695922851562 1374.6597900390625
1019.1293334960938 1212.915771484375 844.4093017578125 1173.247314453125
981.8267211914062 998.4925537109375 796.2643432617188 993.1637573242188
831.215087890625 787.9537353515625 615.8154907226562 781.52783203125
944.4223022460938 1027.091064453125 760.4690551757812 1018.19140625
736.6624145507812 1309.261962890625 567.89990234375 1280.765380859375
1002.98876953125 1024.816162109375 818.5211791992188 1015.8052978515625
1020.2139282226562 746.5397338867188 815.5719604492188 763.2422485351562
819.1048583984375 1237.664794921875 650.1522827148438 1208.2816162109375
899.2476196289062 604.934326171875 670.9843139648438 602.5398559570312
1054.76611328125 461.3103942871094 830.290283203125 478.209228515625
1054.76611328125 461.3103942871094 830.290283203125 478.209228515625
