971.20703125 1596.908935546875 771.8809204101562 1525.0418701171875
1013.6936645507812 1542.79638671875 821.3403930664062 1519.0262451171875
1019.416748046875 1051.00927734375 1012.5169067382812 1207.0225830078125
775.0821533203125 739.3438110351562 910.711669921875 703.22314453125
752.065185546875 686.2384033203125 917.858154296875 613.4591674804688
734.2849731445312 1266.3895263671875 666.687744140625 1182.8790283203125
942.2159423828125 874.6217041015625 1026.228515625 994.1694946289062
871.17138671875 822.5613403320312 979.056884765625 882.5859985351562
913.7905883789062 845.7018432617188 1012.1944580078125 942.5985107421875
740.2352294921875 706.7040405273438 892.0792846679688 630.5581665039062
716.6788330078125 662.4609985351562 884.8072509765625 545.13623046875
729.3300170898438 714.351806640625 872.7393188476562 630.3849487304688
751.8816528320312 648.07958984375 935.0411987304688 558.61865234375
719.4390258789062 1323.8685302734375 637.886474609375 1216.44677734375
1021.76123046875 1029.381591796875 1028.07763671875 1192.73193359375
1003.461181640625 957.5035400390625 1045.7213134765625 1117.580810546875
820.8594360351562 734.2952270507812 968.7048950195312 735.5413818359375
804.44140625 708.5511474609375 961.8703002929688 687.8011474609375
1034.2103271484375 1579.889404296875 825.6255493164062 1549.2655029296875
783.1627197265625 1451.330078125 659.6666870117188 1338.4078369140625
1031.6859130859375 1554.1802978515625 831.1173706054688 1533.6043701171875
1029.202880859375 1017.6229858398438 1040.9188232421875 1189.0748291015625
983.0630493164062 1599.6580810546875 780.6342163085938 1532.7567138671875
1025.046630859375 1006.3417358398438 1043.1649169921875 1175.489013671875
783.1627197265625 1451.330078125 659.6666870117188 1338.4078369140625
775.3663940429688 1454.6654052734375 652.3557739257812 1336.324951171875
861.84033203125 1360.2650146484375 751.7180786132812 1326.8748779296875
804.44140625 708.5511474609375 961.8703002929688 687.8011474609375
885.8128662109375 1360.0985107421875 772.1604614257812 1340.60986328125
1011.1924438476562 1014.6213989257812 1025.7442626953125 1172.85107421875
728.3222045898438 1273.1580810546875 659.4889526367188 1182.9697265625
781.6334838867188 1436.831298828125 662.1668701171875 1327.33251953125
807.1884765625 741.2100219726562 946.7824096679688 733.68212890625
804.9882202148438 754.37353515625 938.5781860351562 748.8883666992188
733.0263061523438 1281.5556640625 661.0136108398438 1192.9378662109375
846.85400390625 1368.331298828125 737.5006713867188 1326.0069580078125
873.3967895507812 1641.2313232421875 684.2350463867188 1493.527099609375
703.1669311523438 1296.6121826171875 631.1004028320312 1187.406494140625
959.4742431640625 1584.2049560546875 767.0066528320312 1512.0841064453125
996.23388671875 1007.021240234375 1016.4639892578125 1155.4268798828125
809.0153198242188 1247.7171630859375 739.3031005859375 1217.0184326171875
825.5299072265625 1445.642822265625 695.7733764648438 1355.4017333984375
809.0153198242188 1247.7171630859375 739.3031005859375 1217.0184326171875
791.5336303710938 1404.7161865234375 678.7186279296875 1311.895263671875
972.2095336914062 1556.9219970703125 784.2015380859375 1503.122314453125
1002.98876953125 1024.816162109375 1012.8816528320312 1174.97607421875
869.4505615234375 1352.1593017578125 760.79296875 1325.5299072265625
992.2317504882812 1545.06005859375 804.1771850585938 1511.3304443359375
717.6050415039062 1278.0565185546875 649.116943359375 1182.4124755859375
806.8291015625 1199.8848876953125 754.183349609375 1179.5064697265625
720.4512329101562 1263.7198486328125 654.6396484375 1170.44873046875
868.1290283203125 1620.13134765625 685.6605834960938 1481.61279296875
1002.6698608398438 980.8308715820312 1035.28662109375 1138.2939453125
795.6409912109375 1205.3359375 740.8048095703125 1177.1591796875
744.047607421875 659.8682861328125 919.636962890625 568.3663330078125
727.1683349609375 1288.6697998046875 654.0139770507812 1194.6234130859375
882.3121948242188 1660.6832275390625 686.30712890625 1509.9681396484375
721.0185546875 1311.871337890625 642.126953125 1206.549072265625
744.047607421875 659.8682861328125 919.636962890625 568.3663330078125
804.154296875 1214.9000244140625 745.0396728515625 1190.392822265625
785.1869506835938 751.7792358398438 921.3389282226562 727.1459350585938
994.9759521484375 1522.452392578125 811.6473999023438 1497.9993896484375
717.2640380859375 1297.08447265625 643.0765991210938 1194.318115234375
736.6624145507812 1309.261962890625 657.0502319335938 1216.4100341796875
