591.8438720703125 868.9068603515625 627.295654296875 930.075439453125
603.1859130859375 845.5471801757812 607.8001708984375 947.95654296875
540.4228515625 974.693603515625 731.7650756835938 824.30029296875
637.7069091796875 899.3604736328125 567.7254028320312 889.1392822265625
623.57958984375 926.8621826171875 585.1470947265625 864.9996948242188
589.7216796875 912.0841674804688 632.964599609375 885.9683227539062
587.5217895507812 932.99365234375 638.6655883789062 864.45166015625
634.390869140625 912.235595703125 571.0084838867188 877.986328125
581.9212646484375 863.021484375 642.7772827148438 937.4163818359375
560.0777587890625 1012.4863891601562 697.9228515625 777.5128173828125
583.13671875 922.8717651367188 646.7742309570312 877.3792114257812
577.0501708984375 935.98779296875 656.4418334960938 863.4593505859375
