936.8865356445312 1516.7760009765625 816.5179443359375 1464.728515625
836.766845703125 1595.6737060546875 719.0403442382812 1498.921630859375
1036.5919189453125 1547.2962646484375 897.2499389648438 1509.8543701171875
836.766845703125 1595.6737060546875 719.0403442382812 1498.921630859375
936.8865356445312 1516.7760009765625 816.5179443359375 1464.728515625
943.75244140625 1555.9130859375 816.1309204101562 1494.6361083984375
1029.79833984375 939.5588989257812 1006.1738891601562 1003.3385620117188
988.2988891601562 1366.3812255859375 886.018310546875 1362.1785888671875
866.5577392578125 647.0389404296875 906.538818359375 650.5625
979.056884765625 882.5859985351562 970.7896728515625 932.97412109375
963.794921875 1579.2230224609375 828.7704467773438 1516.577880859375
966.0169067382812 1525.45458984375 840.7026977539062 1477.9619140625
710.3303833007812 1452.384521484375 624.9022216796875 1359.171142578125
831.1173706054688 1533.6043701171875 722.3778686523438 1452.12744140625
961.6508178710938 1640.3406982421875 819.175537109375 1560.7838134765625
963.7319946289062 1315.1912841796875 875.1995849609375 1314.404296875
1000.0131225585938 896.73974609375 987.4615478515625 953.70947265625
771.511474609375 1206.9437255859375 714.69482421875 1172.8138427734375
767.0066528320312 1512.0841064453125 668.3662719726562 1421.0487060546875
768.277099609375 1212.489501953125 711.1212158203125 1177.1783447265625
936.5906982421875 1395.2989501953125 835.4295654296875 1371.178466796875
1000.0131225585938 896.73974609375 987.4615478515625 953.70947265625
857.7828979492188 557.096923828125 916.6942749023438 544.0873413085938
822.0641479492188 1486.680908203125 720.5559692382812 1414.408203125
1003.4063720703125 918.9041748046875 984.5216674804688 974.82568359375
941.70947265625 1373.698486328125 844.2811279296875 1355.900146484375
802.2064819335938 1399.6881103515625 715.0453491210938 1341.4483642578125
1033.16748046875 1583.900146484375 889.0685424804688 1535.7237548828125
860.9879760742188 603.5297241210938 911.5552978515625 597.8823852539062
1012.9910888671875 1577.0599365234375 872.2748413085938 1526.3804931640625
767.4979858398438 1477.51220703125 673.0309448242188 1394.91357421875
737.5006713867188 1326.0069580078125 666.1035766601562 1265.7174072265625
918.4218139648438 1374.737060546875 823.2315063476562 1350.96044921875
780.3341064453125 1388.523193359375 696.830078125 1326.6746826171875
743.6217041015625 1583.7447509765625 639.3504638671875 1467.8238525390625
771.511474609375 1206.9437255859375 714.69482421875 1172.8138427734375
785.9884033203125 1361.793212890625 706.5596923828125 1306.90185546875
930.8082275390625 1418.1307373046875 823.05810546875 1385.6094970703125
1012.5018920898438 1556.8973388671875 874.9442749023438 1511.502685546875
652.3557739257812 1336.324951171875 585.7769165039062 1250.2750244140625
659.9548950195312 1362.0380859375 590.1937255859375 1273.4932861328125
722.8821411132812 1550.4364013671875 624.5432739257812 1438.34033203125
935.1525268554688 1363.1627197265625 839.4541015625 1345.16845703125
678.7186279296875 1311.895263671875 613.5247192382812 1236.4144287109375
910.711669921875 703.22314453125 942.8720703125 726.2276000976562
965.9611206054688 758.65771484375 984.2838745117188 802.2894897460938
1040.19140625 1624.8056640625 887.8876953125 1568.145751953125
774.86083984375 1573.557373046875 666.5779418945312 1468.0675048828125
1012.5169067382812 1207.0225830078125 935.2158203125 1236.9853515625
1028.07763671875 1192.73193359375 953.5381469726562 1228.599853515625
1029.79833984375 939.5588989257812 1006.1738891601562 1003.3385620117188
825.6255493164062 1549.2655029296875 715.4144897460938 1463.1771240234375
938.5781860351562 748.8883666992188 959.1751708984375 784.8912353515625
815.960693359375 1563.5970458984375 704.8806762695312 1467.56640625
807.5338134765625 1587.5086669921875 694.4112548828125 1486.943359375
653.47705078125 1373.5751953125 582.7191162109375 1281.4229736328125
771.846923828125 1315.827880859375 700.4465942382812 1266.2529296875
753.8721923828125 1367.435302734375 674.306396484375 1302.3551025390625
932.2264404296875 1321.4482421875 844.5242919921875 1311.8714599609375
761.9229736328125 1218.966552734375 704.0078735351562 1180.830810546875
659.6666870117188 1338.4078369140625 592.4287109375 1253.844482421875
638.0302734375 1408.89111328125 565.4293212890625 1310.054931640625
686.437255859375 1336.850341796875 617.3683471679688 1259.5701904296875
715.954833984375 1535.0933837890625 620.124267578125 1424.8575439453125
799.5691528320312 1569.4639892578125 689.6409301757812 1471.579345703125
677.8154907226562 1368.2349853515625 605.5945434570312 1282.8494873046875
789.5230712890625 1553.8359375 683.212158203125 1457.7161865234375
776.8776245117188 691.3130493164062 806.4453735351562 667.4840087890625
1012.5018920898438 1556.8973388671875 874.9442749023438 1511.502685546875
677.8154907226562 1368.2349853515625 605.5945434570312 1282.8494873046875
767.4979858398438 1477.51220703125 673.0309448242188 1394.91357421875
695.7733764648438 1355.4017333984375 623.548583984375 1277.112060546875
771.0836181640625 1330.289794921875 696.6292724609375 1277.37451171875
780.34130859375 1564.3226318359375 673.3486938476562 1462.97265625
659.6666870117188 1338.4078369140625 592.4287109375 1253.844482421875
995.5738525390625 1191.6123046875 924.5659790039062 1219.4482421875
663.55615234375 1315.8961181640625 598.7754516601562 1237.3538818359375
663.55615234375 1315.8961181640625 598.7754516601562 1237.3538818359375
941.70947265625 1373.698486328125 844.2811279296875 1355.900146484375
993.935791015625 1567.28125 859.6305541992188 1516.7999267578125
946.7824096679688 733.68212890625 971.885498046875 771.1537475585938
738.9746704101562 1431.3863525390625 655.5892333984375 1353.856689453125
1013.2816772460938 1442.9217529296875 895.24560546875 1427.0096435546875
968.7048950195312 735.5413818359375 991.9503784179688 779.9400634765625
1024.51513671875 1098.405029296875 968.722412109375 1145.8970947265625
811.6473999023438 1497.9993896484375 708.7700805664062 1419.9954833984375
776.1213989257812 1496.4853515625 678.5847778320312 1410.738525390625
892.3699340820312 726.3622436523438 918.4100952148438 745.5484008789062
782.844970703125 1344.781005859375 705.0836791992188 1292.05859375
670.7918701171875 1305.9154052734375 606.3040771484375 1230.601318359375
981.7617797851562 1604.073974609375 841.0196533203125 1538.5159912109375
954.9597778320312 1424.7469482421875 848.6317138671875 1399.48583984375
1012.8816528320312 1174.97607421875 944.7988891601562 1210.027099609375
647.1260986328125 1325.320556640625 582.5380249023438 1239.93115234375
937.5353393554688 1333.306884765625 846.6415405273438 1322.4981689453125
991.258056640625 1419.643798828125 880.2933349609375 1402.529052734375
686.7452392578125 1292.7567138671875 623.358642578125 1223.09228515625
799.5691528320312 1569.4639892578125 689.6409301757812 1471.579345703125
782.8089599609375 1545.3221435546875 678.039794921875 1449.3719482421875
802.2064819335938 1399.6881103515625 715.0453491210938 1341.4483642578125
1040.9188232421875 1189.0748291015625 967.3355712890625 1227.9268798828125
935.0411987304688 558.61865234375 998.0632934570312 574.088623046875
700.4464721679688 1591.7445068359375 602.0682373046875 1464.505126953125
792.9371948242188 1511.5892333984375 691.4081420898438 1425.773193359375
811.6473999023438 1497.9993896484375 708.7700805664062 1419.9954833984375
966.4407958984375 1384.7947998046875 864.3776245117188 1369.4442138671875
677.1681518554688 1520.5963134765625 587.1466674804688 1404.0130615234375
920.8494873046875 1336.608642578125 831.59375 1321.13720703125
872.7393188476562 630.3849487304688 917.9597778320312 633.4768676757812
1012.1944580078125 942.5985107421875 989.208740234375 999.2653198242188
682.4248046875 1533.282470703125 589.704833984375 1414.8433837890625
750.307861328125 1313.791259765625 679.5767211914062 1258.625732421875
933.0669555664062 1379.0682373046875 835.3167724609375 1358.698974609375
942.1703491210938 1348.1783447265625 847.9855346679688 1334.8826904296875
780.3341064453125 1388.523193359375 696.830078125 1326.6746826171875
921.3389282226562 727.1459350585938 945.5347900390625 756.2666015625
684.2350463867188 1493.527099609375 596.3657836914062 1384.5921630859375
702.41943359375 1513.2633056640625 610.3960571289062 1403.572265625
891.9915771484375 741.1763916015625 914.30517578125 761.48388671875
751.6982421875 1229.4334716796875 692.2233276367188 1186.7947998046875
797.0408325195312 653.3927612304688 836.5540161132812 632.1791381835938
798.4429931640625 1355.5787353515625 717.1249389648438 1303.8760986328125
900.8184204101562 525.6982421875 971.449951171875 522.5103759765625
683.0082397460938 1352.864501953125 612.5082397460938 1272.88818359375
892.0792846679688 630.5581665039062 936.2959594726562 640.95703125
772.4765014648438 1371.3583984375 693.7199096679688 1312.250244140625
671.2037353515625 1354.049072265625 601.2024536132812 1270.3201904296875
905.6302490234375 733.9461059570312 929.2642822265625 757.7686767578125
788.0464477539062 1561.1566162109375 680.2990112304688 1462.179931640625
667.2535400390625 1340.6009521484375 599.5501708984375 1258.35302734375
986.800048828125 895.967041015625 975.221435546875 947.5357055664062
780.7865600585938 1320.03662109375 706.8469848632812 1270.8004150390625
685.5784301757812 1319.94921875 619.0773315429688 1245.6600341796875
753.8721923828125 1367.435302734375 674.306396484375 1302.3551025390625
739.3031005859375 1217.0184326171875 682.7174072265625 1172.8243408203125
778.4315185546875 1358.86279296875 699.93896484375 1300.7352294921875
940.4121704101562 541.5227661132812 1010.03173828125 554.979736328125
793.04541015625 628.6051635742188 837.4094848632812 602.531005859375
1004.3013916015625 1138.7376708984375 942.7103271484375 1176.2298583984375
684.748046875 1366.598388671875 612.0230712890625 1282.9488525390625
686.30712890625 1509.9681396484375 596.499755859375 1398.5850830078125
929.8898315429688 704.2064819335938 960.4697265625 734.0824584960938
778.5394897460938 650.4981079101562 815.941162109375 622.3147583007812
949.54736328125 788.3455810546875 959.6461181640625 829.547119140625
1045.7213134765625 1117.580810546875 986.2754516601562 1169.721435546875
823.9165649414062 1564.2127685546875 710.94189453125 1473.0484619140625
1049.6712646484375 1667.8173828125 889.0900268554688 1598.3197021484375
677.47607421875 1453.697998046875 594.7246704101562 1353.0341796875
1001.436279296875 1095.627197265625 950.7667236328125 1136.5618896484375
677.1624755859375 1355.9307861328125 606.444091796875 1274.490966796875
653.6162719726562 1295.53369140625 591.2420654296875 1216.2054443359375
942.1168212890625 765.4525146484375 958.6592407226562 800.822265625
692.2371826171875 1526.7105712890625 599.6596069335938 1412.011474609375
995.731689453125 1625.379638671875 850.763916015625 1557.4761962890625
760.79296875 1325.5299072265625 687.8413696289062 1270.8363037109375
751.7180786132812 1326.8748779296875 679.0444946289062 1269.1116943359375
982.6565551757812 1350.2579345703125 886.2389526367188 1347.7554931640625
979.2806396484375 1546.3358154296875 848.9957885742188 1496.611328125
697.92724609375 1463.71630859375 612.9733276367188 1366.5687255859375
840.9296264648438 1275.9437255859375 770.8560791015625 1246.619140625
978.3395385742188 1104.378662109375 925.0167846679688 1139.689453125
789.4834594726562 643.1354370117188 828.3624267578125 618.2349243164062
741.1708984375 677.692626953125 770.986083984375 639.1300048828125
1013.1473999023438 1121.1143798828125 954.1720581054688 1163.5621337890625
669.0031127929688 1312.1400146484375 603.9473266601562 1233.947509765625
953.9705200195312 744.2081909179688 975.3359375 785.2825317382812
767.14208984375 645.2275390625 805.0420532226562 611.6033935546875
769.6644287109375 1382.1094970703125 687.2443237304688 1319.30908203125
760.7973022460938 676.0055541992188 792.5697021484375 644.5422973632812
750.33056640625 632.630859375 790.2167358398438 591.9281005859375
1052.1124267578125 1135.4703369140625 986.6587524414062 1185.602294921875
778.5394897460938 650.4981079101562 815.941162109375 622.3147583007812
887.7866821289062 557.8579711914062 950.3828125 557.7940063476562
991.0695190429688 772.5166015625 1004.2269287109375 826.078125
678.7186279296875 1311.895263671875 613.5247192382812 1236.4144287109375
303.697509765625 1077.6326904296875 264.7225341796875 914.8812255859375
914.4348754882812 772.349853515625 930.1348266601562 801.0059204101562
962.1151733398438 1093.216796875 913.4890747070312 1124.096435546875
919.636962890625 568.3663330078125 980.08642578125 579.9685668945312
919.636962890625 568.3663330078125 980.08642578125 579.9685668945312
884.8072509765625 545.13623046875 949.661376953125 539.69091796875
778.5394897460938 650.4981079101562 815.941162109375 622.3147583007812
823.9165649414062 1564.2127685546875 710.94189453125 1473.0484619140625
994.0087890625 1156.1195068359375 929.2996826171875 1189.9451904296875
767.14208984375 645.2275390625 805.0420532226562 611.6033935546875
674.5602416992188 1328.4427490234375 606.7750854492188 1248.3941650390625
