986.800048828125 895.967041015625 979.8005981445312 967.8358764648438
1012.1944580078125 942.5985107421875 961.7157592773438 1014.1728515625
1000.0131225585938 896.73974609375 986.0930786132812 977.8217163085938
836.766845703125 1595.6737060546875 560.3306884765625 1182.919677734375
1000.0131225585938 896.73974609375 986.0930786132812 977.8217163085938
836.766845703125 1595.6737060546875 560.3306884765625 1182.919677734375
1029.79833984375 939.5588989257812 972.8944702148438 1025.3843994140625
936.8865356445312 1516.7760009765625 636.0157470703125 1207.7606201171875
1013.2816772460938 1442.9217529296875 706.2945556640625 1225.761474609375
1028.07763671875 1192.73193359375 823.7073974609375 1142.3028564453125
1016.4639892578125 1155.4268798828125 835.8886108398438 1119.45556640625
989.7798461914062 1316.2337646484375 744.2244873046875 1169.43310546875
1025.7442626953125 1172.85107421875 832.262451171875 1133.29541015625
1035.28662109375 1138.2939453125 855.4200439453125 1123.3282470703125
991.258056640625 1419.643798828125 704.6429443359375 1203.8438720703125
1016.3222045898438 855.2674560546875 1028.239501953125 968.4494018554688
1020.7225341796875 976.6038208007812 943.7159423828125 1038.6468505859375
943.75244140625 1555.9130859375 628.2871704101562 1221.643798828125
995.5738525390625 1191.6123046875 807.7578125 1121.7376708984375
1024.51513671875 1098.405029296875 871.8583374023438 1100.176513671875
1040.7591552734375 1010.667236328125 932.2523193359375 1067.3385009765625
1003.4063720703125 918.9041748046875 972.628173828125 995.5000610351562
767.4979858398438 1477.51220703125 554.0663452148438 1104.587646484375
1004.3013916015625 1138.7376708984375 839.256103515625 1103.4127197265625
1026.228515625 994.1694946289062 935.6143188476562 1051.747802734375
1052.1124267578125 1135.4703369140625 865.8720092773438 1133.52099609375
937.5353393554688 1333.306884765625 708.2811889648438 1145.2615966796875
784.2015380859375 1503.122314453125 558.399658203125 1123.1558837890625
1012.8816528320312 1174.97607421875 822.5567016601562 1125.11669921875
808.4765625 1532.852783203125 559.4976806640625 1145.22119140625
677.47607421875 1453.697998046875 505.4893493652344 1037.8653564453125
1029.79833984375 939.5588989257812 972.8944702148438 1025.3843994140625
935.1525268554688 1363.1627197265625 693.4934692382812 1154.0181884765625
1043.1649169921875 1175.489013671875 840.6387329101562 1144.872314453125
