53.77731704711914
67.77167510986328
73.17103576660156
75.8551254272461
78.23043060302734
80.72793579101562
80.94442749023438
83.55237579345703
84.24369049072266
84.95292663574219
88.27796936035156
88.4307632446289
90.39911651611328
92.2713394165039
96.85556030273438
97.20082092285156
97.62683868408203
98.3361587524414
98.64076232910156
98.83824920654297
99.30256652832031
100.48880767822266
100.7223892211914
102.0392074584961
102.35233306884766
102.92716217041016
104.4222183227539
105.19029998779297
108.15267181396484
108.17578125
108.91281127929688
110.03181457519531
110.63905334472656
110.67520141601562
111.5481948852539
111.6512451171875
112.35212707519531
114.22346496582031
115.65898132324219
116.64047241210938
117.042724609375
120.07913970947266
120.55703735351562
122.23338317871094
123.03658294677734
123.15437316894531
124.20144653320312
124.37443542480469
124.56324005126953
126.62937927246094
127.08264923095703
134.98147583007812
135.12216186523438
135.7387237548828
135.8234100341797
136.0183868408203
136.02206420898438
136.51007080078125
137.14955139160156
139.35206604003906
140.68759155273438
140.86163330078125
141.5803680419922
142.5447235107422
142.68145751953125
142.8635711669922
144.04165649414062
144.82748413085938
145.30657958984375
145.354736328125
145.64683532714844
145.7223358154297
145.81495666503906
147.38385009765625
149.13417053222656
149.73309326171875
150.1199493408203
150.22315979003906
151.47276306152344
151.5882568359375
151.7201385498047
152.0789337158203
152.39422607421875
153.13719177246094
153.417724609375
154.59625244140625
155.621337890625
156.214599609375
156.2657928466797
158.52444458007812
162.613037109375
162.67144775390625
162.6898956298828
162.96011352539062
164.50836181640625
165.71058654785156
166.24078369140625
170.07351684570312
171.33885192871094
172.34848022460938
172.6383514404297
172.83229064941406
175.439453125
177.56126403808594
183.33302307128906
183.68724060058594
183.75254821777344
185.41305541992188
186.4269256591797
186.58242797851562
188.85179138183594
189.14016723632812
190.5203399658203
196.496826171875
197.9292755126953
199.16827392578125
199.28622436523438
199.4066162109375
200.45947265625
201.47705078125
202.19297790527344
204.2767791748047
204.38198852539062
205.02195739746094
205.46775817871094
205.9368896484375
206.8719482421875
208.076904296875
208.80374145507812
210.3021697998047
213.33541870117188
214.14013671875
216.37930297851562
218.43763732910156
218.95433044433594
220.35653686523438
224.6196746826172
244.67529296875
245.72952270507812
252.9110565185547
264.0113525390625
