60.926185607910156
67.23094177246094
75.75618743896484
78.95568084716797
81.90848541259766
82.71638488769531
85.53362274169922
90.81849670410156
92.28217315673828
92.56889343261719
93.2791519165039
94.32391357421875
94.50926208496094
98.69650268554688
102.45486450195312
107.87956237792969
112.54776763916016
115.70652770996094
115.7842788696289
122.36012268066406
125.00800323486328
126.80693817138672
127.29885864257812
127.338134765625
127.38916778564453
132.51414489746094
135.5691680908203
136.65650939941406
136.83566284179688
137.75340270996094
140.47064208984375
141.93309020996094
143.21661376953125
143.76370239257812
146.5469207763672
146.58786010742188
150.29637145996094
150.3429412841797
151.8749542236328
151.88482666015625
155.74658203125
158.49290466308594
159.94061279296875
160.12806701660156
161.27305603027344
164.26199340820312
167.4007110595703
169.76454162597656
170.0882110595703
172.9855499267578
175.342529296875
175.3824462890625
175.66729736328125
179.78875732421875
180.79823303222656
181.9120635986328
184.86752319335938
189.0079345703125
190.2104034423828
197.8711700439453
198.89193725585938
202.12371826171875
209.53758239746094
220.0613555908203
223.5218048095703
224.29222106933594
224.8177032470703
231.7757568359375
234.1730194091797
248.3042449951172
253.4580841064453
