1472.503173828125 912.1500854492188 1210.96044921875 567.904052734375
1287.9837646484375 800.5087890625 1061.8076171875 586.8154296875
1237.0615234375 942.6236572265625 1133.6771240234375 696.2283325195312
1216.6768798828125 960.1758422851562 1136.39892578125 713.97265625
1000.418701171875 988.9039916992188 1048.99951171875 863.8767700195312
990.6571044921875 985.5266723632812 1040.59130859375 866.6163330078125
987.4879760742188 584.8262329101562 881.6718139648438 547.7581787109375
1442.241455078125 865.7755126953125 1172.4072265625 555.4832153320312
1203.6099853515625 969.5852661132812 1135.1148681640625 726.5946655273438
1051.5655517578125 935.3017578125 1036.97265625 798.0548706054688
968.0929565429688 980.1080932617188 1024.1455078125 880.4364624023438
1078.1724853515625 507.8907165527344 677.6923828125 495.622802734375
941.458740234375 553.0687866210938 809.4818725585938 553.328125
1313.3509521484375 794.965576171875 1071.5140380859375 571.3319702148438
944.3896484375 636.5682373046875 916.0267944335938 603.4159545898438
938.1547241210938 650.2667846679688 925.2342529296875 618.6383056640625
920.6734619140625 646.0062866210938 907.9933471679688 626.1692504882812
1038.8538818359375 943.9332275390625 1036.144775390625 811.3485107421875
1014.4608764648438 961.9417114257812 1036.1016845703125 836.5062255859375
1025.61279296875 973.1646728515625 1050.7381591796875 837.5214233398438
953.4970092773438 985.0872192382812 1019.12939453125 893.8604736328125
838.2299194335938 1022.0521850585938 978.5054931640625 1005.6594848632812
798.059326171875 1027.42578125 955.9505615234375 1043.464111328125
1011.9345092773438 639.7345581054688 961.11572265625 572.6309814453125
1291.099365234375 785.3855590820312 1052.358642578125 576.8629150390625
817.8385620117188 704.3711547851562 903.4415893554688 730.8980102539062
968.4454956054688 1028.2120361328125 1060.798583984375 908.2601318359375
771.7799072265625 613.8884887695312 744.091552734375 708.9685668945312
