1187.7894287109375 721.0845336914062 1314.1282958984375 431.4551086425781
1153.7041015625 850.3457641601562 1230.122314453125 519.9349365234375
1133.8514404296875 866.3915405273438 1204.826904296875 527.0094604492188
996.419921875 795.1025390625 1056.80859375 351.6875915527344
679.8292236328125 779.42578125 811.5609741210938 385.1656799316406
950.297607421875 876.700439453125 1001.206298828125 437.38385009765625
1142.538818359375 823.95361328125 1230.3388671875 498.333984375
1102.94091796875 853.0905151367188 1180.484375 512.716064453125
1114.5865478515625 883.1478881835938 1180.12939453125 533.9542846679688
1014.4608764648438 961.9417114257812 1057.71923828125 567.34375
1123.4232177734375 558.635009765625 1306.27880859375 291.3121643066406
958.755615234375 776.681396484375 1017.3421630859375 312.69268798828125
970.1089477539062 783.3561401367188 1027.1597900390625 325.8079833984375
1290.93896484375 662.7337036132812 1455.284912109375 403.2295227050781
1145.491455078125 708.52001953125 1275.2100830078125 414.07025146484375
1313.3509521484375 794.965576171875 1426.8988037109375 511.4015197753906
1086.09912109375 864.1148681640625 1158.2005615234375 516.9046020507812
1208.7149658203125 989.9363403320312 1242.180908203125 631.3861083984375
1197.710205078125 901.0028686523438 1259.2205810546875 564.4874877929688
