1002.21142578125 738.6392822265625 1101.45361328125 296.0795593261719
626.8086547851562 714.5863647460938 735.4556274414062 443.3044738769531
1081.009765625 753.0873413085938 1172.91943359375 459.4719543457031
1142.4403076171875 585.5308227539062 1235.740478515625 347.17724609375
1222.5076904296875 637.71630859375 1321.137939453125 378.0492858886719
1239.783447265625 649.3935546875 1339.5634765625 385.3382263183594
877.5288696289062 846.482421875 976.10400390625 404.2710266113281
1167.3946533203125 682.85107421875 1261.806640625 410.2354431152344
1026.7344970703125 830.8276977539062 1121.513671875 429.5242919921875
1151.6363525390625 719.4280395507812 1247.3707275390625 435.6202087402344
1187.7894287109375 721.0845336914062 1282.943603515625 436.426513671875
1169.3128662109375 733.7528076171875 1264.2657470703125 444.43829345703125
1078.0672607421875 843.9598999023438 1170.0928955078125 518.6689453125
564.851318359375 881.0870971679688 678.1226806640625 547.177978515625
943.0322265625 816.7356567382812 1040.8465576171875 383.3460388183594
1142.538818359375 823.95361328125 1236.608642578125 504.5915832519531
1102.94091796875 853.0905151367188 1195.8779296875 524.2418823242188
1133.8514404296875 866.3915405273438 1226.7626953125 532.54736328125
1123.4232177734375 558.635009765625 1216.0401611328125 329.2171936035156
1290.93896484375 662.7337036132812 1390.2237548828125 394.49212646484375
1103.456298828125 839.4322509765625 1197.0096435546875 514.7466430664062
1156.5020751953125 865.1203002929688 1249.4747314453125 532.105712890625
1003.5123901367188 836.1571655273438 1099.2684326171875 427.8568420410156
1145.491455078125 708.52001953125 1241.453857421875 429.09039306640625
1308.5838623046875 767.0189208984375 1408.410888671875 461.8875732421875
1313.3509521484375 794.965576171875 1414.6434326171875 483.2817687988281
716.0715942382812 816.3944091796875 817.8890380859375 505.07073974609375
1028.917236328125 770.6398315429688 1125.3875732421875 347.6690673828125
1192.9046630859375 685.06396484375 1288.332763671875 410.6606750488281
1107.43310546875 865.4957885742188 1200.86767578125 533.2351684570312
1079.376708984375 886.8515014648438 1172.7666015625 548.5957641601562
1087.0068359375 915.97900390625 1177.304931640625 564.4320068359375
