1121.4281005859375 889.7185668945312 1026.1385498046875 768.2924194335938
1096.6094970703125 862.8200073242188 1031.5545654296875 735.2963256835938
1305.4945068359375 787.4066162109375 1273.549560546875 850.670654296875
895.7210083007812 784.3150634765625 820.9342041015625 494.67620849609375
1093.9345703125 827.7344360351562 1058.7352294921875 714.1356811523438
1051.5655517578125 935.3017578125 942.1166381835938 745.0761108398438
1133.51318359375 832.4794311523438 1084.49267578125 744.1748657226562
1123.6568603515625 855.7427368164062 1056.77001953125 750.3843994140625
1145.157470703125 840.8997192382812 1086.02294921875 757.8095092773438
1122.619873046875 872.9844970703125 1040.4632568359375 759.7095947265625
1133.8514404296875 866.3915405273438 1053.765869140625 763.7047119140625
1153.7041015625 850.3457641601562 1082.9468994140625 769.572021484375
1122.1123046875 807.8798828125 1100.7618408203125 722.989990234375
1103.456298828125 839.4322509765625 1058.1702880859375 729.9175415039062
1152.653564453125 729.9498901367188 1199.384521484375 698.9722900390625
1241.276123046875 628.2083740234375 1399.198486328125 701.0717163085938
1268.6446533203125 677.033447265625 1366.6026611328125 754.847900390625
1067.4935302734375 932.2972412109375 954.3876342773438 755.04248046875
1156.5020751953125 865.1203002929688 1070.8555908203125 778.9119262695312
1191.2025146484375 854.67578125 1108.4136962890625 799.6416015625
1252.8253173828125 811.0021362304688 1201.291259765625 823.9608154296875
1275.08203125 828.6615600585938 1202.090576171875 852.4715576171875
1141.751220703125 859.616943359375 1066.65771484375 767.1080322265625
