964.5248413085938 599.6958618164062 928.2296142578125 587.5156860351562
890.229248046875 617.4014282226562 923.6455078125 642.0569458007812
886.3078002929688 619.7014770507812 925.575927734375 645.916015625
844.5352783203125 511.38763427734375 749.187255859375 646.7635498046875
865.443115234375 591.0226440429688 878.95556640625 652.7777709960938
1325.1636962890625 595.8850708007812 834.552001953125 474.9226379394531
1194.0947265625 574.3182983398438 758.7481079101562 535.24755859375
902.8401489257812 659.7958374023438 978.4049682617188 644.5531616210938
1326.454833984375 588.260986328125 828.4771118164062 470.5321350097656
1302.1119384765625 694.1243896484375 913.4937133789062 529.29443359375
1187.3668212890625 564.3043212890625 743.8311767578125 534.4552612304688
1286.3668212890625 688.538818359375 904.824462890625 535.2255859375
1296.682861328125 701.9641723632812 918.7183227539062 535.0213623046875
1206.7294921875 593.2277221679688 784.4276123046875 536.919921875
1180.0894775390625 577.4624633789062 754.7127075195312 545.0428466796875
1103.026611328125 547.185546875 677.7545776367188 581.2281494140625
892.080322265625 656.8953857421875 972.8311157226562 652.9190063476562
838.9063110351562 596.0739135742188 874.1444091796875 673.6542358398438
783.7325439453125 522.6852416992188 730.9598388671875 703.0101318359375
1303.7188720703125 684.7636108398438 906.7286987304688 524.2184448242188
961.9633178710938 579.0382690429688 904.3192749023438 582.1716918945312
846.6649780273438 604.582763671875 889.9259033203125 671.3838500976562
837.9151000976562 612.5192260742188 897.049072265625 679.7578735351562
779.634521484375 531.6616821289062 743.1912841796875 708.9915161132812
812.877197265625 733.4766235351562 1034.4715576171875 722.4799194335938
1188.378173828125 584.7577514648438 767.4779052734375 544.2618408203125
895.011474609375 551.3519897460938 837.3460083007812 619.6439208984375
866.9924926757812 627.6929931640625 930.9674682617188 662.1463012695312
780.7220458984375 719.2662963867188 1009.3099365234375 745.3851928710938
