1089.475830078125 550.4200439453125 947.8076782226562 507.2286682128906
818.3694458007812 619.8590698242188 854.5886840820312 636.7002563476562
742.9888916015625 594.0823974609375 757.2085571289062 640.4669189453125
736.0372314453125 612.412841796875 761.821533203125 660.5813598632812
716.4224243164062 612.5916748046875 741.5032958984375 668.3715209960938
1047.9937744140625 418.7120666503906 755.640625 409.8629455566406
1204.08447265625 576.62646484375 1056.828857421875 497.2760009765625
769.6614990234375 576.0057373046875 772.3218383789062 613.5556640625
892.080322265625 656.8953857421875 951.6638793945312 642.7327270507812
696.4768676757812 628.3535766601562 732.4909057617188 692.7335205078125
895.3887939453125 458.5830078125 703.5556640625 482.4185791015625
1071.554931640625 528.8958129882812 918.2691040039062 491.93695068359375
965.8989868164062 603.4099731445312 983.2315673828125 572.03076171875
1296.682861328125 701.9641723632812 1186.9583740234375 575.850341796875
814.588134765625 572.4785766601562 816.1549072265625 594.226806640625
870.9402465820312 606.1402587890625 896.638427734375 606.5629272460938
731.2866821289062 590.33984375 740.6969604492188 641.777099609375
758.9683837890625 601.1953735351562 778.5341796875 642.7547607421875
698.6607666015625 621.8671875 730.500732421875 684.7560424804688
712.917236328125 639.9722900390625 758.3706665039062 695.63330078125
1170.68310546875 795.6596069335938 1133.6771240234375 696.2283325195312
778.3970947265625 678.8226928710938 857.2949829101562 705.0802001953125
1160.8944091796875 817.9230346679688 1136.39892578125 713.97265625
996.9343872070312 916.88525390625 1048.99951171875 863.8767700195312
1196.7188720703125 546.914306640625 1037.4407958984375 474.7904357910156
1204.28515625 558.308837890625 1048.075439453125 481.343017578125
1195.9957275390625 568.9375 1047.5706787109375 494.06201171875
1188.378173828125 584.7577514648438 1048.133544921875 508.6246337890625
842.6007080078125 525.8763427734375 812.0770874023438 542.0492553710938
895.011474609375 551.3519897460938 881.6718139648438 547.7581787109375
979.1448974609375 589.5637817382812 986.6437377929688 556.2044067382812
1185.613525390625 639.1031494140625 1072.0118408203125 558.44287109375
900.853271484375 598.83349609375 920.384765625 589.0468139648438
1169.85009765625 671.2216796875 1074.077392578125 589.202880859375
1149.9786376953125 681.2095947265625 1063.0460205078125 602.5247802734375
803.9270629882812 579.8088989257812 810.510986328125 606.2064208984375
785.318359375 595.2317504882812 802.2130126953125 625.5604858398438
707.7389526367188 617.427001953125 736.0506591796875 676.6939697265625
718.648193359375 624.8263549804688 752.3294677734375 679.8749389648438
706.0488891601562 630.294189453125 744.3414306640625 689.9058837890625
1154.0172119140625 828.6155395507812 1135.1148681640625 726.5946655273438
964.5404052734375 923.596435546875 1024.1455078125 880.4364624023438
866.9508666992188 465.0999450683594 677.6923828125 495.622802734375
1174.3043212890625 568.2003784179688 1028.3736572265625 500.0748291015625
847.6708984375 464.8044128417969 655.3854370117188 501.8771057128906
835.0565185546875 535.4035034179688 809.4818725585938 553.328125
775.7048950195312 562.21484375 766.7385864257812 600.2529296875
887.0462646484375 610.9481811523438 916.0267944335938 603.4159545898438
737.6319580078125 563.8238525390625 727.6079711914062 613.559814453125
885.6517333984375 626.3032836914062 925.2342529296875 618.6383056640625
866.9924926757812 627.6929931640625 907.9933471679688 626.1692504882812
723.2575073242188 613.9605102539062 750.6337280273438 665.9492797851562
679.1522216796875 597.56787109375 688.9027099609375 669.4781494140625
1174.69921875 779.6207275390625 1128.8668212890625 678.5590209960938
808.7053833007812 678.15380859375 886.9590454101562 693.4208984375
780.7220458984375 719.2662963867188 888.1486206054688 741.0988159179688
1135.5084228515625 920.3738403320312 1163.4140625 809.170654296875
1012.1429443359375 865.3598022460938 1036.144775390625 811.3485107421875
1113.7294921875 926.6121215820312 1149.03857421875 825.1204833984375
997.7457885742188 890.1677856445312 1036.1016845703125 836.5062255859375
1011.87158203125 894.9090576171875 1050.7381591796875 837.5214233398438
954.5740356445312 933.865234375 1019.12939453125 893.8604736328125
620.462646484375 852.561279296875 637.7618408203125 978.3666381835938
860.9420166015625 1014.7506713867188 978.5054931640625 1005.6594848632812
823.6678466796875 588.7410278320312 837.1884765625 608.3920288085938
800.3734741210938 639.4857177734375 849.4962158203125 661.7403564453125
724.2459106445312 681.4948120117188 803.6658325195312 730.22509765625
705.80224609375 873.197998046875 746.5742797851562 953.6641235351562
504.2080993652344 785.6014404296875 446.8134460449219 975.8671875
738.2096557617188 984.2373046875 843.1526489257812 1041.1861572265625
695.4800415039062 646.505126953125 744.091552734375 708.9685668945312
1121.958740234375 962.5401000976562 1172.575927734375 850.3619384765625
554.8223266601562 706.4209594726562 458.71575927734375 867.2713623046875
607.84765625 893.7032470703125 649.0025634765625 1026.549072265625
1280.9036865234375 1017.1361694335938 1313.0452880859375 832.59033203125
1124.651611328125 774.3849487304688 1086.5565185546875 692.3816528320312
1124.651611328125 774.3849487304688 1086.5565185546875 692.3816528320312
