883.0514526367188 595.0074462890625 939.1094360351562 621.2446899414062
877.8541259765625 606.1874389648438 947.0726318359375 631.7169799804688
894.1607055664062 629.9696655273438 982.12890625 641.2931518554688
876.3179321289062 627.55078125 965.5167846679688 648.5121459960938
853.8023071289062 617.5352783203125 937.9095458984375 651.6630859375
831.7977294921875 614.8849487304688 915.8566284179688 659.7359008789062
848.0392456054688 626.0843505859375 941.5716552734375 661.3207397460938
779.6896362304688 605.4221801757812 858.1728515625 680.6700439453125
695.382568359375 640.7047729492188 816.3202514648438 757.3720092773438
1194.3126220703125 552.2230224609375 967.9966430664062 492.5586242675781
825.082763671875 535.1484985351562 824.9135131835938 601.0040283203125
891.5855712890625 578.8026733398438 929.7402954101562 602.8222045898438
876.207763671875 579.23681640625 918.7590942382812 611.5858154296875
830.8432006835938 585.728515625 885.583251953125 638.5814819335938
811.4533081054688 589.815673828125 871.7578735351562 652.5386352539062
805.0343017578125 630.5602416992188 908.2145385742188 687.507568359375
715.8790893554688 645.3449096679688 842.4654541015625 748.0341186523438
1222.83154296875 566.9002075195312 998.7889404296875 493.263427734375
1181.0286865234375 554.7685546875 959.9758911132812 499.5459899902344
1180.0894775390625 577.4624633789062 974.8206176757812 516.7232666015625
1103.026611328125 547.185546875 894.838623046875 523.1701049804688
843.0237426757812 536.1370239257812 844.14013671875 593.0971069335938
810.7758178710938 539.0333251953125 817.2590942382812 611.3656616210938
783.7325439453125 522.6852416992188 770.635498046875 612.406005859375
868.95166015625 579.3118286132812 911.5706787109375 615.1375122070312
843.6366577148438 577.313720703125 886.9598388671875 625.5455932617188
854.6605224609375 598.0911865234375 918.2543334960938 636.6511840820312
844.7659912109375 635.8582153320312 947.4387817382812 670.5696411132812
820.4676513671875 632.121826171875 923.787353515625 678.9703979492188
750.41015625 587.634521484375 810.9904174804688 682.8084106445312
765.4271850585938 650.2554321289062 893.8695068359375 722.3447265625
713.4237060546875 630.6717529296875 823.3453979492188 738.2518310546875
1326.454833984375 588.260986328125 1080.6051025390625 473.993408203125
1320.6429443359375 602.4425659179688 1085.8741455078125 486.0767822265625
1306.060546875 606.501953125 1078.727783203125 494.157958984375
1208.4219970703125 570.0438232421875 989.887451171875 501.3946228027344
1187.3668212890625 564.3043212890625 971.9801635742188 504.1833801269531
1310.9005126953125 624.2634887695312 1093.0645751953125 505.2529602050781
1204.08447265625 576.62646484375 992.0457153320312 507.65240478515625
1185.3447265625 570.9027709960938 975.0809326171875 510.1969909667969
1212.5521240234375 586.6778564453125 1003.8544921875 512.4977416992188
1083.6890869140625 527.3111572265625 864.3587036132812 514.5110473632812
1206.7294921875 593.2277221679688 1005.2015991210938 519.466552734375
1089.475830078125 550.4200439453125 885.3507080078125 531.54443359375
1083.7442626953125 556.5211181640625 886.0310668945312 538.740966796875
879.2433471679688 465.4187316894531 612.6840209960938 552.2101440429688
1296.682861328125 701.9641723632812 1131.885986328125 565.4959716796875
887.41064453125 579.835693359375 926.7505493164062 606.8211059570312
870.9402465820312 606.1402587890625 940.8776245117188 635.3248291015625
838.9063110351562 596.0739135742188 902.9398193359375 642.449951171875
784.7421264648438 563.8118286132812 817.8128051757812 643.29736328125
859.3959350585938 611.4390258789062 937.797119140625 643.9009399414062
902.8401489257812 659.7958374023438 1017.1825561523438 658.82470703125
1196.623779296875 791.6991577148438 1124.999755859375 668.881103515625
1179.4234619140625 799.3624267578125 1117.7603759765625 681.0050659179688
815.989501953125 634.5458374023438 921.8897705078125 684.1321411132812
751.4659423828125 601.2051391601562 828.321533203125 694.318359375
798.8521118164062 662.8451538085938 936.7586059570312 714.8182373046875
680.1550903320312 600.5883178710938 754.6583862304688 734.9092407226562
675.1485595703125 600.6617431640625 749.267822265625 738.866943359375
1352.1934814453125 596.8818359375 1101.9052734375 471.2958068847656
1202.64990234375 584.76611328125 997.3148803710938 514.4428100585938
966.395263671875 478.0457458496094 718.429931640625 521.72705078125
1071.554931640625 528.8958129882812 854.65869140625 520.9884033203125
954.7905883789062 480.3343811035156 707.3562622070312 529.0517578125
969.5680541992188 497.7330627441406 737.1979370117188 537.784912109375
1065.9632568359375 550.9786987304688 867.5050659179688 541.3406372070312
946.6514892578125 511.6894226074219 725.3104858398438 561.0799560546875
1286.3668212890625 688.538818359375 1116.7938232421875 560.317138671875
1279.5604248046875 706.1904296875 1123.4173583984375 575.3334350585938
859.9323120117188 485.5060119628906 610.4338989257812 578.8221435546875
846.6649780273438 604.582763671875 917.9462280273438 646.3707275390625
1185.79248046875 789.9369506835938 1117.080078125 672.9429321289062
731.2866821289062 590.33984375 794.8159790039062 695.8367919921875
718.5670776367188 585.5164794921875 777.4219360351562 699.5476684570312
1160.8944091796875 817.9230346679688 1118.35009765625 703.2586059570312
744.2769165039062 611.8004760742188 833.0164794921875 705.0115356445312
777.1306762695312 670.741455078125 926.1144409179688 732.4523315429688
778.3970947265625 678.8226928710938 935.1769409179688 737.6094970703125
712.917236328125 639.9722900390625 834.2891235351562 746.1494140625
996.9343872070312 916.88525390625 1073.7158203125 855.4720458984375
740.4324340820312 960.698486328125 906.103759765625 1052.49365234375
1341.0482177734375 587.3275146484375 1089.9910888671875 467.64764404296875
1196.7188720703125 546.914306640625 967.7390747070312 487.1189270019531
1204.28515625 558.308837890625 979.7183227539062 493.3319396972656
1318.3895263671875 613.8521118164062 1091.505615234375 494.0352783203125
1090.1746826171875 517.68896484375 863.7021484375 503.835693359375
1188.378173828125 584.7577514648438 986.3056030273438 519.8416748046875
1195.2574462890625 595.777587890625 997.8372802734375 526.262451171875
895.011474609375 551.3519897460938 906.53125 580.6646118164062
1302.2265625 732.1860961914062 1152.5223388671875 585.853271484375
830.9779663085938 562.4397583007812 860.9498291015625 620.266845703125
794.8408203125 574.6970825195312 839.9019165039062 647.4108276367188
1174.5740966796875 818.241455078125 1127.5615234375 697.85791015625
1154.0172119140625 828.6155395507812 1120.5552978515625 713.6904907226562
718.648193359375 624.8263549804688 819.922607421875 730.7182006835938
812.877197265625 733.4766235351562 1017.8436889648438 758.694580078125
860.9420166015625 1014.7506713867188 1044.9725341796875 1007.291015625
775.7048950195312 562.21484375 807.3289794921875 650.2562866210938
866.9924926757812 627.6929931640625 960.1295166015625 655.1962280273438
785.318359375 595.2317504882812 853.6632690429688 669.1248168945312
1174.69921875 779.6207275390625 1103.2130126953125 669.3107299804688
747.1336059570312 620.8682250976562 846.3208618164062 710.3543701171875
808.7053833007812 678.15380859375 961.7579345703125 721.63671875
796.0379028320312 746.15185546875 1016.3258056640625 777.9545288085938
866.9508666992188 465.0999450683594 599.5444946289062 557.5753784179688
723.2575073242188 613.9605102539062 813.3104248046875 717.2528076171875
679.1522216796875 597.56787109375 749.5360717773438 731.5244140625
780.7220458984375 719.2662963867188 978.135498046875 767.3094482421875
776.9702758789062 575.7498779296875 823.73046875 658.3025512695312
