892.05859375 641.197021484375 883.3290405273438 674.1642456054688
857.2949829101562 705.0802001953125 961.221435546875 693.9963989257812
847.0398559570312 620.5249633789062 858.74072265625 725.8547973632812
758.3706665039062 695.63330078125 958.1510620117188 792.909423828125
986.6437377929688 556.2044067382812 756.7715454101562 598.90576171875
920.7400512695312 760.0518798828125 1010.9964599609375 629.3772583007812
916.5419311523438 636.9415893554688 873.8719482421875 651.1719360351562
893.313232421875 633.5350952148438 873.5861206054688 675.0498046875
790.975830078125 646.9213256835938 894.3164672851562 776.584228515625
740.6969604492188 641.777099609375 890.5282592773438 835.9721069335938
1204.73974609375 875.4241333007812 870.2315673828125 544.6729736328125
953.4345092773438 624.2240600585938 857.2648315429688 620.8516235351562
939.6197509765625 663.7564697265625 908.393798828125 626.468017578125
901.5975952148438 595.2701416015625 820.3392333984375 676.7639770507812
816.1549072265625 594.226806640625 818.9949340820312 769.0316772460938
810.510986328125 606.2064208984375 835.4012451171875 772.1124877929688
802.2130126953125 625.5604858398438 864.5153198242188 772.2537231445312
744.3414306640625 689.9058837890625 951.3278198242188 811.8401489257812
1305.1419677734375 691.8585815429688 687.380126953125 452.1186218261719
903.4415893554688 730.8980102539062 984.1889038085938 646.9824829101562
925.2342529296875 618.6383056640625 849.9312744140625 648.2775268554688
888.1486206054688 741.0988159179688 997.0872802734375 659.424072265625
881.6718139648438 547.7581787109375 743.2548217773438 711.6914672851562
837.1884765625 608.3920288085938 837.7636108398438 740.6005859375
750.6337280273438 665.9492797851562 920.072509765625 814.1915283203125
