1279.146728515625 673.35791015625 1076.4332275390625 543.7416381835938
963.7086181640625 558.5155639648438 924.28173828125 542.1967163085938
1197.326171875 703.6747436523438 1038.1116943359375 591.5797729492188
874.8743896484375 581.6203002929688 869.6306762695312 592.2241821289062
1190.3848876953125 714.791259765625 1038.2840576171875 602.38818359375
1198.7708740234375 724.8231201171875 1049.76025390625 606.4893798828125
1056.828857421875 497.2760009765625 823.317626953125 475.6980285644531
1039.10205078125 497.5981750488281 807.4158935546875 482.72406005859375
1186.9583740234375 575.850341796875 968.754150390625 498.76397705078125
947.8076782226562 507.2286682128906 727.1017456054688 523.427490234375
1329.8045654296875 670.7424926757812 1105.8494873046875 526.4287719726562
1316.822265625 672.1861572265625 1099.380126953125 531.7152709960938
896.638427734375 606.5629272460938 904.6456298828125 602.7207641601562
857.2949829101562 705.0802001953125 942.0830688476562 690.522216796875
1213.050048828125 587.677978515625 992.3497314453125 499.73614501953125
1351.2642822265625 657.0408325195312 1112.8448486328125 510.5523681640625
1204.106201171875 599.9033203125 993.3579711914062 512.97216796875
1300.1739501953125 662.3634033203125 1084.7413330078125 529.3510131835938
1273.340576171875 662.8865356445312 1068.5302734375 537.852783203125
1278.2451171875 683.5338134765625 1080.8299560546875 551.4696044921875
1200.681396484375 713.934326171875 1045.1060791015625 598.3179321289062
1188.3394775390625 725.4363403320312 1042.5625 610.9071655273438
749.1250610351562 569.9448852539062 745.76171875 632.6160888671875
782.7388916015625 632.757568359375 830.4020385742188 665.0010986328125
778.5341796875 642.7547607421875 833.0863037109375 675.4620971679688
740.6969604492188 641.777099609375 798.4268798828125 692.9918823242188
1047.5706787109375 494.06201171875 810.3379516601562 475.3517761230469
1200.481689453125 578.947021484375 977.8058471679688 496.9029541015625
1286.3409423828125 657.0379028320312 1072.784912109375 529.459228515625
1259.7796630859375 657.08544921875 1056.6158447265625 537.0872802734375
951.4840698242188 556.7160034179688 914.4190063476562 545.522216796875
1264.7593994140625 675.1538696289062 1068.2198486328125 548.6001586914062
1372.484375 722.86767578125 1153.9715576171875 550.453857421875
881.6718139648438 547.7581787109375 849.8820190429688 562.6890869140625
1195.5029296875 692.8923950195312 1031.767333984375 585.1040649414062
1210.1641845703125 701.6790771484375 1046.34375 587.2189331054688
953.4345092773438 624.2240600585938 960.4437866210938 596.00927734375
839.5782470703125 678.753662109375 909.8295288085938 677.4812622070312
920.7400512695312 760.0518798828125 1024.271240234375 702.049072265625
1170.552734375 862.9358520507812 1093.8936767578125 713.6114501953125
744.3414306640625 689.9058837890625 838.82470703125 727.393798828125
1332.8760986328125 691.326416015625 1117.98388671875 541.208984375
1305.1419677734375 691.8585815429688 1100.7874755859375 549.9974975585938
925.2342529296875 618.6383056640625 934.8228759765625 600.5736083984375
751.0394287109375 552.197509765625 732.9110107421875 615.1513061523438
1235.7115478515625 820.9951782226562 1114.76904296875 660.590087890625
1207.5218505859375 809.6201782226562 1094.743408203125 661.9283447265625
888.1486206054688 741.0988159179688 989.0020141601562 704.2749633789062
837.1884765625 608.3920288085938 856.3126220703125 626.15478515625
753.115234375 625.3731079101562 796.7982177734375 674.0210571289062
1172.575927734375 850.3619384765625 1089.1424560546875 703.860595703125
894.422119140625 691.5132446289062 960.7843627929688 666.32080078125
