997.2687377929688 563.6900024414062 767.3019409179688 611.8189086914062
952.013671875 642.80419921875 875.290283203125 663.4197998046875
912.5524291992188 617.2638549804688 833.3040771484375 702.10400390625
840.5406494140625 611.7785034179688 813.3759765625 782.0233154296875
1244.0828857421875 645.4111328125 675.7080688476562 470.7994689941406
1230.74755859375 803.8876953125 846.060791015625 527.2045288085938
1158.11181640625 656.7115478515625 673.663818359375 550.1740112304688
920.8368530273438 613.3078002929688 825.7477416992188 693.4722290039062
920.3504028320312 631.1162109375 850.5309448242188 693.0924682617188
1293.26220703125 645.906005859375 686.9974365234375 431.2324523925781
1231.1651611328125 777.0344848632812 820.956298828125 520.3239135742188
1171.9327392578125 664.291748046875 685.9164428710938 540.544921875
1215.39892578125 833.34814453125 870.2315673828125 544.6729736328125
1203.314453125 811.1156616210938 848.657958984375 550.3001708984375
995.1971435546875 626.8106079101562 857.2648315429688 620.8516235351562
923.9296264648438 599.3738403320312 807.326416015625 690.4168090820312
846.6964111328125 646.4682006835938 864.5153198242188 772.2537231445312
842.5806884765625 604.68408203125 802.1106567382812 779.8463745117188
837.4825439453125 687.4153442382812 917.5184326171875 779.8338623046875
1268.7791748046875 649.9237060546875 687.380126953125 452.1186218261719
1246.7945556640625 813.8704223632812 856.7599487304688 517.5816040039062
976.178466796875 562.9938354492188 762.0347900390625 632.2550048828125
963.6781616210938 749.2081298828125 997.0872802734375 659.424072265625
951.6814575195312 614.6058959960938 833.9692993164062 661.8125610351562
802.0826416015625 628.1632690429688 830.8851318359375 825.1419677734375
764.1539916992188 647.105712890625 852.77294921875 866.8033447265625
900.953857421875 675.8453369140625 908.645751953125 714.170166015625
875.947998046875 625.7999267578125 837.7636108398438 740.6005859375
