1005.578369140625 648.74560546875 863.4222412109375 645.0144653320312
824.524169921875 657.6503295898438 990.4192504882812 806.3582763671875
912.5524291992188 617.2638549804688 884.2972412109375 758.6526489257812
837.5477905273438 658.2047119140625 981.213623046875 793.445556640625
920.8368530273438 613.3078002929688 870.2249755859375 756.4978637695312
833.7586669921875 642.86083984375 966.70068359375 814.0162963867188
787.5814819335938 671.1226196289062 1030.3140869140625 830.7225341796875
746.9346313476562 694.8170776367188 1081.16455078125 847.1160888671875
735.2337036132812 706.0338745117188 1098.30078125 846.4008178710938
1230.74755859375 803.8876953125 689.8870239257812 610.7651977539062
1182.107666015625 826.666748046875 736.9537963867188 637.9995727539062
915.7523803710938 728.8245849609375 998.7504272460938 663.1638793945312
995.1971435546875 626.8106079101562 841.5859375 671.9513549804688
821.689208984375 721.6908569335938 1050.54736328125 748.3585205078125
1123.5048828125 703.6884155273438 623.7427368164062 756.44189453125
1246.7945556640625 813.8704223632812 692.4656982421875 595.3687744140625
953.2894897460938 637.0475463867188 879.6192016601562 701.4067993164062
976.178466796875 562.9938354492188 764.2267456054688 751.0072021484375
923.9296264648438 599.3738403320312 852.3923950195312 768.0840454101562
842.3131713867188 666.764892578125 988.6935424804688 778.822998046875
846.6964111328125 646.4682006835938 962.4949340820312 796.3690795898438
951.6814575195312 614.6058959960938 853.2842407226562 724.0888671875
824.5665283203125 699.657470703125 1033.1328125 765.9608764648438
905.44189453125 597.8758544921875 860.6327514648438 789.52001953125
905.14697265625 561.335205078125 809.8973999023438 833.1806030273438
817.7731323242188 635.7376708984375 970.9254760742188 838.7150268554688
931.98828125 677.6201782226562 939.0687866210938 687.1409301757812
