824.7884521484375 714.1885986328125 985.5518798828125 756.4434204101562
794.010009765625 667.1200561523438 936.7313842773438 813.9776611328125
835.9715576171875 667.460205078125 927.3931884765625 767.0640258789062
735.3073120117188 747.6640625 1044.6546630859375 832.0713500976562
713.6524047851562 757.7924194335938 1059.8101806640625 849.3988037109375
976.5828247070312 761.0303955078125 992.7972412109375 603.5508422851562
918.712890625 697.0634765625 942.95703125 671.8521728515625
912.5524291992188 617.2638549804688 840.7879028320312 710.4992065429688
889.3224487304688 637.1168823242188 873.0999755859375 725.6929931640625
792.2340698242188 724.9794311523438 1002.9754638671875 785.3429565429688
813.1483154296875 620.8026123046875 871.1007080078125 818.3404541015625
743.2337646484375 743.9140625 1038.0047607421875 826.2864990234375
708.0618286132812 759.7852783203125 1065.4957275390625 853.54833984375
1158.11181640625 656.7115478515625 588.3246459960938 613.0138549804688
995.1971435546875 626.8106079101562 836.6372680664062 622.9613037109375
899.2507934570312 694.445556640625 942.89208984375 692.6605834960938
821.689208984375 721.6908569335938 992.9213256835938 757.7259521484375
821.5906372070312 616.5130004882812 861.7728881835938 812.53466796875
787.5814819335938 671.1226196289062 944.6417846679688 818.3187866210938
1203.314453125 811.1156616210938 770.3307495117188 557.9871826171875
915.7523803710938 728.8245849609375 976.350830078125 664.5624389648438
837.4825439453125 687.4153442382812 950.572998046875 757.0192260742188
846.6964111328125 646.4682006835938 897.9080810546875 767.0651245117188
812.481689453125 708.3172607421875 980.8628540039062 773.3422241210938
1246.7945556640625 813.8704223632812 767.9674682617188 522.6116943359375
1231.1651611328125 777.0344848632812 732.3330688476562 535.81201171875
1185.53271484375 670.6549072265625 606.2531127929688 582.1467895507812
905.14697265625 561.335205078125 757.2794189453125 746.9007568359375
842.3131713867188 666.764892578125 925.4027709960938 761.384521484375
842.5806884765625 604.68408203125 838.786865234375 794.6489868164062
802.0826416015625 628.1632690429688 883.4436645507812 828.15625
764.1539916992188 647.105712890625 919.2764892578125 860.5712890625
824.5665283203125 699.657470703125 969.9494018554688 763.834228515625
