1020.4041137695312 998.4031372070312 1027.814697265625 899.3632202148438
916.498779296875 604.96484375 882.6139526367188 599.6204833984375
941.6675415039062 614.9692993164062 910.2857666015625 600.2260131835938
912.5524291992188 617.2638549804688 885.7559814453125 610.07666015625
740.0869750976562 710.8191528320312 774.9237670898438 742.9429931640625
1006.7112426757812 493.3121337890625 823.317626953125 475.6980285644531
987.1715698242188 495.58013916015625 807.4158935546875 482.72406005859375
1143.914794921875 554.942626953125 968.754150390625 498.76397705078125
897.2254028320312 514.7969970703125 727.1017456054688 523.427490234375
814.5565185546875 588.5299682617188 780.0361938476562 613.4169311523438
882.026611328125 625.1123046875 860.8635864257812 624.493408203125
910.798095703125 701.8832397460938 923.4801025390625 680.4207153320312
923.8101806640625 716.323486328125 942.0830688476562 690.522216796875
1183.720947265625 838.6168823242188 1098.7926025390625 722.4991455078125
1010.8812866210938 500.4881896972656 829.6898193359375 481.59075927734375
877.0963745117188 496.9095458984375 697.8348388671875 512.2134399414062
867.851806640625 504.30828857421875 692.7009887695312 520.6065063476562
920.8368530273438 613.3078002929688 889.976318359375 603.173095703125
1342.9810791015625 762.72314453125 1189.9088134765625 622.5302124023438
947.7098999023438 657.1204833984375 934.2183837890625 634.0194091796875
821.5906372070312 616.5130004882812 802.226806640625 634.726806640625
873.82763671875 702.7955932617188 892.154296875 691.8114624023438
787.5814819335938 671.1226196289062 798.4268798828125 692.9918823242188
771.0697631835938 673.101318359375 783.0965576171875 701.1964721679688
966.6187744140625 487.100830078125 781.762939453125 478.4325256347656
998.3418579101562 505.3910217285156 821.985107421875 489.1192626953125
1173.86572265625 582.7631225585938 1005.92919921875 514.0084228515625
856.3439331054688 501.3875732421875 678.2969970703125 522.5074462890625
976.178466796875 562.9938354492188 914.4190063476562 545.522216796875
1316.1199951171875 661.0111694335938 1138.3427734375 546.8843994140625
905.14697265625 561.335205078125 849.8820190429688 562.6890869140625
1171.9327392578125 664.291748046875 1031.767333984375 585.1040649414062
1185.53271484375 670.6549072265625 1046.34375 587.2189331054688
923.9296264648438 599.3738403320312 885.648193359375 590.6354370117188
995.1971435546875 626.8106079101562 960.4437866210938 596.00927734375
856.9830932617188 599.4561767578125 825.2981567382812 608.6421508789062
1330.7696533203125 742.5170288085938 1173.9305419921875 608.0978393554688
842.5806884765625 604.68408203125 815.2684936523438 618.27880859375
993.3204956054688 669.7584838867188 977.9685668945312 630.9843139648438
899.2507934570312 694.445556640625 909.8295288085938 677.4812622070312
1241.375 830.7933959960938 1137.7158203125 699.4033813476562
1182.107666015625 826.666748046875 1093.8936767578125 713.6114501953125
805.4513549804688 718.5933227539062 838.82470703125 727.393798828125
685.7908325195312 1030.2252197265625 750.0117797851562 1058.7791748046875
1293.26220703125 645.906005859375 1117.98388671875 541.208984375
1268.7791748046875 649.9237060546875 1100.7874755859375 549.9974975585938
951.6814575195312 614.6058959960938 917.8098754882812 596.5990600585938
966.8272705078125 624.5599365234375 934.8228759765625 600.5736083984375
814.0927734375 582.1973876953125 776.8810424804688 607.799560546875
953.2894897460938 637.0475463867188 930.513427734375 615.1697998046875
1231.1651611328125 777.0344848632812 1114.76904296875 660.590087890625
1205.4422607421875 771.2024536132812 1094.743408203125 661.9283447265625
1246.7945556640625 813.8704223632812 1137.1090087890625 684.850830078125
1203.314453125 811.1156616210938 1103.9892578125 694.8954467773438
963.6781616210938 749.2081298828125 989.0020141601562 704.2749633789062
1024.0384521484375 471.7331237792969 831.5020751953125 450.84552001953125
875.947998046875 625.7999267578125 856.3126220703125 626.15478515625
777.02490234375 662.9954223632812 783.0350952148438 688.767578125
1181.49169921875 815.4013671875 1089.1424560546875 703.860595703125
722.859130859375 751.807861328125 779.5973510742188 783.7252197265625
817.7731323242188 635.7376708984375 808.506103515625 653.1990966796875
828.5130615234375 589.261962890625 793.320068359375 606.6494140625
639.0497436523438 884.6277465820312 634.6373901367188 953.6107788085938
1173.56298828125 690.86328125 1042.58740234375 606.9804077148438
865.9339599609375 692.4102783203125 880.1640625 686.9977416992188
