903.5372924804688 692.921142578125 1136.900634765625 481.1548767089844
916.5542602539062 654.0094604492188 1107.6243896484375 517.227294921875
820.7001342773438 767.24169921875 1238.5902099609375 449.539794921875
910.0823364257812 667.9647216796875 1121.3597412109375 505.456787109375
766.3306884765625 718.0021362304688 1284.19091796875 518.003173828125
923.6455078125 642.0569458007812 1094.2667236328125 527.5093994140625
878.95556640625 652.7777709960938 1148.8917236328125 535.5897216796875
858.7662963867188 643.5380249023438 1168.74169921875 557.75390625
1032.8936767578125 749.27001953125 1035.7679443359375 380.6000061035156
847.2664184570312 809.9989624023438 1222.1495361328125 405.2071838378906
930.113037109375 679.74609375 1105.1986083984375 483.0779113769531
858.9760131835938 694.341064453125 1184.1328125 499.87847900390625
862.828125 689.466796875 1178.201904296875 503.9501953125
822.408447265625 677.667236328125 1218.7392578125 535.79638671875
792.239990234375 672.0597534179688 1249.939697265625 555.495849609375
789.083984375 659.7354125976562 1251.2047119140625 572.7694702148438
947.8272705078125 737.6273193359375 1109.5482177734375 421.7980041503906
847.8687133789062 775.6229858398438 1216.153564453125 431.42138671875
869.6893920898438 691.9020385742188 1172.942626953125 498.3329162597656
820.5211791992188 711.882080078125 1228.7088623046875 500.25689697265625
829.5819702148438 699.1411743164062 1216.0086669921875 509.5696716308594
906.0018310546875 661.4006958007812 1124.896728515625 514.2510375976562
874.1444091796875 673.6542358398438 1161.1148681640625 514.8372802734375
883.697998046875 662.9241333007812 1146.320556640625 521.4398803710938
801.4614868164062 693.3751831054688 1245.0447998046875 527.7518920898438
915.5095825195312 632.314208984375 1099.3870849609375 543.7285766601562
864.1429443359375 647.3319702148438 1162.759765625 550.667724609375
776.8978271484375 684.144287109375 1270.109619140625 551.1732177734375
868.21826171875 641.2827758789062 1156.82958984375 556.8174438476562
917.412841796875 586.4786376953125 1073.8485107421875 603.1140747070312
1024.875732421875 750.20068359375 1042.6510009765625 383.49932861328125
1034.4715576171875 722.4799194335938 1020.6195068359375 400.418212890625
945.8235473632812 746.1766357421875 1115.3369140625 416.2313232421875
792.2734375 803.619140625 1271.2518310546875 430.5747375488281
984.8013305664062 652.90771484375 1033.6533203125 483.8367614746094
889.9259033203125 671.3838500976562 1143.2579345703125 510.1067199707031
803.0978393554688 702.1154174804688 1243.5137939453125 518.611328125
743.1912841796875 708.9915161132812 1308.5701904296875 539.4849853515625
807.2256469726562 674.2804565429688 1234.197998046875 547.0000610351562
892.4837646484375 637.2815551757812 1126.4566650390625 548.53515625
861.1755981445312 793.8850708007812 1207.15234375 412.9840393066406
868.4221801757812 753.8264770507812 1190.534423828125 441.80291748046875
926.1919555664062 672.8411254882812 1107.3154296875 491.3330993652344
897.049072265625 679.7578735351562 1138.5965576171875 497.493896484375
899.6896362304688 670.2727661132812 1132.74560546875 507.0019836425781
887.1158447265625 655.6119995117188 1140.3321533203125 530.460693359375
923.1478881835938 635.4351806640625 1092.409912109375 536.08935546875
897.2432250976562 644.0255737304688 1125.343505859375 538.344482421875
1121.1312255859375 880.5753173828125 870.1800537109375 575.7864379882812
941.850341796875 784.3667602539062 1131.77685546875 389.6574401855469
1009.3099365234375 745.3851928710938 1055.3958740234375 391.65576171875
982.0236206054688 671.4158935546875 1046.25732421875 467.97900390625
930.9674682617188 662.1463012695312 1095.3511962890625 500.0226135253906
793.5602416992188 721.300537109375 1257.3792724609375 502.89190673828125
957.260986328125 638.2474975585938 1055.3792724609375 515.876708984375
828.7628173828125 687.374755859375 1213.0126953125 522.4468994140625
813.0855712890625 682.3211669921875 1229.162109375 534.8616943359375
821.9598388671875 671.2139282226562 1218.3492431640625 544.6652221679688
880.1421508789062 643.7612915039062 1143.672119140625 547.3353271484375
843.3182373046875 774.1604614257812 1219.0458984375 435.8076477050781
805.5844116210938 744.0382080078125 1248.5374755859375 474.5620422363281
911.6362915039062 685.27197265625 1126.1107177734375 485.87396240234375
783.8870239257812 736.8777465820312 1270.1573486328125 492.964599609375
813.458740234375 720.2861328125 1236.663330078125 495.0674133300781
932.404052734375 646.8202514648438 1087.146484375 517.6148681640625
837.3460083007812 619.6439208984375 1186.0179443359375 600.9613037109375
899.9603271484375 592.9450073242188 1098.2828369140625 603.2144775390625
1136.953857421875 824.5394287109375 821.9588623046875 611.7661743164062
1271.6334228515625 726.5371704101562 600.2107543945312 640.8828735351562
1107.621826171875 725.5455322265625 775.2362670898438 726.1655883789062
1106.7874755859375 711.4086303710938 764.1633911132812 744.1538696289062
1184.28173828125 833.8910522460938 783.4739990234375 586.20751953125
915.9320678710938 597.2321166992188 1083.361572265625 587.4257202148438
1092.9312744140625 678.6998901367188 747.0237426757812 792.798583984375
