914.5982666015625 652.0359497070312 882.6139526367188 599.6204833984375
977.2986450195312 647.0556030273438 932.1074829101562 623.3916625976562
1023.9058227539062 706.9754028320312 932.0402221679688 688.4940795898438
867.7606811523438 500.5260009765625 1008.8880004882812 504.7159729003906
857.911865234375 515.482177734375 993.3579711914062 512.97216796875
1139.3577880859375 430.1703186035156 1293.965087890625 563.9484252929688
906.2296752929688 835.0020751953125 772.4617919921875 727.9168701171875
1187.97119140625 694.164794921875 1174.7838134765625 810.9695434570312
1224.99609375 696.52587890625 1207.937255859375 833.43310546875
1230.5640869140625 730.9243774414062 1192.4083251953125 864.7680053710938
901.41845703125 582.5858764648438 914.4190063476562 545.522216796875
1144.6390380859375 462.8528747558594 1278.0296630859375 594.6246337890625
982.2322387695312 606.924560546875 960.4437866210938 596.00927734375
865.6126708984375 690.1358642578125 825.2981567382812 608.6421508789062
930.6397094726562 663.3984985351562 887.2942504882812 615.7572021484375
864.2224731445312 705.2304077148438 815.2684936523438 618.27880859375
1023.599853515625 630.3224487304688 977.9685668945312 630.9843139648438
1112.4051513671875 671.470947265625 1024.271240234375 702.049072265625
1246.009521484375 602.9735717773438 1288.893310546875 765.2908935546875
1196.1036376953125 667.2598266601562 1199.7471923828125 793.0191650390625
1161.9322509765625 808.953369140625 1080.8271484375 889.6806030273438
1159.4462890625 864.0435791015625 1046.352783203125 933.5220336914062
1177.3302001953125 858.706298828125 1065.8004150390625 938.878662109375
717.99609375 472.524658203125 910.0703735351562 427.7347717285156
518.28369140625 689.9609375 667.0199584960938 512.8336791992188
1042.0462646484375 437.12249755859375 1195.5211181640625 526.8237915039062
984.700927734375 483.84100341796875 1117.98388671875 541.208984375
975.8931884765625 500.07122802734375 1100.7874755859375 549.9974975585938
819.3157958984375 698.1648559570312 789.0927734375 594.9674072265625
944.357177734375 629.3651733398438 917.8098754882812 596.5990600585938
777.5074462890625 751.1866455078125 732.9110107421875 615.1513061523438
1097.245849609375 511.2626647949219 1200.288330078125 614.071533203125
1117.362060546875 568.024658203125 1183.67578125 670.347900390625
862.9640502929688 796.5079956054688 763.7500610351562 681.0443115234375
1217.798095703125 728.197509765625 1182.283447265625 855.84326171875
1235.5675048828125 719.73828125 1203.8096923828125 858.8927001953125
1167.457275390625 797.8203735351562 1093.328125 884.5258178710938
1158.952392578125 822.2738647460938 1071.0645751953125 899.255126953125
928.663818359375 641.5502319335938 899.12744140625 600.0911254882812
960.7299194335938 670.3045654296875 906.7138061523438 633.7055053710938
846.1853637695312 760.39111328125 772.1878051757812 649.5908813476562
889.7357177734375 770.86767578125 796.7982177734375 674.0210571289062
1079.1219482421875 674.3198852539062 995.0404052734375 687.6778564453125
1259.02880859375 597.0570678710938 1304.5418701171875 767.4762573242188
1200.361328125 655.0862426757812 1210.9930419921875 784.1576538085938
1189.5484619140625 831.3591918945312 1092.9102783203125 923.5518798828125
