904.6394653320312 688.6903076171875 856.2685546875 722.4205932617188
1009.3238525390625 773.1981201171875 991.4430541992188 756.08984375
792.8516235351562 709.8767700195312 755.8425903320312 795.2822265625
937.5185546875 634.0731201171875 860.7022705078125 652.9255981445312
869.2645263671875 640.3753051757812 796.0658569335938 688.2018432617188
904.6937866210938 737.4423828125 880.5390625 768.4414672851562
862.020751953125 591.21533203125 761.489501953125 642.3338012695312
920.5354614257812 657.9451904296875 855.9840698242188 684.0092163085938
858.8168334960938 646.3964233398438 789.1907958984375 701.107421875
855.5355834960938 656.1689453125 791.3932495117188 709.9840698242188
933.4271850585938 698.3758544921875 888.9847412109375 718.7786254882812
803.5833740234375 719.1346435546875 770.7335815429688 798.1109008789062
938.4818115234375 380.7626647949219 657.3424682617188 332.58612060546875
1173.1787109375 457.2425231933594 930.6312866210938 338.2045593261719
1192.88818359375 541.6558837890625 983.8178100585938 418.1459045410156
878.2413940429688 571.2738647460938 767.3019409179688 611.8189086914062
871.1616821289062 574.2817993164062 761.3002319335938 617.7048950195312
923.2877197265625 620.687255859375 839.6328735351562 644.0943603515625
985.6605224609375 693.253173828125 934.8360595703125 690.9505004882812
842.63623046875 701.4144287109375 802.0092163085938 762.1111450195312
801.2774658203125 704.1005859375 761.0748901367188 785.8391723632812
1203.8536376953125 439.5856628417969 950.45556640625 309.5213317871094
1100.8087158203125 419.4878845214844 844.193603515625 320.65728759765625
1071.4114990234375 411.5780334472656 811.62255859375 321.6828308105469
1179.711181640625 447.8193054199219 933.3080444335938 326.4869384765625
964.4561767578125 388.8087158203125 690.9368286132812 332.44476318359375
1195.2784423828125 471.7315368652344 957.713134765625 346.3611145019531
1029.4305419921875 483.797607421875 807.6497802734375 415.86590576171875
1016.06298828125 489.2791748046875 796.6906127929688 426.03314208984375
893.7655029296875 461.4901428222656 653.4187622070312 441.2944641113281
1167.927978515625 669.4954833984375 1013.8267822265625 551.7014770507812
869.4769287109375 566.2474975585938 756.1842651367188 610.4356689453125
894.59912109375 614.3602294921875 807.8993530273438 649.111328125
1068.896728515625 685.7627563476562 1005.529052734375 649.6162719726562
1285.119384765625 840.5047607421875 1164.74560546875 661.1109008789062
947.0323486328125 661.2410278320312 883.3290405273438 674.1642456054688
863.4732666015625 648.8075561523438 794.3896484375 700.2587890625
999.7180786132812 710.8594970703125 955.356201171875 701.775390625
863.6839599609375 656.7335205078125 799.3807373046875 707.3901977539062
890.2935791015625 679.1808471679688 837.5625610351562 718.6389770507812
896.34814453125 699.8486328125 853.8536987304688 736.9932861328125
888.7636108398438 700.0245971679688 846.7301025390625 739.7354125976562
887.8226928710938 707.3011474609375 849.5723266601562 746.89599609375
850.5181884765625 716.8310546875 817.8623657226562 773.3775024414062
810.183349609375 709.3611450195312 772.6513671875 785.2538452148438
836.3489990234375 725.349365234375 807.673828125 790.3787841796875
891.311767578125 759.6740112304688 878.2208251953125 798.2694702148438
778.9127197265625 713.3055419921875 743.4207763671875 802.75927734375
931.2572021484375 786.1302490234375 927.5728149414062 805.2813110351562
797.9508056640625 725.7645263671875 769.352783203125 808.1329956054688
819.9171752929688 737.2896118164062 798.059326171875 808.8865356445312
920.279052734375 803.0219116210938 925.8828125 822.2560424804688
1216.54833984375 435.2258605957031 960.933349609375 300.96319580078125
1186.43896484375 426.61651611328125 930.0679321289062 301.21710205078125
1087.1414794921875 399.83673095703125 822.66943359375 303.51678466796875
1077.440673828125 398.1630554199219 811.5996704101562 304.41754150390625
1075.4437255859375 405.2575378417969 813.8087158203125 313.3260803222656
1084.37451171875 407.41552734375 823.491455078125 313.55682373046875
976.2716064453125 384.66180419921875 699.585205078125 323.8582458496094
1208.896240234375 456.7601013183594 963.0545043945312 326.38421630859375
1220.333984375 460.17535400390625 974.5695190429688 326.06756591796875
1188.68212890625 451.7597961425781 942.6503295898438 327.3467102050781
1097.964111328125 427.20599365234375 846.6224975585938 330.1136779785156
974.0792846679688 392.5328369140625 701.3931274414062 333.4867858886719
1208.133056640625 465.89520263671875 965.973388671875 335.88555908203125
1062.3944091796875 432.5640563964844 813.8536376953125 348.5663146972656
1042.0614013671875 427.15899658203125 790.4782104492188 349.9469909667969
1065.6527099609375 503.0887451171875 850.5493774414062 422.841796875
1181.8681640625 546.7567138671875 976.6757202148438 427.3453369140625
907.2101440429688 455.1196594238281 664.5594482421875 429.6074523925781
1031.97509765625 501.6350402832031 817.0078125 433.4239807128906
1156.86962890625 545.8602905273438 954.0703735351562 435.62799072265625
903.2518310546875 462.7811584472656 663.4320068359375 439.6716003417969
913.6148071289062 466.2674560546875 676.725830078125 439.439697265625
1050.3048095703125 516.5847778320312 843.1871337890625 442.5522766113281
1141.609130859375 554.0455932617188 943.5914306640625 448.3072204589844
908.3595581054688 473.6398010253906 674.8458251953125 449.6263427734375
899.6529541015625 470.8789367675781 663.7754516601562 450.0413818359375
905.2483520507812 481.52557373046875 676.059814453125 459.6205749511719
895.1173095703125 478.6090393066406 663.6080932617188 460.41131591796875
1054.353271484375 537.0426635742188 856.3517456054688 463.0975341796875
1184.622802734375 661.4948120117188 1024.5133056640625 537.007568359375
885.6474609375 616.6080932617188 799.659912109375 655.7650756835938
945.0783081054688 648.3465576171875 875.290283203125 663.4197998046875
886.234130859375 633.235595703125 809.5553588867188 672.925537109375
1245.879638671875 843.4413452148438 1135.8753662109375 677.42041015625
864.7072143554688 638.8281860351562 790.914794921875 687.6316528320312
1008.4485473632812 706.4833374023438 961.221435546875 693.9963989257812
947.7642211914062 687.7025146484375 896.8660888671875 700.8728637695312
893.5285034179688 664.1546630859375 833.3040771484375 702.10400390625
985.81787109375 708.7422485351562 941.31640625 705.4616088867188
866.9553833007812 692.766357421875 821.3102416992188 741.1119384765625
843.9862060546875 721.6697998046875 813.3759765625 782.0233154296875
815.5198364257812 713.5577392578125 781.1932373046875 788.4280395507812
963.8283081054688 789.419677734375 958.1510620117188 792.909423828125
830.340576171875 732.5161743164062 805.9107666015625 799.5299682617188
788.7940673828125 718.69921875 756.4134521484375 803.6452026367188
946.0244750976562 826.16748046875 959.4811401367188 833.4347534179688
1116.7374267578125 402.5176086425781 853.6618041992188 296.936279296875
1192.606201171875 440.4060363769531 940.7506713867188 313.2010498046875
1181.7581787109375 437.7459411621094 930.2835693359375 314.8292541503906
1200.553955078125 448.7759094238281 952.2557373046875 320.20526123046875
1082.176513671875 438.6453552246094 836.2139282226562 348.0848388671875
1164.7269287109375 523.0794067382812 951.7622680664062 409.2294616699219
1059.0909423828125 493.4693908691406 840.1710815429688 415.0420227050781
1152.4940185546875 526.2067260742188 941.8810424804688 416.1686096191406
941.2071533203125 456.81866455078125 701.344482421875 418.45208740234375
950.1961059570312 459.6370544433594 712.2964477539062 418.38055419921875
1047.3900146484375 494.41265869140625 829.1758422851562 419.7877197265625
1167.120849609375 551.6258544921875 966.4234008789062 437.3346862792969
1029.3836669921875 510.5986633300781 819.1981811523438 444.15838623046875
888.9755249023438 467.5291748046875 650.4739379882812 450.40576171875
1172.6048583984375 572.6697998046875 979.466796875 456.2492370605469
1184.58447265625 576.3885498046875 990.7545166015625 455.85174560546875
1012.6641235351562 523.9129638671875 809.1609497070312 464.49603271484375
1140.345947265625 641.6421508789062 978.844970703125 535.110107421875
1311.1751708984375 710.417236328125 1142.440673828125 538.2689208984375
1297.2611083984375 708.1632690429688 1129.9798583984375 540.0231323242188
1144.8067626953125 670.3329467773438 993.8820190429688 560.397705078125
1179.246826171875 691.5794067382812 1031.1309814453125 568.3638916015625
1154.2923583984375 685.5726928710938 1007.5054931640625 571.524169921875
1291.2078857421875 742.3839111328125 1136.9705810546875 573.5286254882812
862.2144775390625 572.5609741210938 751.8096313476562 620.5374145507812
1082.8775634765625 671.5037841796875 1010.9964599609375 629.3772583007812
1071.4720458984375 689.58203125 1009.116943359375 651.2880249023438
938.8895874023438 657.533447265625 873.5861206054688 675.0498046875
891.8681640625 655.0076293945312 825.7477416992188 693.4722290039062
911.488037109375 664.0849609375 850.5309448242188 693.0924682617188
870.2643432617188 738.8839721679688 847.8399658203125 786.97314453125
879.6258544921875 744.2642822265625 859.5549926757812 787.6282958984375
876.8124389648438 816.321044921875 891.1211547851562 857.9801635742188
1196.7952880859375 424.0965576171875 939.0269775390625 294.89642333984375
1098.27685546875 397.6026306152344 833.6358032226562 297.4819030761719
1078.3629150390625 392.1361389160156 810.8364868164062 297.7842712402344
959.36083984375 359.09906005859375 667.2005615234375 299.8399963378906
1175.5897216796875 426.1328125 920.08154296875 304.3902893066406
1105.164794921875 408.6870422363281 844.2835083007812 307.8343505859375
964.9595336914062 370.0263671875 678.7324829101562 310.4162292480469
1091.4635009765625 414.5036315917969 834.2938842773438 317.92572021484375
1108.648681640625 422.37701416015625 854.4688110351562 319.73681640625
1060.475341796875 438.5270690917969 814.1016235351562 355.3895263671875
1032.2794189453125 430.910888671875 782.2069702148438 356.4017639160156
1135.875 507.0894775390625 918.8704833984375 402.96527099609375
1155.1002197265625 512.9472045898438 939.6629028320312 401.9659118652344
1051.122314453125 482.6676025390625 827.9813842773438 406.8152770996094
961.6798095703125 455.8492431640625 722.8660888671875 409.86737060546875
1141.861083984375 520.18505859375 929.9053344726562 414.00445556640625
1037.306396484375 489.8268127441406 817.0577392578125 418.9735412597656
924.9295654296875 463.1126708984375 686.9974365234375 431.2324523925781
1040.501953125 504.757568359375 827.4158325195312 432.1104736328125
1147.1064453125 541.1439819335938 943.53564453125 433.467041015625
1011.478515625 497.97552490234375 795.53955078125 437.6128234863281
1197.1990966796875 570.0538940429688 998.9329833984375 444.7669677734375
1129.8165283203125 555.3709716796875 934.2269287109375 454.05169677734375
1004.1014404296875 518.4155883789062 798.0100708007812 462.1624755859375
1192.84033203125 586.7745361328125 1001.9781494140625 463.0157775878906
1116.3643798828125 562.841552734375 924.89453125 466.11712646484375
1059.9210205078125 545.7405395507812 865.507568359375 469.3562927246094
888.4632568359375 493.35870361328125 663.5720825195312 478.3192138671875
1265.530517578125 668.485595703125 1092.2852783203125 514.7832641601562
1284.821533203125 700.3362426757812 1118.106689453125 537.6554565429688
1182.015869140625 675.6611938476562 1026.3436279296875 551.1852416992188
1157.6351318359375 667.4526977539062 1003.5711059570312 552.6652221679688
1270.52099609375 708.6943969726562 1110.8319091796875 551.776123046875
1167.5072021484375 682.9247436523438 1017.6721801757812 563.6444091796875
1275.5045166015625 747.0220947265625 1127.0538330078125 583.001953125
948.302734375 608.1025390625 857.2648315429688 620.8516235351562
990.422607421875 630.8679809570312 908.393798828125 626.468017578125
937.5927734375 642.9557495117188 864.9608154296875 661.0428466796875
877.735595703125 647.0941162109375 807.326416015625 690.4168090820312
835.3209228515625 716.0411987304688 802.1106567382812 779.8463745117188
948.9201049804688 803.2601928710938 951.3278198242188 811.8401489257812
1213.387939453125 447.8983154296875 963.77392578125 315.4782409667969
1164.9124755859375 537.7838134765625 958.5756225585938 423.9228820800781
1056.387939453125 503.6800231933594 842.2642211914062 428.14678955078125
1129.3448486328125 535.0113525390625 925.0431518554688 434.14288330078125
916.8499755859375 478.8802795410156 687.380126953125 452.1186218261719
1048.7947998046875 530.1937866210938 848.3672485351562 457.2242736816406
1276.7774658203125 683.141357421875 1107.3521728515625 524.2531127929688
1154.7198486328125 646.701416015625 993.9247436523438 534.6171264648438
1295.9156494140625 716.2398071289062 1132.3154296875 548.492431640625
865.185791015625 585.38623046875 762.0347900390625 632.2550048828125
1051.484619140625 675.8838500976562 984.1889038085938 646.9824829101562
930.4583129882812 627.4094848632812 849.9312744140625 648.2775268554688
1056.03173828125 692.1358642578125 997.0872802734375 659.424072265625
911.2713623046875 632.951416015625 833.9692993164062 661.8125610351562
818.2520141601562 640.1671752929688 743.2548217773438 711.6914672851562
1016.7727661132812 758.3181762695312 991.3177490234375 740.3001098632812
788.7011108398438 730.9429321289062 762.7943115234375 818.3978881835938
751.518798828125 767.1631469726562 745.5281982421875 871.1327514648438
679.9180908203125 989.824951171875 701.95068359375 1060.3372802734375
1159.0523681640625 460.7248840332031 920.2437744140625 347.1440734863281
1202.9495849609375 533.474853515625 988.9024658203125 405.8244934082031
931.2245483398438 675.5029907226562 875.2077026367188 696.237060546875
920.0471801757812 792.3338012695312 920.072509765625 814.1915283203125
1163.3350830078125 547.5796508789062 961.4013671875 434.6758728027344
