797.9508056640625 725.7645263671875 1041.480712890625 389.52911376953125
922.9829711914062 696.0514526367188 937.0923461914062 398.6647033691406
1064.8525390625 673.6587524414062 805.0833129882812 404.7018127441406
888.9312133789062 846.503662109375 957.3787231445312 319.2943115234375
947.7642211914062 687.7025146484375 915.185546875 402.49346923828125
911.488037109375 664.0849609375 948.1405639648438 422.0289001464844
920.0471801757812 792.3338012695312 935.5365600585938 343.1856689453125
858.6563720703125 753.1123046875 988.2422485351562 369.21307373046875
1051.484619140625 675.8838500976562 817.240966796875 404.78143310546875
948.302734375 608.1025390625 913.1264038085938 463.340576171875
1119.6741943359375 809.4074096679688 722.60791015625 638.0482177734375
1110.5338134765625 794.5201416015625 727.8030395507812 651.1527099609375
1111.6356201171875 781.58447265625 722.9864501953125 662.639404296875
1056.03173828125 692.1358642578125 815.3612060546875 390.6863708496094
911.2713623046875 632.951416015625 949.6499633789062 445.6116638183594
930.4583129882812 627.4094848632812 932.5352172851562 449.1894836425781
1156.82763671875 825.2465209960938 690.547607421875 622.9419555664062
