1203.76611328125 631.697021484375 1151.409912109375 630.7460327148438
733.5479125976562 630.1505126953125 846.8973999023438 704.6005249023438
1130.27880859375 850.9673461914062 1223.154052734375 854.1736450195312
1379.414306640625 641.4815063476562 1304.35546875 623.1602783203125
1349.7291259765625 645.9830322265625 1282.273681640625 630.2158203125
1361.7376708984375 652.934814453125 1294.8873291015625 635.853271484375
1221.02490234375 646.29736328125 1175.0068359375 643.4490356445312
631.52197265625 663.7360229492188 552.939453125 739.9505615234375
1102.216552734375 798.7316284179688 1167.21435546875 808.4849243164062
1131.0972900390625 813.846923828125 1201.3695068359375 819.1091918945312
1119.314453125 834.7508544921875 1203.85595703125 840.772705078125
1081.129638671875 839.8662109375 1172.855224609375 852.3040161132812
871.9271850585938 873.8848266601562 997.9085693359375 926.2260131835938
1213.0693359375 631.6021118164062 1159.9949951171875 629.4911499023438
1206.8167724609375 649.0750732421875 1164.2615966796875 648.001953125
1187.9632568359375 725.6094970703125 1195.5211181640625 724.4135131835938
1112.07861328125 857.7344970703125 1211.0706787109375 864.5553588867188
685.7177734375 858.3267822265625 782.178466796875 952.3197021484375
748.34814453125 558.6738891601562 882.7842407226562 629.742431640625
685.8244018554688 870.36962890625 792.3114013671875 965.0609741210938
256.0478820800781 792.8182983398438 100.58177185058594 989.1000366210938
478.8661193847656 843.7650146484375 501.53326416015625 988.8064575195312
678.5160522460938 850.8890991210938 767.0154418945312 946.0087890625
795.1185302734375 924.7828979492188 952.4241943359375 998.049072265625
1142.369873046875 718.8414306640625 1151.307373046875 725.0836791992188
812.213134765625 872.845703125 931.3592529296875 939.7367553710938
717.175048828125 849.7841796875 812.1900634765625 936.2493896484375
