718.7132568359375 725.6867065429688 743.4791259765625 831.9629516601562
1080.913818359375 377.7098083496094 770.6382446289062 300.11053466796875
950.416015625 804.9078369140625 992.9213256835938 757.7259521484375
1055.5015869140625 469.03948974609375 804.6202392578125 399.8651428222656
1064.0301513671875 489.6740417480469 824.5595092773438 415.2153625488281
1049.4830322265625 505.8099670410156 822.220458984375 437.8913269042969
930.1458129882812 475.35791015625 692.1969604492188 470.05670166015625
1018.0670776367188 670.9581909179688 969.1467895507812 610.714599609375
888.6718139648438 639.0947875976562 840.5975341796875 651.7195434570312
837.9110107421875 666.98876953125 813.828857421875 706.7122802734375
773.9791259765625 669.6873168945312 757.2794189453125 746.9007568359375
909.60302734375 813.1879272460938 966.365234375 787.9828491210938
807.5276489257812 747.6553955078125 838.786865234375 794.6489868164062
1247.36767578125 773.0875854492188 1116.427978515625 570.8566284179688
857.7492065429688 664.8007202148438 830.5181884765625 692.1734619140625
839.5892944335938 783.9329833984375 889.2376708984375 805.3203735351562
756.5693359375 749.6893310546875 795.5868530273438 826.7677001953125
808.9405517578125 833.4862670898438 893.6515502929688 865.4979858398438
525.5203247070312 772.5758666992188 488.3113708496094 996.2526245117188
