800.2696533203125 714.2456665039062 879.5264892578125 623.6410522460938
808.959228515625 719.0728759765625 877.0059814453125 631.8641357421875
836.0218505859375 725.5046997070312 878.5621948242188 649.1107177734375
874.76513671875 679.6293334960938 928.7737426757812 661.747802734375
882.0712890625 731.61962890625 884.6150512695312 682.0317993164062
880.6369018554688 735.1366577148438 881.915771484375 682.975341796875
910.6382446289062 628.6315307617188 987.926513671875 672.4127197265625
887.5545654296875 731.748046875 886.5369262695312 686.512451171875
800.04150390625 693.5859375 895.5699462890625 618.455078125
799.2945556640625 752.24462890625 847.3151245117188 635.35400390625
860.6077880859375 678.7970581054688 925.4439086914062 652.53662109375
793.564453125 845.402099609375 772.9983520507812 659.4828491210938
789.7337646484375 680.0313110351562 904.8858032226562 608.5736694335938
813.3116455078125 772.8603515625 834.3091430664062 649.3963623046875
811.912353515625 812.6025390625 802.367919921875 660.30517578125
828.439697265625 776.5155639648438 834.2178344726562 660.7098999023438
890.4284057617188 680.080810546875 933.1061401367188 672.6195678710938
893.1998291015625 704.149658203125 912.6585693359375 683.0460815429688
957.0648193359375 688.2897338867188 946.2118530273438 722.83740234375
942.111328125 733.62939453125 899.2724609375 725.0443115234375
936.9125366210938 829.8860473632812 812.8140869140625 750.7032470703125
720.5949096679688 428.805908203125 1203.3695068359375 601.6971435546875
714.7977294921875 467.9521484375 1162.541748046875 613.6907348632812
817.7271118164062 646.1256103515625 941.5298461914062 615.3401489257812
816.5424194335938 671.2681884765625 919.5202026367188 622.1622314453125
823.8445434570312 742.8648681640625 861.3140869140625 646.8743896484375
839.70556640625 718.4072265625 885.5068359375 650.3624267578125
838.41357421875 735.2747192382812 870.919189453125 654.7320556640625
956.7578125 698.5247802734375 937.1280517578125 726.615234375
965.98291015625 706.1929931640625 933.0975341796875 737.2696533203125
961.3385009765625 732.6839599609375 906.4491577148438 739.871337890625
942.3046875 804.7874145507812 836.2520141601562 748.4891967773438
1009.8289184570312 653.8243408203125 1000.2598266601562 755.3077392578125
960.7105712890625 844.7987670898438 805.4309692382812 773.3894653320312
726.7890014648438 469.3384704589844 1167.923095703125 621.501953125
740.645751953125 458.3040466308594 1184.329833984375 626.4752197265625
830.8843994140625 691.5984497070312 906.0172729492188 637.4050903320312
841.7760009765625 678.32763671875 920.2535400390625 639.3734741210938
715.9209594726562 546.4471435546875 1093.6976318359375 643.5836181640625
709.9053344726562 570.3200073242188 1070.076416015625 649.06396484375
850.6014404296875 703.7880859375 900.7307739257812 652.367431640625
810.040771484375 801.8284912109375 810.4087524414062 655.783935546875
859.6570434570312 728.821044921875 882.471923828125 667.0390625
883.0032348632812 797.44775390625 828.9799194335938 702.77490234375
876.7022094726562 853.8568115234375 781.2137451171875 713.9859008789062
902.0172119140625 891.77978515625 754.6777954101562 744.33740234375
775.0487670898438 624.8311157226562 947.3504638671875 583.3118896484375
748.488525390625 700.6301879882812 877.7382202148438 590.536865234375
776.5294189453125 346.6135559082031 1316.6688232421875 605.2462768554688
714.1583251953125 475.8901672363281 1156.42236328125 616.0701293945312
813.3246459960938 687.4776611328125 905.2949829101562 624.5416870117188
792.0213012695312 760.04052734375 840.3272705078125 633.0953979492188
728.6887817382812 537.8309326171875 1107.1343994140625 648.8646850585938
816.2301635742188 767.3242797851562 839.3115844726562 650.0338134765625
933.7587890625 816.35888671875 822.2224731445312 744.78271484375
1005.0792846679688 639.1607666015625 1014.0120849609375 746.769775390625
945.1439208984375 826.2171630859375 818.662841796875 756.5062866210938
942.8829956054688 847.0833129882812 800.1767578125 759.3283081054688
1020.6870727539062 666.9837036132812 990.6627807617188 769.5753784179688
776.5550537109375 331.312255859375 1332.016845703125 598.4325561523438
741.9794921875 432.2812805175781 1211.5208740234375 616.275390625
739.75390625 452.18206787109375 1190.7828369140625 622.8050537109375
842.4993896484375 661.2108154296875 935.7586059570312 635.1773071289062
798.8299560546875 776.8792114257812 827.9149780273438 640.726806640625
859.7718505859375 649.1849975585938 951.7657470703125 642.49072265625
872.9313354492188 663.60791015625 943.1332397460938 657.09130859375
814.379638671875 865.1155395507812 761.5531616210938 676.0099487304688
913.0467529296875 788.5543823242188 843.5032348632812 721.960693359375
862.028076171875 529.2319946289062 1179.7911376953125 745.445556640625
885.95263671875 538.3579711914062 1183.2691650390625 768.4466552734375
994.3076782226562 754.9833374023438 894.7755737304688 774.3771362304688
886.3853149414062 561.5029296875 1160.0364990234375 779.4759521484375
837.1246337890625 740.8865966796875 865.5987548828125 655.9339599609375
880.23779296875 699.7572631835938 913.9884033203125 672.1268920898438
912.1900024414062 723.3536987304688 900.6427001953125 700.2717895507812
912.9105834960938 825.2843627929688 811.9161987304688 732.6849365234375
897.9153442382812 529.659912109375 1199.41162109375 776.18359375
837.2246704101562 807.90625 810.9715576171875 674.3595581054688
927.1046142578125 803.90185546875 833.375 736.389404296875
