1164.74560546875 661.1109008789062 1045.60791015625 524.7138061523438
985.13427734375 563.205810546875 840.4760131835938 552.0595092773438
996.3451538085938 638.8059692382812 971.64599609375 593.6172485351562
855.4834594726562 671.5949096679688 882.2256469726562 716.6171264648438
976.6757202148438 427.3453369140625 735.2422485351562 437.3944091796875
1118.6016845703125 540.7615356445312 935.4129028320312 453.92364501953125
1013.8267822265625 551.7014770507812 856.23291015625 523.1435546875
941.31640625 705.4616088867188 975.8877563476562 687.0361328125
869.45361328125 686.5580444335938 904.3119506835938 720.0956420898438
833.3040771484375 702.10400390625 884.2972412109375 758.6526489257812
834.69140625 726.2662353515625 902.8320922851562 779.1574096679688
1115.9200439453125 521.0732421875 918.530029296875 437.69500732421875
941.8810424804688 416.1686096191406 693.8592529296875 448.6924133300781
990.7545166015625 455.85174560546875 768.0380249023438 454.7409362792969
954.0703735351562 435.62799072265625 719.9217529296875 458.1357116699219
1136.9705810546875 573.5286254882812 969.44384765625 469.3777160644531
1113.8822021484375 575.0867919921875 952.7552490234375 483.9359130859375
1153.440185546875 651.3276977539062 1031.5333251953125 523.83642578125
1031.1309814453125 568.3638916015625 882.5575561523438 527.9439697265625
978.844970703125 535.110107421875 815.6763305664062 531.697265625
993.8820190429688 560.397705078125 845.5759887695312 543.3740234375
1007.5054931640625 571.524169921875 865.0195922851562 545.0515747070312
1134.95751953125 689.9306640625 1042.2530517578125 565.5849609375
809.1609497070312 464.49603271484375 604.1451416015625 579.43310546875
1141.2073974609375 715.1736450195312 1062.45166015625 581.9923706054688
859.8212280273438 558.4683837890625 726.1382446289062 629.7865600585938
850.5309448242188 693.0924682617188 892.6243896484375 739.8009033203125
825.7477416992188 693.4722290039062 870.2249755859375 756.4978637695312
858.74072265625 725.8547973632812 923.8121337890625 760.6217041015625
950.6289672851562 842.41650390625 1080.1575927734375 792.1044921875
890.5282592773438 835.9721069335938 1030.3140869140625 830.7225341796875
891.1211547851562 857.9801635742188 1044.7545166015625 847.82763671875
810.2713012695312 853.93017578125 979.4204711914062 904.6902465820312
1004.0381469726562 1021.2968139648438 1153.88037109375 906.6638793945312
660.9116821289062 709.2885131835938 651.9913330078125 909.562744140625
1171.3162841796875 527.4774169921875 965.3901977539062 412.12530517578125
939.6629028320312 401.9659118652344 681.783203125 437.1619567871094
966.4234008789062 437.3346862792969 732.8519287109375 452.4951171875
1127.0538330078125 583.001953125 968.9307861328125 483.4227600097656
1003.5711059570312 552.6652221679688 847.6339721679688 530.6361694335938
1174.7825927734375 689.1431274414062 1070.2076416015625 539.7357788085938
967.5869140625 537.7924194335938 808.6044921875 541.858154296875
1190.116943359375 708.75830078125 1093.72802734375 548.9494018554688
806.8670043945312 447.35150146484375 588.555908203125 566.054931640625
869.8012084960938 526.8006591796875 711.3119506835938 594.4877319335938
857.7636108398438 535.1123046875 706.7562255859375 610.038330078125
846.060791015625 527.2045288085938 689.8870239257812 610.7651977539062
834.411865234375 528.124267578125 678.8338012695312 620.0626831054688
821.9927978515625 532.30908203125 670.7915649414062 632.7382202148438
908.393798828125 626.468017578125 891.0706176757812 641.0487060546875
857.2648315429688 620.8516235351562 841.5859375 671.9513549804688
896.8660888671875 700.8728637695312 936.9920654296875 713.951904296875
756.7715454101562 598.90576171875 732.3782958984375 723.6392822265625
951.3278198242188 811.8401489257812 1059.544677734375 767.9043579101562
886.6947021484375 791.7409057617188 993.6541748046875 795.6695556640625
673.6018676757812 693.8567504882812 654.1593627929688 886.3014526367188
671.1597290039062 706.7954711914062 660.6516723632812 900.1387939453125
1151.11669921875 522.3322143554688 946.6586303710938 417.7906494140625
1165.2506103515625 559.165283203125 981.8095703125 442.3817138671875
1107.3521728515625 524.2531127929688 913.8115844726562 444.07470703125
958.5756225585938 423.9228820800781 716.1464233398438 445.2745056152344
1132.3154296875 548.492431640625 950.2063598632812 451.6555480957031
924.89453125 466.11712646484375 716.2612915039062 504.69696044921875
1026.3436279296875 551.1852416992188 865.1488647460938 515.8875122070312
977.5263671875 522.1226806640625 804.5903930664062 520.39208984375
955.0103149414062 523.1275024414062 785.7526245117188 535.668701171875
879.7433471679688 516.3726806640625 713.0333251953125 578.7086791992188
1128.68017578125 703.0074462890625 1046.447021484375 578.4918823242188
856.7599487304688 517.5816040039062 692.4656982421875 595.3687744140625
870.2315673828125 544.6729736328125 725.4906616210938 610.1610717773438
820.956298828125 520.3239135742188 660.4300537109375 622.3571166992188
848.657958984375 550.3001708984375 709.47216796875 629.8870849609375
798.2611694335938 521.9525146484375 639.38232421875 640.6110229492188
864.9608154296875 661.0428466796875 879.6192016601562 701.4067993164062
762.0347900390625 632.2550048828125 764.2267456054688 751.0072021484375
807.326416015625 690.4168090820312 852.3923950195312 768.0840454101562
1166.4725341796875 1015.2864379882812 1258.776123046875 795.1151733398438
864.5153198242188 772.2537231445312 962.4949340820312 796.3690795898438
792.894287109375 764.7037963867188 896.7167358398438 841.7138671875
925.0431518554688 434.14288330078125 692.1554565429688 476.2513122558594
1175.8056640625 666.5357055664062 1057.886962890625 523.267333984375
848.3672485351562 457.2242736816406 636.5932006835938 546.36767578125
865.507568359375 469.3562927246094 662.6077270507812 545.4849853515625
994.5580444335938 568.5361328125 852.719970703125 551.4435424804688
908.645751953125 714.170166015625 957.0654907226562 717.0938720703125
833.9692993164062 661.8125610351562 853.2842407226562 724.0888671875
875.2077026367188 696.237060546875 914.4833984375 723.969970703125
920.072509765625 814.1915283203125 1036.7015380859375 791.962158203125
743.2548217773438 711.6914672851562 809.8973999023438 833.1806030273438
563.4613647460938 653.7079467773438 507.7516174316406 941.040283203125
560.1277465820312 714.0167846679688 553.6599731445312 995.8764038085938
1210.8201904296875 875.5458374023438 1208.1719970703125 665.1262817382812
837.7636108398438 740.6005859375 916.505859375 789.2723388671875
869.7557373046875 807.8673095703125 993.4112548828125 822.0421752929688
843.8863525390625 805.47265625 970.9254760742188 838.7150268554688
875.0615844726562 851.0081176757812 1027.7113037109375 854.0775756835938
750.9737548828125 795.1609497070312 884.2696533203125 901.0098876953125
560.9186401367188 679.5985717773438 527.4070434570312 966.3236694335938
1111.4114990234375 575.8401489257812 953.4939575195312 485.4325866699219
913.8597412109375 685.8875122070312 939.0687866210938 687.1409301757812
984.791748046875 491.4305419921875 791.8095092773438 488.09063720703125
1141.5670166015625 544.8446655273438 954.7403564453125 442.89105224609375
