786.5879516601562 771.5490112304688 816.2731323242188 607.3782348632812
809.810302734375 809.5562133789062 794.9063110351562 633.6431274414062
816.6207885742188 832.6392211914062 780.0514526367188 645.697509765625
888.9847412109375 718.7786254882812 892.4692993164062 649.838623046875
966.4453735351562 694.4668579101562 944.248046875 695.0468139648438
807.8993530273438 649.111328125 917.30224609375 577.4134521484375
794.3896484375 700.2587890625 874.2854614257812 587.078125
835.152587890625 672.0109252929688 910.2857666015625 600.2260131835938
772.6513671875 785.2538452148438 802.8654174804688 604.0359497070312
865.6747436523438 738.06005859375 866.909912109375 642.946533203125
790.914794921875 687.6316528320312 880.3638305664062 581.0838012695312
799.3807373046875 707.3901977539062 869.6306762695312 592.2241821289062
756.4134521484375 803.6452026367188 783.6966552734375 601.052490234375
833.3040771484375 702.10400390625 885.7559814453125 610.07666015625
846.1727905273438 683.480712890625 905.6324462890625 610.6011962890625
834.69140625 726.2662353515625 866.8972778320312 618.7593994140625
837.5625610351562 718.6389770507812 874.2369995117188 618.2791137695312
828.1292114257812 738.0133666992188 856.0916748046875 619.4449462890625
817.8623657226562 773.3775024414062 824.6727294921875 625.7319946289062
853.8536987304688 736.9932861328125 866.1148681640625 634.4141845703125
849.5723266601562 746.89599609375 855.4078369140625 635.7258911132812
950.8887939453125 687.2559204101562 943.0376586914062 680.1456909179688
919.182861328125 821.8616943359375 819.1676025390625 707.94970703125
927.5728149414062 805.2813110351562 837.4694213867188 707.2659301757812
925.8828125 822.2560424804688 819.450927734375 713.3519897460938
946.3837280273438 792.8922729492188 853.0960083007812 716.4124755859375
947.8385620117188 804.2483520507812 843.5060424804688 721.7051391601562
674.8458251953125 449.6263427734375 1097.299560546875 542.7964477539062
829.5753784179688 646.9113159179688 928.5076904296875 588.9915771484375
781.1932373046875 788.4280395507812 803.858642578125 608.06689453125
892.8226318359375 610.621337890625 984.08056640625 613.700439453125
875.290283203125 663.4197998046875 932.1074829101562 623.3916625976562
813.3759765625 782.0233154296875 817.4110107421875 626.8803100585938
896.8660888671875 700.8728637695312 908.8435668945312 649.5015258789062
879.8156127929688 780.156982421875 838.3568115234375 666.7530517578125
934.8360595703125 690.9505004882812 933.6950073242188 670.7799072265625
941.31640625 705.4616088867188 923.4801025390625 680.4207153320312
955.356201171875 701.775390625 932.0402221679688 688.4940795898438
961.221435546875 693.9963989257812 942.0830688476562 690.522216796875
1007.9990844726562 638.1940307617188 1014.1505126953125 703.9547729492188
959.4811401367188 833.4347534179688 823.16552734375 740.8302612304688
676.0552978515625 352.6387023925781 1175.667724609375 503.0809326171875
751.8096313476562 620.5374145507812 920.37744140625 536.2865600585938
813.8087158203125 313.3260803222656 1293.965087890625 563.9484252929688
825.7477416992188 693.4722290039062 889.976318359375 603.173095703125
829.1758422851562 419.7877197265625 1207.0157470703125 623.1220092773438
843.1871337890625 442.5522766113281 1194.6256103515625 640.694580078125
859.5549926757812 787.6282958984375 827.72705078125 656.255126953125
886.6947021484375 791.7409057617188 833.0863037109375 675.4620971679688
990.064208984375 624.3045654296875 1017.4580078125 684.4229736328125
890.5282592773438 835.9721069335938 798.4268798828125 692.9918823242188
762.0347900390625 632.2550048828125 914.4190063476562 545.522216796875
807.326416015625 690.4168090820312 885.648193359375 590.6354370117188
836.2139282226562 348.0848388671875 1278.0296630859375 594.6246337890625
857.2648315429688 620.8516235351562 960.4437866210938 596.00927734375
792.894287109375 764.7037963867188 825.2981567382812 608.6421508789062
795.53955078125 437.6128234863281 1173.9305419921875 608.0978393554688
845.885009765625 703.7376708984375 887.2942504882812 615.7572021484375
802.1106567382812 779.8463745117188 815.2684936523438 618.27880859375
818.9949340820312 769.0316772460938 829.1876831054688 624.3525390625
840.1710815429688 415.0420227050781 1220.5526123046875 628.1971435546875
834.411865234375 528.124267578125 1115.3956298828125 675.1011962890625
917.5184326171875 779.8338623046875 852.9891967773438 691.597412109375
869.8012084960938 526.8006591796875 1137.7158203125 699.4033813476562
1010.9964599609375 629.3772583007812 1024.271240234375 702.049072265625
951.7622680664062 409.2294616699219 1305.1065673828125 708.9468383789062
1009.116943359375 651.2880249023438 1002.7102661132812 710.3783569335938
951.3278198242188 811.8401489257812 838.82470703125 727.393798828125
966.4234008789062 437.3346862792969 1288.2764892578125 734.6581420898438
978.844970703125 535.110107421875 1199.7471923828125 793.0191650390625
686.9974365234375 431.2324523925781 1117.98388671875 541.208984375
687.380126953125 452.1186218261719 1100.7874755859375 549.9974975585938
833.9692993164062 661.8125610351562 917.8098754882812 596.5990600585938
849.9312744140625 648.2775268554688 934.8228759765625 600.5736083984375
745.5281982421875 871.1327514648438 732.9110107421875 615.1513061523438
817.0577392578125 418.9735412597656 1200.288330078125 614.071533203125
798.0100708007812 462.1624755859375 1152.407470703125 622.4422607421875
820.956298828125 520.3239135742188 1114.76904296875 660.590087890625
856.7599487304688 517.5816040039062 1137.1090087890625 684.850830078125
848.657958984375 550.3001708984375 1103.9892578125 694.8954467773438
997.0872802734375 659.424072265625 989.0020141601562 704.2749633789062
870.2315673828125 544.6729736328125 1119.8582763671875 708.6376342773438
991.3177490234375 740.3001098632812 915.9166870117188 730.2529296875
984.1121826171875 573.0791625976562 1165.6654052734375 816.7128295898438
837.7636108398438 740.6005859375 856.3126220703125 626.15478515625
875.2077026367188 696.237060546875 906.7138061523438 633.7055053710938
848.3672485351562 457.2242736816406 1184.714111328125 652.2055053710938
977.5263671875 522.1226806640625 1210.9930419921875 784.1576538085938
1017.6721801757812 563.6444091796875 1198.676513671875 841.3484497070312
