795.2813720703125 679.31884765625 912.5254516601562 614.44482421875
789.1907958984375 701.107421875 894.05517578125 614.9578247070312
831.2711181640625 681.7764282226562 917.602783203125 638.3729858398438
809.810302734375 809.5562133789062 803.3052368164062 652.991455078125
784.61767578125 701.0322875976562 892.2699584960938 612.1901245117188
808.4461059570312 681.9215087890625 913.1932983398438 623.498046875
860.7022705078125 652.9255981445312 949.9798583984375 651.6224365234375
888.9847412109375 718.7786254882812 893.8914794921875 686.56103515625
943.133544921875 671.2619018554688 949.5947875976562 718.0440063476562
721.9242553710938 707.3330688476562 873.5867919921875 577.4842529296875
849.5723266601562 746.89599609375 861.50048828125 665.76318359375
799.3807373046875 707.3901977539062 888.8485717773438 623.4387817382812
805.9107666015625 799.5299682617188 812.0737915039062 647.7739868164062
855.4834594726562 671.5949096679688 930.4879150390625 652.8005981445312
846.7301025390625 739.7354125976562 868.2940673828125 661.7579956054688
853.8536987304688 736.9932861328125 872.7506103515625 665.4994506835938
883.3290405273438 674.1642456054688 933.1061401367188 672.6195678710938
872.5843505859375 734.5615234375 877.1498413085938 678.5838623046875
890.5794067382812 698.10693359375 912.6585693359375 683.0460815429688
947.8385620117188 804.2483520507812 825.3286743164062 751.3848876953125
1005.529052734375 649.6162719726562 992.0565185546875 765.6390991210938
664.5594482421875 429.6074523925781 1203.3695068359375 601.6971435546875
807.8993530273438 649.111328125 941.5298461914062 615.3401489257812
833.3040771484375 702.10400390625 899.3504028320312 643.9161376953125
813.3759765625 782.0233154296875 827.6740112304688 649.8010864257812
837.5625610351562 718.6389770507812 885.5068359375 650.3624267578125
674.4464721679688 584.5222778320312 1062.8046875 654.74169921875
892.8226318359375 610.621337890625 999.064453125 663.7592163085938
879.8156127929688 780.156982421875 836.1502075195312 694.5715942382812
950.8887939453125 687.2559204101562 937.1280517578125 726.615234375
961.221435546875 693.9963989257812 933.0975341796875 737.2696533203125
1007.9990844726562 638.1940307617188 1003.57861328125 766.3900146484375
756.7715454101562 598.90576171875 976.0947265625 572.9088134765625
675.7080688476562 470.7994689941406 1167.923095703125 621.501953125
689.0221557617188 458.5001220703125 1184.329833984375 626.4752197265625
825.7477416992188 693.4722290039062 906.0172729492188 637.4050903320312
673.663818359375 550.1740112304688 1093.6976318359375 643.5836181640625
670.4750366210938 575.2463989257812 1070.076416015625 649.06396484375
845.885009765625 703.7376708984375 900.7307739257812 652.367431640625
858.74072265625 725.8547973632812 882.471923828125 667.0390625
890.5282592773438 835.9721069335938 789.8241577148438 714.6961669921875
941.31640625 705.4616088867188 917.185302734375 723.9369506835938
762.0347900390625 632.2550048828125 947.3504638671875 583.3118896484375
663.5720825195312 478.3192138671875 1156.42236328125 616.0701293945312
807.326416015625 690.4168090820312 905.2949829101562 624.5416870117188
857.2648315429688 620.8516235351562 979.2025756835938 641.550048828125
685.9164428710938 540.544921875 1107.1343994140625 648.8646850585938
818.9949340820312 769.0316772460938 839.3115844726562 650.0338134765625
809.1609497070312 464.49603271484375 1234.5452880859375 718.2319946289062
990.064208984375 624.3045654296875 1014.0120849609375 746.769775390625
951.3278198242188 811.8401489257812 818.662841796875 756.5062866210938
1009.116943359375 651.2880249023438 990.6627807617188 769.5753784179688
859.8212280273438 558.4683837890625 1155.8175048828125 792.0552368164062
710.9056396484375 324.0199279785156 1332.016845703125 598.4325561523438
686.9974365234375 431.2324523925781 1211.5208740234375 616.275390625
687.380126953125 452.1186218261719 1190.7828369140625 622.8050537109375
833.9692993164062 661.8125610351562 935.7586059570312 635.1773071289062
802.1106567382812 779.8463745117188 827.9149780273438 640.726806640625
852.77294921875 866.8033447265625 760.1236572265625 694.5407104492188
917.5184326171875 779.8338623046875 843.5032348632812 721.960693359375
820.956298828125 520.3239135742188 1179.7911376953125 745.445556640625
997.0872802734375 659.424072265625 978.0729370117188 760.603759765625
834.411865234375 528.124267578125 1177.783935546875 760.6781616210938
846.060791015625 527.2045288085938 1183.2691650390625 768.4466552734375
991.3177490234375 740.3001098632812 894.7755737304688 774.3771362304688
848.657958984375 550.3001708984375 1160.0364990234375 779.4759521484375
857.7636108398438 535.1123046875 1180.18115234375 782.9251098632812
869.8012084960938 526.8006591796875 1196.2392578125 791.6973266601562
837.7636108398438 740.6005859375 865.5987548828125 655.9339599609375
875.2077026367188 696.237060546875 913.9884033203125 672.1268920898438
908.645751953125 714.170166015625 900.6427001953125 700.2717895507812
827.4158325195312 432.1104736328125 1280.1932373046875 722.8885498046875
920.072509765625 814.1915283203125 811.9161987304688 732.6849365234375
856.7599487304688 517.5816040039062 1199.41162109375 776.18359375
870.2315673828125 544.6729736328125 1175.7103271484375 797.7791748046875
913.8597412109375 685.8875122070312 931.5596313476562 697.9437866210938
