819.0582275390625 697.348876953125 978.5187377929688 607.357421875
837.3787231445312 662.3364868164062 1003.2754516601562 628.2946166992188
833.8408203125 896.7433471679688 827.0126953125 582.4113159179688
852.976318359375 606.0146484375 1053.5125732421875 653.1368408203125
929.0613403320312 776.7000732421875 871.0950927734375 661.97509765625
1002.9067993164062 762.5817260742188 846.654052734375 719.4280395507812
757.2794189453125 746.9007568359375 959.9724731445312 566.06640625
869.9368896484375 775.7987670898438 896.3908081054688 624.6702270507812
942.89208984375 692.6605834960938 935.6798095703125 693.9513549804688
993.4874877929688 775.1276245117188 842.6990966796875 710.0201416015625
969.8841552734375 585.9114990234375 1033.4769287109375 751.7708740234375
838.786865234375 794.6489868164062 894.7574462890625 602.6547241210938
883.4436645507812 828.15625 852.546142578125 622.4224243164062
902.2804565429688 843.1288452148438 833.3697509765625 633.2354125976562
836.6372680664062 622.9613037109375 1040.7747802734375 636.21142578125
919.2764892578125 860.5712890625 814.8643798828125 637.8983154296875
897.9080810546875 767.0651245117188 891.8765258789062 645.4059448242188
966.365234375 787.9828491210938 845.156494140625 686.0467529296875
1016.7764892578125 852.8916625976562 774.2140502929688 704.8128051757812
889.2376708984375 805.3203735351562 866.6531372070312 630.6965942382812
881.5026245117188 690.1129760742188 962.7025756835938 651.1220703125
969.9494018554688 763.834228515625 864.3035888671875 693.1356201171875
663.6571655273438 621.8990478515625 1209.5660400390625 736.37451171875
