960.2452392578125 590.5753784179688 958.01220703125 323.9713439941406
875.0474243164062 685.6902465820312 1044.677490234375 396.181640625
850.8734741210938 730.5149536132812 1083.306396484375 417.9085998535156
853.0646362304688 770.3482666015625 1116.2177734375 420.9437255859375
827.4655151367188 774.2748413085938 1120.260498046875 438.60150146484375
805.8909912109375 719.1253662109375 1074.0316162109375 449.8265686035156
800.6375732421875 826.540283203125 1164.89306640625 462.4389343261719
741.55078125 770.3757934570312 1122.1168212890625 500.8218994140625
916.2241821289062 628.0977172851562 992.3394775390625 359.30877685546875
867.7232666015625 721.1787109375 1075.917724609375 404.9092712402344
749.3784790039062 770.4407958984375 1117.55078125 496.2377014160156
970.8802490234375 763.8766479492188 1110.436767578125 342.2652893066406
958.396728515625 769.0973510742188 1113.925048828125 350.45440673828125
923.37353515625 784.6668701171875 1128.4256591796875 375.1799621582031
916.58349609375 767.4681396484375 1113.664306640625 377.536376953125
882.02734375 681.5082397460938 1040.5738525390625 390.3882751464844
878.9295043945312 689.9373168945312 1048.2569580078125 393.597900390625
854.6239013671875 815.2832641601562 1154.9326171875 424.1404113769531
823.1737670898438 634.3154907226562 994.5429077148438 428.287353515625
837.7525024414062 780.3546752929688 1126.9365234375 432.1777038574219
811.3469848632812 654.3757934570312 1013.6926879882812 439.1221008300781
950.1259155273438 782.19775390625 1125.2734375 357.8710021972656
946.1943359375 793.6564331054688 1135.07275390625 362.2606506347656
929.4600219726562 763.565673828125 1110.37939453125 368.46356201171875
856.6196899414062 651.0977172851562 1012.18505859375 404.6175231933594
874.4452514648438 806.2236938476562 1147.5889892578125 410.5985412597656
849.8316040039062 668.75634765625 1028.4107666015625 411.8656005859375
831.2020874023438 670.052490234375 1027.530517578125 425.2488098144531
838.4736938476562 738.2819213867188 1090.046630859375 427.5857238769531
793.438232421875 842.173095703125 1178.5135498046875 468.541259765625
953.2717895507812 557.547119140625 926.3307495117188 324.7226867675781
938.1417236328125 629.7158813476562 994.816650390625 344.4664001464844
927.549560546875 649.76416015625 1013.3443603515625 355.52569580078125
894.2416381835938 766.5098266601562 1113.9459228515625 392.70947265625
860.3665161132812 792.2030029296875 1135.0281982421875 417.3299560546875
826.1857299804688 599.710205078125 959.7578125 421.10107421875
827.1925659179688 679.9314575195312 1036.4859619140625 430.1852722167969
795.0504760742188 725.3954467773438 1078.301513671875 457.9988098144531
980.4095458984375 759.4090576171875 1106.2967529296875 335.8062744140625
991.7095336914062 816.8285522460938 1150.4453125 337.3115234375
920.771484375 756.3082885742188 1105.05078125 373.5755920410156
882.7027587890625 668.4443969726562 1028.6771240234375 388.00390625
883.60986328125 772.676513671875 1118.643310546875 401.1645202636719
1060.0723876953125 503.7269592285156 743.75537109375 418.3548583984375
832.9065551757812 744.0005493164062 1095.952392578125 431.05926513671875
791.49609375 652.5584106445312 1011.3218383789062 454.6649475097656
869.956298828125 508.1341247558594 715.46923828125 584.652099609375
1004.4324340820312 816.9683227539062 1151.0645751953125 328.73919677734375
942.5689086914062 730.0032348632812 1083.01904296875 355.90985107421875
1108.51318359375 527.7604370117188 777.394287109375 385.9007263183594
890.6409912109375 750.7841796875 1100.955078125 393.2551574707031
848.1056518554688 656.593017578125 1016.7761840820312 411.8528137207031
1070.4517822265625 555.1773071289062 800.3641967773438 420.134033203125
1052.576904296875 493.0627746582031 730.4154663085938 423.1444091796875
835.1898803710938 685.3838500976562 1042.4078369140625 422.9635925292969
846.799072265625 771.8496704101562 1118.383544921875 425.33453369140625
828.054931640625 702.0791015625 1057.8626708984375 431.82806396484375
825.71484375 826.2402954101562 1164.653076171875 445.276611328125
903.8065185546875 490.66522216796875 700.1632690429688 550.858154296875
868.2518920898438 482.71826171875 681.34912109375 584.5906982421875
590.474609375 594.2290649414062 770.2919921875 896.6386108398438
961.8992919921875 758.9274291992188 1106.876708984375 347.376220703125
907.893798828125 827.96435546875 1162.73583984375 391.23974609375
902.8897094726562 851.279052734375 1180.6165771484375 396.0124206542969
854.33251953125 593.8164672851562 955.7357788085938 399.6604919433594
837.1011352539062 698.0742797851562 1054.829833984375 425.4379577636719
802.7992553710938 613.8381958007812 973.215576171875 441.5454406738281
1002.8259887695312 415.9747619628906 630.2723388671875 448.2166748046875
999.1180419921875 443.59283447265625 661.7704467773438 456.94091796875
793.0562133789062 705.467041015625 1060.5277099609375 457.8620910644531
987.4896240234375 426.5921325683594 640.7064819335938 465.48443603515625
969.7321166992188 421.2229919433594 628.2911376953125 477.8402099609375
905.9951171875 472.91912841796875 679.4669799804688 546.1814575195312
841.1358642578125 465.6213684082031 654.7672729492188 608.84814453125
740.9271240234375 545.2575073242188 734.4542846679688 720.9512939453125
546.9663696289062 633.2484741210938 813.7921142578125 948.3796997070312
939.46337890625 814.814453125 1151.613525390625 368.9416198730469
888.3786010742188 791.3408203125 1133.7938232421875 398.22857666015625
860.651611328125 675.0675659179688 1033.4053955078125 404.5205078125
849.7059936523438 735.7908325195312 1088.373046875 419.9226989746094
1020.7131958007812 403.6011047363281 620.5050659179688 431.7362365722656
1040.9619140625 530.1358642578125 768.8004760742188 439.29022216796875
729.0966186523438 657.4279174804688 1012.6715698242188 504.270751953125
813.2120971679688 464.6611022949219 644.9207763671875 638.6817626953125
742.6289672851562 527.6864013671875 713.7484130859375 718.09130859375
724.8360595703125 525.2854614257812 706.0552978515625 737.9505615234375
725.079345703125 543.0825805664062 727.6179809570312 738.5299682617188
626.9603881835938 465.7652893066406 598.5172119140625 853.7078857421875
873.1729125976562 490.9266357421875 694.3238525390625 579.3643188476562
834.013916015625 452.51641845703125 635.4759521484375 617.0918579101562
695.5428466796875 456.82452392578125 604.6834716796875 771.2667846679688
618.7804565429688 499.5562438964844 644.051025390625 863.8829345703125
614.5087890625 606.3125 789.5629272460938 866.9760131835938
594.1846313476562 582.4305419921875 752.84423828125 894.9431762695312
