716.321533203125 653.8601684570312 961.201171875 533.4098510742188
981.8276977539062 646.828369140625 929.3455810546875 710.3538818359375
992.0228881835938 667.6888427734375 909.7972412109375 715.2871704101562
823.1737670898438 634.3154907226562 963.2252807617188 597.4889526367188
1013.4752807617188 752.771240234375 829.191162109375 719.9176635742188
769.358642578125 673.73974609375 935.2471313476562 560.7416381835938
795.0504760742188 725.3954467773438 893.9472045898438 573.94677734375
800.8546752929688 654.2384033203125 948.157958984375 581.7161865234375
839.334716796875 892.9112548828125 765.4698486328125 588.1702270507812
860.3665161132812 792.2030029296875 831.3377075195312 608.9343872070312
857.0234375 730.2555541992188 879.140625 611.5772094726562
874.6463012695312 790.1740112304688 829.68603515625 617.9235229492188
873.5940551757812 718.6748657226562 884.323974609375 623.4934692382812
910.7156372070312 772.5003662109375 836.3104248046875 643.058837890625
913.2974853515625 639.946533203125 944.4216918945312 657.215087890625
918.176025390625 621.1844482421875 961.0249633789062 663.6373901367188
932.2136840820312 623.5407104492188 956.616455078125 674.1442260742188
958.1967163085938 752.5296020507812 842.0192260742188 678.6116943359375
964.7638549804688 765.6168823242188 828.8994140625 681.6159057617188
942.2418823242188 560.833984375 1015.0350341796875 690.3104248046875
980.9697265625 735.664306640625 850.2291870117188 697.5958251953125
791.49609375 652.5584106445312 950.9752807617188 576.1329956054688
845.6935424804688 721.212158203125 888.431884765625 606.1483154296875
860.440185546875 711.0031127929688 894.0279541015625 615.99365234375
882.7027587890625 668.4443969726562 924.1280517578125 634.0154418945312
927.549560546875 649.76416015625 933.9193115234375 666.6453247070312
936.6771240234375 640.1619873046875 941.3753662109375 675.5524291992188
938.1417236328125 629.7158813476562 950.9050903320312 678.2039794921875
1005.6425170898438 756.21142578125 827.9922485351562 714.0137329101562
812.2791748046875 722.5423583984375 892.05517578125 584.9177856445312
577.5926513671875 600.7218627929688 1085.9583740234375 599.3637084960938
835.1898803710938 685.3838500976562 918.0286254882812 602.30712890625
848.1056518554688 656.593017578125 942.1187133789062 610.8589477539062
597.9954833984375 603.70654296875 1081.6668701171875 611.6950073242188
883.60986328125 772.676513671875 842.1879272460938 624.8612670898438
894.2416381835938 766.5098266601562 843.9105834960938 631.9303588867188
628.2429809570312 443.0497741699219 1231.07373046875 637.9627075195312
636.2237548828125 478.78912353515625 1195.876220703125 642.0835571289062
635.0123901367188 453.1221008300781 1221.5906982421875 642.4014282226562
920.771484375 756.3082885742188 846.5468139648438 651.740478515625
657.6591796875 440.61859130859375 1235.0118408203125 658.9761962890625
941.184326171875 747.9807739257812 849.1880493164062 665.955078125
957.7876586914062 812.1455688476562 795.130859375 670.8875122070312
941.0764770507812 685.2711791992188 901.6185913085938 673.8831176757812
688.2474365234375 563.3172607421875 1113.921142578125 673.3802490234375
857.7130737304688 506.9727783203125 1172.2955322265625 821.5964965820312
793.0562133789062 705.467041015625 909.6604614257812 573.9306030273438
820.6295776367188 782.039306640625 847.9783325195312 585.2434692382812
802.7992553710938 613.8381958007812 982.332763671875 586.5919799804688
561.1114501953125 598.730224609375 1087.66259765625 587.6807861328125
846.799072265625 771.8496704101562 849.3593139648438 601.7357788085938
698.895751953125 528.7564697265625 1147.19677734375 683.388427734375
708.5811767578125 522.728759765625 1153.7042236328125 691.771728515625
949.0409545898438 545.2521362304688 1030.3453369140625 697.8815307617188
959.11767578125 566.1082763671875 1008.0389404296875 704.0138549804688
724.8360595703125 525.2854614257812 1150.5716552734375 704.2339477539062
740.9271240234375 545.2575073242188 1130.5540771484375 714.8029174804688
744.9310913085938 368.0367126464844 1325.959228515625 734.925537109375
729.0966186523438 657.4279174804688 958.0653076171875 541.0029907226562
902.8897094726562 851.279052734375 777.9462890625 630.6273803710938
907.893798828125 827.96435546875 795.64208984375 635.851318359375
901.4019165039062 676.5257568359375 914.9136352539062 645.29541015625
678.6396484375 548.147705078125 1128.2806396484375 668.2727661132812
681.7781372070312 526.6805419921875 1148.6295166015625 669.3895874023438
672.0894165039062 241.1262969970703 1462.966552734375 681.9351806640625
725.079345703125 543.0825805664062 1133.2193603515625 702.3946533203125
987.7813720703125 656.10595703125 919.43896484375 714.0149536132812
742.6289672851562 527.6864013671875 1148.112060546875 718.1422119140625
729.2219848632812 369.03558349609375 1322.34326171875 721.3617553710938
777.9298095703125 376.42730712890625 1319.9422607421875 764.0940551757812
802.11181640625 388.33154296875 1307.5999755859375 784.1492309570312
849.7059936523438 735.7908325195312 875.6478881835938 605.976806640625
860.651611328125 675.0675659179688 923.790771484375 618.4784545898438
888.3786010742188 791.3408203125 825.8397216796875 626.7959594726562
834.013916015625 452.51641845703125 1232.23876953125 805.357666015625
