711.27197265625 656.8994750976562 1008.2291870117188 748.3217163085938
675.1162109375 656.9147338867188 1045.813720703125 769.9122924804688
756.3071899414062 637.427490234375 950.31494140625 741.2180786132812
846.1441650390625 578.186767578125 814.2735595703125 749.0411987304688
736.9537963867188 637.9995727539062 970.10888671875 752.8189086914062
707.1513061523438 645.7432250976562 1006.819091796875 762.3916625976562
726.1382446289062 629.7865600585938 975.866943359375 767.428955078125
624.0814208984375 546.9703369140625 1038.3460693359375 942.2587890625
689.8870239257812 610.7651977539062 1005.265869140625 810.2095947265625
711.3119506835938 594.4877319335938 968.6990356445312 816.03125
709.47216796875 629.8870849609375 992.898681640625 776.7525024414062
725.4906616210938 610.1610717773438 964.500244140625 789.13232421875
692.4656982421875 595.3687744140625 989.0162353515625 827.7423706054688
785.7526245117188 535.668701171875 838.6104125976562 836.80859375
604.1451416015625 579.43310546875 1086.6551513671875 909.4603881835938
595.0577392578125 512.9430541992188 1055.9322509765625 1026.3148193359375
804.5903930664062 520.39208984375 803.653564453125 843.4652709960938
662.6077270507812 545.4849853515625 992.3302001953125 911.7225341796875
636.5932006835938 546.36767578125 1024.53271484375 932.27392578125
