1076.0941162109375 598.4287719726562 961.201171875 533.4098510742188
1094.401123046875 547.65869140625 948.4788818359375 568.3711547851562
1151.3353271484375 552.0257568359375 903.0469360351562 573.1028442382812
1136.7919921875 542.914794921875 915.9141845703125 576.4910888671875
1166.3009033203125 545.3546752929688 890.7070922851562 578.0836181640625
1152.81689453125 538.6812744140625 901.9017333984375 581.2256469726562
1259.0670166015625 553.3624877929688 814.181640625 583.6420288085938
1130.7628173828125 521.9852294921875 921.1154174804688 590.8736572265625
1096.232177734375 511.70361328125 949.402099609375 594.1915283203125
1152.0450439453125 522.4937133789062 902.2435302734375 594.6935424804688
1169.2633056640625 519.433837890625 887.5542602539062 597.381103515625
1194.105224609375 521.953857421875 866.455078125 598.7181396484375
1165.31494140625 512.7938232421875 890.4605712890625 602.616943359375
1116.658203125 491.59808349609375 932.1681518554688 612.5506591796875
1277.794189453125 518.2454223632812 792.2914428710938 613.6824340820312
1093.8963623046875 484.45770263671875 952.6625366210938 615.5841674804688
1174.9739990234375 493.1582946777344 881.956787109375 619.5220336914062
1165.2783203125 487.4561462402344 889.3974609375 623.137939453125
1123.6727294921875 471.8016662597656 926.1815795898438 630.3853759765625
1131.4371337890625 469.04119873046875 918.8927612304688 633.60595703125
1122.1856689453125 463.8533935546875 928.1754150390625 636.5565795898438
1190.1583251953125 417.5771179199219 862.7645263671875 694.2639770507812
1051.236083984375 390.8619384765625 998.482421875 696.8446044921875
1066.1273193359375 381.5660705566406 986.1953125 709.6699829101562
1177.792236328125 551.8917846679688 881.729248046875 575.5097045898438
1255.623291015625 556.6321411132812 817.3534545898438 581.305419921875
1094.2667236328125 527.5093994140625 949.4300537109375 582.660888671875
1074.3782958984375 504.7689514160156 967.4266967773438 597.48779296875
1140.2515869140625 472.6340637207031 911.9141235351562 632.0637817382812
1145.258544921875 471.9564514160156 907.6881713867188 632.9776611328125
1266.64111328125 476.2411804199219 796.13623046875 649.4795532226562
1120.3798828125 422.71270751953125 930.27392578125 675.73583984375
1025.7012939453125 400.9625549316406 1021.9033203125 681.7921752929688
1194.4923095703125 418.51470947265625 857.75537109375 694.325439453125
1032.0687255859375 387.6849365234375 1017.792724609375 696.9798583984375
1198.1414794921875 414.8947448730469 854.2078857421875 698.5277709960938
1273.4931640625 424.0199279785156 777.5909423828125 703.1769409179688
1073.8485107421875 603.1140747070312 962.5582885742188 530.4042358398438
1099.3870849609375 543.7285766601562 945.34716796875 571.4480590820312
1259.036865234375 561.6800537109375 815.0485229492188 577.6608276367188
1244.1181640625 558.0910034179688 827.5115356445312 578.9816284179688
1148.8917236328125 535.5897216796875 905.15087890625 582.2096557617188
1085.800537109375 527.1395874023438 956.4705810546875 581.8938598632812
1163.6527099609375 525.7144165039062 892.5180053710938 592.41357421875
1079.672119140625 505.1161804199219 963.2252807617188 597.4889526367188
1254.9891357421875 526.62353515625 814.0836791992188 603.6602172851562
1284.19091796875 518.003173828125 786.578857421875 615.1749877929688
1142.2890625 476.009765625 908.6360473632812 629.3239135742188
1268.5513916015625 495.8834228515625 796.7911376953125 632.0908813476562
1217.9771728515625 469.6403503417969 840.054443359375 647.1296997070312
1230.7679443359375 449.98699951171875 825.2799072265625 668.0504150390625
1238.5902099609375 449.539794921875 817.883056640625 670.1249389648438
1141.5238037109375 428.1750183105469 910.20751953125 673.2044067382812
1228.7113037109375 440.76727294921875 826.0332641601562 677.0611572265625
1207.616455078125 431.0037841796875 846.2874145507812 682.9556274414062
1076.1986083984375 615.6436157226562 960.68017578125 523.4666137695312
1111.21728515625 561.424560546875 935.2471313476562 560.7416381835938
1162.759765625 550.667724609375 893.9472045898438 573.94677734375
1249.939697265625 555.495849609375 822.58154296875 580.8053588867188
1270.109619140625 551.1732177734375 805.2903442382812 585.580810546875
1316.710205078125 556.181396484375 765.4698486328125 588.1702270507812
1146.320556640625 521.4398803710938 906.5524291992188 593.0540771484375
1124.896728515625 514.2510375976562 926.2499389648438 595.8360595703125
1182.13134765625 519.8626098632812 876.5123901367188 599.2839965820312
1245.0447998046875 527.7518920898438 823.6424560546875 601.2516479492188
1033.6533203125 483.8367614746094 1003.0346069335938 605.832275390625
1184.1328125 499.87847900390625 873.868408203125 615.061279296875
1172.942626953125 498.3329162597656 884.01025390625 615.01611328125
1105.1986083984375 483.0779113769531 942.75146484375 618.0933837890625
1170.4041748046875 487.9975891113281 884.323974609375 623.4934692382812
1227.26904296875 470.0957336425781 832.8261108398438 647.7750854492188
1105.29736328125 438.2378234863281 944.4216918945312 657.215087890625
1096.38916015625 426.21405029296875 953.1644897460938 667.9549560546875
1211.5888671875 436.08319091796875 842.0192260742188 678.6116943359375
1034.163818359375 394.3875732421875 1015.0350341796875 690.3104248046875
1192.4610595703125 418.62158203125 860.0748901367188 693.7924194335938
1202.0672607421875 416.6572570800781 850.2291870117188 697.5958251953125
1274.8961181640625 418.7690124511719 774.8544311523438 708.8775024414062
1126.4566650390625 548.53515625 922.7831420898438 571.2294311523438
1092.409912109375 536.08935546875 950.9752807617188 576.1329956054688
1125.343505859375 538.344482421875 924.6527709960938 577.796630859375
1243.380126953125 550.9708862304688 827.8807983398438 582.4354248046875
1188.638671875 524.0747680664062 870.5501708984375 597.2061767578125
1161.1148681640625 514.8372802734375 894.072265625 600.0072021484375
1143.2579345703125 510.1067199707031 909.322265625 601.8043212890625
1226.8658447265625 524.7918090820312 838.527587890625 602.5399780273438
1251.899658203125 515.359619140625 815.4777221679688 613.64453125
1096.542724609375 476.6434631347656 951.1153564453125 621.3555908203125
1126.34423828125 467.4811096191406 924.1280517578125 634.0154418945312
1116.5989990234375 431.2679138183594 933.9193115234375 666.6453247070312
1128.5906982421875 424.2860107421875 921.6122436523438 674.3684692382812
1031.0927734375 384.3468933105469 1019.5792846679688 699.4423217773438
1186.218994140625 408.9551086425781 864.4014892578125 702.6275024414062
1199.96044921875 405.47320556640625 851.756591796875 709.5703125
1222.1495361328125 405.2071838378906 827.9922485351562 714.0137329101562
820.4693603515625 722.9451293945312 1112.8446044921875 724.439697265625
1234.197998046875 547.0000610351562 834.7572631835938 585.2967529296875
1132.74560546875 507.0019836425781 918.0286254882812 602.30712890625
1107.3154296875 491.3330993652344 942.1187133789062 610.8589477539062
838.0924682617188 897.5050048828125 1063.39013671875 619.1001586914062
1020.6195068359375 400.418212890625 1026.393310546875 680.3450927734375
821.2572631835938 770.1181030273438 1100.2432861328125 691.84375
1222.5394287109375 423.435302734375 829.5043334960938 694.8941040039062
1098.2828369140625 603.2144775390625 944.0408935546875 532.5416259765625
1186.0179443359375 600.9613037109375 878.2543334960938 543.1931762695312
1143.672119140625 547.3353271484375 909.6604614257812 573.9306030273438
1218.3492431640625 544.6652221679688 847.9783325195312 585.2434692382812
1055.3792724609375 515.876708984375 982.332763671875 586.5919799804688
1229.162109375 534.8616943359375 837.355712890625 594.1925048828125
1213.0126953125 522.4468994140625 849.3593139648438 601.7357788085938
1046.25732421875 467.97900390625 994.347412109375 622.8123779296875
810.6924438476562 789.0623779296875 1103.9981689453125 678.6957397460938
1204.9437255859375 423.3066101074219 847.2277221679688 691.230224609375
836.3257446289062 765.8425903320312 1090.001953125 696.388427734375
1019.564208984375 385.5030517578125 1030.3453369140625 697.8815307617188
1207.15234375 412.9840393066406 844.7455444335938 702.5772094726562
1042.6510009765625 383.49932861328125 1008.0389404296875 704.0138549804688
764.1633911132812 744.1538696289062 1150.5716552734375 704.2339477539062
794.3284301757812 733.4239501953125 1130.5540771484375 714.8029174804688
809.1015014648438 728.5706787109375 1120.860107421875 720.0740356445312
819.97998046875 710.4331665039062 1116.6610107421875 734.6124877929688
1087.146484375 517.6148681640625 956.223876953125 588.9102172851562
1288.9295654296875 499.3573303222656 777.9462890625 630.6273803710938
1229.897216796875 474.71337890625 829.10791015625 644.5493774414062
799.3655395507812 806.406494140625 1109.876953125 666.2540893554688
747.0237426757812 792.798583984375 1148.6295166015625 669.3895874023438
1219.0458984375 435.8076477050781 834.9955444335938 681.1422119140625
1055.3958740234375 391.65576171875 994.6920776367188 696.6655883789062
784.8530883789062 749.007568359375 1133.2193603515625 702.3946533203125
1131.77685546875 389.6574401855469 919.43896484375 714.0149536132812
775.2362670898438 726.1655883789062 1148.112060546875 718.1422119140625
828.8900146484375 695.5086669921875 1113.5838623046875 747.5808715820312
600.2107543945312 640.8828735351562 1319.9422607421875 764.0940551757812
1126.1107177734375 485.87396240234375 923.790771484375 618.4784545898438
1236.663330078125 495.0674133300781 825.8397216796875 626.7959594726562
1248.5374755859375 474.5620422363281 811.8963623046875 646.4071655273438
821.9588623046875 611.7661743164062 1146.0257568359375 820.1633911132812
854.256103515625 593.7935791015625 1122.3505859375 844.2696533203125
