1111.4083251953125 496.7467956542969 928.7737426757812 661.747802734375
1132.50634765625 474.63824462890625 906.2228393554688 682.4965209960938
1111.5404052734375 439.0663146972656 922.2896118164062 714.9562377929688
1111.3314208984375 435.78460693359375 922.9155883789062 717.9423217773438
1076.1986083984375 615.6436157226562 964.0819091796875 574.5831909179688
1161.702880859375 565.6246948242188 892.2699584960938 612.1901245117188
1094.401123046875 547.65869140625 947.1475830078125 620.5035400390625
1134.3802490234375 547.901123046875 913.1932983398438 623.498046875
1096.232177734375 511.70361328125 943.8814697265625 647.965087890625
1091.431884765625 509.1600646972656 947.1229248046875 648.9337768554688
1234.177490234375 523.0305786132812 819.3152465820312 650.8870239257812
1087.885986328125 506.8020324707031 949.9798583984375 651.6224365234375
1121.3597412109375 505.456787109375 920.9484252929688 655.146484375
1117.8304443359375 492.5513916015625 922.37939453125 665.2765502929688
1110.8458251953125 484.86285400390625 927.9629516601562 670.7219848632812
1145.258544921875 471.9564514160156 893.8914794921875 686.56103515625
1084.95947265625 432.7132568359375 949.5947875976562 718.0440063476562
1085.9283447265625 612.5680541992188 958.1987915039062 576.0931396484375
1156.82958984375 556.8174438476562 895.5699462890625 618.455078125
1116.145263671875 507.960693359375 925.4439086914062 652.53662109375
1115.3997802734375 496.9417419433594 924.9619140625 661.275146484375
1184.1328125 499.87847900390625 861.50048828125 665.76318359375
1149.5594482421875 481.19580078125 891.2001953125 678.6542358398438
1153.81494140625 467.8083801269531 885.8065795898438 691.6746215820312
1230.7679443359375 449.98699951171875 803.6292724609375 718.3247680664062
1196.191650390625 422.69189453125 833.1317749023438 743.1254272460938
1245.0447998046875 527.7518920898438 812.0737915039062 647.7739868164062
1124.896728515625 514.2510375976562 919.4367065429688 648.0635986328125
1169.2652587890625 516.0490112304688 878.404541015625 649.4586181640625
1216.0086669921875 509.5696716308594 834.2178344726562 660.7098999023438
1228.7088623046875 500.25689697265625 821.200439453125 669.5591430664062
1105.1986083984375 483.0779113769531 933.1061401367188 672.6195678710938
1202.0672607421875 416.6572570800781 825.3286743164062 751.3848876953125
1066.2481689453125 594.9091796875 972.0711059570312 585.1420288085938
1146.891845703125 562.3379516601562 902.3348388671875 614.2278442382812
1126.4566650390625 548.53515625 919.5202026367188 622.1622314453125
1146.320556640625 521.4398803710938 899.3504028320312 643.9161376953125
1226.8658447265625 524.7918090820312 827.6740112304688 649.8010864257812
1161.1148681640625 514.8372802734375 885.5068359375 650.3624267578125
854.6514282226562 893.8037109375 1080.5953369140625 686.9065551757812
1126.34423828125 467.4811096191406 910.9843139648438 688.81103515625
1096.38916015625 426.21405029296875 937.1280517578125 726.615234375
1034.163818359375 394.3875732421875 1000.2598266601562 755.3077392578125
1274.8961181640625 418.7690124511719 745.6763305664062 757.4651489257812
1222.1495361328125 405.2071838378906 799.4861450195312 766.7626342773438
1031.0927734375 384.3468933105469 1003.57861328125 766.3900146484375
1063.3106689453125 617.8273315429688 976.0947265625 572.9088134765625
1088.498779296875 545.8427734375 952.0543212890625 621.3912963867188
1092.409912109375 536.08935546875 948.78173828125 629.4896850585938
1140.3321533203125 530.460693359375 906.0172729492188 637.4050903320312
1143.2579345703125 510.1067199707031 900.7307739257812 652.367431640625
1107.3154296875 491.3330993652344 933.8905029296875 664.8465576171875
873.2321166992188 903.388671875 1065.8387451171875 682.4027709960938
1116.5989990234375 431.2679138183594 917.185302734375 723.9369506835938
1222.5394287109375 423.435302734375 803.6142578125 747.222412109375
1098.2828369140625 603.2144775390625 947.3504638671875 583.3118896484375
1143.672119140625 547.3353271484375 905.2949829101562 624.5416870117188
1218.3492431640625 544.6652221679688 840.3272705078125 633.0953979492188
1055.3792724609375 515.876708984375 979.2025756835938 641.550048828125
1213.0126953125 522.4468994140625 839.3115844726562 650.0338134765625
1204.9437255859375 423.3066101074219 822.2224731445312 744.78271484375
1020.6195068359375 400.418212890625 1014.0120849609375 746.769775390625
821.2572631835938 770.1181030273438 1126.7945556640625 764.8063354492188
1042.6510009765625 383.49932861328125 990.6627807617188 769.5753784179688
836.3257446289062 765.8425903320312 1113.5013427734375 768.9913940429688
819.97998046875 710.4331665039062 1139.3359375 813.2927856445312
1229.162109375 534.8616943359375 827.9149780273438 640.726806640625
1087.146484375 517.6148681640625 951.7657470703125 642.49072265625
1095.3511962890625 500.0226135253906 943.1332397460938 657.09130859375
1046.25732421875 467.97900390625 987.560546875 681.6515502929688
799.3655395507812 806.406494140625 1137.6888427734375 738.03271484375
747.0237426757812 792.798583984375 1179.7911376953125 745.445556640625
1055.3958740234375 391.65576171875 978.0729370117188 760.603759765625
756.3536987304688 770.6493530273438 1177.783935546875 760.6781616210938
1131.77685546875 389.6574401855469 894.7755737304688 774.3771362304688
784.8530883789062 749.007568359375 1160.0364990234375 779.4759521484375
600.2107543945312 640.8828735351562 1363.5501708984375 863.3767700195312
1126.1107177734375 485.87396240234375 913.9884033203125 672.1268920898438
1219.0458984375 435.8076477050781 811.9161987304688 732.6849365234375
