1156.123046875 536.9510498046875 913.5774536132812 626.5631103515625
1110.8458251953125 484.86285400390625 942.0071411132812 669.2017822265625
927.4802856445312 699.3021240234375 1070.5093994140625 853.6675415039062
1160.8770751953125 543.1647338867188 910.824951171875 620.872802734375
1096.232177734375 511.70361328125 962.7134399414062 646.3309326171875
1121.3597412109375 505.456787109375 937.9095458984375 651.6630859375
1103.3865966796875 500.0841064453125 952.6500244140625 656.2070922851562
1117.8304443359375 492.5513916015625 938.21484375 662.1849975585938
1122.1856689453125 463.8533935546875 926.3544311523438 688.5422973632812
1051.236083984375 390.8619384765625 981.1587524414062 769.4619750976562
1032.0687255859375 387.6849365234375 1002.447265625 773.5281982421875
1085.9283447265625 612.5680541992188 990.9933471679688 574.634033203125
1073.8485107421875 603.1140747070312 998.9409790039062 581.2186279296875
1156.82958984375 556.8174438476562 918.7590942382812 611.5858154296875
1148.8917236328125 535.5897216796875 921.1422729492188 624.7885131835938
1094.2667236328125 527.5093994140625 966.9738159179688 633.6375122070312
1284.19091796875 518.003173828125 788.3221435546875 638.8081665039062
1087.885986328125 506.8020324707031 969.47998046875 651.0563354492188
1079.672119140625 505.1161804199219 977.1107177734375 652.69482421875
1149.5594482421875 481.19580078125 902.6710205078125 672.2049560546875
1270.109619140625 551.1732177734375 817.2590942382812 611.3656616210938
1162.759765625 550.667724609375 911.5706787109375 615.1375122070312
1146.320556640625 521.4398803710938 918.2543334960938 636.6511840820312
1178.201904296875 503.9501953125 883.2677612304688 651.970703125
1228.7088623046875 500.25689697265625 834.7607421875 654.2797241210938
1105.1986083984375 483.0779113769531 947.4387817382812 670.5696411132812
1202.0672607421875 416.6572570800781 823.3453979492188 738.2518310546875
1031.0927734375 384.3468933105469 1002.0599975585938 777.7037963867188
1111.21728515625 561.424560546875 958.6961669921875 607.9093627929688
1161.1148681640625 514.8372802734375 902.9398193359375 642.449951171875
1124.896728515625 514.2510375976562 937.797119140625 643.9009399414062
1184.1328125 499.87847900390625 876.8110961914062 654.606689453125
1126.34423828125 467.4811096191406 921.8897705078125 684.1321411132812
1100.078857421875 431.8078308105469 939.3541259765625 721.5208129882812
1034.163818359375 394.3875732421875 1002.1473388671875 765.5654907226562
1143.2579345703125 510.1067199707031 917.9462280273438 646.3707275390625
1095.3663330078125 491.4220886230469 958.65185546875 663.124267578125
873.2321166992188 903.388671875 1118.35009765625 703.2586059570312
1271.2518310546875 430.5747375488281 754.8816528320312 721.5930786132812
1109.5482177734375 421.7980041503906 926.1144409179688 732.4523315429688
1186.0179443359375 600.9613037109375 906.53125 580.6646118164062
1098.2828369140625 603.2144775390625 978.65283203125 580.1609497070312
1143.672119140625 547.3353271484375 928.0406494140625 617.9444580078125
1140.3321533203125 530.460693359375 926.0593872070312 632.056396484375
1132.74560546875 507.0019836425781 926.88037109375 650.5568237304688
1222.5394287109375 423.435302734375 803.4717407226562 731.1246948242188
1020.6195068359375 400.418212890625 1017.8436889648438 758.694580078125
821.2572631835938 770.1181030273438 1168.7645263671875 797.9519653320312
836.3257446289062 765.8425903320312 1155.3819580078125 800.89990234375
1055.3792724609375 515.876708984375 1001.4244995117188 643.358642578125
1095.3511962890625 500.0226135253906 960.1295166015625 655.1962280273438
1046.25732421875 467.97900390625 1001.9675903320312 686.3152465820312
778.4822998046875 799.2949829101562 1204.2474365234375 778.2112426757812
810.6924438476562 789.0623779296875 1176.3997802734375 783.918701171875
1087.146484375 517.6148681640625 972.6306762695312 642.1935424804688
1126.1107177734375 485.87396240234375 927.2315673828125 667.2613525390625
1248.5374755859375 474.5620422363281 802.2818603515625 676.4644165039062
1219.0458984375 435.8076477050781 813.3104248046875 717.2528076171875
1055.3958740234375 391.65576171875 978.135498046875 767.3094482421875
1131.77685546875 389.6574401855469 889.189453125 770.9829711914062
747.0237426757812 792.798583984375 1231.169921875 783.7063598632812
784.8530883789062 749.007568359375 1204.5904541015625 818.220947265625
