1221.4810791015625 432.7606201171875 936.1728515625 213.88800048828125
1074.5008544921875 338.05010986328125 787.9192504882812 256.4906311035156
1018.2289428710938 360.626708984375 794.83935546875 296.1387634277344
1203.7916259765625 428.08575439453125 924.3563232421875 222.19334411621094
1001.915283203125 844.83642578125 1100.48828125 621.66943359375
864.155029296875 644.778076171875 869.2407836914062 662.92236328125
1136.1724853515625 709.440185546875 1020.5850830078125 488.7970275878906
1152.411376953125 752.36962890625 1060.6461181640625 493.591064453125
1127.40673828125 718.3798828125 1025.2977294921875 497.5949401855469
960.3777465820312 777.3865966796875 1030.83203125 631.3662719726562
956.5029296875 801.7445068359375 1050.6002197265625 640.76904296875
826.6915283203125 553.1141967773438 752.1415405273438 664.4961547851562
786.015380859375 756.8881225585938 957.0492553710938 764.4539184570312
832.9598999023438 957.0731201171875 1154.8321533203125 782.0126953125
1038.3446044921875 825.3427734375 1092.1290283203125 591.1611328125
1012.5288696289062 784.1890258789062 1051.0767822265625 595.721435546875
996.6796264648438 759.8416748046875 1025.2373046875 599.3684692382812
1013.90966796875 840.9367065429688 1099.5711669921875 612.4829711914062
992.9842529296875 836.7982788085938 1090.7928466796875 625.9050903320312
976.9740600585938 807.9072265625 1062.3214111328125 628.497314453125
839.1591186523438 506.7015075683594 703.1254272460938 637.0353393554688
979.083251953125 842.4886474609375 1093.1373291015625 637.47607421875
962.2363891601562 814.6739501953125 1064.1907958984375 641.1085205078125
869.4884033203125 636.4686889648438 863.3466186523438 655.3991088867188
828.693115234375 536.4027709960938 732.721923828125 656.73095703125
893.2015380859375 701.803955078125 938.7813110351562 657.9644775390625
879.6577758789062 676.96533203125 909.5306396484375 660.9923706054688
867.9482421875 684.9102783203125 913.587890625 672.888671875
846.8812866210938 869.469482421875 1082.32470703125 745.8243408203125
767.6904296875 721.2413330078125 912.2195434570312 770.2820434570312
821.8304443359375 882.9678344726562 1088.19091796875 770.1740112304688
769.83251953125 751.326171875 944.3952026367188 777.1099243164062
813.7921142578125 948.3796997070312 1142.601806640625 794.5870361328125
1041.2705078125 739.7589721679688 1019.9439086914062 560.555419921875
1034.522216796875 766.2474975585938 1041.1458740234375 573.8805541992188
998.1871948242188 793.9063110351562 1055.3646240234375 608.7667846679688
1000.9508666992188 810.5030517578125 1070.9349365234375 613.41357421875
981.7006225585938 787.6419677734375 1045.9149169921875 620.0258178710938
975.1307983398438 864.762451171875 1110.0657958984375 647.2090454101562
826.751220703125 512.859619140625 704.4852294921875 650.4057006835938
961.0385131835938 838.756103515625 1085.1246337890625 649.4981079101562
867.958984375 624.7606811523438 850.33447265625 653.3966064453125
821.7763671875 526.2743530273438 717.3606567382812 658.0487670898438
898.4229125976562 715.7700805664062 954.184814453125 659.8223266601562
779.6539916992188 554.5530395507812 732.090087890625 707.0855712890625
879.1190795898438 926.0023193359375 1139.3052978515625 736.2603759765625
840.5206298828125 852.0750732421875 1064.3447265625 746.0185546875
783.6998901367188 743.9078979492188 942.3556518554688 762.7600708007812
749.0972290039062 714.0887451171875 896.9469604492188 785.232666015625
734.4542846679688 720.9512939453125 899.3972778320312 800.4374389648438
747.25048828125 780.52197265625 966.1790771484375 805.7409057617188
681.34912109375 584.5906982421875 715.589599609375 810.3123168945312
581.449462890625 814.6446533203125 940.1409301757812 978.1676635742188
994.2247314453125 1002.8563232421875 1225.2486572265625 674.2664794921875
766.942626953125 575.7747802734375 748.0615844726562 726.0812377929688
846.4093017578125 832.8679809570312 1049.020751953125 735.7041625976562
762.7685546875 677.9998168945312 864.376220703125 761.9525146484375
762.1959838867188 771.9112548828125 962.4164428710938 787.6567993164062
727.6179809570312 738.5299682617188 915.10400390625 811.1654663085938
732.4683837890625 787.6412353515625 968.8619995117188 824.0038452148438
706.0552978515625 737.9505615234375 906.1161499023438 832.47705078125
706.0552978515625 737.9505615234375 906.1161499023438 832.47705078125
684.7120971679688 729.9527587890625 888.5039672851562 849.5349731445312
511.7646484375 683.927978515625 749.7703857421875 1029.94189453125
1074.2933349609375 720.3023681640625 1013.8164672851562 532.8803100585938
809.3377685546875 545.7280883789062 736.167724609375 675.7034912109375
804.52783203125 568.3690795898438 759.72412109375 688.4259033203125
738.5264892578125 598.3255615234375 762.2191162109375 760.1588745117188
789.5629272460938 866.9760131835938 1063.8165283203125 792.7715454101562
713.7484130859375 718.09130859375 887.435546875 820.8073120117188
710.2288818359375 815.2658081054688 987.8709106445312 849.3162231445312
697.4122314453125 789.4513549804688 958.3683471679688 854.1130981445312
679.2776489257812 751.2991333007812 908.82470703125 862.0297241210938
644.9207763671875 638.6817626953125 763.7610473632812 864.81640625
644.051025390625 863.8829345703125 1015.7295532226562 926.2161254882812
540.9546508789062 617.4481201171875 677.4893798828125 976.416015625
516.6831665039062 696.1611328125 768.5247802734375 1026.4019775390625
508.060302734375 667.6644897460938 727.2536010742188 1028.2421875
694.3238525390625 579.3643188476562 715.24853515625 799.3494262695312
635.4759521484375 617.0918579101562 731.6317138671875 868.6729125976562
604.6834716796875 771.2667846679688 900.5585327148438 943.6767578125
620.4434814453125 853.8773803710938 998.8121337890625 948.148681640625
1121.1715087890625 777.4415283203125 1071.98681640625 520.1551513671875
591.025390625 800.1702880859375 927.86181640625 965.8300170898438
915.0653686523438 872.238525390625 1101.4547119140625 693.75244140625
750.6842041015625 547.1000366210938 709.5086059570312 730.7894287109375
586.7747192382812 615.3421020507812 703.4171752929688 923.3070678710938
