1108.2657470703125 756.9288330078125 1088.4898681640625 643.2175903320312
1355.6527099609375 615.7178955078125 1114.345703125 438.9332275390625
1299.9898681640625 679.6813354492188 1129.067626953125 500.51727294921875
955.365234375 824.466796875 1056.4775390625 774.4561157226562
971.3729248046875 778.4451293945312 1031.5545654296875 735.2963256835938
804.2349243164062 496.4998779296875 688.7891235351562 664.31787109375
996.6796264648438 759.8416748046875 1032.24462890625 709.5239868164062
870.0728149414062 636.6109619140625 860.0819091796875 713.3035888671875
1012.5288696289062 784.1890258789062 1058.7352294921875 714.1356811523438
879.6577758789062 676.96533203125 899.3462524414062 733.1130981445312
898.4229125976562 715.7700805664062 942.1166381835938 745.0761108398438
1004.178466796875 826.6044311523438 1084.49267578125 744.1748657226562
1013.90966796875 840.9367065429688 1099.64013671875 746.9703369140625
976.9740600585938 807.9072265625 1056.77001953125 750.3843994140625
992.9842529296875 836.7982788085938 1086.02294921875 757.8095092773438
956.5029296875 801.7445068359375 1040.4632568359375 759.7095947265625
962.2363891601562 814.6739501953125 1053.765869140625 763.7047119140625
979.083251953125 842.4886474609375 1082.9468994140625 769.572021484375
979.083251953125 842.4886474609375 1082.9468994140625 769.572021484375
813.7921142578125 948.3796997070312 1071.6588134765625 945.3250732421875
1041.2705078125 739.7589721679688 1042.351318359375 670.7391357421875
798.12548828125 536.5462646484375 720.1029663085938 696.1914672851562
1000.3084106445312 742.6895751953125 1021.7020874023438 697.324462890625
867.958984375 624.7606811523438 848.3411254882812 708.3632202148438
998.1871948242188 793.9063110351562 1058.1702880859375 729.9175415039062
1000.9508666992188 810.5030517578125 1071.2635498046875 737.6312866210938
867.9482421875 684.9102783203125 898.2349243164062 746.4574584960938
749.1165161132812 590.986328125 731.8001098632812 767.6668090820312
975.1307983398438 864.762451171875 1096.4931640625 785.2910766601562
783.6998901367188 743.9078979492188 890.3488159179688 844.07421875
769.83251953125 751.326171875 887.597900390625 859.2740478515625
734.4542846679688 720.9512939453125 835.8206176757812 866.4169311523438
840.5206298828125 852.0750732421875 1013.300048828125 869.1033325195312
826.1798095703125 861.8675537109375 1011.31689453125 885.11083984375
858.0377197265625 922.2221069335938 1077.018798828125 898.3173828125
1015.4400634765625 822.15283203125 1086.491943359375 735.9508666992188
1034.0711669921875 844.6480102539062 1112.1202392578125 736.4644775390625
766.942626953125 575.7747802734375 732.5936279296875 744.4841918945312
640.7064819335938 465.48443603515625 518.2899780273438 764.3121337890625
961.0385131835938 838.756103515625 1070.8555908203125 778.9119262695312
762.7685546875 677.9998168945312 819.77294921875 817.00048828125
749.0972290039062 714.0887451171875 843.2095947265625 851.3944091796875
846.4093017578125 832.8679809570312 1002.4334716796875 853.0916137695312
762.1959838867188 771.9112548828125 899.97265625 877.0838623046875
879.1190795898438 926.0023193359375 1090.0299072265625 885.4993896484375
706.0552978515625 737.9505615234375 832.0103149414062 899.820556640625
684.7120971679688 729.9527587890625 809.1079711914062 911.6514892578125
717.44189453125 795.9359741210938 890.2860107421875 925.7720947265625
782.382080078125 887.4461669921875 1006.4461059570312 933.6476440429688
820.4464111328125 966.5277099609375 1089.0589599609375 951.8524169921875
774.1242065429688 913.0205078125 1021.7196044921875 955.523681640625
789.8427124023438 943.6566772460938 1054.78955078125 961.396240234375
1103.3497314453125 738.3048706054688 1074.1611328125 634.27587890625
804.52783203125 568.3690795898438 755.4156494140625 713.6879272460938
994.2247314453125 1002.8563232421875 1202.090576171875 852.4715576171875
713.7484130859375 718.09130859375 820.2240600585938 881.4551391601562
727.6179809570312 738.5299682617188 847.3035888671875 883.3093872070312
819.3091430664062 850.561279296875 1000.2264404296875 882.8153686523438
789.5629272460938 866.9760131835938 995.3170776367188 914.6976928710938
665.8134155273438 727.2631225585938 792.3348388671875 924.05810546875
679.2776489257812 751.2991333007812 823.8424682617188 930.7665405273438
967.556884765625 828.1635131835938 1066.65771484375 767.1080322265625
752.84423828125 894.9431762695312 994.7645874023438 960.8444213867188
915.0653686523438 872.238525390625 1070.0921630859375 829.119873046875
779.1572875976562 630.5191650390625 790.2129516601562 774.715576171875
730.4874877929688 752.9193115234375 860.6034545898438 888.1766357421875
