771.0888671875 381.0968017578125 898.478759765625 360.4911804199219
1344.4327392578125 339.1243896484375 1270.0958251953125 302.29510498046875
929.9939575195312 398.46099853515625 1042.142578125 348.98419189453125
1034.48974609375 457.0931091308594 1133.617431640625 393.0722351074219
1525.3956298828125 559.0821533203125 1508.7672119140625 421.7740173339844
1304.4156494140625 375.5845947265625 1256.3428955078125 336.1857604980469
1227.5401611328125 368.249267578125 1185.9901123046875 343.3551025390625
1434.7305908203125 449.3291320800781 1389.8692626953125 362.62042236328125
1003.6436767578125 426.1539306640625 1107.1954345703125 363.0495300292969
1429.83203125 459.80914306640625 1390.7630615234375 371.0238342285156
1403.5213623046875 478.046142578125 1380.8126220703125 389.8045654296875
1246.1578369140625 493.4846496582031 1258.97021484375 429.2691650390625
625.8435668945312 358.5084533691406 623.3329467773438 456.48785400390625
649.329345703125 437.930908203125 685.266357421875 515.5426025390625
1272.5333251953125 300.4940490722656 1193.3638916015625 288.2280578613281
1437.94775390625 485.4752197265625 1409.456298828125 387.24566650390625
1516.023681640625 563.4696044921875 1502.1055908203125 425.94049072265625
1268.626953125 509.92919921875 1286.120361328125 436.4467468261719
648.9135131835938 340.0221862792969 638.2139892578125 437.8686218261719
1474.9403076171875 566.3495483398438 1473.15234375 437.208984375
1543.3470458984375 594.4849853515625 1535.9931640625 442.1833190917969
1504.567626953125 585.8549194335938 1504.2305908203125 444.2313537597656
1334.069580078125 586.6385498046875 1372.8402099609375 478.84002685546875
1334.069580078125 586.6385498046875 1372.8402099609375 478.84002685546875
1376.9144287109375 604.2324829101562 1415.0499267578125 482.7332458496094
969.8903198242188 551.7391357421875 1078.798828125 505.3236389160156
1156.419921875 600.5581665039062 1232.51904296875 526.175048828125
1129.21630859375 605.4916381835938 1211.0379638671875 535.7398681640625
749.0086059570312 500.9236755371094 812.658447265625 541.3524780273438
607.6646728515625 526.1034545898438 684.1015014648438 597.3892822265625
752.9287109375 617.7166137695312 871.7738037109375 634.4845581054688
750.3233642578125 803.53466796875 958.5436401367188 785.66650390625
1032.43212890625 224.335693359375 1077.3563232421875 189.41018676757812
1289.847412109375 287.0539855957031 1201.666015625 275.37506103515625
1307.4530029296875 333.8692626953125 1237.5911865234375 304.8680114746094
1332.877197265625 338.9358215332031 1261.161376953125 303.5918273925781
1304.687744140625 348.0700378417969 1240.832763671875 315.558349609375
1431.707275390625 436.0188293457031 1380.9725341796875 354.2883605957031
1432.1746826171875 454.5372009277344 1390.5372314453125 367.1466979980469
1427.8873291015625 493.82989501953125 1404.845458984375 396.4576110839844
789.9124145507812 425.21234130859375 914.8729858398438 405.978271484375
1252.4609375 478.4073181152344 1256.5623779296875 416.19561767578125
1504.0523681640625 569.3219604492188 1497.0052490234375 434.24884033203125
669.4225463867188 351.0242919921875 665.1484375 441.08880615234375
838.7664794921875 489.6280822753906 958.70166015625 464.0173034667969
623.2041625976562 367.4948425292969 623.2517700195312 466.1924133300781
1391.876953125 627.1378173828125 1435.4688720703125 497.00445556640625
1620.2532958984375 705.2349243164062 1643.893310546875 504.2685546875
903.6371459960938 551.9132080078125 1018.808349609375 521.095947265625
720.3137817382812 512.9891357421875 790.9490966796875 558.805908203125
1472.8594970703125 746.3946533203125 1551.7490234375 562.8201904296875
1000.8743896484375 626.7147827148438 1108.34716796875 581.8854370117188
1211.1273193359375 709.2019653320312 1328.9599609375 594.7900390625
976.3095703125 642.3819580078125 1092.9591064453125 599.7720947265625
1142.34716796875 706.3695068359375 1269.68994140625 609.0491943359375
738.6614990234375 619.6229858398438 859.2313842773438 639.9880981445312
546.00732421875 563.0579223632812 637.0673828125 644.036865234375
1017.0911865234375 728.2607421875 1170.1414794921875 656.197021484375
721.8993530273438 645.8681030273438 855.321044921875 665.1556396484375
577.9065551757812 680.852294921875 724.5623168945312 734.395751953125
970.8585205078125 374.4587707519531 1078.2498779296875 314.07135009765625
919.7129516601562 394.9632263183594 1033.454833984375 346.0562438964844
924.0722045898438 421.90057373046875 1035.722900390625 373.6174011230469
1479.1947021484375 486.2101135253906 1441.458984375 381.67718505859375
1502.820068359375 543.77734375 1484.460693359375 414.2884216308594
1536.373046875 553.0744018554688 1514.7388916015625 417.11676025390625
1305.364013671875 500.1643371582031 1309.0804443359375 423.8541564941406
1233.7369384765625 486.02227783203125 1245.664794921875 426.2770080566406
1228.84033203125 508.3702087402344 1251.846435546875 443.3096923828125
645.8690185546875 354.90045166015625 643.1947021484375 449.74993896484375
660.1544799804688 361.54693603515625 658.9205322265625 453.2751159667969
1467.0599365234375 595.529052734375 1480.67578125 457.4350891113281
612.4016723632812 357.532470703125 609.4348754882812 460.244384765625
631.94189453125 365.8046569824219 632.315185546875 461.8009338378906
1378.0350341796875 586.1600952148438 1407.84521484375 470.7366027832031
1168.2535400390625 559.9208984375 1224.044189453125 494.679931640625
1146.84033203125 573.2295532226562 1211.04833984375 506.93621826171875
884.1708984375 551.4874877929688 1000.1665649414062 524.4763793945312
624.195556640625 519.3600463867188 696.5772705078125 588.8434448242188
908.4174194335938 628.3258666992188 1023.908935546875 603.8092041015625
960.9677734375 643.898681640625 1080.68701171875 604.5048217773438
1248.8128662109375 748.4886474609375 1378.0084228515625 615.9059448242188
755.5150756835938 632.6275024414062 880.8453369140625 645.1864624023438
769.618896484375 637.2606811523438 898.6928100585938 645.8531494140625
950.31494140625 741.2180786132812 1116.1666259765625 682.7560424804688
970.10888671875 752.8189086914062 1139.48095703125 686.6394653320312
975.866943359375 767.428955078125 1150.8704833984375 697.3231811523438
814.2735595703125 749.0411987304688 992.8417358398438 724.3928833007812
796.315673828125 767.1488647460938 986.5757446289062 743.3251953125
761.0902099609375 774.3651123046875 954.7938232421875 758.472900390625
745.975830078125 841.6375732421875 972.1524658203125 819.683837890625
991.0969848632812 497.58966064453125 1095.888916015625 441.3390197753906
1287.29296875 609.1036987304688 1346.3419189453125 504.44195556640625
1301.1748046875 632.1612548828125 1367.640869140625 517.2275390625
593.626220703125 536.5046997070312 674.3197021484375 608.978759765625
1136.473876953125 725.955810546875 1274.1356201171875 625.3301391601562
592.646728515625 562.9493408203125 685.4484252929688 631.9202270507812
562.7476196289062 567.1919555664062 655.7003173828125 643.33642578125
1147.5706787109375 754.495361328125 1296.2314453125 644.043701171875
807.4566040039062 700.635009765625 964.680908203125 688.3367919921875
1005.265869140625 810.2095947265625 1198.666015625 722.5154418945312
968.6990356445312 816.03125 1168.6917724609375 737.7507934570312
956.8916625976562 834.7114868164062 1166.205810546875 755.8269653320312
746.2776489257812 786.6797485351562 946.587890625 774.2365112304688
802.39453125 822.5262451171875 1016.6145629882812 787.1150512695312
1091.9974365234375 933.5398559570312 1330.8177490234375 795.674560546875
573.2618408203125 875.4503173828125 815.9093627929688 899.1188354492188
775.9902954101562 1038.1004638671875 1097.64453125 975.0773315429688
1452.6077880859375 463.4945983886719 1409.145751953125 370.3910217285156
1141.976318359375 598.9517211914062 1218.41015625 527.1189575195312
1059.5037841796875 763.9761352539062 1224.4278564453125 673.6808471679688
989.0162353515625 827.7423706054688 1192.10498046875 742.0900268554688
1114.6058349609375 886.836181640625 1329.1951904296875 754.02197265625
790.5971069335938 968.465576171875 1077.15673828125 910.1779174804688
778.4447021484375 971.237060546875 1066.0679931640625 916.4126586914062
800.6497192382812 1032.110595703125 1115.0185546875 960.9282836914062
801.1660766601562 1057.36083984375 1129.0584716796875 981.6368408203125
781.1033325195312 775.5361938476562 975.0350952148438 753.9077758789062
803.653564453125 843.4652709960938 1026.8524169921875 804.7788696289062
1024.53271484375 932.27392578125 1272.4765625 814.9857788085938
1099.5902099609375 998.8673095703125 1370.2767333984375 844.0223388671875
1174.7220458984375 653.7479248046875 1273.4139404296875 562.408447265625
758.8494262695312 996.9874267578125 1059.7694091796875 946.19287109375
1142.872802734375 704.986328125 1269.46484375 606.66455078125
