1381.2353515625 723.8501586914062 1305.9375 682.294921875
1205.0364990234375 725.9349975585938 1160.132080078125 705.6944580078125
1153.8287353515625 647.493896484375 1091.5408935546875 639.4675903320312
1142.2843017578125 728.3464965820312 1105.00537109375 713.829345703125
1164.420654296875 734.3797607421875 1127.4549560546875 718.1414184570312
738.5579223632812 512.7545166015625 762.597412109375 547.672607421875
1272.776611328125 636.1148681640625 1191.745361328125 616.1759033203125
862.0654907226562 652.0149536132812 904.397216796875 670.7680053710938
1211.0257568359375 719.8594970703125 1162.403564453125 698.3565673828125
1163.666748046875 720.3090209960938 1121.019775390625 704.0259399414062
829.9196166992188 766.4248046875 870.14599609375 785.3025512695312
952.0586547851562 462.6625061035156 945.5943603515625 483.6023864746094
1282.273681640625 630.2158203125 1197.736328125 610.3120727539062
1175.0068359375 643.4490356445312 1107.712646484375 632.3160400390625
958.4083862304688 665.5513916015625 999.6790771484375 670.8804931640625
1317.1744384765625 711.383056640625 1251.9520263671875 679.73828125
1469.4476318359375 978.9135131835938 1442.3214111328125 885.2503051757812
937.0214233398438 394.93212890625 827.4683837890625 417.9702453613281
1087.299560546875 406.710693359375 963.4588012695312 417.8870849609375
1254.6666259765625 625.20556640625 1172.918701171875 609.4661865234375
1159.9949951171875 629.4911499023438 1090.9752197265625 622.5769653320312
1167.1375732421875 662.4676513671875 1106.8482666015625 651.1588134765625
1216.5853271484375 700.0311889648438 1162.0235595703125 680.989013671875
863.9548950195312 768.7103881835938 904.8628540039062 783.273193359375
1167.21435546875 808.4849243164062 1150.2161865234375 782.5365600585938
1184.6717529296875 818.943359375 1169.7362060546875 788.8949584960938
855.6305541992188 780.3955688476562 895.3484497070312 795.0384521484375
552.939453125 739.9505615234375 511.12457275390625 807.4757080078125
865.3603515625 831.3734741210938 905.6566162109375 842.7898559570312
1242.5400390625 990.9478149414062 1266.5482177734375 929.3985595703125
477.294921875 859.9793090820312 471.71746826171875 941.75341796875
746.519775390625 951.8680419921875 799.4843139648438 981.0802001953125
894.8925170898438 611.9721069335938 937.9683837890625 628.7869262695312
1164.2615966796875 648.001953125 1099.14501953125 640.2056274414062
1190.101806640625 702.2883911132812 1139.235595703125 685.19384765625
940.7872314453125 751.3423461914062 981.0001831054688 753.99853515625
672.1737670898438 726.8143310546875 638.340576171875 774.891845703125
556.2374267578125 717.9935302734375 504.8974914550781 786.6983642578125
1468.394775390625 864.1415405273438 1412.6397705078125 792.081787109375
1374.228271484375 864.24072265625 1338.257080078125 803.0603637695312
1248.2890625 863.5363159179688 1234.57177734375 818.9797973632812
511.44085693359375 748.7680053710938 464.03009033203125 822.7796020507812
545.47021484375 763.35302734375 511.0444030761719 833.7183837890625
652.9801635742188 814.6204223632812 650.9751586914062 865.4749755859375
1508.5701904296875 1001.5046997070312 1477.0838623046875 897.5588989257812
644.9700317382812 855.7764282226562 656.7001953125 908.495361328125
629.1336669921875 856.4913940429688 639.1629638671875 911.4423828125
1160.9150390625 960.230712890625 1188.2401123046875 916.2702026367188
957.71240234375 935.0830688476562 999.8243408203125 926.5415649414062
1015.3838500976562 946.20263671875 1055.9443359375 927.8277587890625
747.283935546875 937.9219360351562 794.844482421875 967.5460205078125
782.178466796875 952.3197021484375 834.97607421875 974.4894409179688
757.4713134765625 967.3552856445312 815.635009765625 992.56298828125
763.9999389648438 997.2071533203125 832.4249267578125 1019.3661499023438
866.8880004882812 657.763916015625 910.1906127929688 674.8963012695312
1195.5211181640625 724.4135131835938 1150.69482421875 703.9296264648438
1127.319580078125 730.0587158203125 1092.219970703125 718.3287353515625
994.5525512695312 790.2561645507812 1033.221435546875 784.85888671875
661.6328735351562 743.351806640625 633.0473022460938 793.459228515625
770.6258544921875 767.4483032226562 806.5247802734375 794.466796875
880.676513671875 787.2002563476562 921.2977294921875 796.0150756835938
1413.3402099609375 874.5553588867188 1372.1173095703125 806.8744506835938
1159.1689453125 858.733642578125 1158.0679931640625 828.167236328125
375.712158203125 746.5841674804688 298.2812805175781 844.81005859375
640.2830810546875 840.306640625 646.2772827148438 893.9080200195312
581.6946411132812 843.6142578125 582.3363647460938 905.9822387695312
1418.9564208984375 996.2067260742188 1407.645751953125 907.2976684570312
1141.24462890625 948.4585571289062 1167.8929443359375 909.0388793945312
1199.68017578125 962.7089233398438 1221.691650390625 912.03955078125
775.5073852539062 887.8297729492188 805.9286499023438 915.13134765625
612.652099609375 866.0099487304688 625.630859375 922.6426391601562
1180.4462890625 973.0289916992188 1209.1343994140625 924.3634643554688
431.3945007324219 837.4168090820312 405.74920654296875 928.045654296875
1211.50927734375 1010.4327392578125 1246.8673095703125 950.8179931640625
792.3114013671875 965.0609741210938 849.8815307617188 983.4913330078125
812.0625610351562 966.2567138671875 869.3749389648438 983.0897216796875
952.4241943359375 998.049072265625 1013.6781616210938 985.4155883789062
546.1055908203125 944.2296752929688 582.27734375 1013.7484741210938
798.7186889648438 1012.5405883789062 871.8079833984375 1025.7235107421875
761.2460327148438 1014.81640625 835.2990112304688 1036.4761962890625
1432.9600830078125 854.1865234375 1381.878662109375 786.7691040039062
685.9651489257812 824.0704956054688 690.1224365234375 869.5514526367188
1145.528076171875 979.8609619140625 1180.313232421875 934.57666015625
1168.1134033203125 996.3867797851562 1204.6649169921875 945.9300537109375
767.0154418945312 946.0087890625 817.3934326171875 971.5889892578125
994.4189453125 1026.644287109375 1061.2677001953125 1002.3972778320312
954.7408447265625 1026.7938232421875 1024.7247314453125 1009.8677978515625
915.1786499023438 1026.3470458984375 987.786865234375 1016.7521362304688
779.84619140625 1000.1845092773438 849.1492309570312 1020.10693359375
216.6234588623047 886.1401977539062 158.69915771484375 1023.5142822265625
704.0797119140625 1014.2228393554688 777.4321899414062 1044.770751953125
778.862548828125 1028.3857421875 857.3722534179688 1044.17822265625
1317.0230712890625 630.7628173828125 1228.3370361328125 607.2158203125
1480.1976318359375 991.6781005859375 1451.9427490234375 893.4273681640625
368.60052490234375 820.7405395507812 321.82440185546875 926.612548828125
509.4551696777344 847.0169067382812 502.9219665527344 925.6708984375
438.9805603027344 858.9029541015625 423.3746337890625 951.0108032226562
802.968505859375 982.0596313476562 865.8583984375 997.158203125
555.9130859375 964.7717895507812 603.2846069335938 1028.9276123046875
947.7880249023438 811.0552368164062 988.9840087890625 808.6265258789062
688.7301025390625 769.9718627929688 674.671142578125 817.0336303710938
1448.302734375 965.4601440429688 1422.8294677734375 876.672607421875
931.3592529296875 939.7367553710938 975.9857177734375 936.3031005859375
730.97607421875 1022.993896484375 806.2206420898438 1048.2640380859375
1154.8240966796875 962.5838623046875 1183.7664794921875 919.7833251953125
