922.436767578125 608.5328979492188 898.2477416992188 615.9242553710938
836.8294067382812 602.0761108398438 813.2865600585938 618.37109375
974.1792602539062 648.763916015625 955.1044311523438 648.5254516601562
909.4160766601562 643.8771362304688 892.0400390625 649.5316162109375
909.3551635742188 650.8445434570312 892.8170776367188 656.7171020507812
944.7733764648438 660.470458984375 928.7737426757812 661.747802734375
777.7340698242188 675.9551391601562 769.3672485351562 696.1155395507812
934.0379638671875 739.9600219726562 932.0330810546875 739.3938598632812
914.6599731445312 889.809326171875 925.0203857421875 883.3758544921875
912.8438110351562 984.8216552734375 912.7225341796875 975.216064453125
1021.638916015625 1013.866455078125 1019.210205078125 986.3990478515625
925.8602294921875 1009.2164306640625 929.88134765625 996.0717163085938
1090.571044921875 473.4190979003906 1010.7308959960938 465.5246276855469
1010.1819458007812 565.1728515625 973.086669921875 565.2860107421875
997.2830200195312 573.8862915039062 964.0819091796875 574.5831909179688
841.8773803710938 597.7998657226562 817.5848999023438 613.8192749023438
925.35546875 640.9500732421875 907.2767944335938 646.3440551757812
962.7134399414062 646.3309326171875 943.8814697265625 647.965087890625
965.5167846679688 648.5121459960938 947.1229248046875 648.9337768554688
836.1318359375 635.4852294921875 819.3152465820312 650.8870239257812
969.47998046875 651.0563354492188 949.9798583984375 651.6224365234375
937.9095458984375 651.6630859375 920.9484252929688 655.146484375
1110.052490234375 680.4906616210938 1055.3634033203125 662.444580078125
938.21484375 662.1849975585938 922.37939453125 665.2765502929688
884.0068359375 661.2216796875 870.11669921875 670.3460083007812
914.5577392578125 685.3806762695312 903.775390625 690.0599365234375
956.034423828125 775.4163818359375 959.1541748046875 770.1776123046875
970.628173828125 886.3798217773438 977.6757202148438 872.1083374023438
827.2249755859375 865.48974609375 843.00537109375 872.6283569335938
856.7066040039062 874.0370483398438 870.1607055664062 876.0664672851562
944.984130859375 996.0228881835938 943.9503784179688 981.0966796875
1036.5069580078125 1015.8251953125 1033.6434326171875 985.6520385742188
943.0067749023438 1002.1409301757812 943.6835327148438 986.726318359375
933.546142578125 1002.3449096679688 933.8448486328125 988.453369140625
923.519775390625 1002.0377197265625 925.5706787109375 989.7548828125
908.3609008789062 1005.662841796875 913.2434692382812 995.7185668945312
941.1337280273438 1012.4022216796875 943.0397338867188 996.73291015625
817.4219360351562 991.7815551757812 821.2216186523438 997.0371704101562
1108.561767578125 562.4865112304688 1038.0244140625 549.7579345703125
1127.5718994140625 581.4017333984375 1058.10009765625 565.597412109375
990.9933471679688 574.634033203125 958.1987915039062 576.0931396484375
941.5203857421875 609.0779418945312 917.3731079101562 613.5670776367188
918.7590942382812 611.5858154296875 895.5699462890625 618.455078125
824.9135131835938 601.0040283203125 802.3016967773438 618.8197021484375
888.3662719726562 633.6740112304688 870.053466796875 643.2113037109375
839.289306640625 631.9092407226562 821.6539306640625 646.9365234375
819.8558959960938 632.6281127929688 801.8750610351562 650.0538940429688
788.3221435546875 638.8081665039062 772.9983520507812 659.4828491210938
815.2183227539062 654.2664184570312 802.5123901367188 671.6588745117188
832.1492309570312 659.5494995117188 819.3212280273438 674.8299560546875
902.6710205078125 672.2049560546875 891.2001953125 678.6542358398438
833.9478759765625 663.883056640625 822.0372924804688 678.7662353515625
814.017578125 677.9725341796875 805.0220336914062 694.5858764648438
810.9904174804688 682.8084106445312 802.6992797851562 699.9342041015625
810.1968383789062 692.1692504882812 803.1246337890625 709.2907104492188
801.7731323242188 692.006591796875 795.8915405273438 710.0269165039062
946.0870971679688 893.9774780273438 954.6227416992188 882.62109375
840.3873291015625 894.6168212890625 854.0115356445312 897.9119262695312
1049.67333984375 989.0318603515625 1042.464599609375 958.4039916992188
839.2136840820312 963.5104370117188 849.24462890625 964.7854614257812
945.6107788085938 990.3812866210938 944.992919921875 975.2437744140625
1002.69189453125 1002.6572875976562 1000.4318237304688 977.2105102539062
796.2823486328125 987.5452880859375 805.7023315429688 995.1019897460938
1111.7298583984375 475.5575256347656 1030.310791015625 465.4447326660156
1083.1298828125 480.1435852050781 1002.434326171875 472.6875915527344
976.4098510742188 489.51239013671875 903.3378295898438 490.5036315917969
862.3429565429688 508.3460693359375 793.1912231445312 520.406982421875
1141.9554443359375 587.6762084960938 1071.9671630859375 570.9298706054688
588.8617553710938 568.19873046875 514.9021606445312 609.5291137695312
844.14013671875 593.0971069335938 818.72900390625 609.224853515625
826.1815185546875 592.82373046875 802.0516967773438 610.603759765625
567.296875 572.293701171875 491.3343505859375 616.2811889648438
911.5706787109375 615.1375122070312 888.8485717773438 623.4387817382812
836.11328125 607.7979125976562 814.5 624.9017333984375
830.9820556640625 611.9207153320312 809.3344116210938 629.532958984375
822.7855834960938 612.2973022460938 801.7318725585938 630.596923828125
770.635498046875 612.406005859375 749.6675415039062 636.804931640625
830.4083251953125 630.6348266601562 812.0737915039062 647.7739868164062
937.797119140625 643.9009399414062 919.4367065429688 648.0635986328125
852.0245971679688 635.7643432617188 834.3091430664062 649.3963623046875
885.583251953125 638.5814819335938 867.3196411132812 649.0017700195312
835.11865234375 640.693603515625 818.6847534179688 657.0751342773438
817.8128051757812 643.29736328125 802.367919921875 660.30517578125
871.7578735351562 652.5386352539062 856.5520629882812 663.4088134765625
1109.7611083984375 682.8162841796875 1055.2855224609375 663.6232299804688
887.29736328125 656.5736694335938 872.7506103515625 665.4994506835938
834.7607421875 654.2797241210938 821.200439453125 669.5591430664062
1166.6226806640625 695.3829345703125 1109.5916748046875 670.2045288085938
947.4387817382812 670.5696411132812 933.1061401367188 672.6195678710938
910.09619140625 671.6762084960938 897.4006958007812 677.5090942382812
814.5015258789062 663.167724609375 803.1760864257812 680.5479736328125
923.787353515625 678.9703979492188 912.6585693359375 683.0460815429688
819.2498168945312 674.2628173828125 810.2886352539062 690.43896484375
823.0128784179688 681.2905883789062 814.0675659179688 697.0944213867188
831.0092163085938 682.4583740234375 822.5909423828125 696.957275390625
804.915283203125 697.1163330078125 800.4929809570312 714.2578125
807.719970703125 716.9267578125 805.4152221679688 733.0589599609375
824.1404418945312 721.938720703125 823.4410400390625 735.7744750976562
804.7069702148438 722.2408447265625 803.86376953125 738.601806640625
811.0062255859375 736.3767700195312 812.8140869140625 750.7032470703125
823.3453979492188 738.2518310546875 825.3286743164062 751.3848876953125
879.7789916992188 878.8812255859375 892.7199096679688 877.5968017578125
910.3727416992188 892.8865966796875 921.0216674804688 886.62646484375
884.1474609375 895.201904296875 896.1653442382812 892.2849731445312
1016.702392578125 913.6302490234375 1018.82763671875 892.0306396484375
1049.9801025390625 935.1647338867188 1044.0535888671875 909.6091918945312
1045.445556640625 952.8564453125 1039.54736328125 926.3758544921875
791.57373046875 963.9378051757812 802.6928100585938 973.0379028320312
792.4069213867188 983.9805297851562 801.8272094726562 991.9107666015625
1022.7584838867188 1022.4005737304688 1021.471435546875 993.8320922851562
897.6077270507812 1007.9064331054688 902.5189208984375 999.0372924804688
840.1652221679688 1005.9358520507812 848.2068481445312 1006.2532348632812
1128.6719970703125 468.20538330078125 1045.88623046875 457.6053161621094
1080.6051025390625 473.993408203125 1000.0782470703125 466.6435241699219
1085.8741455078125 486.0767822265625 1008.609130859375 477.5611267089844
1078.727783203125 494.157958984375 1001.6898803710938 486.2227783203125
1133.2762451171875 498.7722473144531 1053.296875 486.1643371582031
957.9840698242188 493.2615966796875 884.6179809570312 496.3163146972656
989.887451171875 501.3946228027344 915.9931030273438 501.79754638671875
975.0809326171875 510.1969909667969 903.477294921875 511.51513671875
1005.2015991210938 519.466552734375 934.9991455078125 517.6362915039062
852.6101684570312 509.6856384277344 782.1640014648438 522.466552734375
864.3587036132812 514.5110473632812 794.9530639648438 526.1927490234375
1146.971435546875 555.4180297851562 1072.9364013671875 539.4996948242188
885.3507080078125 531.54443359375 817.2391357421875 541.68603515625
886.0310668945312 538.740966796875 821.0029296875 548.0443725585938
1131.885986328125 565.4959716796875 1062.4293212890625 549.7908325195312
1011.9815673828125 550.5687866210938 972.4689331054688 550.7174072265625
1121.34375 567.5364990234375 1050.450439453125 553.5036010742188
1135.0360107421875 573.1110229492188 1065.56591796875 557.265869140625
1136.945068359375 581.2683715820312 1068.812744140625 564.7102661132812
989.8438110351562 572.22119140625 956.6844482421875 574.1175537109375
1408.565185546875 642.666259765625 1318.3533935546875 595.69970703125
1278.1107177734375 634.192626953125 1203.3695068359375 601.6971435546875
1255.0848388671875 638.8051147460938 1183.297607421875 607.3845825195312
790.1456298828125 588.4050903320312 765.583984375 608.1392822265625
1280.0374755859375 642.6068725585938 1206.2469482421875 608.27294921875
958.6961669921875 607.9093627929688 932.6972045898438 610.193359375
1244.2548828125 640.829833984375 1173.475830078125 610.2492065429688
1271.566650390625 646.1265258789062 1198.949462890625 612.5787963867188
1233.330078125 642.6741333007812 1162.541748046875 613.6907348632812
926.7505493164062 606.8211059570312 902.3348388671875 614.2278442382812
1248.6475830078125 649.77734375 1179.0146484375 618.3478393554688
841.69921875 610.9813232421875 819.875732421875 628.0984497070312
777.1417846679688 606.9327392578125 755.555908203125 629.81591796875
1137.672607421875 660.2279663085938 1077.9595947265625 640.3621826171875
918.2543334960938 636.6511840820312 899.3504028320312 643.9161376953125
878.74560546875 635.0830688476562 861.3140869140625 646.8743896484375
860.5994262695312 636.6424560546875 843.0702514648438 648.8021240234375
902.9398193359375 642.449951171875 885.5068359375 650.3624267578125
887.0382080078125 645.4625244140625 870.919189453125 654.7320556640625
783.6848754882812 640.6688232421875 768.1076049804688 662.8956909179688
957.8794555664062 664.7896728515625 942.212646484375 665.5187377929688
942.5374755859375 664.959716796875 927.894775390625 667.70654296875
702.6011962890625 651.1974487304688 650.5882568359375 680.6784057617188
1132.2236328125 710.3671875 1080.5953369140625 686.9065551757812
1531.8145751953125 757.4918212890625 1436.6722412109375 686.9796752929688
921.8897705078125 684.1321411132812 910.9843139648438 688.81103515625
690.3411254882812 662.3755493164062 639.7137451171875 692.9373779296875
575.5529174804688 648.8305053710938 514.7924194335938 693.6521606445312
844.9841918945312 680.9978637695312 836.1502075195312 694.5715942382812
1338.629638671875 742.7110595703125 1270.4073486328125 695.2098999023438
550.8759155273438 660.1329345703125 489.9234924316406 708.5189208984375
936.7586059570312 714.8182373046875 930.0069580078125 714.705078125
941.74658203125 728.5335693359375 937.1280517578125 726.615234375
816.6219482421875 720.965087890625 815.2135009765625 736.0238037109375
935.1769409179688 737.6094970703125 933.0975341796875 737.2696533203125
834.8785400390625 737.2053833007812 836.2520141601562 748.4891967773438
1002.1473388671875 765.5654907226562 1000.2598266601562 755.3077392578125
1154.9947509765625 790.512451171875 1111.2322998046875 760.3401489257812
749.267822265625 738.866943359375 752.3829956054688 761.8274536132812
802.503173828125 746.7212524414062 806.586181640625 762.4976196289062
794.5203857421875 750.6651000976562 799.4861450195312 766.7626342773438
1002.0599975585938 777.7037963867188 1003.57861328125 766.3900146484375
799.1697998046875 758.4435424804688 805.4309692382812 773.3894653320312
1186.7325439453125 845.8682861328125 1148.1767578125 806.8260498046875
725.7404174804688 786.4854736328125 737.2957153320312 809.0222778320312
1024.07421875 890.5570068359375 1027.4810791015625 869.9319458007812
890.8506469726562 877.588134765625 903.6172485351562 874.679931640625
902.3043212890625 879.45556640625 914.431396484375 874.9697875976562
970.451171875 891.267333984375 977.521728515625 877.5320434570312
896.0100708007812 886.5154418945312 906.880859375 882.5049438476562
939.8878173828125 893.072509765625 949.1214599609375 883.3701171875
883.2801513671875 886.0747680664062 894.80322265625 884.4505004882812
929.669921875 894.6161499023438 939.1051025390625 886.0852661132812
889.4929809570312 891.7452392578125 901.32373046875 888.7383422851562
900.9177856445312 896.3361206054688 912.041259765625 890.8596801757812
877.8739624023438 893.0139770507812 890.3232421875 891.8075561523438
910.2450561523438 900.6121215820312 919.5968627929688 893.6136474609375
823.7848510742188 895.3563842773438 838.6119995117188 901.9022216796875
1044.094970703125 940.3483276367188 1039.2408447265625 914.8458251953125
1088.62939453125 1000.2556762695312 1080.8055419921875 962.50732421875
1059.3701171875 997.73583984375 1051.6419677734375 965.31884765625
1002.0247802734375 993.8114013671875 998.1046752929688 969.6661987304688
1001.3641357421875 1009.4990844726562 999.7966918945312 984.9955444335938
892.878173828125 1013.865966796875 897.4395751953125 1005.7417602539062
949.1301879882812 489.00494384765625 876.7667846679688 492.2682189941406
898.52978515625 496.995361328125 824.4666748046875 505.1436462402344
854.65869140625 520.9884033203125 787.3247680664062 534.5822143554688
1116.7938232421875 560.317138671875 1046.2598876953125 546.7037353515625
718.429931640625 521.72705078125 646.2398681640625 547.6382446289062
726.5672607421875 526.458740234375 654.5695190429688 551.9534912109375
867.5050659179688 541.3406372070312 802.1453857421875 552.7820434570312
1156.210205078125 570.88623046875 1084.4600830078125 552.4515380859375
707.3562622070312 529.0517578125 634.6919555664062 556.752685546875
677.6664428710938 528.963623046875 603.9519653320312 559.306396484375
1123.4173583984375 575.3334350585938 1054.3076171875 560.41064453125
737.1979370117188 537.784912109375 667.3500366210938 562.521728515625
1152.5223388671875 585.853271484375 1083.58740234375 568.1690673828125
624.2353515625 537.108642578125 547.025390625 573.0084228515625
717.2060546875 557.0098266601562 650.3394775390625 584.1565551757812
573.5997924804688 544.8770141601562 494.9760437011719 586.4736938476562
552.6001586914062 548.57373046875 472.0829772949219 592.8073120117188
1250.756591796875 629.8025512695312 1177.9520263671875 599.1817626953125
1267.250732421875 636.591796875 1193.42138671875 603.9513549804688
1228.0194091796875 633.8930053710938 1158.0401611328125 605.5357055664062
587.6817626953125 576.8711547851562 515.4244384765625 618.117431640625
610.4338989257812 578.8221435546875 539.587158203125 618.0962524414062
1236.812255859375 651.9672241210938 1167.923095703125 621.501953125
1252.9635009765625 659.3618774414062 1184.329833984375 626.4752197265625
1147.888916015625 656.5730590820312 1088.3170166015625 635.0914916992188
926.0593872070312 632.056396484375 906.0172729492188 637.4050903320312
940.8776245117188 635.3248291015625 920.2535400390625 639.3734741210938
1150.5537109375 666.1499633789062 1093.6976318359375 643.5836181640625
776.3883056640625 622.512939453125 757.7734375 645.5171508789062
1124.999755859375 668.881103515625 1070.076416015625 649.06396484375
917.9462280273438 646.3707275390625 900.7307739257812 652.367431640625
826.268798828125 638.9730224609375 810.4087524414062 655.783935546875
958.65185546875 663.124267578125 942.783935546875 663.9981079101562
950.1398315429688 662.6295776367188 933.8905029296875 664.8465576171875
896.51806640625 658.5930786132812 882.471923828125 667.0390625
702.9239501953125 642.0767822265625 649.2960815429688 671.4346923828125
840.1878051757812 660.068359375 828.04052734375 674.1435546875
1118.35009765625 703.2586059570312 1065.8387451171875 682.4027709960938
690.2677001953125 653.0126342773438 637.93701171875 683.9473876953125
701.3865966796875 661.0152587890625 650.9300537109375 690.4208984375
837.9720458984375 677.8554077148438 829.2643432617188 691.1495971679688
835.5281982421875 689.2295532226562 828.9799194335938 702.77490234375
794.8159790039062 695.8367919921875 789.8241577148438 714.6961669921875
833.0164794921875 705.0115356445312 829.34765625 717.8433227539062
777.4219360351562 699.5476684570312 773.0930786132812 718.7318725585938
1340.135498046875 792.5784301757812 1276.9451904296875 740.6388549804688
754.8816528320312 721.5930786132812 754.6777954101562 744.33740234375
1189.8431396484375 781.0523681640625 1142.6593017578125 747.21630859375
754.6583862304688 734.9092407226562 758.2229614257812 757.7455444335938
834.2891235351562 746.1494140625 838.6181030273438 757.9423217773438
1174.3331298828125 838.3837280273438 1134.9520263671875 802.2947998046875
555.1358032226562 774.2211303710938 515.1318359375 823.7579345703125
525.6554565429688 782.2052612304688 484.6922912597656 835.5498657226562
943.6323852539062 863.1419677734375 953.474609375 854.2053833007812
1016.9719848632812 894.0584106445312 1020.382568359375 872.9703979492188
945.2295532226562 885.2522583007812 953.9390258789062 874.4129638671875
856.939453125 876.7644653320312 869.2853393554688 879.2117919921875
981.1941528320312 894.2991943359375 987.2503662109375 877.9822387695312
673.2659912109375 879.8024291992188 658.0157470703125 911.04248046875
682.3939819335938 880.9352416992188 667.6030883789062 910.9993896484375
1219.783935546875 968.978515625 1192.572998046875 916.3214111328125
1240.7685546875 981.9747924804688 1213.09814453125 924.991943359375
1043.1390380859375 962.3351440429688 1038.101318359375 934.5944213867188
1020.6616821289062 971.0579833984375 1019.7726440429688 946.0233764648438
1251.304443359375 1009.4126586914062 1225.6231689453125 948.0621337890625
1104.2139892578125 987.6543579101562 1090.7125244140625 949.742919921875
1272.95361328125 1021.6502685546875 1245.5113525390625 956.016845703125
700.0511474609375 930.5438842773438 693.330810546875 957.058349609375
1081.849609375 992.6725463867188 1071.5050048828125 957.2098388671875
1096.43896484375 998.5151977539062 1085.866943359375 960.1181030273438
679.5353393554688 935.9068603515625 673.3986206054688 965.1160278320312
1030.99462890625 1050.137451171875 1032.2584228515625 1017.7295532226562
967.7390747070312 487.1189270019531 894.06689453125 488.5300598144531
1111.2489013671875 499.1588439941406 1031.254150390625 488.6136474609375
979.7183227539062 493.3319396972656 907.1543579101562 494.17401123046875
982.5886840820312 504.26934814453125 910.4800415039062 504.2960510253906
863.7021484375 503.835693359375 793.7596435546875 515.3392333984375
891.8370361328125 508.16455078125 821.3390502929688 517.5169677734375
1026.471435546875 521.1958618164062 954.361083984375 518.67333984375
986.3056030273438 519.8416748046875 916.486572265625 519.8900756835938
902.9683837890625 520.9642944335938 833.7568359375 529.333740234375
845.4951782226562 527.9202270507812 778.610595703125 542.1702270507812
896.6165771484375 534.006591796875 829.9081420898438 542.651123046875
696.8108520507812 526.2273559570312 623.8837890625 554.2182006835938
1433.164794921875 607.9669799804688 1335.0174560546875 563.3313598632812
745.7498779296875 543.4266357421875 677.1377563476562 566.882568359375
1185.661865234375 587.7401123046875 1114.035888671875 567.31298828125
1165.199951171875 591.2363891601562 1096.817626953125 572.0471801757812
978.65283203125 580.1609497070312 947.3504638671875 583.3118896484375
906.53125 580.6646118164062 877.7382202148438 590.536865234375
1214.65576171875 628.698486328125 1145.690185546875 600.9622192382812
1405.11279296875 653.0049438476562 1316.6688232421875 605.2462768554688
1223.828125 645.8076171875 1156.42236328125 616.0701293945312
928.0406494140625 617.9444580078125 905.2949829101562 624.5416870117188
860.9498291015625 620.266845703125 840.3272705078125 633.0953979492188
1001.4244995117188 643.358642578125 979.2025756835938 641.550048828125
828.7164306640625 628.0026245117188 810.2574462890625 644.9738159179688
1166.696533203125 672.9674682617188 1107.1343994140625 648.8646850585938
926.88037109375 650.5568237304688 910.0979614257812 654.9497680664062
1180.87548828125 679.100341796875 1121.631103515625 653.7555541992188
681.2210083007812 629.8077392578125 624.580322265625 661.6222534179688
714.5955810546875 634.9605712890625 660.3359375 662.8340454101562
612.845458984375 627.1124877929688 550.9724731445312 666.5205078125
590.5684204101562 631.2510375976562 528.2881469726562 673.49560546875
1145.1087646484375 708.6807250976562 1092.94287109375 684.5701293945312
588.36474609375 646.1428833007812 528.1182250976562 689.3031005859375
533.1390991210938 641.108154296875 467.21209716796875 691.0291137695312
678.427001953125 664.1375122070312 627.1275024414062 696.69189453125
1295.936279296875 763.4214477539062 1234.5452880859375 718.2319946289062
1326.9532470703125 769.623046875 1262.3477783203125 720.5016479492188
884.372314453125 723.8489990234375 881.9708251953125 729.9254150390625
819.922607421875 730.7182006835938 822.2224731445312 744.78271484375
1017.8436889648438 758.694580078125 1014.0120849609375 746.769775390625
815.6986083984375 742.4022827148438 818.662841796875 756.5062866210938
1168.7645263671875 797.9519653320312 1126.7945556640625 764.8063354492188
990.1290283203125 779.8488159179688 990.6627807617188 769.5753784179688
1155.3819580078125 800.89990234375 1113.5013427734375 768.9913940429688
673.5596923828125 741.6858520507812 635.3636474609375 775.11279296875
1197.9324951171875 831.0595703125 1155.8175048828125 792.0552368164062
1185.2413330078125 835.47216796875 1145.826904296875 798.0490112304688
531.216064453125 757.8927001953125 486.6385192871094 810.0828247070312
1176.320556640625 850.7377319335938 1139.3359375 813.2927856445312
1418.13427734375 923.9888305664062 1359.61572265625 848.9963989257812
670.3391723632812 869.677001953125 653.2161865234375 901.83349609375
698.1737670898438 891.024169921875 685.5095825195312 918.1895751953125
650.873046875 903.8623046875 638.8418579101562 937.0120849609375
668.07421875 911.85302734375 657.734619140625 943.2708129882812
667.4103393554688 925.10400390625 659.2451171875 956.5933227539062
1044.9725341796875 1007.291015625 1039.9737548828125 976.4971313476562
1289.9315185546875 1046.745361328125 1263.873779296875 976.0794067382812
1062.4229736328125 1014.8781127929688 1056.6004638671875 980.6016845703125
1096.1224365234375 1028.0914306640625 1088.8199462890625 987.4617919921875
712.6718139648438 1042.1522216796875 724.1337280273438 1062.109375
1099.425048828125 478.7568664550781 1018.4976806640625 469.8396301269531
1025.2779541015625 484.9927062988281 950.5729370117188 481.7708435058594
1007.8040771484375 502.0675048828125 933.7598876953125 500.5413818359375
965.62744140625 513.91015625 895.7783813476562 515.8781127929688
836.6237182617188 509.3055114746094 766.4517211914062 523.557861328125
1397.4561767578125 610.7745971679688 1303.7452392578125 568.3807983398438
736.084228515625 555.5669555664062 669.0506591796875 581.018310546875
705.7265625 560.0247192382812 638.0343627929688 588.1173095703125
1423.8984375 646.8773803710938 1332.016845703125 598.4325561523438
1465.3377685546875 650.639404296875 1367.2724609375 598.9039916992188
693.014892578125 570.2591552734375 625.9959716796875 600.3778076171875
575.7039794921875 566.9200439453125 500.0218200683594 609.6239624023438
1284.909423828125 651.5348510742188 1211.5208740234375 616.275390625
1261.13232421875 655.9050903320312 1190.7828369140625 622.8050537109375
773.2990112304688 600.6616821289062 750.2291870117188 624.4379272460938
1308.262939453125 665.7833251953125 1232.9234619140625 626.6664428710938
957.1115112304688 632.1195068359375 935.7586059570312 635.1773071289062
846.948974609375 625.429443359375 827.9149780273438 640.726806640625
700.1181640625 613.6460571289062 641.3890991210938 643.3251342773438
972.6306762695312 642.1935424804688 951.7657470703125 642.49072265625
1103.2130126953125 669.3107299804688 1049.1103515625 652.231201171875
960.1295166015625 655.1962280273438 943.1332397460938 657.09130859375
1526.1441650390625 730.8118286132812 1427.846923828125 665.7178955078125
807.3289794921875 650.2562866210938 793.6412963867188 670.4241333007812
1127.5615234375 697.85791015625 1074.9989013671875 676.3489379882812
1001.9675903320312 686.3152465820312 987.560546875 681.6515502929688
853.6632690429688 669.1248168945312 843.00341796875 682.918212890625
1159.8480224609375 714.9651489257812 1107.46533203125 689.1141967773438
1135.2291259765625 719.1090087890625 1085.5428466796875 695.7972412109375
1326.35595703125 745.6787719726562 1258.5308837890625 698.9337768554688
849.9911499023438 691.1715087890625 842.9754028320312 702.785400390625
1521.66015625 781.975341796875 1431.1519775390625 710.7132568359375
1382.0906982421875 770.0645141601562 1310.1546630859375 716.0487670898438
846.3208618164062 710.3543701171875 843.5032348632812 721.960693359375
1221.179931640625 763.2271728515625 1167.7525634765625 727.142578125
1378.45361328125 785.8054809570312 1308.2420654296875 729.4422607421875
1319.6920166015625 781.1072387695312 1257.768310546875 732.0867919921875
1204.2474365234375 778.2112426757812 1156.6856689453125 742.1542358398438
1231.169921875 783.7063598632812 1179.7911376953125 745.445556640625
978.135498046875 767.3094482421875 978.0729370117188 760.603759765625
1226.5914306640625 800.6463623046875 1177.783935546875 760.6781616210938
1231.5706787109375 810.2092895507812 1183.2691650390625 768.4466552734375
1313.969970703125 821.67236328125 1258.5096435546875 769.6390991210938
889.189453125 770.9829711914062 894.7755737304688 774.3771362304688
1204.5904541015625 818.220947265625 1160.0364990234375 779.4759521484375
1224.9169921875 824.3275756835938 1180.18115234375 782.9251098632812
1436.083740234375 905.455810546875 1372.1712646484375 829.7750244140625
802.6895141601562 896.1597290039062 817.3526611328125 905.1775512695312
711.52099609375 887.9583740234375 698.5653686523438 913.4174194335938
1206.09814453125 969.2933349609375 1180.419921875 918.0960083007812
685.99560546875 893.3811645507812 673.2623901367188 922.2794189453125
1227.3802490234375 982.0653686523438 1200.892578125 927.19677734375
1250.357421875 995.1771850585938 1222.52734375 935.09423828125
537.4495239257812 897.732666015625 518.0013427734375 949.9038696289062
1310.759765625 1020.5836181640625 1278.7767333984375 950.0480346679688
712.5678100585938 930.2650756835938 706.291748046875 954.3430786132812
510.8444519042969 903.0571899414062 490.2326354980469 959.6666870117188
668.0980224609375 940.1410522460938 662.4824829101562 970.7659301757812
1090.791748046875 1012.5094604492188 1081.9525146484375 974.3536987304688
799.4723510742188 982.1793212890625 808.5645141601562 989.8841552734375
1080.5548095703125 1034.7921142578125 1076.18408203125 995.8411865234375
546.9686279296875 951.6737060546875 537.5765991210938 1001.3255004882812
855.5139770507812 1006.0835571289062 862.6348876953125 1004.1990966796875
945.21337890625 1024.119140625 949.0152587890625 1007.3704833984375
529.9208984375 970.099853515625 522.483642578125 1022.699462890625
1054.3299560546875 1060.2445068359375 1055.1220703125 1023.6143798828125
1038.82470703125 1061.5074462890625 1040.777587890625 1027.1737060546875
884.9470825195312 1043.3641357421875 893.6571044921875 1034.8126220703125
1010.2747802734375 485.100341796875 934.434814453125 483.8084411621094
1266.3426513671875 622.4249877929688 1190.5986328125 590.7338256835938
913.6471557617188 595.980224609375 887.5020141601562 604.7988891601562
1303.3868408203125 643.744873046875 1226.4940185546875 607.8560180664062
1389.3526611328125 661.2694091796875 1303.921630859375 614.6923828125
673.6754150390625 619.0256958007812 615.1689453125 651.2843017578125
791.8458251953125 645.8738403320312 777.9458618164062 666.6612548828125
1445.447509765625 728.0631713867188 1361.677734375 669.3248291015625
927.2315673828125 667.2613525390625 913.9884033203125 672.1268920898438
802.2818603515625 676.4644165039062 793.6136474609375 694.6782836914062
910.36279296875 695.9321899414062 900.6427001953125 700.2717895507812
1274.591552734375 744.7145385742188 1213.6763916015625 702.7207641601562
578.9486083984375 659.2145385742188 520.1224975585938 704.2965698242188
1293.6534423828125 754.9282836914062 1231.9066162109375 710.1390991210938
1343.9058837890625 774.7755126953125 1280.1932373046875 722.8885498046875
813.3104248046875 717.2528076171875 811.9161987304688 732.6849365234375
991.6080932617188 753.5944213867188 989.1256103515625 744.6222534179688
851.5039672851562 759.57275390625 856.711669921875 768.0589599609375
1161.2896728515625 809.66357421875 1121.202392578125 777.1629638671875
1248.1448974609375 819.6196899414062 1199.41162109375 776.18359375
1218.1322021484375 839.7220458984375 1175.7103271484375 797.7791748046875
1260.00927734375 844.2300415039062 1212.7825927734375 797.4253540039062
733.9867553710938 779.8273315429688 744.6947021484375 802.4606323242188
1169.1448974609375 864.7298583984375 1135.3106689453125 827.219482421875
494.2489929199219 826.97998046875 458.18414306640625 886.0176391601562
669.7608032226562 860.9482421875 651.446533203125 893.3955078125
1188.64453125 959.1339721679688 1163.620849609375 910.531982421875
1403.343994140625 995.0728759765625 1354.70361328125 914.3120727539062
698.160888671875 901.0308227539062 685.89501953125 928.68701171875
712.3878173828125 908.416259765625 702.72509765625 933.9496459960938
694.923583984375 918.8862915039062 686.615234375 945.9431762695312
1033.9283447265625 986.8492431640625 1030.2799072265625 957.9876708984375
900.7810668945312 1039.1617431640625 907.5543212890625 1028.63427734375
866.8740234375 1047.9815673828125 876.6495971679688 1042.020751953125
823.73046875 658.3025512695312 810.9715576171875 674.3595581054688
834.4171142578125 723.393798828125 833.375 736.389404296875
1357.4732666015625 794.8768920898438 1292.1326904296875 739.7826538085938
524.8968505859375 694.9230346679688 468.1364440917969 747.4977416992188
591.15380859375 763.9803466796875 551.766845703125 807.8027954101562
1297.4981689453125 964.871337890625 1261.257568359375 902.9244995117188
1431.264404296875 988.44482421875 1378.193115234375 904.8727416992188
638.0736694335938 956.3870239257812 633.7269897460938 991.8284912109375
831.6359252929688 998.5262451171875 837.1056518554688 1000.7274169921875
1098.4539794921875 1042.8687744140625 1093.0782470703125 1002.0368041992188
909.5422973632812 1039.09375 916.776611328125 1026.3397216796875
831.5816040039062 610.8944091796875 810.0560302734375 626.9444580078125
941.4232788085938 696.9937744140625 931.5596313476562 697.9437866210938
665.5014038085938 891.8825073242188 651.4254760742188 924.5068969726562
1099.7138671875 1008.757080078125 1089.709228515625 969.3189086914062
689.7183227539062 943.590576171875 684.857421875 970.9437866210938
551.7046508789062 972.226806640625 546.4449462890625 1020.92333984375
724.7725830078125 538.113525390625 656.4403686523438 564.030517578125
874.2657470703125 605.239013671875 850.9462890625 620.1692504882812
1169.330078125 698.8800659179688 1113.879150390625 673.6221313476562
874.974853515625 714.8732299804688 871.779296875 722.5379028320312
1195.53857421875 814.8430786132812 1151.2694091796875 777.017822265625
1290.3228759765625 880.6982421875 1244.78271484375 825.7210083007812
