1241.00390625 496.8249206542969 1179.3798828125 482.5376892089844
1356.31689453125 586.5028076171875 1299.1002197265625 560.4434204101562
982.5701904296875 574.8493041992188 958.438720703125 582.41357421875
917.3206176757812 573.583740234375 893.4151000976562 589.4147338867188
807.9336547851562 566.561767578125 781.3587036132812 593.4136962890625
881.729248046875 575.5097045898438 857.7171630859375 595.5848999023438
949.4300537109375 582.660888671875 928.2011108398438 595.3690795898438
825.9384765625 571.74365234375 800.3616333007812 596.9313354492188
895.0906982421875 578.9517822265625 871.6593017578125 597.0574340820312
826.1461791992188 574.9052734375 800.6409301757812 600.0484619140625
817.3534545898438 581.305419921875 793.0072631835938 607.4617919921875
967.4266967773438 597.48779296875 946.9873657226562 607.6188354492188
928.5831909179688 602.6217651367188 908.8171997070312 617.3956298828125
936.7680053710938 608.7555541992188 918.08544921875 622.2825927734375
932.1681518554688 612.5506591796875 913.5629272460938 626.3018798828125
830.5189208984375 603.9934692382812 809.99658203125 628.9378051757812
814.9719848632812 607.03466796875 794.9063110351562 633.6431274414062
881.956787109375 619.5220336914062 864.4827880859375 639.3660888671875
908.6360473632812 629.3239135742188 892.951904296875 646.3436889648438
911.9141235351562 632.0637817382812 896.9655151367188 648.4225463867188
777.9183959960938 617.564453125 757.42236328125 648.8618774414062
907.6881713867188 632.9776611328125 892.4692993164062 649.838623046875
817.1986083984375 624.3681030273438 799.1273193359375 651.0613403320312
793.461181640625 631.5639038085938 776.1484375 661.2154541015625
862.7645263671875 694.2639770507812 855.3072509765625 716.7805786132812
845.4122314453125 710.495361328125 841.1826782226562 735.3564453125
777.5909423828125 703.1769409179688 769.744140625 736.596923828125
845.7114868164062 716.1875610351562 841.9794921875 741.4822387695312
989.7733154296875 804.8919677734375 991.1271362304688 812.2937622070312
803.8562622070312 782.2814331054688 807.9115600585938 813.0695190429688
949.7513427734375 813.648193359375 951.7008666992188 827.0073852539062
962.646728515625 821.6398315429688 964.8058471679688 833.565673828125
892.7368774414062 815.4671630859375 896.6809692382812 835.826904296875
925.0135498046875 823.0285034179688 928.3245239257812 839.2327270507812
916.3767700195312 824.9794311523438 919.8246459960938 842.4813842773438
859.2825317382812 834.85400390625 863.620361328125 860.13818359375
844.3192138671875 836.9962158203125 848.8682250976562 863.7937622070312
1018.5309448242188 863.453369140625 1017.2361450195312 868.6134643554688
1004.5035400390625 862.0792236328125 1004.1284790039062 869.6637573242188
958.004638671875 865.7781982421875 959.9322509765625 877.3208618164062
1013.9212646484375 881.6302490234375 1010.9070434570312 887.8678588867188
901.6541137695312 879.1500854492188 905.3070678710938 899.2075805664062
1029.7901611328125 896.811279296875 1027.814697265625 899.3632202148438
951.4412231445312 894.6640625 949.5282592773438 909.51708984375
819.8187866210938 897.553466796875 823.9334106445312 929.3087158203125
827.4419555664062 919.51416015625 830.5319213867188 950.549560546875
999.5880737304688 433.07061767578125 940.2203979492188 441.95849609375
961.2123413085938 519.1907958984375 931.9581298828125 530.8562622070312
962.5582885742188 530.4042358398438 932.6904907226562 541.754150390625
905.15087890625 582.2096557617188 882.6139526367188 599.6204833984375
809.3300170898438 574.1211547851562 783.6746826171875 601.0643310546875
827.5115356445312 578.9816284179688 802.8654174804688 604.0359497070312
822.58154296875 580.8053588867188 798.2472534179688 606.6495971679688
963.2252807617188 597.4889526367188 942.9661254882812 608.6948852539062
998.3961181640625 602.68603515625 978.4763793945312 610.1746826171875
892.5180053710938 592.41357421875 871.2946166992188 610.7410888671875
851.39404296875 589.1726684570312 829.22119140625 612.654541015625
846.8859252929688 591.841796875 824.6066284179688 615.1749267578125
829.9690551757812 592.18115234375 807.1771240234375 617.1782836914062
827.4994506835938 596.8131713867188 805.3125 622.070068359375
831.5400390625 600.3673095703125 809.9922485351562 625.2994995117188
866.1559448242188 605.2254638671875 846.3118896484375 626.6812744140625
814.0836791992188 603.6602172851562 792.8229370117188 630.4320068359375
884.323974609375 623.4934692382812 866.909912109375 642.946533203125
926.1815795898438 630.3853759765625 909.4927368164062 644.8284301757812
782.0957641601562 616.9739990234375 762.204345703125 647.658935546875
836.7072143554688 630.1068115234375 820.007080078125 654.7831420898438
904.73193359375 638.2213745117188 889.9507446289062 655.5647583007812
838.4161987304688 637.9522094726562 823.0989990234375 662.5859985351562
786.5331420898438 634.5867309570312 768.5548706054688 665.0748901367188
820.010498046875 641.7514038085938 804.900390625 668.4263916015625
840.054443359375 647.1296997070312 825.9025268554688 671.5975952148438
823.1185913085938 645.936767578125 808.305908203125 672.4078979492188
821.9835815429688 650.8200073242188 807.6498413085938 677.41162109375
823.7993774414062 659.4445190429688 810.9510498046875 685.9973754882812
1021.9033203125 681.7921752929688 1014.0776977539062 686.1343383789062
816.1074829101562 660.6577758789062 803.4599609375 688.4610595703125
825.2799072265625 668.0504150390625 813.72412109375 694.6167602539062
817.883056640625 670.1249389648438 806.2848510742188 697.3628540039062
826.0332641601562 677.0611572265625 815.8115234375 703.5307006835938
856.9590454101562 689.470703125 849.0076293945312 712.386962890625
822.0353393554688 687.6383666992188 813.47705078125 715.2576904296875
843.8719482421875 698.5310668945312 837.428466796875 723.2197265625
838.84423828125 707.5360717773438 833.1535034179688 733.1915893554688
1038.5386962890625 792.8035278320312 1036.5677490234375 795.0514526367188
1008.5482788085938 801.4693603515625 1009.1990966796875 806.9393310546875
1027.31201171875 804.7822875976562 1026.7913818359375 808.2630004882812
993.7716064453125 805.998046875 994.769775390625 813.5194091796875
964.33154296875 806.5885009765625 966.1954345703125 817.8546752929688
973.9376220703125 808.8394775390625 975.6339111328125 818.6871948242188
953.5576782226562 813.3154296875 956.5741577148438 825.74609375
1025.905517578125 822.3212890625 1024.905029296875 826.1126708984375
976.8785400390625 819.2874145507812 978.5220947265625 829.2262573242188
970.9451293945312 820.7720336914062 972.912109375 831.6215209960938
920.6306762695312 821.4888916015625 923.8501586914062 838.4420776367188
1246.1923828125 869.0591430664062 1232.216796875 845.6105346679688
891.4395751953125 828.3905639648438 895.5298461914062 848.6704711914062
887.5960693359375 831.4717407226562 891.29931640625 852.3475341796875
896.90185546875 837.6890258789062 901.2238159179688 857.8002319335938
968.6926879882812 856.886474609375 969.5905151367188 868.3583374023438
902.7577514648438 872.30712890625 906.1098022460938 892.2406616210938
1000.9733276367188 885.070068359375 998.4847412109375 892.9736328125
1002.8151245117188 898.7352294921875 1001.7096557617188 905.4974975585938
797.5164794921875 901.887451171875 798.8102416992188 936.4777221679688
842.713623046875 945.2155151367188 845.5707397460938 974.2613525390625
883.3473510742188 442.1625061035156 823.8663330078125 460.718017578125
893.8734130859375 459.9546813964844 836.14599609375 477.9625549316406
1034.2489013671875 481.2957458496094 979.521484375 486.4923095703125
1240.4337158203125 502.4515075683594 1180.621337890625 488.9546813964844
1237.6595458984375 506.4847717285156 1177.415283203125 492.6085205078125
1018.5433959960938 486.306884765625 963.9852294921875 493.2729187011719
1258.75048828125 516.7587890625 1198.6534423828125 499.8798828125
1026.5963134765625 499.3385925292969 974.317626953125 505.21563720703125
967.02490234375 519.8782958984375 933.3829345703125 530.9081420898438
1135.69384765625 561.76611328125 1089.5184326171875 557.6480102539062
1371.6331787109375 602.2913208007812 1316.0089111328125 573.9697875976562
905.8851928710938 564.228759765625 880.3638305664062 581.0838012695312
915.6246948242188 567.6445922851562 891.045166015625 583.7139892578125
893.9472045898438 573.94677734375 869.6306762695312 592.2241821289062
1079.576171875 603.7623901367188 1038.2840576171875 602.38818359375
1088.593017578125 607.2463989257812 1049.76025390625 606.4893798828125
906.5524291992188 593.0540771484375 885.7559814453125 610.07666015625
926.2499389648438 595.8360595703125 905.6324462890625 610.6011962890625
818.0896606445312 584.9948120117188 794.6239624023438 611.3090209960938
810.9600830078125 585.6033325195312 787.4801025390625 613.3972778320312
894.072265625 600.0072021484375 874.2369995117188 618.2791137695312
876.5123901367188 599.2839965820312 856.0916748046875 619.4449462890625
765.4698486328125 588.1702270507812 740.1936645507812 620.242919921875
760.4559936523438 592.9085693359375 735.8831176757812 625.0498657226562
845.36669921875 602.0463256835938 824.6727294921875 625.7319946289062
823.6424560546875 601.2516479492188 802.972900390625 626.8209228515625
831.3377075195312 608.9343872070312 811.3082275390625 633.6641845703125
884.01025390625 615.01611328125 866.1148681640625 634.4141845703125
873.868408203125 615.061279296875 855.4078369140625 635.7258911132812
909.273193359375 624.7526245117188 892.8388671875 641.5523071289062
829.68603515625 617.9235229492188 812.0941162109375 642.3131103515625
834.8724975585938 621.360107421875 816.9740600585938 646.1056518554688
1455.364990234375 688.0214233398438 1403.131103515625 648.4596557617188
819.1271362304688 632.7040405273438 802.5919189453125 659.0737915039062
836.3104248046875 643.058837890625 821.2747802734375 667.9713745117188
832.8261108398438 647.7750854492188 818.4909057617188 673.274169921875
961.0249633789062 663.6373901367188 950.6301879882812 675.1511840820312
953.1644897460938 667.9549560546875 943.0376586914062 680.1456909179688
917.8463134765625 669.2978515625 907.76806640625 685.29296875
1015.0350341796875 690.3104248046875 1008.1675415039062 695.7701416015625
844.5317993164062 673.172119140625 834.39501953125 697.4500732421875
832.06201171875 676.7789306640625 821.7575073242188 702.5579833984375
842.0192260742188 678.6116943359375 832.6661987304688 703.3674926757812
828.8994140625 681.6159057617188 819.1676025390625 707.94970703125
846.2874145507812 682.9556274414062 837.4694213867188 707.2659301757812
828.6400756835938 686.8015747070312 819.450927734375 713.3519897460938
860.0748901367188 693.7924194335938 853.0960083007812 716.4124755859375
850.2291870117188 697.5958251953125 843.5060424804688 721.7051391601562
838.2255249023438 697.5465698242188 831.4177856445312 722.6244506835938
833.31640625 708.4953002929688 827.829345703125 734.6458740234375
781.6997680664062 710.6898803710938 774.9237670898438 742.9429931640625
1045.8990478515625 744.4901733398438 1043.7979736328125 746.4114990234375
829.191162109375 719.9176635742188 826.1224975585938 747.2056274414062
999.39404296875 795.26708984375 1000.277587890625 803.2037353515625
994.6675415039062 801.8543701171875 995.6036376953125 809.5880126953125
955.9057006835938 805.5955810546875 957.6664428710938 818.3953857421875
1024.425048828125 816.40283203125 1023.502197265625 820.5482788085938
918.9295043945312 808.27294921875 922.1611938476562 825.115966796875
959.8197631835938 811.92919921875 961.92236328125 823.55224609375
943.2266845703125 814.167236328125 946.3370971679688 828.5966186523438
925.70751953125 817.431640625 928.8054809570312 833.746826171875
934.873291015625 819.197509765625 937.8925170898438 834.2284545898438
915.2633056640625 821.6959228515625 918.8563232421875 838.7859497070312
870.7298583984375 826.849853515625 875.44287109375 850.4852905273438
901.531005859375 830.3861694335938 905.46826171875 850.2880859375
913.392333984375 863.9058227539062 916.7073974609375 881.7703247070312
1015.40234375 890.9301147460938 1012.68505859375 896.6226806640625
1012.15771484375 898.4937744140625 1010.5126342773438 904.392333984375
946.8677978515625 910.2091064453125 947.6731567382812 925.0220336914062
955.1279296875 413.3568420410156 891.9782104492188 425.8659362792969
958.2064819335938 432.8312683105469 898.061279296875 445.2128601074219
844.0740966796875 447.4003601074219 783.87451171875 469.6452941894531
856.982421875 450.4643249511719 798.7106323242188 471.3146667480469
880.5234985351562 456.9893798828125 823.317626953125 475.6980285644531
1259.6204833984375 495.2872619628906 1197.540283203125 480.1054992675781
865.0626831054688 461.8240966796875 807.4158935546875 482.72406005859375
895.7838745117188 466.54364013671875 839.377197265625 484.09783935546875
1021.8019409179688 492.7442932128906 968.754150390625 498.76397705078125
1271.2120361328125 519.759521484375 1212.6712646484375 503.82861328125
1263.2711181640625 523.9924926757812 1205.4068603515625 508.1603088378906
790.5237426757812 485.19415283203125 734.7340698242188 512.4928588867188
1029.9703369140625 506.6132507324219 978.8678588867188 512.1453247070312
783.6461181640625 494.65826416015625 727.1017456054688 523.427490234375
1158.4541015625 533.7918090820312 1105.8494873046875 526.4287719726562
785.3484497070312 501.79949951171875 730.0909423828125 530.0313720703125
1150.302490234375 537.9135131835938 1099.380126953125 531.7152709960938
1155.76708984375 545.6417846679688 1106.0703125 538.7606811523438
1132.3167724609375 544.9644775390625 1083.2313232421875 540.3875122070312
1145.7176513671875 548.3350219726562 1097.299560546875 542.7964477539062
1358.078369140625 597.3604736328125 1302.9775390625 570.0800170898438
597.4070434570312 526.6096801757812 535.5328369140625 573.5438842773438
1335.2149658203125 598.8766479492188 1282.174560546875 574.4908447265625
922.7831420898438 571.2294311523438 898.9562377929688 586.3955688476562
950.9752807617188 576.1329956054688 928.5076904296875 588.9915771484375
924.6527709960938 577.796630859375 902.2357177734375 592.7386474609375
926.30712890625 587.684814453125 904.6456298828125 602.7207641601562
821.6840209960938 578.4340209960938 796.6256103515625 603.9137573242188
1241.413330078125 622.3557739257812 1195.8197021484375 604.1965942382812
827.8807983398438 582.4354248046875 803.858642578125 608.06689453125
805.2903442382812 585.580810546875 780.0361938476562 613.4169311523438
1003.0346069335938 605.832275390625 984.08056640625 613.700439453125
870.5501708984375 597.2061767578125 849.8058471679688 617.7692260742188
770.4337158203125 590.6669311523438 745.6074829101562 622.7672729492188
853.0573120117188 600.857421875 832.6765747070312 623.7747802734375
949.916015625 612.1189575195312 932.1074829101562 623.3916625976562
880.7077026367188 604.6651000976562 860.8635864257812 624.493408203125
838.527587890625 602.5399780273438 817.4110107421875 626.8803100585938
809.4327392578125 600.4014282226562 786.6866455078125 627.743896484375
815.4777221679688 613.64453125 796.0650024414062 641.037353515625
1255.62451171875 665.4985961914062 1215.474853515625 646.0174560546875
924.1280517578125 634.0154418945312 908.8435668945312 649.5015258789062
853.3834228515625 643.7176513671875 838.3568115234375 666.7530517578125
944.4216918945312 657.215087890625 933.6950073242188 670.7799072265625
863.1737060546875 651.7999877929688 850.5004272460938 673.874267578125
1446.31787109375 719.19970703125 1398.4638671875 678.6613159179688
933.9193115234375 666.6453247070312 923.4801025390625 680.4207153320312
842.3336791992188 658.4480590820312 829.7910766601562 682.5223388671875
941.3753662109375 675.5524291992188 932.0402221679688 688.4940795898438
921.6122436523438 674.3684692382812 912.2836303710938 689.6088256835938
950.9050903320312 678.2039794921875 942.0830688476562 690.522216796875
993.8751831054688 694.1360473632812 987.65771484375 701.9305419921875
1019.5792846679688 699.4423217773438 1014.1505126953125 703.9547729492188
838.8790893554688 683.86865234375 829.9910888671875 709.1655883789062
1124.061279296875 728.8602905273438 1098.7926025390625 722.4991455078125
864.4014892578125 702.6275024414062 858.5369262695312 725.18798828125
851.756591796875 709.5703125 846.770751953125 733.595947265625
827.9922485351562 714.0137329101562 823.16552734375 740.8302612304688
774.8544311523438 708.8775024414062 767.7777099609375 741.952880859375
685.5948486328125 701.227783203125 651.5325317382812 745.5355834960938
1040.5218505859375 772.5989990234375 1038.705322265625 775.2151489257812
1031.96923828125 777.351318359375 1030.8387451171875 780.7667236328125
774.311279296875 756.4100341796875 774.7486572265625 791.0828247070312
975.8245239257812 782.7268676757812 977.2816162109375 792.6896362304688
1032.9713134765625 795.1295776367188 1032.09619140625 797.4553833007812
651.3109130859375 755.6807250976562 620.7550659179688 805.6204833984375
667.4088134765625 760.0286254882812 638.158447265625 808.614501953125
928.5782470703125 804.447265625 931.7789306640625 820.46044921875
864.2464599609375 808.2359008789062 868.7499389648438 832.095947265625
909.7178344726562 816.5365600585938 913.1920776367188 835.0084838867188
795.432373046875 829.3380737304688 800.4405517578125 862.669677734375
1049.0810546875 876.6929931640625 1044.1446533203125 877.7859497070312
819.6722412109375 872.8861083984375 824.5776977539062 904.4030151367188
1109.245849609375 915.4940795898438 1107.218017578125 907.512939453125
669.212646484375 858.9473876953125 654.0587768554688 909.904296875
1024.66064453125 905.3009643554688 1023.668701171875 909.148681640625
714.88720703125 886.0606689453125 705.3851318359375 931.9296875
890.0269775390625 913.5017700195312 891.2736206054688 936.3499755859375
1289.1405029296875 1021.4579467773438 1292.8267822265625 988.7203979492188
1177.8585205078125 1056.2767333984375 1191.2745361328125 1037.6224365234375
991.8031005859375 396.8360900878906 926.924560546875 407.01513671875
1011.3697509765625 422.64276123046875 950.1589965820312 431.3646240234375
1019.294677734375 432.8484191894531 959.0588989257812 439.7096252441406
851.89404296875 439.9042663574219 789.301513671875 462.07965087890625
1267.1043701171875 480.6731262207031 1204.3115234375 466.74456787109375
834.078125 444.75091552734375 773.5751953125 467.33905029296875
886.6918334960938 463.1894226074219 829.6898193359375 481.59075927734375
1247.02783203125 493.9915466308594 1186.9951171875 481.4493713378906
786.673095703125 459.021484375 724.828125 487.18438720703125
1276.89306640625 513.267578125 1216.8262939453125 497.3240051269531
1288.0103759765625 513.5287475585938 1228.0382080078125 496.5478515625
1044.729248046875 494.813232421875 992.3497314453125 499.73614501953125
1232.859619140625 516.028076171875 1175.667724609375 503.0809326171875
1061.9461669921875 502.9337158203125 1008.8880004882812 504.7159729003906
756.7764282226562 481.1525573730469 697.8348388671875 512.2134399414062
1044.9808349609375 509.3573303222656 993.3579711914062 512.97216796875
1261.8177490234375 533.2628173828125 1204.097412109375 516.8761596679688
1162.233642578125 525.7142944335938 1110.4251708984375 519.4263305664062
749.562744140625 488.9766540527344 692.7009887695312 520.6065063476562
1135.6053466796875 534.208251953125 1084.7413330078125 529.3510131835938
951.8284912109375 523.7177124023438 920.37744140625 536.2865600585938
1117.7396240234375 541.2109985351562 1068.5302734375 537.852783203125
1347.132568359375 562.2833251953125 1289.47216796875 538.6119384765625
1342.9114990234375 570.163330078125 1286.2374267578125 546.3411865234375
1177.037841796875 557.8660888671875 1128.7166748046875 549.5152587890625
1128.2908935546875 555.8023071289062 1080.8299560546875 551.4696044921875
741.906982421875 522.160400390625 688.7604370117188 554.9366455078125
616.7018432617188 512.9699096679688 552.6011962890625 558.6986694335938
1316.9190673828125 580.7337036132812 1263.0067138671875 558.563232421875
1350.2994384765625 590.8948364257812 1293.965087890625 563.9484252929688
1366.301025390625 593.437744140625 1309.74267578125 565.7784423828125
596.612548828125 518.895263671875 531.997802734375 566.8238525390625
631.4786987304688 523.2159423828125 569.8394775390625 567.859375
1297.9287109375 587.9105834960938 1246.816650390625 567.4954223632812
1341.2791748046875 593.7512817382812 1287.89794921875 569.4933471679688
1055.007080078125 572.8660278320312 1011.7600708007812 575.2404174804688
1331.48876953125 609.4581909179688 1279.64697265625 585.024169921875
601.2200317382812 538.8153076171875 541.8362426757812 586.7386474609375
575.7953491210938 540.1431884765625 512.1935424804688 590.6233520507812
1354.32421875 621.5326538085938 1302.352294921875 593.737548828125
1085.9583740234375 599.3637084960938 1045.1060791015625 598.3179321289062
498.1214599609375 548.5222778320312 428.68035888671875 607.876708984375
803.225341796875 580.619140625 778.2620849609375 607.8779296875
834.7572631835938 585.2967529296875 811.3223876953125 610.2348022460938
1081.6668701171875 611.6950073242188 1042.5625 610.9071655273438
805.234130859375 591.45263671875 782.5538330078125 619.4352416992188
1231.07373046875 637.9627075195312 1189.9088134765625 622.5302124023438
1221.5906982421875 642.4014282226562 1180.6610107421875 627.0011596679688
769.0965576171875 601.1286010742188 745.76171875 632.6160888671875
951.1153564453125 621.3555908203125 934.2183837890625 634.0194091796875
822.585693359375 608.8287963867188 802.226806640625 634.726806640625
1235.0118408203125 658.9761962890625 1194.6256103515625 640.694580078125
1438.0208740234375 682.6165161132812 1386.8687744140625 644.003662109375
842.1879272460938 624.8612670898438 824.46337890625 648.6529541015625
843.9105834960938 631.9303588867188 827.72705078125 656.255126953125
1429.2379150390625 700.2640991210938 1380.72802734375 661.8921508789062
1457.921630859375 701.8948364257812 1408.202880859375 661.8131713867188
845.553955078125 640.8992919921875 830.4020385742188 665.0010986328125
1113.921142578125 673.3802490234375 1081.4022216796875 668.1386108398438
1113.921142578125 673.3802490234375 1081.4022216796875 668.1386108398438
846.5468139648438 651.740478515625 833.0863037109375 675.4620971679688
652.7005615234375 633.3302612304688 607.9708251953125 678.695556640625
628.1221313476562 632.1307373046875 580.2474365234375 680.7879638671875
1026.393310546875 680.3450927734375 1017.4580078125 684.4229736328125
658.2723388671875 640.6656494140625 613.8505249023438 686.2918701171875
630.7306518554688 641.0365600585938 584.4234008789062 689.6898803710938
849.1880493164062 665.955078125 838.0625610351562 689.3650512695312
901.6185913085938 673.8831176757812 892.154296875 691.8114624023438
810.821044921875 664.752197265625 798.4268798828125 692.9918823242188
631.8101806640625 650.56689453125 586.7808227539062 699.2161254882812
851.7030029296875 676.3287353515625 841.5094604492188 700.2619018554688
795.130859375 670.8875122070312 783.0965576171875 701.1964721679688
829.5043334960938 694.8941040039062 821.8187866210938 720.9962768554688
1293.907958984375 748.0880737304688 1262.3280029296875 722.6629638671875
781.614501953125 695.3956298828125 772.4617919921875 727.9168701171875
785.8707885742188 706.4072875976562 778.3737182617188 737.7595825195312
468.1053466796875 678.2147216796875 411.8841247558594 747.8733520507812
692.5762329101562 706.9180908203125 659.02490234375 750.3077392578125
796.3861694335938 737.2838745117188 793.405029296875 768.1239624023438
648.7301025390625 748.063232421875 617.1400756835938 798.3087158203125
1172.2955322265625 821.5964965820312 1156.1632080078125 807.6660766601562
1003.3421020507812 801.9546508789062 1003.7774047851562 808.53369140625
1191.004638671875 827.7702026367188 1174.7838134765625 810.9695434570312
979.8314208984375 807.01806640625 981.4518432617188 816.1636352539062
1170.1302490234375 836.041748046875 1156.470703125 822.29833984375
1222.120849609375 854.147216796875 1207.937255859375 833.43310546875
1083.107177734375 860.30126953125 1075.2684326171875 856.179443359375
1201.5830078125 883.5725708007812 1192.4083251953125 864.7680053710938
1067.294189453125 868.3787231445312 1060.66064453125 866.62109375
807.364013671875 848.178466796875 812.30029296875 880.5571899414062
1039.1241455078125 887.547119140625 1035.725830078125 889.6007690429688
1055.1134033203125 889.6514892578125 1051.1407470703125 889.0721435546875
1035.480712890625 923.7572021484375 1036.626708984375 926.4545288085938
929.5787353515625 954.9097900390625 935.4729614257812 971.6483154296875
870.241455078125 454.9161071777344 810.3379516601562 475.3517761230469
841.16650390625 456.811767578125 781.762939453125 478.4325256347656
904.3889770507812 461.8756408691406 847.5264282226562 479.2003479003906
916.5712280273438 465.49658203125 860.3621215820312 481.1718444824219
1248.48779296875 499.24066162109375 1188.0489501953125 485.7155456542969
1272.909912109375 502.57568359375 1211.3939208984375 486.72503662109375
878.4647827148438 469.8161926269531 821.985107421875 489.1192626953125
891.1483764648438 473.84613037109375 836.6685180664062 491.6390075683594
1031.4134521484375 491.36566162109375 977.8058471679688 496.9029541015625
782.5177612304688 470.05194091796875 722.523193359375 498.2331848144531
1291.459716796875 519.5225830078125 1231.39208984375 500.97918701171875
1307.2125244140625 523.0479125976562 1246.048583984375 502.3194274902344
1275.3719482421875 525.7448120117188 1216.841064453125 508.3195495605469
797.4962158203125 482.08538818359375 740.6464233398438 510.28704833984375
1057.0731201171875 511.55352783203125 1005.92919921875 514.0084228515625
737.0942993164062 489.2235412597656 678.2969970703125 522.5074462890625
794.9266357421875 495.5309143066406 739.66552734375 522.6326904296875
807.1560668945312 500.4637756347656 752.988525390625 527.3527221679688
1123.6099853515625 532.4421997070312 1072.784912109375 529.459228515625
742.56787109375 497.67266845703125 685.7728881835938 530.3173828125
1105.67822265625 538.6370849609375 1056.6158447265625 537.0872802734375
737.1770629882812 509.6958923339844 680.6595458984375 542.1007080078125
944.0408935546875 532.5416259765625 914.4190063476562 545.522216796875
1116.468017578125 552.2017211914062 1068.2198486328125 548.6001586914062
1203.7916259765625 562.6430053710938 1153.9715576171875 550.453857421875
878.2543334960938 543.1931762695312 849.8820190429688 562.6890869140625
1286.6148681640625 585.9219970703125 1235.006591796875 566.6472778320312
642.7975463867188 527.3832397460938 581.8544921875 571.7193603515625
1074.11279296875 584.7039794921875 1031.767333984375 585.1040649414062
1087.66259765625 587.6807861328125 1046.34375 587.2189331054688
909.6604614257812 573.9306030273438 885.648193359375 590.6354370117188
1328.8690185546875 620.2669067382812 1278.0296630859375 594.6246337890625
982.332763671875 586.5919799804688 960.4437866210938 596.00927734375
617.770751953125 557.0630493164062 560.5018310546875 604.5540771484375
847.9783325195312 585.2434692382812 825.2981567382812 608.6421508789062
1216.3414306640625 622.3716430664062 1173.9305419921875 608.0978393554688
837.355712890625 594.1925048828125 815.2684936523438 618.27880859375
849.3593139648438 601.7357788085938 829.1876831054688 624.3525390625
1208.906494140625 636.8682861328125 1167.036376953125 623.857666015625
1263.12353515625 647.678955078125 1220.5526123046875 628.1971435546875
994.347412109375 622.8123779296875 977.9685668945312 630.9843139648438
1439.4122314453125 670.49365234375 1387.91552734375 632.9262084960938
657.2217407226562 604.677001953125 608.3212890625 648.8931884765625
651.8723754882812 624.0624389648438 604.9515380859375 669.72314453125
860.5957641601562 652.0382690429688 846.5899047851562 674.7007446289062
1147.19677734375 683.388427734375 1115.3956298828125 675.1011962890625
920.1881103515625 661.1884155273438 909.8295288085938 677.4812622070312
1327.251953125 707.7798461914062 1288.6646728515625 679.497802734375
1457.115966796875 729.3104858398438 1409.78125 686.8878784179688
1150.5716552734375 704.2339477539062 1120.15576171875 694.5787963867188
1167.458984375 710.939453125 1137.7158203125 699.4033813476562
1030.3453369140625 697.8815307617188 1024.271240234375 702.049072265625
1274.425048828125 728.9359741210938 1240.9093017578125 705.8029174804688
1130.5540771484375 714.8029174804688 1103.3770751953125 707.82470703125
1341.5643310546875 739.998291015625 1305.1065673828125 708.9468383789062
608.7931518554688 658.0925903320312 562.43603515625 710.2579345703125
1008.0389404296875 704.0138549804688 1002.7102661132812 710.3783569335938
1120.860107421875 720.0740356445312 1093.8936767578125 713.6114501953125
844.7455444335938 702.5772094726562 838.82470703125 727.393798828125
1116.6610107421875 734.6124877929688 1091.883544921875 728.2966918945312
479.06768798828125 662.1956176757812 423.8231201171875 730.6539306640625
1348.87646484375 764.326171875 1314.59814453125 731.2407836914062
1319.9422607421875 764.0940551757812 1288.2764892578125 734.6581420898438
1338.0439453125 769.2991333007812 1305.0626220703125 736.8421020507812
1307.5999755859375 784.1492309570312 1279.1212158203125 755.0789794921875
652.1973266601562 712.515869140625 616.6458129882812 761.0492553710938
1316.52783203125 795.325439453125 1288.893310546875 765.2908935546875
638.654541015625 717.6396484375 602.2699584960938 768.1492309570312
681.4955444335938 722.8529052734375 649.1881713867188 768.1567993164062
640.9437255859375 727.864013671875 608.1038208007812 777.3973388671875
671.016845703125 737.834716796875 639.8778686523438 784.9669799804688
659.18017578125 742.5225830078125 628.6632690429688 790.8483276367188
1218.820556640625 812.6904296875 1199.7471923828125 793.0191650390625
1161.6282958984375 825.3805541992188 1146.3968505859375 812.377197265625
537.8206176757812 755.666259765625 499.146728515625 820.2243041992188
1197.168212890625 856.0687255859375 1184.1627197265625 838.3021850585938
1205.2125244140625 866.7763061523438 1192.85205078125 848.4403076171875
1025.1558837890625 846.5588989257812 1022.2002563476562 851.3932495117188
512.14453125 788.0564575195312 475.02581787109375 857.7471313476562
529.478759765625 795.2193603515625 494.2362060546875 862.5302734375
1032.90087890625 869.9638061523438 1029.8612060546875 872.0673217773438
701.9635009765625 834.4066772460938 684.9678344726562 880.8145751953125
701.9635009765625 834.4066772460938 684.9678344726562 880.8145751953125
1077.2645263671875 882.4950561523438 1072.1016845703125 879.91650390625
1065.7933349609375 888.588134765625 1062.04052734375 887.00830078125
708.2828979492188 844.6659545898438 693.1287841796875 890.1669311523438
1054.5391845703125 890.0670166015625 1050.8897705078125 889.4306030273438
1084.7188720703125 893.7392578125 1080.8271484375 889.6806030273438
722.4329833984375 852.4923706054688 709.1923217773438 896.3924560546875
678.716796875 858.1156005859375 663.6618041992188 908.3151245117188
1026.7593994140625 906.4537963867188 1026.498291015625 910.1848754882812
685.669921875 868.2557373046875 672.12890625 917.6986694335938
878.1525268554688 896.8822021484375 881.2289428710938 920.3324584960938
1056.86962890625 927.796142578125 1057.98681640625 927.5422973632812
685.5338745117188 882.2461547851562 673.7972412109375 932.4159545898438
1044.060546875 932.1551513671875 1046.352783203125 933.5220336914062
958.9501953125 922.6423950195312 959.0224609375 935.057373046875
1063.286865234375 940.3157348632812 1065.8004150390625 938.878662109375
1082.3245849609375 945.3469848632812 1085.3536376953125 941.54248046875
877.4654541015625 927.2244262695312 880.3222045898438 951.1134033203125
1294.5203857421875 999.4794311523438 1294.6961669921875 966.8078002929688
909.539306640625 951.1319580078125 914.2697143554688 971.0499877929688
1361.822021484375 1023.9896240234375 1359.86181640625 981.3536987304688
540.3705444335938 917.5859375 522.2911987304688 990.196044921875
471.3388671875 918.7950439453125 448.0718078613281 1001.0651245117188
930.2897338867188 1007.0249633789062 942.3073120117188 1024.472412109375
1153.5802001953125 1044.3355712890625 1166.971923828125 1030.114013671875
1128.0411376953125 1059.3934326171875 1144.075927734375 1048.506103515625
912.0546264648438 1037.05029296875 928.103759765625 1057.4320068359375
972.975830078125 416.1297607421875 910.0703735351562 427.7347717285156
865.9639282226562 444.5879821777344 807.093505859375 464.43231201171875
857.1920776367188 466.7174072265625 800.1292724609375 487.8983154296875
727.3419189453125 480.0279541015625 667.0199584960938 512.8336791992188
1147.250244140625 525.7357788085938 1095.0263671875 520.468505859375
1251.0599365234375 542.418701171875 1195.5211181640625 526.8237915039062
1180.8507080078125 539.203125 1129.4903564453125 530.30517578125
1167.6278076171875 548.8890991210938 1117.98388671875 541.208984375
1326.9669189453125 572.0777587890625 1270.4898681640625 548.9642333984375
1148.9224853515625 556.1897583007812 1100.7874755859375 549.9974975585938
958.0653076171875 541.0029907226562 929.4959716796875 552.5496826171875
1346.0108642578125 580.55810546875 1289.7471923828125 556.12451171875
1363.8759765625 580.9379272460938 1306.2545166015625 553.6322631835938
1379.464111328125 597.2586059570312 1322.8173828125 567.72900390625
636.2078857421875 541.223876953125 576.8574829101562 586.2742919921875
815.8440551757812 568.5751342773438 789.0927734375 594.9674072265625
940.2142944335938 582.8634033203125 917.8098754882812 596.5990600585938
604.80615234375 550.5357666015625 544.3828125 598.8633422851562
956.223876953125 588.9102172851562 934.8228759765625 600.5736083984375
802.3071899414062 580.4667358398438 776.8810424804688 607.799560546875
759.1178588867188 582.5919189453125 732.9110107421875 615.1513061523438
1245.0284423828125 631.6241455078125 1200.288330078125 614.071533203125
1263.4735107421875 633.996826171875 1219.396240234375 614.2118530273438
1175.8399658203125 629.4537353515625 1135.5159912109375 619.2318725585938
1192.775390625 634.812744140625 1152.407470703125 622.4422607421875
440.1686096191406 570.20703125 366.71881103515625 637.5546875
1462.966552734375 681.9351806640625 1408.694091796875 639.9373168945312
633.3622436523438 608.98486328125 582.9884643554688 656.0947265625
1148.6295166015625 669.3895874023438 1114.76904296875 660.590087890625
1128.2806396484375 668.2727661132812 1094.743408203125 661.9283447265625
637.4419555664062 623.7208251953125 588.6765747070312 670.0146484375
1219.8671875 687.3676147460938 1183.67578125 670.347900390625
779.5863647460938 649.4686279296875 763.7500610351562 681.0443115234375
1168.4442138671875 696.272216796875 1137.1090087890625 684.850830078125
1322.34326171875 721.3617553710938 1284.4166259765625 693.47607421875
1133.2193603515625 702.3946533203125 1103.9892578125 694.8954467773438
1340.1585693359375 723.8483276367188 1302.169921875 693.4893798828125
1181.923583984375 714.622314453125 1152.0968017578125 700.9056396484375
994.6920776367188 696.6655883789062 989.0020141601562 704.2749633789062
1148.112060546875 718.1422119140625 1119.8582763671875 708.6376342773438
623.35400390625 659.6107177734375 578.992919921875 710.46826171875
1260.27783203125 737.9498901367188 1229.26611328125 716.1259155273438
1281.064697265625 740.1206665039062 1249.0443115234375 715.4856567382812
599.8270263671875 668.61474609375 555.7906494140625 722.376953125
919.43896484375 714.0149536132812 915.9166870117188 730.2529296875
1113.5838623046875 747.5808715820312 1090.035888671875 741.4327392578125
676.2236328125 706.9839477539062 641.4482421875 752.5780639648438
690.6697387695312 711.3631591796875 657.784912109375 755.421875
664.2688598632812 716.2864379882812 629.9338989257812 764.311279296875
1218.259521484375 784.9683837890625 1196.1102294921875 766.3512573242188
695.3469848632812 726.2094116210938 664.1702880859375 769.92138671875
628.1118774414062 733.3613891601562 593.3751831054688 786.0676879882812
688.5838012695312 744.901611328125 659.611328125 789.24658203125
716.766357421875 751.7345581054688 690.1536254882812 793.7833862304688
1180.805908203125 832.1859130859375 1165.6654052734375 816.7128295898438
1249.9827880859375 846.050537109375 1232.4320068359375 822.1895751953125
1122.3505859375 844.2696533203125 1111.858642578125 836.6312255859375
858.5873413085938 824.2872314453125 861.3592529296875 849.6571655273438
891.0872802734375 829.678955078125 894.0743408203125 851.2669677734375
1192.5189208984375 873.2978515625 1182.283447265625 855.84326171875
1112.72119140625 866.6524658203125 1104.6990966796875 858.8484497070312
1214.53955078125 879.162353515625 1203.8096923828125 858.8927001953125
972.0504760742188 872.5579833984375 973.5741577148438 882.6897583007812
1097.8349609375 890.0740966796875 1093.328125 884.5258178710938
677.3748168945312 844.8263549804688 660.4844970703125 894.6534423828125
1073.8072509765625 901.9055786132812 1071.0645751953125 899.255126953125
709.7564697265625 857.724853515625 695.9926147460938 903.9141845703125
728.0126953125 864.0134887695312 716.3702392578125 907.5150756835938
649.42041015625 856.7680053710938 632.2241821289062 911.0860595703125
1070.00830078125 919.0137329101562 1069.9161376953125 916.7999877929688
1333.6629638671875 962.3695068359375 1325.9068603515625 925.0762939453125
1076.1080322265625 932.4803466796875 1077.255615234375 929.563720703125
702.7733764648438 888.2561645507812 693.7382202148438 935.5277709960938
1096.482421875 942.7586669921875 1098.47509765625 936.8314819335938
1049.4825439453125 945.7986450195312 1053.2615966796875 946.35986328125
1071.0076904296875 954.748779296875 1075.28271484375 952.2085571289062
921.3934326171875 944.8687133789062 925.82080078125 962.9241333007812
681.0670776367188 913.5631103515625 673.6066284179688 965.0974731445312
1318.2906494140625 1010.6409912109375 1317.76171875 974.0143432617188
1376.0345458984375 1020.8856201171875 1372.424560546875 976.3348388671875
1314.3809814453125 1031.0322265625 1316.8702392578125 994.2673950195312
949.9373779296875 982.6476440429688 959.951171875 996.6329956054688
895.6920166015625 975.4647827148438 903.6581420898438 997.7608642578125
1161.349365234375 1032.73779296875 1173.9813232421875 1016.8045043945312
969.1486206054688 1009.7962646484375 982.3611450195312 1021.8448486328125
900.876708984375 1007.9067993164062 912.8805541992188 1030.012939453125
1138.3046875 1047.2747802734375 1152.3558349609375 1034.6727294921875
921.444091796875 1017.3922729492188 934.9652709960938 1036.54345703125
885.640625 1015.8683471679688 898.75390625 1040.0855712890625
926.86865234375 1032.3248291015625 942.2180786132812 1050.7806396484375
771.1016845703125 1013.1135864257812 780.35888671875 1054.9132080078125
892.8461303710938 1030.4920654296875 908.0201416015625 1053.8231201171875
892.2189331054688 432.91943359375 831.5020751953125 450.84552001953125
859.1331787109375 481.8235168457031 804.4519653320312 502.5679931640625
632.4972534179688 506.7601623535156 568.7141723632812 550.6290283203125
921.8339233398438 584.3143920898438 899.12744140625 600.0911254882812
479.3179016113281 550.1818237304688 407.6019592285156 611.8047485351562
875.6478881835938 605.976806640625 856.3126220703125 626.15478515625
661.3433837890625 589.9895629882812 609.9925537109375 633.67138671875
923.790771484375 618.4784545898438 906.7138061523438 633.7055053710938
1249.042724609375 657.9069213867188 1208.6483154296875 638.8748168945312
645.50244140625 595.3070678710938 594.8692016601562 639.8502197265625
792.0318603515625 620.3699951171875 772.1878051757812 649.5908813476562
1222.6314697265625 668.681396484375 1184.714111328125 652.2055053710938
777.9462890625 630.6273803710938 759.5447387695312 662.19921875
914.9136352539062 645.29541015625 900.8643798828125 662.4201049804688
795.64208984375 635.851318359375 778.0310668945312 664.42578125
589.190185546875 614.5501708984375 537.1314697265625 665.8409423828125
811.8963623046875 646.4071655273438 796.7982177734375 674.0210571289062
644.4859619140625 642.0857543945312 599.3983154296875 689.0921630859375
797.3695068359375 658.4630126953125 783.0350952148438 688.767578125
1003.0950927734375 680.6443481445312 995.0404052734375 687.6778564453125
1296.717529296875 724.5414428710938 1261.885986328125 699.3129272460938
1116.6915283203125 709.55029296875 1089.1424560546875 703.860595703125
1307.659912109375 741.8389892578125 1274.0634765625 714.2310791015625
1359.0565185546875 749.7672729492188 1322.9583740234375 717.0430297851562
498.3827209472656 671.9808349609375 445.7282409667969 737.7174072265625
519.0972290039062 683.547607421875 469.17950439453125 747.3362426757812
660.9528198242188 701.790771484375 624.4080810546875 747.857666015625
1340.3909912109375 783.2391357421875 1309.8414306640625 750.3516235351562
1332.9769287109375 799.7506713867188 1304.5418701171875 767.4762573242188
709.8895263671875 732.5089721679688 680.4783325195312 774.8082275390625
780.618896484375 750.3443603515625 779.5973510742188 783.7252197265625
1232.23876953125 805.357666015625 1210.9930419921875 784.1576538085938
674.8270874023438 753.1529541015625 646.3593139648438 800.4132080078125
692.5797729492188 760.94189453125 665.8162841796875 806.3923950195312
1146.0257568359375 820.1633911132812 1131.0032958984375 809.3842163085938
1213.8289794921875 845.4928588867188 1198.93408203125 825.7754516601562
1211.580322265625 861.0423583984375 1198.676513671875 841.3484497070312
725.4426879882812 814.832275390625 707.212646484375 857.0100708007812
545.3328857421875 807.7387084960938 513.2213745117188 873.6162719726562
716.1199951171875 832.8114013671875 700.3087158203125 877.0482177734375
560.8102416992188 812.1135864257812 530.7564697265625 877.800537109375
687.0825805664062 830.2374877929688 668.8134155273438 877.9822998046875
500.7831115722656 815.8515625 465.8318176269531 887.8590087890625
1321.98046875 929.0670166015625 1311.018310546875 894.263671875
1089.0469970703125 905.5990600585938 1086.708251953125 901.1331176757812
1099.656982421875 920.1862182617188 1098.636962890625 914.14990234375
715.6556396484375 876.1595458984375 705.336669921875 922.0509643554688
1313.7987060546875 970.3741455078125 1309.2437744140625 935.057373046875
1245.8726806640625 971.5581665039062 1245.281494140625 945.2677001953125
1282.081298828125 986.5846557617188 1281.1309814453125 955.614990234375
1264.615966796875 1000.4615478515625 1266.537353515625 971.2762451171875
947.3936767578125 965.0035400390625 954.4873657226562 979.6905517578125
895.0137939453125 958.71630859375 901.0614624023438 980.5732421875
1301.7138671875 1014.50439453125 1302.82470703125 980.308349609375
1393.4356689453125 1026.313720703125 1388.91064453125 979.9721069335938
1334.364013671875 1019.3013305664062 1333.4110107421875 981.3006591796875
884.2962036132812 964.397705078125 890.4111938476562 988.2891235351562
1347.5367431640625 1035.369384765625 1347.7301025390625 994.2960205078125
906.57275390625 987.182373046875 916.3690795898438 1007.8295288085938
897.9929809570312 991.52197265625 907.495849609375 1013.9755249023438
1095.3388671875 1056.1513671875 1111.8785400390625 1050.0633544921875
1112.76806640625 1064.412109375 1129.9835205078125 1055.754638671875
839.1480712890625 449.4355163574219 780.0126342773438 470.842041015625
1068.0771484375 567.4085693359375 1023.522216796875 568.6533203125
583.53271484375 534.9292602539062 520.2429809570312 584.85546875
1338.76123046875 633.0147094726562 1289.4737548828125 605.69677734375
825.8397216796875 626.7959594726562 808.506103515625 653.1990966796875
1491.6453857421875 719.3336181640625 1440.005126953125 673.3343505859375
598.249755859375 642.4299926757812 550.0642700195312 694.6096801757812
637.5858764648438 744.6463623046875 604.6655883789062 796.0418090820312
1192.061767578125 841.6862182617188 1177.5584716796875 824.7271118164062
523.3807983398438 771.4375610351562 485.11370849609375 837.0574951171875
1231.0018310546875 866.4043579101562 1217.1656494140625 845.337646484375
1086.294189453125 850.2675170898438 1076.5106201171875 845.775146484375
1055.2540283203125 869.0870971679688 1049.6689453125 868.9666748046875
1083.741455078125 877.2013549804688 1078.1458740234375 873.626953125
1200.7845458984375 896.1875610351562 1192.68994140625 877.1908569335938
693.5938720703125 851.4036254882812 678.5802612304688 899.1513671875
475.27386474609375 831.590087890625 439.7833251953125 908.8685913085938
924.0613403320312 907.6416015625 924.1202392578125 925.02783203125
1092.1514892578125 929.5608520507812 1092.9102783203125 923.5518798828125
1291.6959228515625 965.804931640625 1287.4188232421875 933.8292846679688
1034.7576904296875 937.809814453125 1037.111328125 939.9847412109375
562.2843017578125 885.2335815429688 541.8673706054688 952.49951171875
1089.013916015625 958.9073486328125 1093.4569091796875 954.3660888671875
1061.1185302734375 957.3179931640625 1065.5469970703125 956.1688842773438
1313.5411376953125 993.832763671875 1310.68701171875 958.6492309570312
929.9852905273438 941.71923828125 934.9898071289062 958.874755859375
1357.9007568359375 1006.3412475585938 1353.9576416015625 964.8895874023438
518.4658813476562 902.8952026367188 496.4915466308594 977.7593383789062
1055.224853515625 978.1734008789062 1062.2093505859375 978.0482177734375
965.1524047851562 974.5110473632812 973.9558715820312 986.6806640625
655.7142944335938 935.4351196289062 648.8976440429688 991.8345336914062
1178.84130859375 1008.4432983398438 1187.0120849609375 990.7800903320312
488.374755859375 917.3917236328125 465.8402099609375 997.2838745117188
1369.712890625 1040.245849609375 1369.3387451171875 996.4258422851562
1328.546630859375 1043.884033203125 1331.105712890625 1004.9266357421875
912.963623046875 1005.5771484375 925.523193359375 1025.58544921875
983.7923583984375 1016.3658447265625 997.73583984375 1026.126220703125
764.9097290039062 990.6069946289062 771.3279418945312 1032.1365966796875
1119.2890625 1043.4822998046875 1133.378173828125 1033.8455810546875
1095.1326904296875 1056.36767578125 1111.4659423828125 1050.36083984375
954.8321533203125 553.2945556640625 927.9551391601562 564.9465942382812
1111.01513671875 581.0733642578125 1067.7371826171875 578.41845703125
818.0027465820312 581.1338500976562 793.320068359375 606.6494140625
579.1708374023438 561.4681396484375 519.5362548828125 613.32275390625
942.3873901367188 641.7702026367188 928.4285888671875 654.86962890625
1437.214111328125 742.57421875 1392.752685546875 701.1913452148438
1372.2708740234375 773.613525390625 1337.68603515625 738.218505859375
810.756591796875 724.4498291015625 807.5608520507812 754.6360473632812
1236.8282470703125 842.7056884765625 1220.5623779296875 821.4008178710938
547.8567504882812 770.0471801757812 511.34649658203125 834.63623046875
1262.887939453125 861.5932006835938 1246.809326171875 836.1404418945312
1146.493896484375 1029.3035888671875 1157.98681640625 1015.4511108398438
1274.0955810546875 806.4315185546875 1250.148193359375 780.261962890625
1260.764892578125 971.6785278320312 1259.2855224609375 944.7703247070312
868.4848022460938 458.0788269042969 810.990234375 478.513671875
620.9510498046875 525.1142578125 558.9556884765625 570.5443725585938
761.2048950195312 487.323486328125 702.5398559570312 517.8220825195312
1212.19091796875 740.2544555664062 1182.6129150390625 725.0860595703125
1320.01806640625 759.1235961914062 1289.911376953125 730.7890625
