1047.0479736328125 535.197998046875 1071.050537109375 528.9025268554688
983.1966552734375 539.042236328125 1014.04541015625 549.6500244140625
1269.112060546875 694.2613525390625 1159.8568115234375 629.68115234375
1454.8170166015625 775.5790405273438 1336.7393798828125 652.6358642578125
1288.951171875 727.422607421875 1194.8499755859375 654.2374267578125
1309.3795166015625 737.0079956054688 1216.7171630859375 657.3244018554688
1281.759765625 733.2529907226562 1193.1888427734375 661.2407836914062
1266.59375 734.4990234375 1183.081298828125 666.9240112304688
847.9305419921875 529.308837890625 859.1210327148438 576.6990966796875
1205.4730224609375 779.6815795898438 1167.0074462890625 726.8041381835938
909.4853515625 549.0440673828125 948.8805541992188 579.4985961914062
1445.394287109375 766.3674926757812 1325.6961669921875 647.6146850585938
1278.3782958984375 717.9429321289062 1182.8179931640625 649.474365234375
1263.899658203125 720.6137084960938 1170.7684326171875 654.8378295898438
1229.911865234375 809.8910522460938 1204.2694091796875 747.2957763671875
1180.9649658203125 801.3189697265625 1161.9915771484375 755.2273559570312
752.3843383789062 773.4373168945312 719.444091796875 902.3245849609375
874.789306640625 942.54638671875 994.39990234375 1026.445068359375
957.9168701171875 1003.3899536132812 1117.881103515625 1045.9727783203125
1296.7080078125 703.468505859375 1187.625244140625 631.3563842773438
1049.5712890625 998.3402099609375 1191.9036865234375 995.811767578125
741.3884887695312 807.2091674804688 733.9381713867188 947.0975341796875
904.6155395507812 951.7670288085938 1031.6634521484375 1018.7976684570312
