1367.588623046875 753.7159423828125 1155.1070556640625 580.1974487304688
943.943603515625 623.3798828125 974.4204711914062 599.1891479492188
1363.392333984375 935.3939208984375 1249.895751953125 704.7427978515625
1155.614013671875 1016.78857421875 1178.0714111328125 844.21533203125
882.84033203125 979.533447265625 967.238525390625 955.1323852539062
896.2708129882812 987.017822265625 985.1500244140625 953.8189697265625
734.1866455078125 905.8875732421875 776.1187744140625 993.8587036132812
727.5859375 921.09716796875 782.3840942382812 1009.4337768554688
724.7135009765625 683.4392700195312 556.2620239257812 801.2952270507812
1175.153076171875 1013.20556640625 1190.5076904296875 830.5233764648438
704.48046875 930.1345825195312 768.1205444335938 1034.2701416015625
1477.7283935546875 767.6343994140625 1223.0850830078125 554.7986450195312
1156.75537109375 994.0684204101562 1167.451904296875 826.136962890625
1453.923828125 677.7526245117188 1161.637939453125 497.18408203125
864.0302124023438 976.9219360351562 947.8189086914062 969.65478515625
703.4296875 910.9613647460938 751.6763305664062 1021.3815307617188
919.0540161132812 1003.305908203125 1011.4984130859375 953.0855712890625
