856.8887939453125 910.455078125 915.9888305664062 823.0343017578125
869.153564453125 938.2554321289062 951.8271484375 847.5446166992188
1121.0703125 991.3204345703125 1184.9241943359375 791.6163330078125
1131.529296875 998.0377197265625 1199.336181640625 794.6954345703125
755.289306640625 895.52587890625 799.044677734375 856.322265625
1121.0703125 991.3204345703125 1184.9241943359375 791.6163330078125
710.876708984375 968.7791748046875 833.595947265625 961.1495971679688
637.802734375 908.2982177734375 679.31298828125 937.4223022460938
803.7442016601562 920.1415405273438 872.9427490234375 859.5905151367188
977.8453369140625 1012.0584716796875 1105.5496826171875 868.3998413085938
797.3615112304688 901.707275390625 848.27001953125 843.8068237304688
974.5064697265625 1035.6239013671875 1126.6934814453125 893.6700439453125
730.7470703125 990.24560546875 878.6473999023438 974.51220703125
755.289306640625 895.52587890625 799.044677734375 856.322265625
640.0493774414062 891.1993408203125 661.463134765625 916.5277099609375
834.6837158203125 993.1124267578125 977.0072631835938 918.6998291015625
