1217.6295166015625 926.8323364257812 616.8875122070312 754.2826538085938
1162.885009765625 1008.8038940429688 577.9597778320312 655.1616821289062
1226.9425048828125 920.3938598632812 617.9764404296875 768.898193359375
1226.9425048828125 920.3938598632812 617.9764404296875 768.898193359375
1131.529296875 998.0377197265625 604.9647827148438 640.2800903320312
1121.0703125 991.3204345703125 617.0996704101562 637.8867797851562
1303.3343505859375 979.2418212890625 510.4294128417969 776.4176635742188
1217.5880126953125 891.8453979492188 657.5415649414062 791.5665283203125
1279.45458984375 1001.2078857421875 509.8406982421875 739.907470703125
1279.45458984375 1001.2078857421875 509.8406982421875 739.907470703125
1291.215087890625 933.560302734375 558.8585205078125 811.3181762695312
1272.1397705078125 988.460693359375 524.18212890625 744.5122680664062
1236.3045654296875 858.1828002929688 688.5333862304688 850.720947265625
1272.1397705078125 988.460693359375 524.18212890625 744.5122680664062
1257.88134765625 912.9490356445312 603.9696044921875 804.719482421875
1247.2445068359375 914.43310546875 610.2049560546875 793.1839599609375
1257.88134765625 912.9490356445312 603.9696044921875 804.719482421875
1246.109619140625 897.4760131835938 630.6329956054688 810.9857177734375
