689.8516235351562 1001.3773193359375 862.7444458007812 922.8417358398438
684.0171508789062 840.981689453125 658.3599853515625 738.6631469726562
878.4950561523438 926.2445678710938 959.1578979492188 743.8690795898438
689.3855590820312 1016.252685546875 874.19775390625 939.4593505859375
710.876708984375 968.7791748046875 847.1090698242188 876.8628540039062
746.0313720703125 997.0369262695312 909.5582275390625 883.8724975585938
891.805908203125 906.962890625 953.2816772460938 716.6834716796875
705.8925170898438 1012.1615600585938 889.4114990234375 924.7083740234375
803.7442016601562 920.1415405273438 882.0597534179688 771.5786743164062
871.1611938476562 1012.03515625 1030.8623046875 841.6993408203125
711.077392578125 985.5830688476562 865.5040283203125 894.7766723632812
640.0493774414062 891.1993408203125 677.5126953125 826.6286010742188
720.17236328125 989.7171630859375 879.044921875 893.4677124023438
885.52099609375 934.600830078125 972.3854370117188 749.7910766601562
647.3319702148438 897.7343139648438 693.5014038085938 832.1390991210938
850.0184936523438 931.390625 940.4290161132812 764.3577270507812
