1276.470458984375 735.776123046875 1352.285400390625 516.13232421875
1200.66943359375 728.85888671875 1274.9979248046875 499.7987365722656
1094.56884765625 959.1481323242188 1159.72216796875 787.6403198242188
955.12841796875 1007.900146484375 1031.4234619140625 833.1367797851562
1213.1622314453125 835.6675415039062 1279.8978271484375 645.1748657226562
797.4075927734375 949.7955932617188 881.0964965820312 750.052490234375
885.52099609375 934.600830078125 963.7102661132812 740.9534301757812
746.0313720703125 997.0369262695312 840.0834350585938 803.7977905273438
921.3814086914062 961.4417724609375 996.727294921875 780.291259765625
1110.9287109375 898.2063598632812 1176.0369873046875 715.0220336914062
896.9237060546875 917.7163696289062 973.3142700195312 721.987060546875
1252.1484375 781.1404418945312 1319.3538818359375 575.1582641601562
885.52099609375 934.600830078125 963.7102661132812 740.9534301757812
1069.9168701171875 851.2495727539062 1136.9512939453125 650.4373779296875
1237.8238525390625 756.8399658203125 1307.132568359375 540.9998168945312
797.3615112304688 901.707275390625 877.1593627929688 695.7364501953125
1138.339599609375 835.6463623046875 1204.0911865234375 640.184326171875
932.36083984375 919.6044311523438 1006.444580078125 725.6649780273438
977.0848999023438 892.1277465820312 1045.538818359375 697.5721435546875
1197.331298828125 740.87744140625 1270.2919921875 514.6874389648438
729.3931884765625 909.4282836914062 812.7796630859375 699.4292602539062
1228.693603515625 779.8129272460938 1301.55615234375 573.1812744140625
878.4950561523438 926.2445678710938 956.3960571289062 732.1224975585938
980.9462890625 936.0985717773438 1053.32177734375 752.7820434570312
725.8992309570312 900.3453979492188 809.6591796875 688.18359375
776.4991455078125 904.3272094726562 858.0595092773438 697.150390625
711.218017578125 994.821533203125 807.50244140625 796.9708862304688
640.0493774414062 891.1993408203125 725.2876586914062 670.231689453125
1143.0045166015625 827.3818359375 1209.2158203125 631.5538940429688
660.0812377929688 882.9320678710938 745.6043090820312 660.619384765625
