1089.68603515625 824.206787109375 1159.39306640625 793.675537109375
1101.25927734375 818.5714111328125 1175.9371337890625 788.406982421875
1252.1484375 781.1404418945312 1363.704833984375 786.4970092773438
1200.66943359375 728.85888671875 1336.669189453125 688.2921752929688
1105.354248046875 798.8278198242188 1189.4986572265625 764.1179809570312
1069.9168701171875 851.2495727539062 1127.1610107421875 822.8424682617188
1157.724609375 760.7123413085938 1267.78857421875 724.6663208007812
1107.08642578125 807.205078125 1189.60888671875 776.4970092773438
1281.2943115234375 922.0322265625 1324.302490234375 1005.78515625
1089.68603515625 824.206787109375 1159.39306640625 793.675537109375
1120.61962890625 775.5484619140625 1220.1888427734375 733.4506225585938
618.5564575195312 893.5330810546875 672.6024780273438 733.9856567382812
1110.9287109375 898.2063598632812 1148.180419921875 906.98193359375
1094.56884765625 959.1481323242188 1103.9605712890625 986.4561767578125
1179.5601806640625 711.3504028320312 1321.665283203125 652.28173828125
1155.204345703125 826.6414794921875 1231.72216796875 820.9719848632812
1213.1622314453125 835.6675415039062 1293.962646484375 855.93310546875
675.283447265625 842.8375244140625 740.1417236328125 684.6089477539062
980.9462890625 936.0985717773438 996.2720947265625 911.7310791015625
684.0171508789062 840.981689453125 749.2677612304688 684.5997924804688
762.479736328125 903.9048461914062 797.7322387695312 794.389404296875
885.52099609375 934.600830078125 903.6392211914062 875.8187866210938
1114.7486572265625 824.8811645507812 1187.3331298828125 802.9376831054688
1143.0045166015625 827.3818359375 1216.33447265625 817.9816284179688
1000.3097534179688 933.5577392578125 1016.6533813476562 918.1472778320312
660.0812377929688 882.9320678710938 712.8388061523438 732.8443603515625
977.0848999023438 892.1277465820312 1009.1896362304688 849.6682739257812
1237.8238525390625 756.8399658203125 1361.09423828125 744.5513916015625
877.6310424804688 992.0531616210938 871.8570556640625 948.619140625
1094.56884765625 959.1481323242188 1103.9605712890625 986.4561767578125
728.0834350585938 1014.2853393554688 728.0355224609375 925.66015625
891.805908203125 906.962890625 920.9909057617188 839.7734375
913.1300659179688 1016.5067138671875 897.1956176757812 995.2028198242188
724.38916015625 770.1591186523438 812.43896484375 599.4090576171875
725.8992309570312 900.3453979492188 765.68896484375 778.4506225585938
730.7470703125 990.24560546875 737.6631469726562 896.9848022460938
1004.1505126953125 945.7145385742188 1014.3036499023438 936.8264770507812
955.12841796875 1007.900146484375 943.4072265625 996.7537231445312
1040.9644775390625 847.3512573242188 1095.75390625 812.1715087890625
1160.1978759765625 849.510986328125 1226.7913818359375 853.5174560546875
1182.3436279296875 836.9273071289062 1257.578369140625 842.7927856445312
728.1876831054688 789.8143920898438 809.1190185546875 628.1212158203125
687.4942016601562 972.5258178710938 703.6072387695312 861.0617065429688
755.289306640625 895.52587890625 795.973876953125 779.81396484375
871.1611938476562 1012.03515625 857.7191772460938 973.2239990234375
1138.339599609375 835.6463623046875 1206.4815673828125 828.6514892578125
729.3931884765625 909.4282836914062 767.7396850585938 794.8186645507812
798.4971313476562 736.3217163085938 896.4468994140625 574.6868286132812
1116.1124267578125 878.527099609375 1161.52734375 881.6954345703125
977.8453369140625 1012.0584716796875 960.500244140625 1014.3080444335938
729.3931884765625 909.4282836914062 767.7396850585938 794.8186645507812
1211.45068359375 735.3251953125 1344.8421630859375 702.24169921875
640.0493774414062 891.1993408203125 692.1339111328125 737.654296875
713.0067749023438 788.6133422851562 795.3480834960938 622.0574340820312
817.7913208007812 1025.5833740234375 804.6612548828125 971.6182861328125
1135.2608642578125 757.7651977539062 1242.8485107421875 712.4627075195312
982.9434204101562 911.4904174804688 1008.8272705078125 879.8330688476562
776.4991455078125 904.3272094726562 810.9234619140625 797.7880859375
640.0493774414062 891.1993408203125 692.1339111328125 737.654296875
686.718505859375 817.9708251953125 759.8036499023438 654.0289306640625
879.6500244140625 911.656494140625 906.7018432617188 843.0534057617188
1101.25927734375 818.5714111328125 1175.9371337890625 788.406982421875
820.85205078125 699.5099487304688 934.5794067382812 527.1182250976562
1225.355224609375 734.0275268554688 1362.98291015625 706.4452514648438
850.0184936523438 931.390625 869.2242431640625 861.5255737304688
1133.08544921875 897.6931762695312 1171.1015625 916.2852783203125
1225.355224609375 734.0275268554688 1362.98291015625 706.4452514648438
