671.4833374023438 877.3193969726562 1208.6756591796875 792.1312255859375
798.8935546875 861.3558349609375 1105.4072265625 735.2086181640625
749.6798095703125 842.9766845703125 1128.861328125 776.9256591796875
729.7346801757812 845.8211059570312 1145.7447509765625 785.929443359375
769.427978515625 863.03955078125 1127.1654052734375 749.22216796875
706.1853637695312 880.1310424804688 1183.0830078125 771.2161254882812
791.2139282226562 829.5215454101562 1088.752197265625 764.7958984375
731.0311279296875 961.9959106445312 1200.5321044921875 701.7056274414062
738.8050537109375 853.983154296875 1143.1259765625 774.0652465820312
666.706298828125 822.3554077148438 1184.8673095703125 857.3963623046875
727.55322265625 786.4158325195312 1103.886474609375 854.7877807617188
757.8612060546875 834.5023803710938 1117.2359619140625 777.8720092773438
862.4335327148438 927.6817626953125 1104.634033203125 669.0499267578125
764.3191528320312 848.533203125 1122.6934814453125 764.8180541992188
657.9682006835938 902.3224487304688 1231.90673828125 778.3197631835938
657.11181640625 814.2616577148438 1189.68408203125 873.2249755859375
704.3467407226562 968.0220336914062 1221.0203857421875 706.6657104492188
657.9682006835938 902.3224487304688 1231.90673828125 778.3197631835938
782.7693481445312 842.7409057617188 1104.0462646484375 758.0152587890625
752.1920776367188 854.2152709960938 1134.990966796875 766.2838134765625
871.7291259765625 947.3037719726562 1110.941162109375 657.7393188476562
870.3634643554688 909.4812622070312 1090.93408203125 673.329345703125
634.4216918945312 909.755615234375 1252.7947998046875 785.041015625
623.7858276367188 829.5836791992188 1231.28857421875 882.208740234375
