73.15736389160156
74.24284362792969
79.76214599609375
89.31405639648438
93.81897735595703
99.8348617553711
100.24968719482422
105.0142822265625
107.64292907714844
112.08479309082031
117.3328628540039
119.57842254638672
121.70455932617188
124.28595733642578
129.12783813476562
133.04885864257812
133.6151123046875
137.0146026611328
138.85243225097656
140.7728729248047
145.25839233398438
151.14892578125
154.31137084960938
155.44451904296875
159.24195861816406
159.953125
160.0874786376953
162.6560821533203
162.82505798339844
167.1945037841797
168.64756774902344
171.7789306640625
174.92855834960938
175.74412536621094
179.52993774414062
181.35324096679688
183.37939453125
185.13778686523438
185.8709259033203
186.8983612060547
193.4528350830078
205.34361267089844
205.8591766357422
206.96859741210938
218.53146362304688
222.2633514404297
224.26547241210938
229.80209350585938
239.34075927734375
249.84996032714844
250.75486755371094
