720.9261474609375 1011.9415893554688 1028.220458984375 974.74462890625
720.7899780273438 1000.6314697265625 1016.2421875 973.643310546875
747.4734497070312 1002.0996704101562 1027.5030517578125 956.1907348632812
744.5152587890625 992.0582275390625 1016.1653442382812 956.4019775390625
707.6571044921875 994.0355224609375 1005.7315673828125 983.09033203125
902.7445068359375 1018.1502685546875 1085.7532958984375 858.37548828125
887.608154296875 838.9307250976562 906.5897827148438 811.9982299804688
874.2755737304688 966.6475830078125 1034.3482666015625 860.1936645507812
894.073974609375 1031.6142578125 1094.9852294921875 866.4804077148438
1052.3701171875 847.8676147460938 980.6307983398438 721.809326171875
720.7899780273438 1000.6314697265625 1016.2421875 973.643310546875
705.704833984375 1004.402099609375 1016.6903076171875 986.89990234375
913.6655883789062 938.2048950195312 1021.6669921875 830.06884765625
718.0718383789062 978.380615234375 992.706298828125 973.0588989257812
1030.8619384765625 1007.6917114257812 1104.9688720703125 785.8511352539062
756.7919311523438 977.4358520507812 1005.2237548828125 942.7312622070312
1048.08447265625 987.8486328125 1095.3212890625 771.502685546875
988.2529296875 863.2516479492188 969.4434814453125 760.2011108398438
744.2882080078125 960.681396484375 982.4509887695312 949.2416381835938
913.3264770507812 1050.9947509765625 1114.2008056640625 859.8451538085938
745.6239624023438 981.4287719726562 1005.6156616210938 953.5482788085938
