874.2755737304688 966.6475830078125 1026.6954345703125 928.5657958984375
975.1470336914062 885.5283203125 1004.1224365234375 825.6786499023438
747.4734497070312 1002.0996704101562 987.1500854492188 1032.1876220703125
956.8135986328125 1047.5692138671875 1133.9632568359375 922.1685180664062
744.5152587890625 992.0582275390625 975.09130859375 1028.4134521484375
857.2603149414062 906.964111328125 956.6102905273438 905.203369140625
902.7445068359375 1018.1502685546875 1084.968017578125 938.0457153320312
720.7899780273438 1000.6314697265625 968.56298828125 1049.3067626953125
720.9261474609375 1011.9415893554688 981.2672119140625 1053.1341552734375
887.608154296875 838.9307250976562 907.2615356445312 847.1778564453125
1019.24560546875 878.0718994140625 1021.64208984375 800.3729858398438
745.6239624023438 981.4287719726562 964.5401000976562 1022.7658081054688
913.6655883789062 938.2048950195312 1022.5387573242188 891.9688720703125
942.3370971679688 1053.607666015625 1130.9638671875 931.8374633789062
1033.7647705078125 984.5625610351562 1113.400634765625 848.1995849609375
960.5490112304688 1060.4798583984375 1143.478759765625 925.6067504882812
1052.3701171875 847.8676147460938 1012.5592651367188 766.4075317382812
1052.3701171875 847.8676147460938 1012.5592651367188 766.4075317382812
718.0718383789062 978.380615234375 943.9570922851562 1041.21923828125
896.5000610351562 1044.412841796875 1104.3267822265625 953.216552734375
757.431884765625 966.9620361328125 956.71142578125 1006.3009643554688
1048.08447265625 987.8486328125 1123.9693603515625 846.5510864257812
1040.1038818359375 1003.3233642578125 1132.244873046875 857.0404663085938
1074.640625 955.43408203125 1110.103515625 817.8754272460938
871.7291259765625 947.3037719726562 1007.3984985351562 918.2515258789062
720.7899780273438 1000.6314697265625 968.56298828125 1049.3067626953125
937.1302490234375 1042.433837890625 1120.847412109375 928.983642578125
1019.24560546875 878.0718994140625 1021.64208984375 800.3729858398438
934.502197265625 826.3255615234375 924.06103515625 813.5567626953125
761.7386474609375 766.2361450195312 702.8380737304688 881.5917358398438
896.5000610351562 1044.412841796875 1104.3267822265625 953.216552734375
1066.5887451171875 1013.1957397460938 1148.0548095703125 848.8181762695312
895.1644287109375 910.146728515625 984.1011962890625 884.6393432617188
1024.9892578125 852.8346557617188 1005.4878540039062 779.8961791992188
1004.0543212890625 894.8582763671875 1031.107177734375 814.9122924804688
1024.9412841796875 884.0186157226562 1029.4580078125 801.1564331054688
913.3264770507812 1050.9947509765625 1116.6551513671875 947.961181640625
