77.56932067871094
96.2860336303711
103.4794692993164
104.43179321289062
105.93865966796875
106.8644027709961
108.82554626464844
109.22454071044922
111.77208709716797
113.50770568847656
119.77061462402344
120.3744125366211
123.9072265625
125.9523696899414
140.55960083007812
152.09207153320312
156.59182739257812
158.18975830078125
158.66946411132812
158.76397705078125
167.1017608642578
167.75875854492188
168.47848510742188
169.0946502685547
172.7107391357422
173.07513427734375
176.6097412109375
180.85629272460938
181.16566467285156
186.35450744628906
187.3526153564453
187.85899353027344
187.89625549316406
189.24322509765625
192.38763427734375
197.06597900390625
208.4706268310547
218.90866088867188
219.75668334960938
220.0
229.17897033691406
242.94032287597656
251.72802734375
