79.73079681396484
126.71227264404297
132.92103576660156
138.64703369140625
142.33763122558594
146.47525024414062
149.73309326171875
151.79591369628906
152.3121795654297
157.16551208496094
162.40689086914062
167.7706756591797
169.20106506347656
170.23219299316406
173.0
173.205078125
177.57815551757812
187.1897430419922
191.7498321533203
193.1372528076172
193.89688110351562
195.5198211669922
201.97525024414062
202.92117309570312
205.01219177246094
209.42779541015625
210.64662170410156
213.13140869140625
213.30963134765625
214.3641815185547
218.7578582763672
220.1726531982422
221.9932403564453
223.5889129638672
227.3257598876953
229.75421142578125
240.18325805664062
246.35340881347656
