685.9923706054688 439.7501525878906 1166.1783447265625 405.57159423828125
698.1845092773438 464.0108642578125 1172.6649169921875 432.19000244140625
670.268310546875 420.5395202636719 1155.578369140625 383.5437927246094
743.139404296875 446.5718078613281 1223.728515625 428.912353515625
698.1845092773438 464.0108642578125 1172.6649169921875 432.19000244140625
953.2450561523438 245.341796875 1611.2232666015625 263.2908020019531
667.7586669921875 433.4044189453125 1148.263427734375 395.472412109375
980.6018676757812 248.39353942871094 1661.417724609375 277.67047119140625
1124.7572021484375 503.0793762207031 1747.8382568359375 662.1384887695312
980.6018676757812 248.39353942871094 1661.417724609375 277.67047119140625
719.5236206054688 428.4729919433594 1204.9853515625 405.85345458984375
