69.6419448852539
76.22335815429688
82.97589874267578
84.01785278320312
86.34233856201172
89.96110534667969
90.27735137939453
93.19334411621094
96.22889709472656
97.59098052978516
99.77474975585938
104.35995483398438
104.81889343261719
106.18379974365234
108.48963165283203
108.71522521972656
109.28861236572266
109.93180084228516
114.82595825195312
114.8956069946289
116.29703521728516
117.71575927734375
120.07081604003906
120.81390380859375
122.6580581665039
123.9758071899414
124.22560119628906
124.54718017578125
126.13880920410156
126.34476470947266
133.8282470703125
134.62911987304688
134.76275634765625
135.3624725341797
136.43679809570312
137.5899658203125
138.71192932128906
139.9249725341797
141.78152465820312
142.75503540039062
143.6001434326172
144.24978637695312
144.28443908691406
144.36065673828125
145.6502685546875
147.26846313476562
147.78700256347656
147.8749542236328
147.9290313720703
150.61209106445312
151.01986694335938
153.45358276367188
154.9774169921875
155.84286499023438
158.63165283203125
160.41819763183594
161.11175537109375
161.409423828125
162.49307250976562
162.9539794921875
164.99696350097656
165.23619079589844
168.810546875
169.2483367919922
169.6820526123047
169.7615966796875
170.6575469970703
170.85081481933594
171.64788818359375
172.1540069580078
172.73968505859375
174.5966796875
178.6588897705078
180.15826416015625
182.19219970703125
182.26902770996094
182.7101593017578
183.4011993408203
185.86285400390625
187.28587341308594
187.50999450683594
189.75511169433594
189.99737548828125
190.4626007080078
191.8671417236328
192.32785034179688
192.70184326171875
193.6388397216797
196.33135986328125
196.82479858398438
201.18150329589844
203.74984741210938
204.2008819580078
204.37220764160156
210.49940490722656
212.83091735839844
213.93690490722656
216.2799072265625
219.03424072265625
222.3533172607422
222.8362579345703
226.53475952148438
228.86895751953125
229.10914611816406
230.8397674560547
230.9134063720703
231.27688598632812
233.57440185546875
235.53981018066406
237.0569610595703
239.91665649414062
242.53453063964844
243.4974365234375
267.5462646484375
