811.5389404296875 935.8771362304688 1161.79541015625 618.8800048828125
773.3453979492188 943.9586791992188 1185.3411865234375 634.1275024414062
736.7889404296875 922.0682373046875 1194.6124267578125 663.971923828125
779.0089721679688 855.4755859375 1125.81591796875 679.7374877929688
808.2510986328125 827.8516235351562 1089.38818359375 682.288330078125
841.32666015625 1044.462890625 1203.404541015625 561.6401977539062
853.4756469726562 806.4454956054688 1049.8162841796875 666.0114135742188
778.0779418945312 897.682861328125 1154.6806640625 659.7621459960938
521.1466674804688 871.9853515625 1310.1883544921875 864.9024658203125
653.95849609375 831.3814697265625 1186.75048828125 795.3217163085938
774.4607543945312 760.8242797851562 1047.6126708984375 766.5254516601562
