1122.7015380859375 722.6986694335938 1106.7728271484375 667.0874633789062
1215.86572265625 828.734375 1156.56396484375 787.5000610351562
1217.85302734375 675.693603515625 1228.174072265625 637.2714233398438
1094.274658203125 902.7117309570312 1000.703125 834.133056640625
1112.45654296875 729.3566284179688 1093.437255859375 672.0696411132812
767.3709106445312 931.0135498046875 685.644287109375 797.0770874023438
1118.3614501953125 784.8900146484375 1073.9769287109375 726.8392333984375
1220.2276611328125 926.8994140625 1117.8702392578125 883.6006469726562
1209.515625 691.9298706054688 1212.890380859375 652.2034301757812
1225.37548828125 673.9833984375 1235.85888671875 636.395751953125
1224.240966796875 998.3436889648438 1090.7330322265625 952.0794067382812
1100.210205078125 960.42236328125 983.2054443359375 888.3794555664062
1208.1728515625 914.2645874023438 1109.490478515625 869.4306030273438
684.6212768554688 903.52197265625 624.2166748046875 755.694580078125
1245.627197265625 925.79052734375 1144.579833984375 887.5936279296875
883.9132690429688 958.5328369140625 781.0830078125 844.9721069335938
1071.2379150390625 1008.316162109375 934.7063598632812 927.7958984375
1106.70361328125 904.7103881835938 1011.2902221679688 838.1017456054688
1106.70361328125 904.7103881835938 1011.2902221679688 838.1017456054688
1094.274658203125 902.7117309570312 1000.703125 834.133056640625
1107.40087890625 896.0570068359375 1015.3955688476562 829.949462890625
1122.8990478515625 667.3616943359375 1130.801513671875 613.2022705078125
1238.1202392578125 986.4144897460938 1108.1903076171875 943.170654296875
956.380126953125 941.657958984375 852.3556518554688 842.6104125976562
1239.2711181640625 878.8560180664062 1158.7340087890625 840.7514038085938
805.3070068359375 933.6688232421875 717.475830078125 805.0863037109375
1128.89013671875 666.862548828125 1137.4542236328125 613.1483154296875
1168.9486083984375 768.948486328125 1135.7213134765625 719.8592529296875
924.3930053710938 918.268310546875 830.7621459960938 814.1475830078125
1239.7777099609375 747.771728515625 1219.060791015625 712.95166015625
1042.1036376953125 649.0595092773438 1055.2596435546875 581.9052734375
1216.276611328125 879.3029174804688 1133.9183349609375 835.9456176757812
1055.6524658203125 900.6730346679688 964.1015014648438 825.1240234375
1125.483642578125 791.5913696289062 1079.291015625 734.3257446289062
1051.4481201171875 668.8837890625 1056.637451171875 602.9901733398438
1225.8206787109375 1042.5244140625 1073.1820068359375 994.807861328125
889.5547485351562 984.5692749023438 775.7755126953125 869.435791015625
1215.86572265625 828.734375 1156.56396484375 787.5000610351562
889.5547485351562 984.5692749023438 775.7755126953125 869.435791015625
1110.0216064453125 688.4942626953125 1109.119873046875 632.1785888671875
1115.42724609375 885.7613525390625 1028.233154296875 822.610595703125
847.2112426757812 841.6469116210938 790.8018798828125 731.658935546875
840.380126953125 859.5115356445312 778.0415649414062 747.352294921875
1217.85302734375 675.693603515625 1228.174072265625 637.2714233398438
595.9829711914062 702.4412841796875 620.5601196289062 566.4690551757812
867.7655639648438 972.1998901367188 758.0791015625 854.4130859375
1219.7774658203125 727.3685913085938 1206.08837890625 688.6752319335938
577.0419921875 777.4512329101562 578.6923217773438 628.8380737304688
801.2686157226562 836.7807006835938 749.996337890625 719.1359252929688
823.6383056640625 817.7193603515625 777.9676513671875 703.448486328125
1107.40087890625 896.0570068359375 1015.3955688476562 829.949462890625
1126.9627685546875 691.1436157226562 1126.249267578125 637.5828857421875
684.8560180664062 681.7738647460938 705.1969604492188 558.6592407226562
1033.940673828125 714.4020385742188 1019.6721801757812 644.1123046875
1252.398681640625 889.6421508789062 1167.8165283203125 854.1947021484375
1235.174072265625 683.1865234375 1246.0992431640625 649.564208984375
1201.864990234375 801.8890991210938 1153.892822265625 758.7748413085938
1224.240966796875 998.3436889648438 1090.7330322265625 952.0794067382812
1268.545654296875 989.9732055664062 1140.433349609375 955.0711059570312
1111.5428466796875 676.7981567382812 1115.5576171875 620.4382934570312
638.2726440429688 941.6449584960938 569.8192749023438 782.2979125976562
721.3253784179688 757.8751220703125 707.4176635742188 632.574951171875
1256.02734375 830.6414184570312 1198.280517578125 797.2171020507812
665.0079956054688 765.0059204101562 659.1992797851562 632.6719970703125
622.0133666992188 1009.2703857421875 535.3217163085938 835.75927734375
911.7228393554688 938.4154052734375 812.0977172851562 830.1187744140625
1098.7562255859375 993.9287719726562 967.518798828125 920.8470458984375
1242.9869384765625 916.3179321289062 1146.45703125 878.0162353515625
924.8770751953125 909.5870971679688 836.4714965820312 808.8834838867188
924.3930053710938 918.268310546875 830.7621459960938 814.1475830078125
666.7718505859375 788.1475219726562 651.1624145507812 652.3035278320312
619.913818359375 842.2965698242188 591.9461669921875 694.365966796875
1212.9112548828125 802.2079467773438 1165.4345703125 761.2933349609375
1232.353271484375 760.3421630859375 1205.648193359375 723.8668212890625
1220.15673828125 745.6611328125 1198.5301513671875 707.1346435546875
801.2686157226562 836.7807006835938 749.996337890625 719.1359252929688
1242.9869384765625 916.3179321289062 1146.45703125 878.0162353515625
640.427978515625 733.539794921875 646.2733764648438 598.360595703125
904.2239379882812 969.8353271484375 793.2593994140625 857.7510986328125
1086.8946533203125 1024.1767578125 944.8072509765625 946.7870483398438
1103.320068359375 730.4791870117188 1083.75390625 671.0188598632812
1252.398681640625 889.6421508789062 1167.8165283203125 854.1947021484375
1226.18359375 680.6248779296875 1234.7421875 643.5361938476562
1107.234130859375 1010.1898803710938 967.9349975585938 936.8145751953125
1229.6875 731.4132690429688 1214.640380859375 694.6488037109375
681.0096435546875 759.3207397460938 674.6005859375 630.2763671875
1207.89111328125 892.9557495117188 1119.335693359375 848.6956176757812
1171.55810546875 684.1871948242188 1175.4259033203125 637.43798828125
1256.7552490234375 918.3327026367188 1159.569580078125 882.9035034179688
806.0348510742188 918.4357299804688 721.981201171875 791.6211547851562
1089.186279296875 965.2422485351562 968.5860595703125 890.6497192382812
1127.5010986328125 680.77978515625 1130.4898681640625 627.236083984375
1063.9984130859375 971.3074340820312 941.6380615234375 891.2592163085938
921.6845092773438 986.9462890625 799.6075439453125 877.0975952148438
1122.2845458984375 820.6655883789062 1063.7847900390625 762.392578125
1244.938720703125 907.9345703125 1151.73681640625 870.0164794921875
1215.5897216796875 682.1381225585938 1224.0224609375 643.1290283203125
1195.270751953125 917.780517578125 1095.8740234375 869.4396362304688
1162.642822265625 849.2545776367188 1090.16015625 797.1652221679688
1116.49853515625 796.8126220703125 1066.806884765625 737.2742919921875
583.352294921875 760.1934814453125 591.7623901367188 615.0153198242188
891.6505737304688 923.9168090820312 799.9588012695312 812.4705200195312
1124.2933349609375 798.0448608398438 1075.8509521484375 740.2807006835938
1189.17529296875 904.7447509765625 1096.691650390625 854.9533081054688
660.9417724609375 696.9871826171875 679.5835571289062 570.2750244140625
1039.4542236328125 662.1375732421875 1047.6492919921875 594.5885620117188
1089.1424560546875 865.0674438476562 1011.7869873046875 798.7855224609375
1214.80224609375 808.2802124023438 1164.84912109375 767.197509765625
703.9254760742188 1051.9569091796875 585.662109375 890.7161865234375
823.580810546875 795.0328369140625 787.7265625 682.1953125
665.0079956054688 765.0059204101562 659.1992797851562 632.6719970703125
1122.7015380859375 722.6986694335938 1106.7728271484375 667.0874633789062
1241.79443359375 685.0096435546875 1250.182373046875 651.12158203125
926.5126953125 960.4719848632812 815.0913696289062 855.9285888671875
783.4872436523438 943.0014038085938 695.267333984375 810.6802368164062
1242.989013671875 802.2806396484375 1197.5718994140625 767.7349243164062
1096.953125 782.2356567382812 1053.8931884765625 720.0656127929688
581.9447631835938 1043.423095703125 487.59014892578125 859.6349487304688
1141.6925048828125 746.2711791992188 1115.6279296875 694.0238037109375
1211.2357177734375 1048.73193359375 1055.2418212890625 997.1904907226562
1242.012939453125 694.9948120117188 1245.177490234375 660.5968017578125
783.4872436523438 943.0014038085938 695.267333984375 810.6802368164062
1132.6207275390625 798.7136840820312 1084.19921875 742.8464965820312
1023.96142578125 713.50927734375 1010.4462280273438 641.7161865234375
548.0075073242188 831.3136596679688 533.6878662109375 671.7559204101562
1223.898193359375 832.0441284179688 1163.548095703125 792.3301391601562
1144.3890380859375 686.1256103515625 1145.0953369140625 635.0259399414062
1223.5880126953125 809.90673828125 1173.3634033203125 770.80126953125
637.9742431640625 911.107421875 579.685302734375 758.1325073242188
1135.87255859375 805.2646484375 1083.823974609375 749.6987915039062
1097.0765380859375 732.7572631835938 1075.5609130859375 672.4805908203125
1096.424560546875 800.494140625 1045.8536376953125 737.5244750976562
548.0075073242188 831.3136596679688 533.6878662109375 671.7559204101562
780.3591918945312 815.10400390625 740.3703002929688 694.972900390625
1079.8916015625 856.2118530273438 1006.6957397460938 786.0286254882812
1023.96142578125 713.50927734375 1010.4462280273438 641.7161865234375
1107.234130859375 1010.1898803710938 967.9349975585938 936.8145751953125
1205.9176025390625 811.2280883789062 1154.54833984375 766.6017456054688
1228.040283203125 739.5111694335938 1210.1334228515625 702.7432861328125
897.8766479492188 940.6469116210938 798.8078002929688 830.3931884765625
1242.61474609375 812.2813110351562 1192.37646484375 776.7794189453125
1047.428955078125 653.957275390625 1059.5625 587.7666015625
1032.5513916015625 723.8536376953125 1014.2056274414062 652.9690551757812
1195.82080078125 695.5587158203125 1195.5830078125 652.7611083984375
1236.3751220703125 742.2429809570312 1217.8719482421875 706.8052368164062
1224.0220947265625 825.0548706054688 1167.0850830078125 785.2227172851562
617.7669677734375 818.6143798828125 598.3250732421875 672.0903930664062
1144.2628173828125 677.2865600585938 1148.7332763671875 626.4716186523438
1073.3232421875 990.0142211914062 942.8143920898438 912.42578125
1043.6826171875 710.5603637695312 1031.3922119140625 642.1079711914062
1242.61474609375 812.2813110351562 1192.37646484375 776.7794189453125
1240.84130859375 899.0966796875 1152.3931884765625 861.2871704101562
1092.639404296875 806.4901123046875 1040.7032470703125 742.8541870117188
1096.342041015625 724.6173095703125 1078.8538818359375 664.6338500976562
648.6795043945312 806.9622192382812 630.3305053710938 666.2816772460938
1230.4725341796875 892.5447998046875 1145.498779296875 850.9625854492188
1047.0758056640625 959.8692626953125 932.2230834960938 876.7570190429688
789.60009765625 934.18505859375 702.9946899414062 802.9737548828125
1046.3477783203125 660.8858032226562 1054.8089599609375 594.450439453125
1234.27294921875 830.5142211914062 1174.7755126953125 792.8677368164062
871.5416870117188 945.3760986328125 773.7566528320312 829.7749633789062
1038.3369140625 658.3526611328125 1048.052734375 590.6881713867188
666.8397216796875 917.4962768554688 604.7988891601562 766.8670654296875
1046.3477783203125 660.8858032226562 1054.8089599609375 594.450439453125
1156.4808349609375 948.928955078125 1042.4591064453125 890.1206665039062
536.0418701171875 808.5923461914062 533.0960693359375 649.6559448242188
637.9742431640625 911.107421875 579.685302734375 758.1325073242188
1199.238525390625 686.8084106445312 1203.309814453125 645.1574096679688
1210.0804443359375 735.2457885742188 1192.90966796875 695.3994140625
1068.8126220703125 859.3543090820312 993.2184448242188 788.0990600585938
756.3624267578125 929.2438354492188 675.5579223632812 793.1810302734375
749.9158325195312 690.0814208984375 761.0022583007812 575.7840576171875
1106.167724609375 671.9364013671875 1110.9957275390625 614.9993286132812
703.9254760742188 1051.9569091796875 585.662109375 890.7161865234375
1098.9581298828125 879.0302734375 1013.6917724609375 811.8450927734375
740.1868286132812 832.23583984375 701.2705078125 704.6911010742188
1096.3280029296875 791.2794189453125 1049.962890625 728.6353149414062
1073.76708984375 897.5673217773438 982.419189453125 823.4664306640625
1130.8028564453125 734.3984375 1109.9757080078125 679.845458984375
855.662109375 830.7578125 803.477294921875 723.4170532226562
1086.9954833984375 877.1947631835938 1006.0786743164062 809.2532348632812
1086.9954833984375 877.1947631835938 1006.0786743164062 809.2532348632812
1077.59033203125 875.6722412109375 994.314453125 804.706298828125
724.0137329101562 844.6298217773438 679.5689086914062 711.9876708984375
1103.783203125 807.8672485351562 1050.468505859375 745.8349609375
699.7227783203125 756.8261108398438 690.7731323242188 629.4797973632812
546.760498046875 798.6600341796875 544.478271484375 640.89208984375
1215.5897216796875 682.1381225585938 1224.0224609375 643.1290283203125
768.7836303710938 944.5386352539062 679.9252319335938 806.2425537109375
692.7726440429688 753.0960083007812 685.2535400390625 623.2870483398438
1074.7191162109375 973.6176147460938 951.1399536132812 896.349365234375
1103.783203125 807.8672485351562 1050.468505859375 745.8349609375
