1089.186279296875 965.2422485351562 928.1007690429688 992.8565673828125
1106.70361328125 904.7103881835938 995.325927734375 943.291259765625
1209.515625 691.9298706054688 1306.01025390625 771.0219116210938
924.3930053710938 918.268310546875 821.9208984375 873.073486328125
1094.274658203125 902.7117309570312 986.2449340820312 936.2875366210938
924.3930053710938 918.268310546875 821.9208984375 873.073486328125
1106.70361328125 904.7103881835938 995.325927734375 943.291259765625
936.4808349609375 936.3958740234375 819.0800170898438 896.16748046875
1245.627197265625 925.79052734375 1121.650390625 1038.4666748046875
867.7655639648438 972.1998901367188 738.6838989257812 902.33544921875
1107.40087890625 896.0570068359375 1002.4147338867188 934.3968505859375
871.5416870117188 945.3760986328125 764.0294189453125 877.2791748046875
1244.938720703125 907.9345703125 1137.703857421875 1019.102783203125
1118.3614501953125 784.8900146484375 1110.087890625 828.789306640625
1094.274658203125 902.7117309570312 986.2449340820312 936.2875366210938
1055.6524658203125 900.6730346679688 950.76953125 917.105712890625
1111.2802734375 740.2604370117188 1148.033203125 781.0196533203125
640.427978515625 733.539794921875 745.7928466796875 616.5394287109375
1115.42724609375 885.7613525390625 1019.6201782226562 928.6692504882812
1209.515625 691.9298706054688 1306.01025390625 771.0219116210938
1195.270751953125 917.780517578125 1074.7908935546875 1002.5643310546875
1089.1424560546875 865.0674438476562 1012.4208984375 898.898681640625
1071.2379150390625 1008.316162109375 879.7696533203125 1024.9315185546875
1071.2379150390625 1008.316162109375 879.7696533203125 1024.9315185546875
1042.1036376953125 649.0595092773438 1153.0958251953125 659.9442138671875
1242.9869384765625 916.3179321289062 1128.042236328125 1027.23193359375
1122.8990478515625 667.3616943359375 1225.511474609375 708.9859619140625
1112.45654296875 729.3566284179688 1158.3931884765625 770.8483276367188
1216.276611328125 879.3029174804688 1133.098388671875 972.4892578125
1219.7774658203125 727.3685913085938 1283.48876953125 813.544189453125
1247.077880859375 818.2001342773438 1227.1864013671875 925.8984985351562
1107.234130859375 1010.1898803710938 907.1175537109375 1045.6500244140625
1215.86572265625 828.734375 1179.9661865234375 920.9963989257812
1237.113525390625 752.982177734375 1280.4739990234375 851.0435180664062
1229.6875 731.4132690429688 1291.772705078125 823.4512939453125
1107.234130859375 1010.1898803710938 907.1175537109375 1045.6500244140625
638.7235107421875 895.7503662109375 639.8885498046875 752.018798828125
1085.502685546875 985.8181762695312 907.975830078125 1011.7659301757812
1124.2861328125 785.2508544921875 1118.53857421875 832.307861328125
1100.12841796875 871.1217041015625 1017.7684326171875 907.0620727539062
1077.59033203125 875.6722412109375 991.8479614257812 900.8372802734375
871.5416870117188 945.3760986328125 764.0294189453125 877.2791748046875
1085.698486328125 895.517578125 985.1984252929688 923.8002319335938
721.3253784179688 757.8751220703125 785.1363525390625 659.4901123046875
1073.76708984375 897.5673217773438 967.9984130859375 923.2498168945312
1086.30224609375 974.9564208984375 917.9322509765625 1001.662353515625
750.79541015625 944.263427734375 676.93896484375 834.4234008789062
891.6505737304688 923.9168090820312 795.4805908203125 865.5748291015625
1119.5457763671875 679.5601806640625 1211.3115234375 721.0687866210938
1233.0836181640625 921.8875732421875 1112.3236083984375 1028.54296875
1125.483642578125 791.5913696289062 1113.783447265625 839.0694580078125
1098.7562255859375 993.9287719726562 909.844970703125 1027.1793212890625
1224.0220947265625 825.0548706054688 1192.6082763671875 919.669921875
1104.7396240234375 783.1412353515625 1100.220947265625 823.3970947265625
1207.89111328125 892.9557495117188 1109.61767578125 984.52490234375
1242.61474609375 812.2813110351562 1228.4814453125 917.9804077148438
1073.3232421875 990.0142211914062 892.8331298828125 1011.796630859375
1232.353271484375 760.3421630859375 1269.3131103515625 858.4710083007812
1223.5880126953125 809.90673828125 1207.12939453125 905.1558837890625
1074.7191162109375 973.6176147460938 907.9334716796875 994.72900390625
1219.948486328125 912.5967407226562 1105.2542724609375 1010.3087158203125
1073.2139892578125 982.9246826171875 900.2296142578125 1002.41796875
1242.61474609375 812.2813110351562 1228.4814453125 917.9804077148438
913.5571899414062 955.8496704101562 787.7784423828125 901.93798828125
679.84814453125 862.6083984375 685.8172607421875 742.2863159179688
1207.73828125 904.1414184570312 1101.2073974609375 994.1995239257812
1235.174072265625 683.1865234375 1350.8863525390625 775.1572875976562
638.0192260742188 811.6826171875 693.6317138671875 685.208740234375
990.366455078125 964.1907348632812 844.3036499023438 946.4577026367188
1219.948486328125 912.5967407226562 1105.2542724609375 1010.3087158203125
645.2359619140625 920.5651245117188 624.5330200195312 776.6304931640625
1107.2186279296875 878.8895263671875 1018.6536254882812 918.377197265625
1111.5428466796875 676.7981567382812 1205.4473876953125 714.5506591796875
1208.961181640625 677.1485595703125 1320.5091552734375 754.2982788085938
1032.496826171875 654.0685424804688 1138.681640625 662.5986938476562
751.5814208984375 821.3714599609375 760.5941772460938 725.9074096679688
1228.040283203125 739.5111694335938 1279.2503662109375 834.4258422851562
1242.012939453125 694.9948120117188 1346.8958740234375 790.2166748046875
723.1653442382812 829.996826171875 738.0637817382812 724.8021850585938
727.406982421875 1031.338134765625 606.3472290039062 894.1845703125
1099.427490234375 977.6358032226562 927.3372192382812 1010.6408081054688
767.3709106445312 931.0135498046875 698.495361328125 825.555419921875
