1102.48095703125 746.5997314453125 802.3616333007812 834.1614379882812
1111.2802734375 740.2604370117188 790.5596313476562 847.0283813476562
1085.698486328125 895.517578125 835.7037963867188 693.7875366210938
1023.96142578125 713.50927734375 905.0726928710938 871.8294067382812
1079.8916015625 856.2118530273438 838.7987060546875 719.6228637695312
1023.96142578125 713.50927734375 905.0726928710938 871.8294067382812
1098.9581298828125 879.0302734375 824.43359375 705.6116333007812
1122.7015380859375 722.6986694335938 774.4022216796875 876.9269409179688
1111.2802734375 740.2604370117188 790.5596313476562 847.0283813476562
1106.07080078125 789.5208129882812 809.6322021484375 781.9315185546875
1098.9581298828125 879.0302734375 824.43359375 705.6116333007812
1032.496826171875 654.0685424804688 903.091796875 1012.6080322265625
1086.9954833984375 877.1947631835938 833.8413696289062 705.3667602539062
