1094.9984130859375 813.2824096679688 861.6648559570312 785.4212036132812
1096.424560546875 800.494140625 863.6409912109375 797.9221801757812
1082.898681640625 780.0943603515625 883.0823974609375 815.3604736328125
1096.3280029296875 791.2794189453125 866.778564453125 807.5255126953125
1068.8126220703125 859.3543090820312 873.624755859375 742.5408935546875
1124.2933349609375 798.0448608398438 837.1080932617188 808.2797241210938
1116.49853515625 796.8126220703125 845.927001953125 806.8470458984375
1105.59716796875 797.7691650390625 855.5405883789062 803.7069091796875
1122.7015380859375 722.6986694335938 857.6282348632812 908.2800903320312
1082.898681640625 780.0943603515625 883.0823974609375 815.3604736328125
1079.8916015625 856.2118530273438 864.9274291992188 747.108154296875
1112.45654296875 729.3566284179688 867.2295532226562 892.6769409179688
1106.07080078125 789.5208129882812 857.3798828125 811.7479858398438
1116.49853515625 796.8126220703125 845.927001953125 806.8470458984375
1073.696044921875 814.0297241210938 881.022705078125 778.7261352539062
1096.3280029296875 791.2794189453125 866.778564453125 807.5255126953125
1122.7015380859375 722.6986694335938 857.6282348632812 908.2800903320312
1106.07080078125 789.5208129882812 857.3798828125 811.7479858398438
1085.698486328125 895.517578125 852.564697265625 722.4014892578125
1094.274658203125 902.7117309570312 846.1334228515625 720.2042846679688
1085.756103515625 792.7214965820312 876.4296875 802.7561645507812
1115.082275390625 809.1378784179688 844.8599853515625 794.0636596679688
1102.48095703125 746.5997314453125 871.7752685546875 863.3928833007812
1133.2757568359375 816.96044921875 825.7779541015625 791.488037109375
1086.6912841796875 799.301513671875 873.7535400390625 796.3267822265625
1132.6207275390625 798.7136840820312 828.6712646484375 809.3392944335938
1112.26220703125 802.555419921875 848.6682739257812 799.9063720703125
1122.9228515625 866.7869873046875 827.6632690429688 749.0181884765625
1124.1226806640625 910.6279907226562 821.5982055664062 721.3421630859375
1100.12841796875 871.1217041015625 845.18505859375 741.48583984375
1124.1226806640625 910.6279907226562 821.5982055664062 721.3421630859375
1098.9581298828125 879.0302734375 845.3009643554688 735.6505737304688
1115.082275390625 809.1378784179688 844.8599853515625 794.0636596679688
1142.8468017578125 800.0126342773438 819.1109008789062 810.2968139648438
1101.009765625 859.1350708007812 847.320556640625 749.5623779296875
1086.6912841796875 799.301513671875 873.7535400390625 796.3267822265625
1115.42724609375 885.7613525390625 830.4735717773438 734.060546875
1088.683837890625 785.5626831054688 875.3430786132812 810.2925415039062
1094.9984130859375 813.2824096679688 861.6648559570312 785.4212036132812
1077.8642578125 865.637451171875 864.4895629882812 740.0691528320312
1212.7840576171875 984.317138671875 755.7098388671875 699.5807495117188
1073.76708984375 897.5673217773438 860.9000244140625 719.9569702148438
1102.224365234375 818.7489013671875 853.9578247070312 782.1945190429688
1073.76708984375 897.5673217773438 860.9000244140625 719.9569702148438
1118.3614501953125 784.8900146484375 846.2311401367188 819.6468505859375
1064.1605224609375 887.5010986328125 871.9528198242188 722.2261352539062
1107.234130859375 1010.1898803710938 821.3209228515625 672.3773803710938
1083.990234375 808.8699340820312 873.3634033203125 786.6222534179688
1103.783203125 807.8672485351562 855.2283935546875 792.2462768554688
1098.9581298828125 879.0302734375 845.3009643554688 735.6505737304688
1130.8028564453125 734.3984375 843.59326171875 891.7042846679688
1111.2802734375 740.2604370117188 865.759765625 876.2882690429688
1086.9954833984375 877.1947631835938 854.8092651367188 734.365234375
1064.1605224609375 887.5010986328125 871.9528198242188 722.2261352539062
1207.89111328125 892.9557495117188 758.2598266601562 748.698974609375
1073.3232421875 990.0142211914062 846.1466674804688 675.4933471679688
1103.783203125 807.8672485351562 855.2283935546875 792.2462768554688
1111.2802734375 740.2604370117188 865.759765625 876.2882690429688
1035.016357421875 705.0128173828125 978.095947265625 904.290283203125
1033.940673828125 714.4020385742188 972.5151977539062 887.7025756835938
