128.35107421875
128.58460998535156
130.42239379882812
136.77719116210938
139.48477172851562
143.99652099609375
147.87156677246094
156.98089599609375
158.1328582763672
165.1665802001953
174.45916748046875
176.96327209472656
181.36151123046875
182.3129119873047
184.4478302001953
191.21714782714844
195.53260803222656
196.17849731445312
198.1615447998047
198.20948791503906
198.87432861328125
202.3487091064453
202.8842010498047
204.33306884765625
209.0095672607422
209.4158477783203
210.83168029785156
217.5040283203125
229.64755249023438
241.12445068359375
242.86416625976562
248.0826416015625
