1106.5574951171875 872.9609375 842.00146484375 786.43994140625
1106.5574951171875 872.9609375 842.00146484375 786.43994140625
1265.527099609375 1026.83837890625 658.3033447265625 906.6099243164062
1107.234130859375 1010.1898803710938 685.619873046875 780.4797973632812
1221.164306640625 988.59326171875 700.9896240234375 874.8909912109375
1224.240966796875 998.3436889648438 691.1956176757812 874.0865478515625
1204.9261474609375 990.8645629882812 699.8035278320312 861.0458984375
1253.909912109375 1016.3836059570312 669.9613037109375 897.81494140625
1264.6055908203125 1004.9918823242188 681.6062622070312 908.5934448242188
1211.2357177734375 1048.73193359375 639.189208984375 857.7157592773438
1237.7169189453125 1016.6569213867188 671.7095336914062 885.3897094726562
1221.8731689453125 889.2704467773438 824.6148681640625 887.5315551757812
1107.234130859375 1010.1898803710938 685.619873046875 780.4797973632812
1224.240966796875 998.3436889648438 691.1956176757812 874.0865478515625
1249.03173828125 1034.0728759765625 651.0896606445312 892.05810546875
1242.9869384765625 916.3179321289062 789.2212524414062 904.498779296875
1046.235107421875 999.694580078125 698.4755249023438 739.6307983398438
1237.5665283203125 1035.8582763671875 653.4676513671875 879.4529418945312
1256.7552490234375 918.3327026367188 786.697265625 917.3399658203125
1219.3243408203125 1013.4451293945312 675.9896240234375 867.5198974609375
1085.502685546875 985.8181762695312 710.3158569335938 767.0484008789062
1207.89111328125 892.9557495117188 817.0701293945312 874.2893676757812
1233.0836181640625 921.8875732421875 779.1924438476562 896.7241821289062
1115.42724609375 885.7613525390625 827.4730834960938 790.3704833984375
1252.398681640625 889.6421508789062 825.6844482421875 918.0222778320312
1251.0252685546875 1024.1964111328125 661.5791015625 894.5830688476562
1085.502685546875 985.8181762695312 710.3158569335938 767.0484008789062
1085.698486328125 895.517578125 814.7117309570312 769.4866333007812
1099.427490234375 977.6358032226562 718.5977783203125 777.2085571289062
1060.905029296875 981.527099609375 716.052490234375 749.48193359375
1107.2186279296875 878.8895263671875 835.0426025390625 786.4324340820312
1207.73828125 904.1414184570312 806.0910034179688 872.9832763671875
