48.733970642089844
68.22023010253906
70.40596771240234
72.1595458984375
72.22187805175781
76.75936126708984
78.56208038330078
80.3056640625
84.9117202758789
85.70880889892578
87.73825073242188
89.21883392333984
89.39798736572266
90.2330322265625
90.96702575683594
92.49324035644531
92.62828826904297
92.8062515258789
96.63333129882812
101.27684783935547
101.96077728271484
103.69184875488281
105.48933410644531
105.93865966796875
107.95832824707031
108.8714828491211
109.123779296875
110.49887084960938
111.0360336303711
111.05854034423828
112.94689178466797
115.91375732421875
117.0555419921875
117.49893951416016
121.06196594238281
121.4660415649414
122.83728790283203
122.9471435546875
123.15843200683594
123.36531066894531
123.44229125976562
123.64060974121094
124.9679946899414
129.71507263183594
131.31260681152344
132.33668518066406
133.43911743164062
133.6151123046875
136.0514678955078
138.931640625
140.4528350830078
141.3400115966797
142.40435791015625
142.74102783203125
144.6616668701172
144.93446350097656
145.4682159423828
146.7719268798828
147.424560546875
149.8299102783203
152.1512451171875
157.11778259277344
157.8068389892578
157.9588623046875
159.05030822753906
159.627685546875
159.68093872070312
161.63229370117188
164.3167724609375
165.28762817382812
165.8704376220703
166.68833923339844
167.30511474609375
169.5435028076172
171.0760040283203
171.3330078125
176.64088439941406
178.96926879882812
179.63296508789062
181.9175567626953
182.0933837890625
183.55108642578125
184.8999786376953
185.1971893310547
185.5289764404297
186.14779663085938
186.47520446777344
188.28170776367188
190.00262451171875
191.825439453125
194.8768768310547
198.103515625
201.24612426757812
201.57876586914062
205.15603637695312
207.82925415039062
210.88623046875
212.41468811035156
216.2799072265625
216.561767578125
231.42601013183594
241.1348114013672
246.2884521484375
255.93162536621094
