1094.274658203125 902.7117309570312 774.4838256835938 519.8383178710938
1094.274658203125 902.7117309570312 774.4838256835938 519.8383178710938
1135.87255859375 805.2646484375 727.0844116210938 602.73876953125
1079.8916015625 856.2118530273438 782.834228515625 551.3617553710938
1073.76708984375 897.5673217773438 789.8887939453125 521.8719482421875
1111.2802734375 740.2604370117188 734.312255859375 680.091064453125
1086.9954833984375 877.1947631835938 777.660400390625 535.9188232421875
1098.9581298828125 879.0302734375 769.9154052734375 536.1541748046875
1100.12841796875 871.1217041015625 767.927490234375 542.0372314453125
1086.9954833984375 877.1947631835938 777.660400390625 535.9188232421875
1066.283935546875 876.371337890625 795.0819702148438 534.0006103515625
1098.9581298828125 879.0302734375 769.9154052734375 536.1541748046875
1125.483642578125 791.5913696289062 734.040283203125 615.8925170898438
1107.40087890625 896.0570068359375 764.7709350585938 525.4771118164062
1107.40087890625 896.0570068359375 764.7709350585938 525.4771118164062
1077.59033203125 875.6722412109375 786.6453247070312 536.254638671875
