1486.603515625 607.2174682617188 817.2489013671875 528.56591796875
1110.0250244140625 271.79833984375 291.1159362792969 264.1062316894531
1351.521484375 547.9056396484375 699.1470336914062 510.6531677246094
1704.2880859375 591.7837524414062 946.0252685546875 472.5173034667969
1374.5076904296875 537.3885498046875 713.5503540039062 495.2301025390625
1345.8773193359375 537.2738037109375 690.736083984375 504.08441162109375
1099.700439453125 967.2482299804688 529.5752563476562 1060.45556640625
1099.700439453125 967.2482299804688 529.5752563476562 1060.45556640625
1368.328857421875 555.731201171875 712.252685546875 515.4879150390625
1213.1004638671875 524.139404296875 537.7633666992188 529.7947387695312
