1069.4608154296875 679.6583251953125 814.8541259765625 841.505859375
1039.380615234375 749.4277954101562 820.8720092773438 756.5098266601562
1062.2301025390625 723.4367065429688 807.4239501953125 787.6243286132812
966.1517333984375 689.5120849609375 919.153076171875 790.0476684570312
1080.7442626953125 728.0380249023438 790.462890625 789.1436767578125
1014.2056274414062 652.9690551757812 891.3018798828125 856.1801147460938
1040.7032470703125 742.8541870117188 822.414794921875 762.3694458007812
1003.9985961914062 650.2835693359375 906.4046630859375 855.2880249023438
1061.0186767578125 742.4876098632812 805.4098510742188 769.0299072265625
1006.6957397460938 786.0286254882812 838.7987060546875 719.6228637695312
1003.9985961914062 650.2835693359375 906.4046630859375 855.2880249023438
1087.50634765625 681.0806274414062 790.5596313476562 847.0283813476562
1040.7032470703125 742.8541870117188 822.414794921875 762.3694458007812
991.4048461914062 646.827880859375 922.7568969726562 855.3314819335938
959.1824951171875 699.9754028320312 919.015380859375 776.5413208007812
1041.7720947265625 715.4168701171875 831.16552734375 788.7792358398438
1038.37939453125 728.2117309570312 831.8482666015625 774.7718505859375
991.4048461914062 646.827880859375 922.7568969726562 855.3314819335938
1045.8536376953125 737.5244750976562 818.142822265625 769.0330200195312
1045.8536376953125 737.5244750976562 818.142822265625 769.0330200195312
982.419189453125 823.4664306640625 845.2603759765625 692.0331420898438
998.023681640625 796.8877563476562 841.3165283203125 711.2921752929688
1039.380615234375 749.4277954101562 820.8720092773438 756.5098266601562
1034.494140625 599.393798828125 906.28955078125 968.868408203125
997.0609130859375 626.2598266601562 930.955078125 892.6514282226562
985.4334106445312 641.4782104492188 934.4767456054688 862.2802124023438
972.8936767578125 815.90283203125 855.2902221679688 694.150390625
1023.2236938476562 639.8097534179688 892.3280029296875 880.8121948242188
