640.2156982421875 972.4650268554688 1063.4844970703125 895.3115234375
688.5592651367188 976.7848510742188 1068.1650390625 863.9415893554688
676.7429809570312 930.776611328125 1027.1956787109375 873.1626586914062
749.3804321289062 937.564208984375 1034.8385009765625 824.4566650390625
555.8067626953125 903.7655639648438 988.2299194335938 974.080078125
625.084716796875 893.4146728515625 982.4266967773438 916.0478515625
673.44580078125 944.4265747070312 1040.224609375 874.6410522460938
896.6227416992188 1025.22412109375 1104.567626953125 746.1461181640625
731.5840454101562 942.4186401367188 1036.641357421875 838.0455322265625
704.0615844726562 930.8479614257812 1026.88134765625 851.8442993164062
781.0830078125 844.9721069335938 945.2664794921875 805.7432250976562
585.662109375 890.7161865234375 975.245361328125 950.2564697265625
693.1385498046875 871.8036499023438 964.4418334960938 864.9849853515625
