68.02940368652344
73.7427978515625
78.23681640625
79.61783599853516
85.18215942382812
86.45230102539062
86.5158920288086
87.42996978759766
88.45903015136719
91.1866226196289
93.53608703613281
93.72833251953125
93.79232025146484
94.42457580566406
95.05787658691406
95.08943176269531
96.04686737060547
96.12491607666016
96.13011932373047
96.52978515625
96.94844055175781
97.20082092285156
97.32933807373047
98.2751235961914
98.32598876953125
99.12113952636719
99.27235412597656
100.02499389648438
102.26436614990234
102.54754638671875
103.72077941894531
103.86048126220703
104.71389770507812
104.86181640625
105.0951919555664
105.91033935546875
106.12257385253906
106.3860855102539
106.99533081054688
107.03270721435547
108.73822021484375
108.90362548828125
109.32520294189453
110.20889282226562
110.4128646850586
110.41738891601562
110.47624206542969
110.7926025390625
110.86027526855469
111.06755065917969
111.3013916015625
111.69601440429688
112.20516967773438
113.1415023803711
113.46365356445312
113.59136962890625
113.63538360595703
113.68817138671875
114.0
114.51200866699219
114.73883056640625
115.04347229003906
115.19548797607422
115.34296417236328
115.95257568359375
115.96551513671875
117.49468231201172
117.65628051757812
117.8006820678711
117.89826202392578
119.91664123535156
120.05415344238281
120.12909698486328
121.0
122.38055419921875
122.40506744384766
124.04031372070312
124.13299560546875
124.74373626708984
124.89996337890625
124.9679946899414
125.48705291748047
125.70600891113281
125.80937957763672
125.82527923583984
125.94046020507812
126.36455535888672
127.01968383789062
127.39701843261719
127.64795684814453
127.87493896484375
127.91012573242188
128.2029571533203
128.557373046875
129.11622619628906
129.16656494140625
129.35609436035156
129.56851196289062
129.71893310546875
131.1373291015625
131.1754608154297
131.48764038085938
131.5294647216797
131.67764282226562
131.68902587890625
131.97726440429688
132.0757293701172
132.63107299804688
132.8946990966797
133.42039489746094
133.81703186035156
133.95147705078125
134.52880859375
134.71080017089844
135.40679931640625
136.29379272460938
136.42213439941406
136.64552307128906
137.12767028808594
137.2989501953125
137.55726623535156
138.07968139648438
138.17018127441406
138.20274353027344
138.3365478515625
138.4232635498047
138.5099334716797
138.697509765625
138.72994995117188
139.34848022460938
139.7998504638672
139.93927001953125
140.2462158203125
141.2904815673828
141.78504943847656
141.95773315429688
142.8845672607422
143.0139923095703
143.72543334960938
143.7810821533203
144.6754913330078
145.09652709960938
145.3822479248047
145.44415283203125
145.82180786132812
146.06504821777344
146.32498168945312
146.78555297851562
147.6448516845703
147.67532348632812
147.76670837402344
148.50926208496094
148.7178497314453
148.83547973632812
148.9362335205078
149.05032348632812
149.1375274658203
149.18109130859375
149.19786071777344
149.23806762695312
149.42222595214844
149.55935668945312
149.64959716796875
149.65626525878906
149.78317260742188
150.47259521484375
150.88406372070312
150.9834442138672
151.8749542236328
151.99342346191406
152.2465057373047
152.43359375
152.71214294433594
153.0
153.55130004882812
153.71401977539062
154.28221130371094
154.8127899169922
155.03871154785156
155.07095336914062
155.44131469726562
155.51849365234375
155.89419555664062
156.74819946289062
156.97451782226562
157.0382080078125
157.16551208496094
157.7783203125
158.66632080078125
158.71987915039062
158.96226501464844
159.31101989746094
159.48667907714844
159.6370849609375
159.96875
159.9812469482422
160.0343780517578
160.06248474121094
160.40261840820312
160.4898681640625
161.0900421142578
161.69415283203125
162.08639526367188
162.4838409423828
162.6068878173828
163.43499755859375
163.8474884033203
163.90240478515625
164.0365753173828
164.0609588623047
164.63595581054688
164.74221801757812
165.1060333251953
165.532470703125
165.65325927734375
165.93673706054688
166.6163330078125
166.83824157714844
166.91615295410156
167.7825927734375
167.90176391601562
168.39833068847656
168.8520050048828
169.31922912597656
169.46090698242188
169.54055786132812
170.85374450683594
170.88885498046875
172.08718872070312
172.26722717285156
172.33688354492188
172.71653747558594
172.84385681152344
173.205078125
173.32339477539062
173.62026977539062
174.18093872070312
174.4304962158203
174.53939819335938
175.3140106201172
175.35107421875
175.53631591796875
176.26116943359375
176.84173583984375
176.85304260253906
177.39222717285156
177.53872680664062
178.11793518066406
178.5329132080078
179.38784790039062
179.72756958007812
180.26370239257812
180.4328155517578
180.85629272460938
182.2443389892578
182.3376007080078
182.8988800048828
183.7879180908203
183.79608154296875
184.37461853027344
185.40765380859375
185.55322265625
186.80203247070312
188.41973876953125
188.71937561035156
189.53890991210938
190.15257263183594
191.11253356933594
191.55677795410156
192.56167602539062
192.91448974609375
193.6724090576172
194.1571502685547
194.37335205078125
194.38363647460938
194.69976806640625
195.45843505859375
197.38034057617188
197.65626525878906
198.15902709960938
198.3456573486328
198.51951599121094
198.75613403320312
199.33389282226562
199.6597137451172
199.8849639892578
199.90997314453125
200.78594970703125
203.2166290283203
204.66802978515625
205.3582305908203
206.03640747070312
206.7413787841797
207.89901733398438
208.0360565185547
208.9856414794922
214.4854278564453
215.1975860595703
219.25099182128906
219.32168579101562
223.8593292236328
224.1004180908203
225.34417724609375
228.4753875732422
228.59571838378906
229.43190002441406
230.2954559326172
235.56103515625
237.99789428710938
239.78323364257812
240.80490112304688
247.2549285888672
247.99192810058594
250.45358276367188
266.5332946777344
266.7677001953125
