1090.7330322265625 952.0794067382812 1071.6121826171875 939.768798828125
873.553466796875 1016.3629150390625 857.462890625 973.2413940429688
1123.2625732421875 977.690673828125 1097.0496826171875 973.4176025390625
1084.8797607421875 936.0924682617188 1069.7763671875 921.1965942382812
967.518798828125 920.8470458984375 958.6591796875 885.6516723632812
1107.740966796875 1002.3709716796875 1077.7388916015625 997.7238159179688
1205.5914306640625 808.1826171875 1219.880615234375 793.6924438476562
934.7063598632812 927.7958984375 928.8341674804688 887.53369140625
1093.3258056640625 942.5021362304688 1075.6519775390625 929.4444580078125
1000.703125 834.133056640625 1008.7254028320312 792.033203125
1064.0902099609375 920.6143188476562 1052.166748046875 900.9279174804688
1068.0574951171875 669.1337890625 1111.7606201171875 599.8311157226562
1084.4166259765625 872.6160888671875 1082.574951171875 850.0346069335938
1106.7728271484375 667.0874633789062 1153.4234619140625 601.9325561523438
775.7755126953125 869.435791015625 785.8243408203125 797.4706420898438
854.3307495117188 1007.6879272460938 840.5440063476562 961.8887329101562
1073.822265625 940.79248046875 1058.579833984375 925.2973022460938
1197.5718994140625 767.7349243164062 1222.875 742.8717651367188
1106.7728271484375 667.0874633789062 1153.4234619140625 601.9325561523438
1193.9393310546875 717.7555541992188 1232.834228515625 679.9088134765625
1167.8165283203125 854.1947021484375 1169.752685546875 841.600341796875
968.5860595703125 890.6497192382812 966.8759155273438 852.2864990234375
1230.12255859375 730.2136840820312 1265.857421875 701.4353637695312
1090.7330322265625 952.0794067382812 1071.6121826171875 939.768798828125
1210.1912841796875 786.6105346679688 1230.1492919921875 767.6832275390625
1217.0797119140625 767.5379638671875 1242.5120849609375 744.3191528320312
1043.4251708984375 805.5625 1056.1021728515625 763.9984130859375
1189.7049560546875 757.9220581054688 1216.993896484375 728.9143676757812
1120.6229248046875 990.161376953125 1092.8065185546875 985.405029296875
1217.0797119140625 767.5379638671875 1242.5120849609375 744.3191528320312
951.1399536132812 896.349365234375 949.3629760742188 855.8857421875
1073.1820068359375 994.807861328125 1046.1253662109375 983.4398193359375
1055.2418212890625 997.1904907226562 1027.8251953125 982.9300537109375
1134.6922607421875 981.939453125 1107.778564453125 979.2311401367188
936.8668823242188 842.4397583007812 946.9284057617188 794.9595336914062
812.0977172851562 830.1187744140625 826.8160400390625 758.9684448242188
838.9188232421875 1014.741455078125 825.3036499023438 966.5947265625
1130.801513671875 613.2022705078125 1193.0936279296875 533.6986694335938
896.6227416992188 1025.22412109375 876.2410888671875 986.31494140625
896.6227416992188 1025.22412109375 876.2410888671875 986.31494140625
1117.8702392578125 883.6006469726562 1113.4923095703125 868.1780395507812
1130.801513671875 613.2022705078125 1193.0936279296875 533.6986694335938
964.2119750976562 679.7207641601562 1002.1981811523438 598.42822265625
876.4424438476562 871.6090698242188 880.0714721679688 817.4889526367188
1207.730224609375 655.91259765625 1265.070068359375 601.9351196289062
731.5840454101562 942.4186401367188 737.5587768554688 872.6981201171875
1015.296630859375 943.6810302734375 1001.0513916015625 918.4754028320312
1119.335693359375 848.6956176757812 1122.3438720703125 828.057373046875
1241.54248046875 700.1256713867188 1287.7467041015625 662.7045288085938
1230.12255859375 730.2136840820312 1265.857421875 701.4353637695312
1061.495849609375 609.5902709960938 1118.4027099609375 520.0703735351562
1013.6917724609375 811.8450927734375 1025.6683349609375 768.2341918945312
945.4671630859375 882.1492919921875 946.2283325195312 838.8192138671875
1006.0786743164062 809.2532348632812 1018.0455932617188 763.4215087890625
1140.433349609375 955.0711059570312 1118.953369140625 951.2401123046875
1006.0786743164062 809.2532348632812 1018.0455932617188 763.4215087890625
1152.87109375 747.6712646484375 1181.87109375 710.9820556640625
1089.7254638671875 734.12451171875 1119.3544921875 684.2147827148438
951.1399536132812 896.349365234375 949.3629760742188 855.8857421875
1074.8155517578125 750.5988159179688 1100.1824951171875 702.738037109375
997.0609130859375 626.2598266601562 1048.3914794921875 533.8380737304688
1028.233154296875 822.610595703125 1037.4739990234375 781.5888061523438
1000.703125 834.133056640625 1008.7254028320312 792.033203125
1011.2902221679688 838.1017456054688 1017.6132202148438 798.0826416015625
764.3064575195312 931.3800659179688 768.7509765625 865.7811889648438
972.8936767578125 815.90283203125 984.3734741210938 766.7877807617188
569.7713012695312 937.8298950195312 591.5326538085938 841.4906616210938
1118.120849609375 631.3649291992188 1174.4375 557.1356201171875
942.8143920898438 912.42578125 937.8570556640625 872.6505126953125
1174.7755126953125 792.8677368164062 1192.672607421875 770.2490234375
1017.5866088867188 747.7498168945312 1042.42529296875 691.1774291992188
1028.155029296875 731.507568359375 1056.220947265625 672.8593139648438
908.8902587890625 1019.5997924804688 887.8997802734375 983.1824951171875
1042.4591064453125 890.1206665039062 1038.224853515625 861.9007568359375
1011.2902221679688 838.1017456054688 1017.6132202148438 798.0826416015625
897.668701171875 1011.8424682617188 879.8634643554688 972.639404296875
1166.3358154296875 754.556640625 1194.3726806640625 721.7006225585938
1017.5866088867188 747.7498168945312 1042.42529296875 691.1774291992188
932.2230834960938 876.7570190429688 935.3743286132812 828.1181030273438
1174.2828369140625 709.6104125976562 1214.0472412109375 667.298583984375
1078.7589111328125 982.7647094726562 1053.8367919921875 971.5011596679688
1093.437255859375 672.0696411132812 1138.4058837890625 606.7875366210938
1006.6957397460938 786.0286254882812 1023.7996826171875 735.7785034179688
966.1517333984375 689.5120849609375 1001.5785522460938 610.6813354492188
873.40185546875 1000.6179809570312 859.1093139648438 957.218017578125
1042.4591064453125 890.1206665039062 1038.224853515625 861.9007568359375
1112.02197265625 975.7830810546875 1087.9910888671875 969.3720703125
982.9806518554688 704.8797607421875 1016.3697509765625 632.5611572265625
993.2184448242188 788.0990600585938 1010.0648803710938 736.419921875
1042.7283935546875 603.7288208007812 1100.3507080078125 509.6597900390625
883.5386352539062 1035.6533203125 863.3643188476562 995.3762817382812
828.7100830078125 1024.4779052734375 814.2042846679688 975.8934936523438
967.9349975585938 936.8145751953125 957.6998291015625 903.5083618164062
1130.4898681640625 627.236083984375 1188.656005859375 554.356689453125
1203.309814453125 645.1574096679688 1263.76904296875 587.105224609375
1151.73681640625 870.0164794921875 1150.0152587890625 857.1077880859375
941.6380615234375 891.2592163085938 940.625 848.5153198242188
694.41064453125 773.5136108398438 722.0916748046875 676.0474243164062
1153.892822265625 758.7748413085938 1180.509521484375 724.29833984375
706.481689453125 1000.4257202148438 707.0733642578125 931.2144775390625
1087.50634765625 681.0806274414062 1129.6092529296875 617.0018920898438
838.6471557617188 1046.0694580078125 821.03564453125 999.097412109375
945.4671630859375 882.1492919921875 946.2283325195312 838.8192138671875
1195.5830078125 652.7611083984375 1252.959228515625 596.947509765625
758.0791015625 854.4130859375 772.8917236328125 778.2609252929688
982.0628662109375 694.1824951171875 1017.407958984375 619.1397094726562
655.121337890625 965.3301391601562 666.2147216796875 885.2667846679688
1011.7869873046875 798.7855224609375 1026.039794921875 752.4403076171875
1074.8155517578125 750.5988159179688 1100.1824951171875 702.738037109375
967.9349975585938 936.8145751953125 957.6998291015625 903.5083618164062
1108.1903076171875 943.170654296875 1091.029541015625 932.9683227539062
1231.706787109375 704.6641235351562 1276.3961181640625 668.8356323242188
1049.962890625 728.6353149414062 1079.7081298828125 672.4849243164062
840.425537109375 1031.0731201171875 824.8274536132812 983.7796630859375
1103.0142822265625 674.57861328125 1147.0478515625 611.1719360351562
799.9588012695312 812.4705200195312 817.7349243164062 736.793701171875
1202.7867431640625 696.94970703125 1247.8463134765625 654.7616577148438
1096.691650390625 854.9533081054688 1098.236328125 831.2323608398438
935.162841796875 900.540283203125 933.03076171875 857.6759033203125
1224.0224609375 643.1290283203125 1285.9283447265625 588.2036743164062
745.998291015625 935.8150024414062 751.39501953125 867.618896484375
985.8909912109375 628.9285888671875 1033.9610595703125 535.74169921875
1214.640380859375 694.6488037109375 1261.243896484375 653.2180786132812
1050.468505859375 745.8349609375 1076.3626708984375 693.7042846679688
994.314453125 804.706298828125 1008.2918701171875 756.8616333007812
636.9016723632812 881.8616943359375 657.5415649414062 791.5665283203125
1210.1334228515625 702.7432861328125 1252.559814453125 664.2195434570312
1185.515380859375 769.6362915039062 1209.1793212890625 742.62353515625
1202.7867431640625 696.94970703125 1247.8463134765625 654.7616577148438
1021.2868041992188 629.382080078125 1072.564208984375 540.4119262695312
815.0913696289062 855.9285888671875 825.7288208007812 789.1928100585938
624.2166748046875 755.694580078125 657.4580688476562 643.859130859375
983.2054443359375 888.3794555664062 980.6736450195312 851.2937622070312
1225.98388671875 695.5269165039062 1274.811767578125 655.5797729492188
1163.548095703125 792.3301391601562 1180.188720703125 768.1266479492188
1053.8931884765625 720.0656127929688 1086.4078369140625 662.3519287109375
1075.8509521484375 740.2807006835938 1104.1505126953125 690.0716552734375
892.7734375 997.0844116210938 876.8261108398438 956.1146850585938
1075.5609130859375 672.4805908203125 1119.4073486328125 604.6389770507812
1152.87109375 747.6712646484375 1181.87109375 710.9820556640625
972.8936767578125 815.90283203125 984.3734741210938 766.7877807617188
1146.45703125 878.0162353515625 1142.7607421875 865.5888671875
998.023681640625 796.8877563476562 1013.296630859375 747.808349609375
1069.4608154296875 679.6583251953125 1110.4354248046875 614.1884155273438
1152.3931884765625 861.2871704101562 1152.4644775390625 847.1389770507812
830.7621459960938 814.1475830078125 845.4068603515625 741.294677734375
1016.613525390625 636.2056884765625 1065.170166015625 548.396728515625
1198.5301513671875 707.1346435546875 1240.2940673828125 667.0166625976562
1217.8719482421875 706.8052368164062 1261.6505126953125 669.7194213867188
971.0447998046875 709.9661254882812 1003.0914306640625 637.5233154296875
799.6075439453125 877.0975952148438 808.5130615234375 810.289794921875
569.8192749023438 782.2979125976562 604.1249389648438 666.9747314453125
1062.2301025390625 723.4367065429688 1092.9200439453125 667.3552856445312
1095.8740234375 869.4396362304688 1095.0184326171875 847.6068725585938
717.475830078125 805.0863037109375 740.5074462890625 715.5504150390625
1109.119873046875 632.1785888671875 1163.275146484375 558.1165161132812
1159.569580078125 882.9035034179688 1154.483154296875 873.0001831054688
1044.1632080078125 757.07958984375 1067.0721435546875 706.5650634765625
1156.63818359375 779.9873046875 1176.611328125 751.125732421875
1144.9146728515625 781.5603637695312 1165.258056640625 752.414794921875
1192.37646484375 776.7794189453125 1214.5120849609375 752.7410888671875
999.9257202148438 639.5206909179688 1047.7891845703125 550.6551513671875
698.6839599609375 706.891357421875 733.8095092773438 594.4952392578125
1115.129638671875 671.1181030273438 1160.7791748046875 608.9559326171875
1126.249267578125 637.5828857421875 1182.696044921875 566.3631591796875
982.0628662109375 694.1824951171875 1017.407958984375 619.1397094726562
1206.08837890625 688.6752319335938 1253.9263916015625 643.6992797851562
711.4886474609375 779.5177001953125 737.5558471679688 685.5079956054688
1156.56396484375 787.5000610351562 1174.617919921875 760.3818359375
1205.648193359375 723.8668212890625 1244.1644287109375 690.7022705078125
694.7855834960938 967.9140625 701.4395141601562 894.2540893554688
1014.2056274414062 652.9690551757812 1058.767578125 570.2855224609375
836.4714965820312 808.8834838867188 853.0222778320312 735.6107177734375
775.7755126953125 869.435791015625 785.8243408203125 797.4706420898438
1030.4127197265625 743.7070922851562 1056.4945068359375 688.7645263671875
1049.459716796875 599.7926635742188 1108.97509765625 505.3995361328125
1203.309814453125 645.1574096679688 1263.76904296875 587.105224609375
1146.45703125 878.0162353515625 1142.7607421875 865.5888671875
1059.5625 587.7666015625 1122.6009521484375 489.7478332519531
704.0615844726562 930.8479614257812 712.553955078125 854.7571411132812
1145.0953369140625 635.0259399414062 1202.5712890625 565.164306640625
702.9946899414062 802.9737548828125 726.89013671875 710.9564819335938
964.1015014648438 825.1240234375 973.7335205078125 775.8679809570312
1050.468505859375 745.8349609375 1076.3626708984375 693.7042846679688
710.4385375976562 961.3189086914062 716.5269165039062 890.0126342773438
529.8111572265625 916.16259765625 558.8585205078125 811.3181762695312
1165.4345703125 761.2933349609375 1191.06884765625 729.93408203125
1015.3955688476562 829.949462890625 1023.3850708007812 789.3160400390625
1107.879638671875 821.4700317382812 1117.116943359375 792.73974609375
1225.6500244140625 718.7366333007812 1265.4627685546875 685.6549682617188
786.5661010742188 815.510498046875 804.5924682617188 737.5490112304688
1066.806884765625 737.2742919921875 1095.57861328125 685.878662109375
608.7041015625 904.0097045898438 630.6329956054688 810.9857177734375
978.7279052734375 896.6649780273438 974.900146484375 860.17138671875
1068.4007568359375 631.0502319335938 1122.2841796875 548.8418579101562
1145.17724609375 616.887451171875 1207.984375 540.8494262695312
775.2212524414062 820.9420776367188 792.155029296875 741.3970336914062
1003.9985961914062 650.2835693359375 1049.9429931640625 566.2077026367188
656.2587890625 813.7153930664062 680.1262817382812 714.53466796875
1041.7720947265625 715.4168701171875 1074.3612060546875 654.0526123046875
1053.05126953125 974.8555297851562 1031.156005859375 959.2237548828125
1181.54052734375 785.6337280273438 1202.6993408203125 762.2307739257812
985.4334106445312 641.4782104492188 1030.8743896484375 553.422119140625
675.5579223632812 793.1810302734375 702.7319946289062 695.4990844726562
1038.37939453125 728.2117309570312 1068.4312744140625 670.3452758789062
487.59014892578125 859.6349487304688 524.18212890625 744.5122680664062
698.6839599609375 706.891357421875 733.8095092773438 594.4952392578125
671.1503295898438 980.80908203125 677.6891479492188 904.3289794921875
749.996337890625 719.1359252929688 780.4776000976562 617.628662109375
1003.9985961914062 650.2835693359375 1049.9429931640625 566.2077026367188
689.484619140625 924.690185546875 701.5010986328125 846.7408447265625
1207.730224609375 655.91259765625 1265.070068359375 601.9351196289062
1198.5301513671875 707.1346435546875 1240.2940673828125 667.0166625976562
748.47216796875 951.772705078125 751.4547119140625 885.5279541015625
472.0820007324219 857.7108154296875 509.8406982421875 739.907470703125
947.9053955078125 903.7347412109375 944.133056640625 863.31396484375
1198.280517578125 797.2171020507812 1215.4136962890625 778.5433959960938
569.8192749023438 782.2979125976562 604.1249389648438 666.9747314453125
1224.0224609375 643.1290283203125 1285.9283447265625 588.2036743164062
1074.8155517578125 750.5988159179688 1100.1824951171875 702.738037109375
1073.9769287109375 726.8392333984375 1104.9486083984375 674.0482788085938
1148.7332763671875 626.4716186523438 1209.089111328125 554.4061279296875
1217.301513671875 636.9368286132812 1281.118408203125 577.6043701171875
1135.7213134765625 719.8592529296875 1169.2113037109375 674.4237670898438
662.8175048828125 793.269775390625 690.4661254882812 690.3187866210938
1088.239501953125 688.4095458984375 1129.540283203125 627.5025634765625
1055.2596435546875 581.9052734375 1120.5616455078125 481.43963623046875
671.4575805664062 782.4413452148438 697.48095703125 682.5623779296875
580.9937744140625 902.45556640625 603.9696044921875 804.719482421875
991.4048461914062 646.827880859375 1036.15771484375 559.1796264648438
917.6514892578125 1047.4873046875 892.3084716796875 1013.2953491210938
947.9053955078125 903.7347412109375 944.133056640625 863.31396484375
979.9075317382812 564.902099609375 1043.5186767578125 448.19000244140625
1039.380615234375 749.4277954101562 1063.6082763671875 696.2880249023438
585.662109375 890.7161865234375 610.2049560546875 793.1839599609375
673.44580078125 944.4265747070312 684.59619140625 864.755126953125
1040.8575439453125 592.32080078125 1099.897216796875 494.52117919921875
716.44677734375 978.0233154296875 720.3001098632812 908.021240234375
961.93310546875 585.57958984375 1017.9176635742188 472.9328918457031
1015.3955688476562 829.949462890625 1023.3850708007812 789.3160400390625
777.9676513671875 703.448486328125 810.2423706054688 603.138671875
1045.8536376953125 737.5244750976562 1072.9422607421875 682.4153442382812
749.996337890625 719.1359252929688 780.4776000976562 617.628662109375
523.8596801757812 658.8160400390625 567.44384765625 510.887939453125
1019.6721801757812 644.1123046875 1066.8369140625 559.695556640625
676.7429809570312 930.776611328125 688.5333862304688 850.720947265625
1019.0441284179688 587.20703125 1077.6829833984375 485.4884948730469
679.9252319335938 806.2425537109375 705.84033203125 712.5669555664062
1036.1148681640625 734.37060546875 1064.90185546875 677.739013671875
971.0447998046875 709.9661254882812 1003.0914306640625 637.5233154296875
501.28753662109375 835.2882080078125 537.6025390625 718.5763549804688
987.9747924804688 636.78515625 1035.698974609375 545.3645629882812
773.7566528320312 829.7749633789062 790.1455688476562 751.3440551757812
1040.7032470703125 742.8541870117188 1066.22607421875 688.2593994140625
602.1039428710938 753.77294921875 636.1561889648438 636.3226928710938
728.8901977539062 956.9842529296875 733.6629638671875 887.5176391601562
704.0615844726562 930.8479614257812 712.553955078125 854.7571411132812
689.484619140625 924.690185546875 701.5010986328125 846.7408447265625
1152.3931884765625 861.2871704101562 1152.4644775390625 847.1389770507812
1084.19921875 742.8464965820312 1111.03125 694.799560546875
612.8788452148438 891.5489501953125 635.5465087890625 797.6997680664062
695.267333984375 810.6802368164062 718.626953125 718.4840698242188
1040.716064453125 578.4968872070312 1105.901123046875 474.908935546875
904.4373168945312 1060.0716552734375 878.4186401367188 1023.9126586914062
913.8375244140625 914.3015747070312 910.42529296875 869.830810546875
612.8788452148438 891.5489501953125 635.5465087890625 797.6997680664062
1161.4456787109375 665.6587524414062 1213.9178466796875 605.723388671875
1024.7916259765625 635.2813110351562 1074.6798095703125 549.2796020507812
1156.56396484375 787.5000610351562 1174.617919921875 760.3818359375
1167.0850830078125 785.2227172851562 1186.32373046875 758.96240234375
1078.7589111328125 982.7647094726562 1053.8367919921875 971.5011596679688
771.9722290039062 617.9464111328125 817.6137084960938 490.1648254394531
1020.6133422851562 595.34814453125 1078.5589599609375 495.0262451171875
842.3519287109375 926.16943359375 837.9061889648438 874.9307861328125
993.2184448242188 788.0990600585938 1010.0648803710938 736.419921875
1198.5301513671875 707.1346435546875 1240.2940673828125 667.0166625976562
970.79541015625 699.1868286132812 1004.4212646484375 623.4570922851562
1192.37646484375 776.7794189453125 1214.5120849609375 752.7410888671875
630.3305053710938 666.2816772460938 670.42041015625 533.8872680664062
1185.515380859375 769.6362915039062 1209.1793212890625 742.62353515625
1019.6721801757812 644.1123046875 1066.8369140625 559.695556640625
1207.9012451171875 774.691650390625 1231.3890380859375 752.6421508789062
1068.4007568359375 631.0502319335938 1122.2841796875 548.8418579101562
781.6826782226562 718.6697998046875 813.5387573242188 619.7570190429688
1094.433349609375 974.9591674804688 1069.2984619140625 967.380126953125
1031.3922119140625 642.1079711914062 1079.4337158203125 558.5972290039062
1212.890380859375 652.2034301757812 1270.0732421875 596.9188842773438
797.4159545898438 861.5973510742188 808.0263061523438 792.38427734375
600.8984985351562 925.9739379882812 620.8311767578125 834.8194580078125
947.9053955078125 903.7347412109375 944.133056640625 863.31396484375
1234.7421875 643.5361938476562 1298.187744140625 589.3663940429688
1061.0186767578125 742.4876098632812 1088.332763671875 691.190185546875
991.551513671875 642.066650390625 1038.0509033203125 552.5552978515625
701.2705078125 704.6911010742188 736.2376708984375 591.608154296875
583.8783569335938 915.9745483398438 607.42529296875 821.3431396484375
1133.77294921875 623.0383911132812 1192.4322509765625 547.6541137695312
1173.3634033203125 770.80126953125 1196.6033935546875 742.9214477539062
1133.77294921875 623.0383911132812 1192.4322509765625 547.6541137695312
593.6144409179688 868.7215576171875 617.9764404296875 768.898193359375
568.4624633789062 771.939453125 601.90380859375 653.1634521484375
472.0284423828125 834.812255859375 509.1974792480469 713.18408203125
681.77880859375 552.1948852539062 734.4873046875 391.5623474121094
1044.7451171875 731.4319458007812 1075.27783203125 676.3509521484375
959.1824951171875 699.9754028320312 992.6246948242188 623.1755981445312
970.6953125 564.9265747070312 1033.011474609375 446.5630798339844
1192.90966796875 695.3994140625 1238.474853515625 649.8847045898438
1029.4119873046875 594.9781494140625 1088.2906494140625 495.4293212890625
590.8905639648438 880.4302978515625 614.7906494140625 781.9703979492188
674.6005859375 630.2763671875 717.4822387695312 491.78460693359375
1054.8089599609375 594.450439453125 1117.3404541015625 498.72784423828125
962.7948608398438 566.9039306640625 1022.9603271484375 447.88653564453125
760.134765625 647.4107666015625 799.5763549804688 527.32861328125
866.1817016601562 1039.0902099609375 845.8690795898438 998.0313110351562
1024.7916259765625 635.2813110351562 1074.6798095703125 549.2796020507812
951.1399536132812 896.349365234375 949.3629760742188 855.8857421875
1050.468505859375 745.8349609375 1076.3626708984375 693.7042846679688
