1073.822265625 940.79248046875 699.8035278320312 861.0458984375
1210.1912841796875 786.6105346679688 941.3902587890625 944.961181640625
1119.335693359375 848.6956176757812 817.0701293945312 874.2893676757812
1120.6229248046875 990.161376953125 658.3033447265625 906.6099243164062
1090.7330322265625 952.0794067382812 691.1956176757812 874.0865478515625
1174.7755126953125 792.8677368164062 914.736572265625 913.3173217773438
968.5860595703125 890.6497192382812 732.81494140625 768.8413696289062
896.6227416992188 1025.22412109375 596.57568359375 760.2654418945312
896.6227416992188 1025.22412109375 596.57568359375 760.2654418945312
1055.2418212890625 997.1904907226562 639.189208984375 857.7157592773438
1159.569580078125 882.9035034179688 786.697265625 917.3399658203125
1146.45703125 878.0162353515625 789.2212524414062 904.498779296875
1090.7330322265625 952.0794067382812 691.1956176757812 874.0865478515625
897.668701171875 1011.8424682617188 606.1806640625 758.0578002929688
936.8668823242188 842.4397583007812 776.1760864257812 735.199462890625
