1081.2786865234375 768.5552978515625 745.8719482421875 642.804931640625
1028.233154296875 822.610595703125 759.7714233398438 585.2860717773438
1133.9183349609375 835.9456176757812 678.1411743164062 613.3863525390625
1096.691650390625 854.9533081054688 699.4816284179688 589.7447509765625
1026.0970458984375 847.9896850585938 750.2429809570312 570.07080078125
1000.703125 834.133056640625 773.8930053710938 569.6954956054688
1074.8155517578125 750.5988159179688 762.0382080078125 656.7584228515625
1167.8165283203125 854.1947021484375 647.4779663085938 613.624267578125
1050.468505859375 745.8349609375 784.001708984375 649.343017578125
1163.548095703125 792.3301391601562 668.3615112304688 660.0043334960938
1084.4166259765625 872.6160888671875 701.4502563476562 575.597412109375
1113.8341064453125 833.8123168945312 693.885986328125 605.9874267578125
1095.8740234375 869.4396362304688 695.3436279296875 580.7542724609375
1061.0186767578125 742.4876098632812 777.4400634765625 657.8242797851562
1063.7847900390625 762.392578125 762.1294555664062 641.080810546875
1006.6957397460938 786.0286254882812 795.1930541992188 600.716064453125
1153.892822265625 758.7748413085938 688.173095703125 684.7196044921875
1144.9146728515625 781.5603637695312 686.5903930664062 660.246826171875
1050.468505859375 745.8349609375 784.001708984375 649.343017578125
1074.8155517578125 750.5988159179688 762.0382080078125 656.7584228515625
1115.6279296875 694.0238037109375 761.2263793945312 736.6425170898438
1134.6922607421875 981.939453125 642.1572265625 535.850341796875
1174.2828369140625 709.6104125976562 687.6973876953125 752.0213623046875
1011.7869873046875 798.7855224609375 783.4869384765625 594.6619873046875
998.023681640625 796.8877563476562 793.9331665039062 590.685302734375
1106.7728271484375 667.0874633789062 785.7582397460938 770.151611328125
1159.569580078125 882.9035034179688 646.552490234375 592.8008422851562
1174.7755126953125 792.8677368164062 658.2177124023438 662.5802612304688
987.5502319335938 836.935302734375 780.217041015625 564.4293823242188
1119.335693359375 848.6956176757812 684.9577026367188 600.1277465820312
1152.3931884765625 861.2871704101562 656.6686401367188 603.5430297851562
964.2119750976562 679.7207641601562 907.4542236328125 673.7994995117188
994.314453125 804.706298828125 793.3165893554688 584.5882568359375
1013.6917724609375 811.8450927734375 775.4500732421875 586.6537475585938
1050.468505859375 745.8349609375 784.001708984375 649.343017578125
1156.63818359375 779.9873046875 676.0559692382812 665.8973999023438
993.2184448242188 788.0990600585938 802.444091796875 594.7969360351562
982.419189453125 823.4664306640625 790.2195434570312 569.344482421875
1118.5335693359375 965.1386108398438 657.893310546875 540.3050537109375
1205.648193359375 723.8668212890625 648.1201782226562 751.5390625
1127.5146484375 861.7343139648438 675.3034057617188 594.9053955078125
1066.806884765625 737.2742919921875 776.9761352539062 664.63671875
1050.468505859375 745.8349609375 784.001708984375 649.343017578125
1049.962890625 728.6353149414062 792.6851196289062 663.49853515625
959.1824951171875 699.9754028320312 893.7504272460938 650.2102661132812
967.518798828125 920.8470458984375 757.6331176757812 520.4908447265625
