610.695068359375 753.6077270507812 1103.646240234375 1002.8474731445312
548.9346313476562 915.286865234375 1324.302490234375 1005.78515625
604.7988891601562 766.8670654296875 1126.8355712890625 1003.690185546875
671.1503295898438 980.80908203125 1351.2066650390625 895.4783325195312
608.7041015625 904.0097045898438 1296.3157958984375 957.5527954101562
590.8905639648438 880.4302978515625 1277.848388671875 979.3682250976562
593.6144409179688 868.7215576171875 1264.1080322265625 981.6842651367188
671.4575805664062 782.4413452148438 1142.0828857421875 929.1840209960938
600.8984985351562 925.9739379882812 1319.89013671875 958.9107055664062
590.8905639648438 880.4302978515625 1277.848388671875 979.3682250976562
585.662109375 890.7161865234375 1289.8385009765625 983.6123657226562
640.5950927734375 927.0942993164062 1311.6136474609375 925.6718139648438
604.7988891601562 766.8670654296875 1126.8355712890625 1003.690185546875
585.662109375 890.7161865234375 1289.8385009765625 983.6123657226562
667.6672973632812 809.53369140625 1179.4962158203125 927.259521484375
679.9252319335938 806.2425537109375 1171.1015625 916.2852783203125
781.0830078125 844.9721069335938 1206.4815673828125 828.6514892578125
569.6442260742188 761.7538452148438 1123.741455078125 1049.4832763671875
603.840087890625 886.3692626953125 1280.9219970703125 967.98486328125
