117.6392822265625
126.64912414550781
127.40486907958984
127.45195007324219
136.821044921875
137.0328369140625
139.75335693359375
141.1772003173828
149.27825927734375
151.7432098388672
152.21694946289062
153.55780029296875
159.62142944335938
160.58331298828125
161.48374938964844
163.0092010498047
166.7633056640625
169.8940887451172
172.17433166503906
179.32373046875
184.2308349609375
185.44271850585938
190.92930603027344
198.22462463378906
198.8567352294922
199.3037872314453
199.66221618652344
200.83575439453125
209.17218017578125
209.56622314453125
212.2781219482422
218.53604125976562
221.14022827148438
223.1524200439453
226.41334533691406
240.24154663085938
