879.7696533203125 1024.9315185546875 970.9794311523438 746.514892578125
986.2449340820312 936.2875366210938 963.3668823242188 655.4588623046875
907.1175537109375 1045.6500244140625 997.3997802734375 741.458251953125
1019.6201782226562 928.6692504882812 973.7398071289062 636.451171875
670.7161254882812 1003.7794799804688 842.9139404296875 844.8221435546875
765.5501708984375 933.9020385742188 843.4332885742188 755.8280639648438
908.39599609375 977.1546020507812 952.6256103515625 710.1240844726562
812.6829223632812 856.7211303710938 799.9983520507812 689.823486328125
819.0800170898438 896.16748046875 839.945068359375 709.2366943359375
985.1984252929688 923.8002319335938 955.4031372070312 650.1505737304688
628.187255859375 976.3363037109375 786.5699462890625 862.203125
1002.4147338867188 934.3968505859375 969.9126586914062 647.7498168945312
1017.7684326171875 907.0620727539062 959.3779296875 626.0581665039062
994.48486328125 916.19580078125 954.3063354492188 641.2474975585938
