1158.0745849609375 994.1197509765625 651.0828247070312 722.779052734375
1158.0745849609375 994.1197509765625 651.0828247070312 722.779052734375
1228.95703125 960.597900390625 647.99560546875 779.5336303710938
1248.004638671875 919.2818603515625 673.4091796875 811.5676879882812
1228.4814453125 917.9804077148438 682.7041015625 797.892333984375
1248.004638671875 919.2818603515625 673.4091796875 811.5676879882812
1179.9661865234375 920.9963989257812 699.3358764648438 762.1497802734375
1105.320556640625 1028.126708984375 648.0900268554688 684.1746826171875
1175.3421630859375 990.799072265625 645.9542846679688 734.2601928710938
1225.378662109375 944.1470947265625 662.1970825195312 783.9963989257812
1231.7125244140625 941.2755126953125 662.0519409179688 789.645263671875
1207.6900634765625 946.0923461914062 668.400146484375 770.7894897460938
1207.12939453125 905.1558837890625 702.0807495117188 788.6719360351562
1310.9456787109375 852.2617797851562 709.429443359375 910.5462646484375
1112.3236083984375 1028.54296875 646.0484008789062 687.7431640625
1157.080810546875 984.0357055664062 657.5368041992188 725.456787109375
1321.7442626953125 834.9791870117188 724.3909301757812 934.8604125976562
1228.4814453125 917.9804077148438 682.7041015625 797.892333984375
1200.241943359375 898.5569458007812 710.9940795898438 786.2774658203125
1158.7962646484375 1027.60205078125 628.8033447265625 714.2833251953125
1238.82470703125 908.9076538085938 686.2457885742188 810.3567504882812
1215.696533203125 892.8475341796875 710.4107055664062 801.71484375
1199.0596923828125 911.1408081054688 700.4945678710938 779.6324462890625
1192.6082763671875 919.669921875 694.6341552734375 771.6513061523438
1232.355712890625 892.8543090820312 702.5886840820312 814.0889892578125
1142.2025146484375 1008.46240234375 647.5984497070312 709.1851806640625
1201.9501953125 891.6427001953125 716.3910522460938 791.466064453125
1121.650390625 1038.4666748046875 635.375732421875 690.4358520507812
1294.4859619140625 855.3021240234375 713.7645874023438 888.9992065429688
1163.8563232421875 1004.8318481445312 641.9920654296875 722.8257446289062
1261.1866455078125 911.4169311523438 674.2910766601562 826.39208984375
1183.5906982421875 912.007080078125 705.8240356445312 768.4649047851562
1261.1866455078125 911.4169311523438 674.2910766601562 826.39208984375
928.1007690429688 992.8565673828125 727.2726440429688 606.329833984375
1206.866943359375 883.9906616210938 721.8259887695312 798.9616088867188
1227.1864013671875 925.8984985351562 675.9534912109375 793.787109375
1118.53857421875 832.307861328125 808.3736572265625 757.5858764648438
1229.145263671875 897.9462890625 699.8375244140625 809.0186767578125
1229.145263671875 897.9462890625 699.8375244140625 809.0186767578125
1256.3740234375 846.6690673828125 739.4278564453125 861.806396484375
1133.098388671875 972.4892578125 675.8757934570312 713.9100952148438
1319.2093505859375 789.590087890625 781.1077270507812 976.6417846679688
1113.783447265625 839.0694580078125 802.7363891601562 750.6934814453125
1002.4147338867188 934.3968505859375 748.5970458984375 652.3385009765625
971.1152954101562 936.9545288085938 759.4910278320312 635.4695434570312
999.0952758789062 836.3388671875 843.0288696289062 676.4423217773438
1128.042236328125 1027.23193359375 640.2420043945312 696.5299072265625
1113.2513427734375 1002.2205810546875 662.1006469726562 695.2590942382812
1291.772705078125 823.4512939453125 750.7030029296875 913.8402709960938
1019.6201782226562 928.6692504882812 748.8922119140625 663.135986328125
1101.2073974609375 994.1995239257812 672.0728149414062 690.1671142578125
1290.3013916015625 839.0101318359375 732.0181274414062 899.9063110351562
1287.60107421875 846.0591430664062 725.3861083984375 891.4216918945312
1092.093017578125 857.3974609375 790.9251098632812 727.7911376953125
1109.61767578125 984.52490234375 676.1099853515625 698.5858154296875
1017.7684326171875 907.0620727539062 767.9168090820312 666.4737548828125
985.1984252929688 923.8002319335938 763.927490234375 644.33740234375
1105.2542724609375 1010.3087158203125 659.165283203125 688.8601684570312
1076.582763671875 846.1179809570312 807.9212646484375 721.6470336914062
1295.5086669921875 833.0778198242188 736.914794921875 910.7161254882812
1137.703857421875 1019.102783203125 641.8259887695312 704.0369873046875
1279.2503662109375 834.4258422851562 744.4091796875 894.8977661132812
1075.3714599609375 835.3164672851562 820.5099487304688 724.59521484375
1105.2542724609375 1010.3087158203125 659.165283203125 688.8601684570312
991.8479614257812 900.8372802734375 781.1582641601562 653.4835205078125
