764.0626831054688 982.302734375 1051.06005859375 710.312744140625
640.3462524414062 1000.8287353515625 1104.958251953125 761.0814819335938
782.6265869140625 969.4037475585938 1038.6142578125 705.3948974609375
659.94970703125 1014.22216796875 1104.567626953125 746.1461181640625
659.94970703125 1014.22216796875 1104.567626953125 746.1461181640625
782.6265869140625 969.4037475585938 1038.6142578125 705.3948974609375
626.9464111328125 884.32763671875 1045.2073974609375 825.3095703125
651.7057495117188 874.4695434570312 1028.527587890625 815.4453735351562
583.3731689453125 1027.57763671875 1140.0076904296875 778.132568359375
562.9869384765625 877.0534057617188 1069.9793701171875 875.8667602539062
815.4813842773438 912.9561157226562 994.7251586914062 706.75390625
638.0133056640625 864.2304077148438 1029.6448974609375 828.6351928710938
655.3734130859375 1043.126708984375 1119.6988525390625 738.6565551757812
777.0841064453125 914.4111938476562 1011.1663818359375 725.9913330078125
566.1387329101562 861.5215454101562 1056.662353515625 884.591796875
602.8639526367188 841.4454956054688 1027.1956787109375 873.1626586914062
593.0310668945312 863.5177001953125 1048.2498779296875 862.7061157226562
620.2119140625 855.6175537109375 1026.88134765625 851.8442993164062
625.2755126953125 872.3994140625 1036.641357421875 838.0455322265625
