895.9762573242188 813.7479248046875 831.7984619140625 631.9279174804688
1170.4285888671875 913.3572387695312 702.5886840820312 814.0889892578125
1271.96630859375 847.2777099609375 766.0216674804688 914.8529052734375
1330.8311767578125 833.4192504882812 781.1077270507812 976.6417846679688
1285.9530029296875 881.3169555664062 723.9129028320312 916.5797119140625
1180.143310546875 774.2169189453125 874.4661865234375 845.578857421875
1368.745849609375 848.5223388671875 757.4183959960938 1015.7046508789062
1064.809814453125 849.6757202148438 783.786376953125 742.6136474609375
1222.398681640625 874.6505737304688 739.4278564453125 861.806396484375
1258.9530029296875 883.0169067382812 725.3861083984375 891.4216918945312
1064.809814453125 849.6757202148438 783.786376953125 742.6136474609375
1222.398681640625 874.6505737304688 739.4278564453125 861.806396484375
1138.6136474609375 905.7442016601562 716.3910522460938 791.466064453125
1285.9530029296875 881.3169555664062 723.9129028320312 916.5797119140625
1172.3394775390625 944.2183227539062 673.4091796875 811.5676879882812
1147.15380859375 945.2595825195312 675.9534912109375 793.787109375
1231.9364013671875 870.4007568359375 743.6326293945312 870.6766357421875
1257.783935546875 856.7528686523438 757.143798828125 897.3768920898438
1098.738525390625 927.5886840820312 699.3358764648438 762.1497802734375
1355.9459228515625 846.069091796875 760.3724975585938 999.5562133789062
1136.5194091796875 920.3275146484375 702.0807495117188 788.6719360351562
1240.439208984375 865.4395141601562 748.2955322265625 879.5606079101562
1275.8829345703125 885.6738891601562 720.612548828125 905.805419921875
1231.9364013671875 870.4007568359375 743.6326293945312 870.6766357421875
1235.5155029296875 843.6838989257812 775.5140380859375 879.7831420898438
1275.8829345703125 885.6738891601562 720.612548828125 905.805419921875
1355.814208984375 819.580078125 793.0858154296875 1015.3226928710938
1258.1505126953125 843.4174194335938 773.350341796875 901.7891235351562
1152.9324951171875 938.6610107421875 682.7041015625 797.892333984375
1029.3297119140625 842.220458984375 795.1123046875 718.6737060546875
1261.3892822265625 748.2703247070312 915.1497192382812 935.502685546875
983.7479858398438 975.8051147460938 672.0728149414062 690.1671142578125
