1102.4361572265625 837.6874389648438 714.1409301757812 628.0744018554688
1304.150634765625 879.6358642578125 569.5717163085938 718.6598510742188
1102.4361572265625 837.6874389648438 714.1409301757812 628.0744018554688
978.9159545898438 685.6802978515625 943.0335693359375 635.01806640625
1168.8369140625 805.2464599609375 700.4817504882812 683.1148681640625
1170.4285888671875 913.3572387695312 629.5684204101562 629.1727294921875
1147.15380859375 945.2595825195312 624.921142578125 606.1517944335938
978.9159545898438 685.6802978515625 943.0335693359375 635.01806640625
1191.396240234375 940.03173828125 605.1618041992188 627.8472900390625
1285.9530029296875 881.3169555664062 577.488525390625 706.2365112304688
1249.4677734375 829.6244506835938 629.786865234375 717.6672973632812
1085.845703125 834.7222900390625 725.026611328125 620.1197509765625
1085.845703125 834.7222900390625 725.026611328125 620.1197509765625
1285.9530029296875 881.3169555664062 577.488525390625 706.2365112304688
1303.188720703125 804.7699584960938 608.8753051757812 772.8961791992188
1235.5155029296875 843.6838989257812 630.61181640625 700.68994140625
1178.476318359375 937.4409790039062 611.8543701171875 623.0687866210938
1178.1099853515625 794.671630859375 702.0819702148438 696.1126708984375
1141.5328369140625 884.7308349609375 662.052001953125 626.9467163085938
1207.1318359375 857.1538696289062 640.0070190429688 676.9485473632812
1141.5328369140625 884.7308349609375 662.052001953125 626.9467163085938
1134.943115234375 766.1265869140625 755.766357421875 687.0340576171875
1169.62744140625 798.4369506835938 703.1575927734375 688.7837524414062
1195.8148193359375 788.20849609375 697.3038940429688 713.689208984375
1148.1605224609375 954.2516479492188 619.7249755859375 603.47705078125
1142.1209716796875 913.3296508789062 645.3373413085938 615.5516357421875
1150.5714111328125 805.0276489257812 711.575927734375 672.8241577148438
1172.3394775390625 944.2183227539062 612.2977294921875 617.7255249023438
1178.1099853515625 794.671630859375 702.0819702148438 696.1126708984375
1152.9324951171875 938.6610107421875 625.5731201171875 610.8200073242188
1247.9681396484375 886.3433837890625 598.677001953125 681.6048583984375
1152.24853515625 908.2742309570312 642.2545166015625 621.9266357421875
1258.9530029296875 883.0169067382812 595.5997924804688 689.3274536132812
1258.4295654296875 757.8447875976562 679.2702026367188 782.5441284179688
1138.6136474609375 905.7442016601562 651.0055541992188 617.1262817382812
1240.439208984375 865.4395141601562 614.9036254882812 689.3953857421875
1098.738525390625 927.5886840820312 658.847412109375 591.196533203125
1029.3297119140625 842.220458984375 750.8001098632812 589.53759765625
1142.1209716796875 913.3296508789062 645.3373413085938 615.5516357421875
1120.46240234375 908.3450317382812 660.0042114257812 609.7357177734375
1138.6136474609375 905.7442016601562 651.0055541992188 617.1262817382812
1136.5194091796875 920.3275146484375 644.183349609375 610.5200805664062
976.5172729492188 726.1549072265625 891.5488891601562 609.9279174804688
