106.47534942626953
118.1270523071289
121.93850708007812
122.62952423095703
129.11622619628906
136.7881622314453
141.47084045410156
147.4075927734375
149.13417053222656
151.56846618652344
151.57505798339844
152.16110229492188
153.27752685546875
157.1368865966797
157.33404541015625
158.29403686523438
163.60317993164062
165.79505920410156
171.3534393310547
181.6535186767578
183.69540405273438
185.55322265625
186.16122436523438
186.91441345214844
189.14280700683594
189.4228057861328
195.12046813964844
197.44873046875
200.62652587890625
207.9014129638672
209.06936645507812
241.59884643554688
245.32835388183594
