1099.487060546875 768.6241455078125 771.2078247070312 771.9760131835938
1137.5513916015625 809.3516845703125 717.607666015625 747.376220703125
1155.359375 881.4799194335938 680.2753295898438 695.63623046875
1122.1103515625 885.4591064453125 705.2608642578125 680.9006958007812
1186.0875244140625 863.9403686523438 658.6754760742188 720.41064453125
1059.2159423828125 907.8248291015625 744.1946411132812 646.819580078125
1143.676025390625 834.5016479492188 701.4985961914062 727.2283935546875
1067.3150634765625 942.7505493164062 727.625244140625 632.7845458984375
1034.6676025390625 902.732666015625 763.7979125976562 641.5778198242188
1045.66357421875 956.9996948242188 737.7406616210938 619.8484497070312
1165.4503173828125 800.021728515625 692.1560668945312 770.4937133789062
1155.366943359375 834.4426879882812 689.3005981445312 732.8955688476562
1027.62939453125 819.8864135742188 809.393798828125 690.909912109375
1149.4493408203125 802.19970703125 705.9763793945312 758.9664916992188
1176.453369140625 888.9255981445312 658.5062866210938 699.2084350585938
1176.1954345703125 831.749755859375 672.1635131835938 743.9796752929688
1119.0135498046875 738.08642578125 768.1148071289062 818.6849975585938
1038.69580078125 821.8724975585938 798.0518798828125 693.2496337890625
1175.5284423828125 906.6729736328125 658.0391845703125 686.9625244140625
1025.31298828125 913.3409423828125 766.5352172851562 633.1275024414062
1037.38134765625 917.4039306640625 755.3919677734375 634.374267578125
1119.0135498046875 738.08642578125 768.1148071289062 818.6849975585938
1051.3863525390625 920.8745727539062 745.2735595703125 637.3220825195312
1082.6337890625 1034.155517578125 694.86767578125 599.9226684570312
1162.3505859375 817.7154541015625 691.1878051757812 750.5289306640625
