1016.5376586914062 1021.9174194335938 1008.0242919921875 801.7327880859375
931.4573364257812 1036.1962890625 941.21923828125 818.5697021484375
914.282958984375 934.7958984375 909.2006225585938 728.4265747070312
858.4370727539062 1036.5107421875 877.0614624023438 824.3944702148438
941.5377197265625 1022.4180908203125 947.124267578125 806.940673828125
603.5652465820312 1015.2136840820312 638.7897338867188 819.0608520507812
727.6819458007812 985.521240234375 750.9882202148438 784.6445922851562
750.6541748046875 931.951904296875 762.1301879882812 732.4076538085938
963.4476318359375 937.0263061523438 952.1339721679688 728.7254028320312
856.3507080078125 916.8313598632812 853.931640625 714.4232177734375
1028.880126953125 943.3406982421875 1008.1106567382812 732.9532470703125
614.774169921875 992.2328491210938 646.2830810546875 795.4583129882812
1092.2396240234375 862.51220703125 1052.848876953125 652.1082763671875
1184.54541015625 1007.1505737304688 1140.2650146484375 780.5180053710938
640.8646850585938 974.8023681640625 664.1254272460938 774.866943359375
1184.54541015625 1007.1505737304688 1140.2650146484375 780.5180053710938
1069.172607421875 919.8641967773438 1039.9232177734375 710.795654296875
876.6622924804688 967.3087158203125 882.3360595703125 760.3997802734375
727.6819458007812 985.521240234375 750.9882202148438 784.6445922851562
1002.7135009765625 965.1959838867188 992.2952880859375 753.24072265625
911.50244140625 1051.3375244140625 924.605224609375 833.0650024414062
1051.3863525390625 920.8745727539062 1024.8236083984375 710.784423828125
1437.377197265625 1042.166259765625 1332.52099609375 797.844970703125
787.8284912109375 970.0282592773438 801.2059326171875 765.740478515625
1223.2379150390625 850.4578247070312 1161.580078125 638.0736083984375
997.8421630859375 840.2398681640625 968.2838745117188 633.5143432617188
1061.7996826171875 1031.7340087890625 1046.220703125 807.4446411132812
887.0308227539062 1036.172607421875 903.134765625 821.135009765625
632.0794677734375 959.8759155273438 652.322265625 763.5792846679688
1054.6258544921875 822.4963989257812 1015.7321166992188 618.6912231445312
1351.458740234375 911.5181884765625 1264.3916015625 693.3290405273438
898.980712890625 939.6193237304688 896.8519287109375 737.1228637695312
912.3364868164062 1061.9417724609375 927.210205078125 842.4730834960938
892.5845336914062 1053.9500732421875 911.4656982421875 836.0103149414062
898.980712890625 939.6193237304688 896.8519287109375 737.1228637695312
868.1428833007812 1046.145263671875 887.8947143554688 830.5917358398438
862.060546875 929.8531494140625 863.850341796875 725.533203125
930.2164916992188 847.2164306640625 905.8251342773438 644.5335693359375
610.2075805664062 951.2904663085938 634.8233032226562 756.4398193359375
856.3507080078125 916.8313598632812 853.931640625 714.4232177734375
1176.453369140625 888.9255981445312 1124.5970458984375 676.2501831054688
1301.2496337890625 863.8684692382812 1221.5325927734375 648.2535400390625
1041.2501220703125 1051.0137939453125 1033.274169921875 825.5223388671875
1014.0875854492188 803.8321533203125 975.7379150390625 596.6416625976562
580.3627319335938 1006.623046875 617.933837890625 810.784423828125
999.9332885742188 817.32373046875 968.125732421875 612.3601684570312
728.070068359375 963.9794311523438 744.6920166015625 762.5733642578125
1016.3394165039062 923.9297485351562 996.06689453125 715.2227172851562
895.9501953125 1066.7938232421875 915.2852783203125 847.185791015625
780.6963500976562 850.414306640625 769.6393432617188 648.7420654296875
912.3364868164062 1061.9417724609375 927.210205078125 842.4730834960938
873.1724243164062 938.5545654296875 869.6400756835938 733.9479370117188
746.8021240234375 956.48046875 761.60693359375 758.8548583984375
