1087.4647216796875 891.6715698242188 811.3923950195312 645.75439453125
1191.564208984375 893.4476928710938 738.34033203125 658.3468017578125
1215.4442138671875 851.0281372070312 716.1510009765625 689.9783935546875
1216.26318359375 835.0747680664062 715.1588745117188 702.7803955078125
1178.206298828125 900.701171875 748.3516845703125 652.0906982421875
1156.656005859375 888.0521850585938 762.8839721679688 657.274658203125
1206.1387939453125 822.5217895507812 722.11669921875 712.0896606445312
1189.1572265625 949.3700561523438 740.93505859375 627.6702880859375
1166.5968017578125 932.3810424804688 756.1547241210938 635.3369140625
1205.6068115234375 834.7439575195312 723.8602905273438 701.6412963867188
1191.2825927734375 931.2754516601562 740.2120971679688 637.359130859375
1216.369384765625 811.3327026367188 712.9170532226562 723.2708129882812
1062.3475341796875 903.6319580078125 826.9603271484375 635.8358764648438
1190.7451171875 910.864501953125 740.5738525390625 647.1983032226562
1212.699462890625 906.8115234375 724.2137451171875 652.3721923828125
1040.6739501953125 998.4675903320312 829.4761962890625 590.9904174804688
1062.3475341796875 903.6319580078125 826.9603271484375 635.8358764648438
1237.9508056640625 841.8544921875 698.2677001953125 700.6578369140625
1307.95263671875 764.2433471679688 610.7865600585938 793.5639038085938
