742.7886962890625 1001.2968139648438 1115.8597412109375 717.150390625
756.2710571289062 997.5177612304688 1107.604736328125 710.3501586914062
771.9078979492188 1002.172607421875 1107.2552490234375 698.4100341796875
733.7511596679688 993.6829833984375 1113.381591796875 726.2725830078125
708.2070922851562 990.1593017578125 1118.625732421875 744.174560546875
842.73828125 1014.7276611328125 1093.78662109375 653.7913818359375
781.197021484375 953.5582275390625 1065.865234375 709.7528686523438
781.06298828125 981.2454833984375 1088.639892578125 700.4710083007812
713.3201904296875 963.5845947265625 1098.401611328125 751.9088745117188
656.9999389648438 947.6026000976562 1102.41748046875 803.6554565429688
726.3966064453125 958.3375854492188 1089.2275390625 745.373779296875
879.6923828125 1006.2302856445312 1078.06005859375 635.743408203125
704.8706665039062 854.1290283203125 996.5783081054688 824.1767578125
641.8400268554688 938.0545043945312 1102.4639892578125 820.5230712890625
704.8706665039062 854.1290283203125 996.5783081054688 824.1767578125
757.7398071289062 955.5381469726562 1078.001708984375 724.3435668945312
733.8958129882812 966.804931640625 1094.9117431640625 737.0643920898438
771.7116088867188 963.8237915039062 1079.590087890625 711.8338012695312
724.34033203125 943.6776123046875 1078.6199951171875 752.6666259765625
905.0986328125 997.2233276367188 1063.88134765625 625.5631713867188
743.9417724609375 949.239013671875 1076.8397216796875 736.3633422851562
596.7120361328125 932.4849853515625 1115.361083984375 866.1499633789062
