788.2571411132812 959.9456787109375 1069.7763671875 921.1965942382812
913.3483276367188 1009.8622436523438 1165.377197265625 834.046142578125
927.6857299804688 967.2389526367188 1121.803466796875 806.795166015625
726.3966064453125 958.3375854492188 1046.1253662109375 983.4398193359375
781.197021484375 953.5582275390625 1058.579833984375 925.2973022460938
1002.8067626953125 1019.881591796875 1192.672607421875 770.2490234375
1226.2696533203125 920.341796875 1147.8455810546875 597.3034057617188
757.7398071289062 955.5381469726562 1057.301025390625 952.2247924804688
744.6131591796875 969.6831665039062 1069.2984619140625 967.380126953125
905.0986328125 997.2233276367188 1148.7972412109375 834.120849609375
743.9417724609375 949.239013671875 1042.1624755859375 963.0647583007812
877.1194458007812 833.2915649414062 946.9284057617188 794.9595336914062
