77.05193328857422
82.87339782714844
87.42996978759766
96.39501953125
101.49384307861328
104.0
104.85227966308594
110.34944152832031
114.08768463134766
114.09645080566406
114.16216278076172
114.9173583984375
115.2649154663086
115.77132415771484
118.70130920410156
118.85285186767578
118.99579620361328
119.92498016357422
120.68968200683594
121.13215637207031
122.17610168457031
122.4132308959961
122.42957305908203
123.44634246826172
123.91932678222656
124.11285400390625
125.35948181152344
125.45118713378906
125.50299072265625
126.16655731201172
127.08264923095703
127.23600006103516
127.66753387451172
128.87979125976562
129.08523559570312
129.49903869628906
129.5067596435547
129.55308532714844
131.0686798095703
131.41537475585938
131.97726440429688
132.08331298828125
132.39712524414062
133.03382873535156
133.15028381347656
133.87681579589844
133.98880004882812
134.04103088378906
134.1678009033203
134.43585205078125
134.6699676513672
135.02963256835938
136.38914489746094
137.30987548828125
137.92752075195312
138.3871307373047
139.10427856445312
139.41664123535156
139.59226989746094
139.85350036621094
140.0142822265625
140.3068084716797
141.3011016845703
141.4355010986328
141.89785766601562
142.4464874267578
143.64540100097656
144.145751953125
145.08273315429688
145.51632690429688
145.61936950683594
146.03424072265625
146.23953247070312
146.41720581054688
148.6102294921875
149.04696655273438
149.53260803222656
149.82322692871094
150.08331298828125
150.20652770996094
150.2764129638672
152.55490112304688
153.66522216796875
153.68148803710938
154.295166015625
154.3340606689453
154.37940979003906
157.42300415039062
158.00315856933594
158.11705017089844
158.73878479003906
158.8710174560547
158.8993377685547
158.97169494628906
159.0440216064453
159.514892578125
160.046875
161.41561889648438
162.28062438964844
162.81277465820312
163.26971435546875
163.2758331298828
163.8719024658203
164.7179412841797
165.07574462890625
166.1144256591797
166.32798767089844
166.36105346679688
166.41815185546875
167.03892517089844
167.1885223388672
167.4634246826172
167.61265563964844
167.6245880126953
167.73788452148438
168.03570556640625
168.27359008789062
169.93821716308594
169.93821716308594
170.74249267578125
171.01168823242188
171.02630615234375
171.33592224121094
171.69740295410156
172.16561889648438
173.41856384277344
173.4877471923828
173.8620147705078
174.24407958984375
174.38462829589844
174.79702758789062
175.67584228515625
175.71852111816406
176.2129364013672
176.77670288085938
177.03106689453125
178.22177124023438
178.3647918701172
178.55252075195312
178.720458984375
178.97206115722656
178.99441528320312
180.04443359375
180.10830688476562
180.13328552246094
180.40786743164062
181.30636596679688
182.16751098632812
182.29371643066406
182.82778930664062
183.725341796875
184.33665466308594
184.4098663330078
184.7295379638672
185.3914794921875
185.70945739746094
186.2498321533203
187.21377563476562
187.33392333984375
187.4486541748047
189.09521484375
190.9764404296875
191.11776733398438
192.15098571777344
193.30287170410156
194.29359436035156
194.74085998535156
197.6992645263672
198.40614318847656
198.6202392578125
199.31382751464844
199.552001953125
200.10247802734375
200.64645385742188
202.18309020996094
202.73875427246094
204.72665405273438
204.75839233398438
205.0658416748047
206.5381317138672
207.0
207.70892333984375
208.37945556640625
209.33705139160156
214.0747528076172
214.4784393310547
214.492431640625
215.15342712402344
215.5319061279297
217.75904846191406
218.31399536132812
223.86602783203125
226.7884521484375
228.57821655273438
229.09823608398438
229.2705841064453
231.67434692382812
234.72962951660156
236.5079345703125
239.52035522460938
242.85592651367188
242.97119140625
244.54039001464844
244.59967041015625
255.9453125
