1181.857421875 629.924072265625 1156.6708984375 637.07421875
705.5209350585938 244.361328125 848.7537841796875 236.84469604492188
866.130859375 267.2710876464844 999.0716552734375 261.9046936035156
1140.3812255859375 603.8317260742188 1126.37353515625 606.8207397460938
1575.9359130859375 442.7940979003906 1715.866943359375 471.7799377441406
986.0560913085938 823.1886596679688 872.3406982421875 807.1848754882812
1255.5 312.0700378417969 1391.8446044921875 314.8580017089844
910.8402709960938 787.9562377929688 816.51318359375 763.403564453125
1120.1475830078125 599.3875732421875 1107.0780029296875 601.1690063476562
1179.902099609375 610.5743408203125 1163.919921875 617.6488037109375
1176.8182373046875 625.0562744140625 1155.5634765625 632.1121826171875
916.0936279296875 1021.2705078125 722.8890991210938 981.7673950195312
1135.11962890625 805.7007446289062 1028.1827392578125 805.9998168945312
1194.352783203125 615.3981323242188 1176.467041015625 623.5333862304688
878.0451049804688 807.982177734375 781.1752319335938 778.416015625
1097.2493896484375 808.6403198242188 989.8345336914062 802.5872192382812
900.435546875 766.9248046875 811.2342529296875 742.4022216796875
1249.188232421875 694.7556762695312 1198.232421875 708.8950805664062
1120.19287109375 610.8609008789062 1101.9954833984375 612.4918823242188
1109.5025634765625 629.9344482421875 1079.6466064453125 629.4180908203125
996.0836181640625 773.3570556640625 904.885009765625 756.1065673828125
1046.12451171875 802.3035888671875 942.7933349609375 794.4376220703125
1131.4195556640625 617.96142578125 1108.0889892578125 620.668701171875
1120.1475830078125 599.3875732421875 1107.0780029296875 601.1690063476562
1199.267578125 626.99462890625 1176.6614990234375 635.92041015625
963.2215576171875 784.2506103515625 863.0831298828125 768.0191040039062
1213.4185791015625 618.77685546875 1195.1697998046875 628.8026733398438
1329.3468017578125 751.8676147460938 1258.630126953125 774.3401489257812
1040.349853515625 912.6757202148438 888.3843994140625 897.2847290039062
1232.544921875 688.1268310546875 1184.1231689453125 700.1680297851562
1131.4195556640625 617.96142578125 1108.0889892578125 620.668701171875
1125.7703857421875 609.105224609375 1108.770263671875 611.2781982421875
1301.3685302734375 653.08837890625 1273.8984375 671.8278198242188
916.0936279296875 1021.2705078125 722.8890991210938 981.7673950195312
1185.23681640625 632.6563720703125 1159.530029296875 640.1004028320312
886.6815185546875 1004.6187744140625 701.8784790039062 961.8334350585938
1295.1021728515625 647.7656860351562 1269.7947998046875 665.8347778320312
1115.8778076171875 595.7965087890625 1104.7364501953125 596.794921875
731.8010864257812 261.9034423828125 869.8672485351562 254.70872497558594
1245.7452392578125 683.845947265625 1198.97265625 697.4590454101562
1292.1072998046875 654.5736083984375 1263.1800537109375 672.6764526367188
1197.9412841796875 619.8506469726562 1178.0906982421875 628.602783203125
1163.6019287109375 648.7151489257812 1129.398193359375 653.8921508789062
1213.4185791015625 618.77685546875 1195.1697998046875 628.8026733398438
1231.86474609375 798.3825073242188 1132.88037109375 810.61669921875
1177.523681640625 615.5089111328125 1159.4989013671875 622.578857421875
1194.003662109375 625.9073486328125 1171.6890869140625 633.8671875
1201.9188232421875 622.6098022460938 1181.914306640625 631.7067260742188
1334.1236572265625 766.1465454101562 1254.794189453125 792.0527954101562
1353.9879150390625 773.1574096679688 1274.658447265625 801.3165283203125
1268.3192138671875 678.2725830078125 1226.3570556640625 694.0912475585938
1289.893310546875 646.5831298828125 1264.5771484375 664.0797729492188
1234.2598876953125 734.2000122070312 1163.0653076171875 746.5842895507812
1096.5921630859375 637.6763305664062 1066.3427734375 637.5492553710938
1163.626953125 857.3049926757812 1034.8956298828125 860.1781616210938
1038.400390625 803.2645263671875 933.1695556640625 792.760986328125
1370.3302001953125 777.8031005859375 1288.2060546875 806.660888671875
1065.8291015625 258.894287109375 1207.6136474609375 256.330322265625
1262.3560791015625 665.0441284179688 1225.07861328125 679.5363159179688
1345.0750732421875 765.3764038085938 1268.421630859375 791.0
1077.4693603515625 812.1011962890625 970.3482666015625 804.0541381835938
1101.1748046875 595.9273071289062 1089.6348876953125 595.8622436523438
1288.16845703125 642.8200073242188 1264.0706787109375 660.3223876953125
1096.5921630859375 637.6763305664062 1066.3427734375 637.5492553710938
971.9817504882812 793.0786743164062 872.9872436523438 774.5025024414062
838.9539794921875 814.3662109375 738.3387451171875 779.1783447265625
1260.0543212890625 694.7327880859375 1209.1170654296875 710.1915893554688
1345.0750732421875 765.3764038085938 1268.421630859375 791.0
1207.7647705078125 744.5947875976562 1130.339599609375 753.7993774414062
711.8349609375 758.1036987304688 650.3436889648438 714.3619384765625
1010.6005249023438 956.938232421875 842.5265502929688 936.3638916015625
724.5838623046875 868.6195678710938 617.762451171875 815.8658447265625
724.5838623046875 868.6195678710938 617.762451171875 815.8658447265625
