61.22907638549805
92.9784927368164
93.01612854003906
106.4236831665039
110.40833282470703
112.10263061523438
114.40716552734375
115.8231430053711
118.54956817626953
119.10919189453125
119.8123550415039
122.30290222167969
122.44998931884766
124.2457275390625
125.16389465332031
127.2713623046875
128.6934356689453
130.0884246826172
139.8427734375
142.03872680664062
142.0528106689453
142.3762664794922
146.4445343017578
148.84555053710938
150.7415008544922
152.6073455810547
152.61717224121094
153.63919067382812
154.29193115234375
156.95541381835938
158.63795471191406
159.27334594726562
159.53683471679688
160.5677490234375
167.24832153320312
168.29141235351562
168.46958923339844
170.93858337402344
172.33978271484375
189.2353057861328
195.6885223388672
200.78097534179688
201.93067932128906
204.61183166503906
205.659912109375
208.8133087158203
209.8666229248047
222.03152465820312
226.62083435058594
228.5803985595703
229.01528930664062
248.94979858398438
259.7017517089844
