867.2613525390625 971.7779541015625 1200.1290283203125 781.5675659179688
935.6035766601562 1000.3902587890625 1216.993896484375 728.9143676757812
807.97900390625 807.995361328125 966.8759155273438 852.2864990234375
861.9580688476562 828.9212646484375 1008.7254028320312 792.033203125
893.3153076171875 952.808837890625 1174.617919921875 760.3818359375
695.1250610351562 853.6588745117188 1046.1253662109375 983.4398193359375
881.0177001953125 846.3265380859375 1034.893310546875 772.1519775390625
872.2584838867188 828.36328125 1006.2911987304688 780.2903442382812
724.5838623046875 868.6195678710938 1071.6121826171875 939.768798828125
724.5838623046875 868.6195678710938 1071.6121826171875 939.768798828125
997.518798828125 890.0167236328125 1090.8599853515625 674.175537109375
717.5281982421875 859.224609375 1057.301025390625 952.2247924804688
