1331.682861328125 947.69189453125 745.7310180664062 832.232177734375
1261.9376220703125 985.0628051757812 731.9507446289062 765.386474609375
1275.682861328125 1002.2554931640625 715.79052734375 771.30322265625
1218.509765625 1031.9390869140625 704.4744873046875 723.2477416992188
1188.0771484375 806.8042602539062 951.1956787109375 775.882568359375
1234.1419677734375 1030.8111572265625 701.9031372070312 733.9828491210938
1200.65380859375 881.9382934570312 848.3546142578125 754.11376953125
1281.9052734375 927.7077026367188 778.8689575195312 799.8889770507812
1263.8802490234375 1033.909912109375 691.9839477539062 751.8248291015625
1256.5814208984375 927.1022338867188 784.0272827148438 780.9971923828125
1225.3492431640625 1017.3427124023438 714.030517578125 732.6454467773438
1215.1365966796875 967.8051147460938 756.7547607421875 738.75830078125
1215.1365966796875 967.8051147460938 756.7547607421875 738.75830078125
1346.342041015625 940.5177612304688 749.3731079101562 848.332275390625
1239.2159423828125 982.5126342773438 740.0645751953125 750.8265991210938
1249.1614990234375 996.3637084960938 725.3108520507812 752.9180297851562
1188.0771484375 806.8042602539062 951.1956787109375 775.882568359375
1233.2933349609375 997.1264038085938 728.1209716796875 742.1849365234375
1281.9052734375 927.7077026367188 778.8689575195312 799.8889770507812
1170.6978759765625 886.684814453125 848.7388305664062 729.860107421875
1339.9324951171875 928.353271484375 763.009765625 848.4591064453125
1122.0172119140625 932.0993041992188 812.5215454101562 685.56787109375
1209.414306640625 1016.4246826171875 718.7627563476562 721.9912719726562
1048.043701171875 1036.1141357421875 741.8096313476562 628.8540649414062
1310.9130859375 926.7810668945312 773.2728271484375 825.7927856445312
1302.132080078125 914.6846923828125 787.1144409179688 823.6319580078125
1320.856201171875 934.9696655273438 759.8004760742188 829.4915161132812
1328.1954345703125 914.9108276367188 779.3015747070312 845.7135620117188
1243.4002685546875 1009.4209594726562 715.6046142578125 744.9126586914062
1135.11962890625 805.7007446289062 965.6552124023438 729.6117553710938
