81.88406372070312
89.49860382080078
90.90104675292969
93.17725372314453
107.48023223876953
108.63700866699219
115.09996032714844
115.36030578613281
116.48605346679688
126.49900817871094
126.68464660644531
131.35447692871094
133.55523681640625
135.2146453857422
138.48464965820312
140.00357055664062
145.0517120361328
145.27215576171875
145.69488525390625
147.82421875
148.3374481201172
150.54566955566406
155.62454223632812
159.7498016357422
159.95936584472656
162.0370330810547
162.6745147705078
164.1432342529297
166.7932891845703
171.7090606689453
172.91038513183594
173.0144500732422
178.4320526123047
178.67848205566406
181.1573944091797
187.23248291015625
189.6154022216797
189.8604736328125
198.5774383544922
198.7032928466797
198.85421752929688
211.19422912597656
211.21080017089844
212.3369903564453
213.2017822265625
214.16815185546875
218.10089111328125
222.65443420410156
236.81216430664062
261.3752136230469
