68.25686645507812
71.4142837524414
97.16995239257812
111.77656555175781
113.55615234375
118.3934097290039
118.82339477539062
128.47178649902344
133.23663330078125
134.23858642578125
134.38377380371094
134.87771606445312
138.90284729003906
139.49551391601562
140.1891632080078
152.6990509033203
153.67498779296875
155.75942993164062
160.0843505859375
160.82289123535156
161.2172393798828
166.91615295410156
170.7805633544922
173.61451721191406
174.78843688964844
176.17037963867188
177.8229522705078
179.06423950195312
179.82492065429688
180.36074829101562
183.21299743652344
187.8243865966797
188.13027954101562
188.6690216064453
188.7379150390625
189.19830322265625
192.2108154296875
194.56875610351562
198.0126190185547
213.7732391357422
214.54837036132812
214.83714294433594
215.45533752441406
217.85086059570312
218.89266967773438
222.1396026611328
224.85105895996094
227.36094665527344
229.60182189941406
235.87496948242188
