1050.886474609375 214.93629455566406 1305.997314453125 150.28016662597656
1050.886474609375 214.93629455566406 1305.997314453125 150.28016662597656
644.123779296875 202.11146545410156 886.8846435546875 146.2095489501953
1071.2940673828125 807.8726806640625 1049.1126708984375 778.001708984375
1106.8802490234375 213.61227416992188 1367.773193359375 147.30361938476562
995.5520629882812 872.9099731445312 945.3970947265625 829.1336059570312
1311.2708740234375 780.48828125 1320.4017333984375 789.2674560546875
1297.5069580078125 830.4478759765625 1283.9237060546875 841.463134765625
912.4324340820312 916.3778686523438 851.3888549804688 854.640380859375
1207.4466552734375 881.7322998046875 1157.449951171875 878.1790161132812
904.885009765625 756.1065673828125 904.4296875 701.36083984375
1226.847900390625 906.4646606445312 1169.99951171875 906.1860961914062
1204.7093505859375 860.7254638671875 1161.2823486328125 855.9400634765625
1133.40478515625 236.55581665039062 1388.9273681640625 174.70156860351562
1028.1827392578125 805.9998168945312 1005.0049438476562 769.1808471679688
963.4649047851562 925.4691772460938 890.4115600585938 872.1876831054688
810.4356689453125 800.2010498046875 799.5494995117188 732.2048950195312
1009.2943725585938 880.3060302734375 956.5015869140625 841.7061157226562
1077.6351318359375 998.4254150390625 968.4949951171875 962.7603759765625
989.8345336914062 802.5872192382812 965.9087524414062 760.3239135742188
1115.520263671875 928.8832397460938 1041.25341796875 903.673095703125
1288.1846923828125 790.7904663085938 1292.078369140625 796.9793090820312
664.2374877929688 872.419677734375 651.2423095703125 776.4979858398438
1277.50830078125 231.10659790039062 1573.71875 163.41580200195312
935.5377197265625 908.115234375 874.7149658203125 849.5408935546875
1138.11083984375 959.1505126953125 1049.22021484375 941.93212890625
895.6701049804688 933.1912231445312 825.448974609375 871.0936279296875
1163.596435546875 964.5137329101562 1071.57861328125 951.4652099609375
1204.7093505859375 860.7254638671875 1161.2823486328125 855.9400634765625
1191.3685302734375 874.6049194335938 1145.13916015625 867.5521240234375
1226.798828125 662.2667846679688 1288.53564453125 650.1099243164062
876.7355346679688 972.4691772460938 794.988525390625 901.8580322265625
1007.8607177734375 1020.0505981445312 892.6376342773438 973.7830200195312
1071.2940673828125 807.8726806640625 1049.1126708984375 778.001708984375
788.6043090820312 976.583984375 719.78369140625 889.087158203125
1145.21923828125 930.7360229492188 1069.372802734375 911.3428955078125
1171.528564453125 626.3202514648438 1239.081298828125 606.9224243164062
830.3631591796875 784.3007202148438 827.9400024414062 720.2167358398438
1191.3685302734375 874.6049194335938 1145.13916015625 867.5521240234375
1063.6990966796875 875.6163330078125 1006.4851684570312 844.8741455078125
963.0899658203125 789.296630859375 945.3514404296875 741.4044799804688
724.1775512695312 759.6926879882812 745.162109375 682.7786254882812
1254.794189453125 792.0527954101562 1253.731201171875 792.8518676757812
942.7933349609375 794.4376220703125 925.161865234375 745.8748779296875
1288.2060546875 806.660888671875 1286.11279296875 813.9920043945312
1148.1094970703125 743.7597045898438 1159.169189453125 724.4864501953125
1132.88037109375 810.61669921875 1110.5001220703125 790.5865478515625
1130.339599609375 753.7993774414062 1137.1982421875 732.2782592773438
921.32177734375 798.63720703125 907.0213012695312 744.5803833007812
1243.6634521484375 747.9778442382812 1259.1602783203125 743.7928466796875
