117.91946411132812
119.94998931884766
127.35383605957031
130.1383819580078
131.51806640625
135.9227752685547
136.65284729003906
141.1346893310547
151.50247192382812
154.032470703125
154.73526000976562
155.1966552734375
157.7783203125
157.98733520507812
158.78916931152344
159.82177734375
161.1862335205078
161.82089233398438
162.29910278320312
162.8465576171875
165.32090759277344
166.8202667236328
167.6096649169922
167.65440368652344
167.690185546875
168.39833068847656
169.17742919921875
171.09646606445312
172.4180908203125
172.5775146484375
173.76995849609375
174.37030029296875
175.33396911621094
175.37388610839844
176.4114532470703
176.81063842773438
177.16940307617188
178.04493713378906
180.6626739501953
180.84246826171875
181.63424682617188
182.27999877929688
183.21844482421875
186.69761657714844
190.46522521972656
190.7825927734375
194.05926513671875
194.828125
195.42262268066406
196.282958984375
197.6056671142578
198.0530242919922
198.8089599609375
198.91958618164062
199.18333435058594
199.36398315429688
199.47682189941406
199.53445434570312
200.1999053955078
202.25973510742188
202.321533203125
205.85675048828125
205.8907470703125
206.1310272216797
208.78697204589844
210.89808654785156
212.59820556640625
212.9037322998047
213.36822509765625
214.70445251464844
214.74169921875
214.97906494140625
217.72000122070312
218.62753295898438
218.89495849609375
219.5745849609375
220.68983459472656
221.62355041503906
225.36415100097656
225.63909912109375
225.99114990234375
228.1271514892578
229.78468322753906
230.258544921875
235.4654998779297
239.367919921875
256.95330810546875
256.9941711425781
260.3708801269531
262.5623779296875
