635.2080078125 1023.7532958984375 938.3822631835938 1016.4240112304688
609.4790649414062 1008.23974609375 895.8792724609375 1024.759521484375
886.1173706054688 887.5966796875 982.2057495117188 734.3592529296875
864.0125122070312 882.45654296875 959.1578979492188 743.8690795898438
736.3842163085938 1043.9117431640625 1041.6397705078125 961.6790771484375
761.0283203125 1041.964111328125 1058.1536865234375 943.8015747070312
864.0125122070312 882.45654296875 959.1578979492188 743.8690795898438
681.2740478515625 952.4027099609375 889.4114990234375 924.7083740234375
691.32470703125 926.8182373046875 865.5040283203125 894.7766723632812
834.4815063476562 969.4303588867188 1030.8623046875 841.6993408203125
628.427734375 1038.1041259765625 952.4617309570312 1033.3607177734375
668.9580688476562 940.577880859375 862.7444458007812 922.8417358398438
812.8826293945312 846.52978515625 872.572509765625 734.6160888671875
867.231689453125 892.623291015625 972.3854370117188 749.7910766601562
796.3792724609375 866.3035888671875 882.0597534179688 771.5786743164062
650.3203735351562 828.0524291992188 677.5126953125 826.6286010742188
