664.2341918945312 946.8406982421875 716.9754638671875 838.0995483398438
1063.361328125 795.6278686523438 1017.5409545898438 556.20458984375
1085.3155517578125 791.8323974609375 1033.613525390625 547.7936401367188
897.1715087890625 866.494873046875 901.3726196289062 675.1866455078125
761.0283203125 1041.964111328125 888.93359375 907.4895629882812
742.2470703125 869.6661987304688 742.8355712890625 723.1541748046875
833.7361450195312 864.4434204101562 838.322998046875 695.370361328125
686.2745971679688 962.0244750976562 752.74462890625 848.1669921875
748.3216552734375 834.0968627929688 722.564208984375 677.01904296875
787.9893188476562 987.6219482421875 871.7750244140625 844.1585693359375
754.6995849609375 841.0662841796875 738.7924194335938 683.8695068359375
787.7176513671875 960.751708984375 860.28173828125 817.944580078125
883.561767578125 875.9862060546875 894.6309204101562 694.0499877929688
961.7783813476562 901.6098022460938 982.23681640625 702.189208984375
864.0125122070312 882.45654296875 880.597412109375 705.901611328125
771.3656616210938 852.1233520507812 762.3104858398438 690.88427734375
727.2935791015625 775.0394287109375 646.8521118164062 603.1727905273438
593.2169799804688 1053.51513671875 726.3370971679688 977.7957153320312
746.4977416992188 830.2718505859375 717.3690185546875 673.1305541992188
920.2646484375 969.4259033203125 985.9637451171875 786.2817993164062
654.7091674804688 819.3900146484375 599.9556884765625 683.3382568359375
851.3432006835938 894.196044921875 873.0355224609375 722.6876831054688
760.120361328125 850.4552001953125 748.6377563476562 696.3460083007812
836.3544921875 885.0828857421875 857.1175537109375 716.7069091796875
793.4473266601562 851.0388793945312 785.4059448242188 687.9685668945312
596.992919921875 1041.77294921875 716.9278564453125 962.6442260742188
691.32470703125 926.8182373046875 733.796630859375 806.2212524414062
650.3203735351562 828.0524291992188 602.7325439453125 695.910400390625
636.8021850585938 826.295654296875 582.3606567382812 698.0450439453125
