782.18115234375 898.8931274414062 881.0964965820312 750.052490234375
897.343505859375 922.4855346679688 996.727294921875 780.291259765625
1332.6126708984375 715.8512573242188 1352.285400390625 516.13232421875
867.231689453125 892.623291015625 963.7102661132812 740.9534301757812
812.8826293945312 846.52978515625 896.9257202148438 686.5709838867188
793.4473266601562 851.0388793945312 877.1593627929688 695.7364501953125
969.6371459960938 856.5635986328125 1045.538818359375 697.5721435546875
1285.930908203125 761.31005859375 1319.3538818359375 575.1582641601562
688.6751708984375 936.344970703125 807.50244140625 796.9708862304688
1151.3529052734375 811.8511962890625 1204.0911865234375 640.184326171875
918.7321166992188 880.0313110351562 1006.444580078125 725.6649780273438
883.561767578125 875.9862060546875 973.3142700195312 721.987060546875
726.379638671875 844.7778930664062 809.6591796875 688.18359375
771.3656616210938 852.1233520507812 858.0595092773438 697.150390625
728.5474243164062 854.4751586914062 812.7796630859375 699.4292602539062
867.231689453125 892.623291015625 963.7102661132812 740.9534301757812
726.379638671875 844.7778930664062 809.6591796875 688.18359375
938.853759765625 984.4581298828125 1052.3297119140625 842.8727416992188
650.3203735351562 828.0524291992188 725.2876586914062 670.231689453125
740.35888671875 844.573974609375 823.6793823242188 689.3794555664062
636.8021850585938 826.295654296875 711.8587646484375 670.3297729492188
