142.52719116210938
153.45358276367188
156.3585662841797
160.41197204589844
166.33399963378906
168.08331298828125
170.47579956054688
172.14529418945312
173.2108612060547
175.59613037109375
180.07220458984375
181.29258728027344
184.19825744628906
184.20912170410156
185.6044158935547
187.45399475097656
189.0449676513672
189.348876953125
189.42544555664062
191.5463409423828
194.5096435546875
194.89483642578125
195.0692138671875
197.4385986328125
197.45126342773438
197.67649841308594
197.81051635742188
202.25973510742188
206.98550415039062
207.13763427734375
208.49700927734375
208.7270965576172
209.3848114013672
209.692626953125
209.73793029785156
211.56796264648438
211.9056396484375
212.99295043945312
215.23243713378906
222.6724090576172
225.3086700439453
232.6005096435547
241.49119567871094
245.0550994873047
265.0792236328125
