705.7142944335938 1034.1641845703125 553.89990234375 1024.9178466796875
1124.477783203125 777.8765869140625 1112.13037109375 915.3126831054688
1124.477783203125 777.8765869140625 1112.13037109375 915.3126831054688
1104.3167724609375 817.2232055664062 1055.65283203125 954.3125
1085.3155517578125 791.8323974609375 1058.8145751953125 911.7301025390625
897.1715087890625 866.494873046875 821.2457275390625 919.4437866210938
1045.36865234375 814.1771240234375 997.4703979492188 922.6211547851562
1085.0487060546875 875.8674926757812 981.60498046875 1018.3159790039062
1075.5296630859375 823.1646118164062 1023.0309448242188 946.1267700195312
1122.946044921875 820.272705078125 1072.134521484375 968.063232421875
1089.7410888671875 863.10400390625 997.4227294921875 1004.8666381835938
1033.3546142578125 838.4562377929688 964.6611938476562 946.3267211914062
833.7361450195312 864.4434204101562 771.6142578125 892.7915649414062
1130.977294921875 859.21142578125 1041.1708984375 1019.7531127929688
1111.3165283203125 235.6421356201172 1585.2744140625 170.56967163085938
779.6103515625 959.097900390625 661.2437744140625 974.1483764648438
957.8328857421875 922.8199462890625 825.9179077148438 1013.3932495117188
1133.869873046875 813.998291015625 1085.8236083984375 966.8101196289062
1016.6961059570312 816.32958984375 969.3482055664062 910.5906982421875
845.8900146484375 948.2310791015625 717.68017578125 987.1021118164062
1231.6280517578125 833.3977661132812 1175.502197265625 1041.7596435546875
982.2760620117188 900.7176513671875 864.57470703125 1000.3195190429688
993.0320434570312 825.190673828125 937.331787109375 913.3934936523438
1244.048095703125 806.7474365234375 1214.881103515625 1014.993408203125
1151.3529052734375 811.8511962890625 1105.79248046875 971.6434936523438
834.4815063476562 969.4303588867188 689.4656372070312 1007.7398681640625
1012.4288330078125 827.73388671875 955.33251953125 925.14208984375
