1356.560791015625 981.3799438476562 511.4239196777344 940.2656860351562
1331.7830810546875 964.4827880859375 537.5881958007812 925.4229736328125
1316.0128173828125 978.8619384765625 529.19189453125 908.749267578125
1253.0943603515625 871.4380493164062 666.2295532226562 895.7584228515625
1281.4365234375 958.97705078125 559.556640625 887.7019653320312
1266.8409423828125 953.7811279296875 570.8217163085938 878.865966796875
1282.3143310546875 990.8914794921875 529.478515625 879.6066284179688
1294.671630859375 952.3358764648438 563.804443359375 901.36083984375
1266.8409423828125 953.7811279296875 570.8217163085938 878.865966796875
1294.671630859375 952.3358764648438 563.804443359375 901.36083984375
1316.0814208984375 935.38232421875 572.1795654296875 925.1179809570312
1252.57080078125 947.599853515625 582.5535888671875 870.7682495117188
1279.7918701171875 932.6337280273438 588.5294189453125 896.9308471679688
1205.197509765625 999.0472412109375 549.4359741210938 823.0777587890625
1201.9493408203125 974.30322265625 571.826904296875 825.6030883789062
1289.283935546875 971.98779296875 546.3041381835938 889.7017211914062
1274.0048828125 868.5559692382812 661.4990844726562 914.4282836914062
1272.8994140625 973.8959350585938 553.7671508789062 877.4974365234375
1169.303466796875 1005.43798828125 555.3140258789062 799.3358764648438
1340.191162109375 845.083740234375 672.586181640625 996.031982421875
1370.472412109375 820.2315673828125 698.7307739257812 1048.5140380859375
1145.09716796875 951.7772827148438 610.7865600585938 793.5639038085938
1177.38623046875 968.985107421875 584.6141967773438 811.5691528320312
1307.523681640625 966.3908081054688 542.7666625976562 904.6962280273438
1142.8931884765625 997.8381958007812 569.5712280273438 786.80517578125
1335.71337890625 824.1033935546875 706.1143188476562 1003.6587524414062
1180.5015869140625 986.8392944335938 567.489990234375 810.5486450195312
