1065.150390625 812.1454467773438 1046.810791015625 636.0077514648438
1021.82275390625 895.4556274414062 1081.3206787109375 718.388671875
1159.75341796875 829.1737670898438 1118.3775634765625 616.11376953125
1021.82275390625 895.4556274414062 1081.3206787109375 718.388671875
1025.602294921875 907.0692749023438 1090.808837890625 726.0425415039062
885.5939331054688 895.28515625 988.47412109375 775.6874389648438
881.7682495117188 1028.4754638671875 1089.7962646484375 871.3737182617188
881.7682495117188 1028.4754638671875 1089.7962646484375 871.3737182617188
1190.1282958984375 967.160400390625 1221.705078125 708.311767578125
989.3834838867188 1013.6629028320312 1143.6790771484375 813.6763305664062
1142.8931884765625 997.8381958007812 1216.51171875 743.7412109375
733.3319702148438 937.5874633789062 909.0466918945312 881.5248413085938
1387.2652587890625 687.4579467773438 1155.9183349609375 438.68438720703125
1266.8409423828125 953.7811279296875 1250.371826171875 672.9083251953125
906.81982421875 1023.5396118164062 1100.1138916015625 859.309814453125
1008.4983520507812 809.4564208984375 1007.8021240234375 656.0255126953125
1048.3782958984375 981.33837890625 1156.059814453125 769.9807739257812
1266.8409423828125 953.7811279296875 1250.371826171875 672.9083251953125
841.3790893554688 990.9310302734375 1035.63037109375 864.43310546875
998.4603881835938 787.3883666992188 981.6288452148438 640.4160766601562
830.0048217773438 1003.1094360351562 1037.5333251953125 880.056396484375
853.9578247070312 782.1945190429688 864.0050048828125 692.5374145507812
990.4302978515625 989.0084838867188 1129.6251220703125 797.96044921875
1061.637451171875 1024.8001708984375 1190.5238037109375 793.7006225585938
876.409912109375 974.5123901367188 1045.447021484375 837.1063842773438
867.6415405273438 1007.9100952148438 1065.81787109375 864.1690063476562
1201.73583984375 844.2772827148438 1149.909912109375 613.9596557617188
1054.94140625 1002.0487670898438 1172.4168701171875 781.2408447265625
867.6415405273438 1007.9100952148438 1065.81787109375 864.1690063476562
1026.0435791015625 886.696533203125 1078.414306640625 710.3517456054688
720.8377075195312 934.1851806640625 895.7547607421875 884.1489868164062
856.2830200195312 1032.763427734375 1076.3671875 887.367431640625
1281.4365234375 958.97705078125 1260.5833740234375 673.0433959960938
1107.8310546875 844.66162109375 1097.44189453125 645.2656860351562
890.2460327148438 1003.356201171875 1076.1505126953125 852.0153198242188
981.8222045898438 888.5563354492188 1046.848388671875 724.2210083007812
1045.5604248046875 1015.3508911132812 1175.9967041015625 793.5043334960938
868.765869140625 1022.8253784179688 1076.8642578125 872.419189453125
1289.283935546875 971.98779296875 1269.824462890625 677.4028930664062
942.2521362304688 737.8500366210938 897.6075439453125 615.26416015625
1013.807373046875 998.6546020507812 1148.5157470703125 794.653076171875
733.4830322265625 922.7297973632812 895.1525268554688 868.3078002929688
1269.6005859375 941.258056640625 1244.63525390625 664.3610229492188
857.3798828125 811.7479858398438 893.06884765625 719.5261840820312
1294.671630859375 952.3358764648438 1261.1116943359375 661.73388671875
1184.719970703125 832.6470336914062 1134.83349609375 610.1709594726562
887.9005126953125 991.4376220703125 1066.9681396484375 844.467529296875
1126.5712890625 851.3114624023438 1111.9290771484375 644.9904174804688
995.3656616210938 899.183837890625 1069.335693359375 730.0914916992188
1178.1116943359375 1001.0750732421875 1235.3900146484375 733.7474975585938
734.4996337890625 905.60009765625 880.1854858398438 854.905517578125
1182.9837646484375 977.4201049804688 1223.50390625 717.0775146484375
855.2283935546875 792.2462768554688 874.6943969726562 702.8079223632812
733.4830322265625 922.7297973632812 895.1525268554688 868.3078002929688
