1021.82275390625 895.4556274414062 1014.7674560546875 782.4225463867188
1034.2994384765625 910.4140014648438 1032.4208984375 794.422119140625
960.1815795898438 923.8247680664062 976.0525512695312 828.1265258789062
1075.2645263671875 808.0699462890625 1019.3441772460938 681.7722778320312
1089.6641845703125 902.0614624023438 1074.698486328125 770.5475463867188
948.0537109375 820.1987915039062 914.4699096679688 726.0828857421875
990.0440673828125 1047.7105712890625 1056.679931640625 935.4322509765625
953.4812622070312 788.115234375 901.8490600585938 690.2666625976562
1021.82275390625 895.4556274414062 1014.7674560546875 782.4225463867188
998.4603881835938 787.3883666992188 943.3372802734375 679.1181640625
963.4314575195312 898.1232299804688 966.1640014648438 800.9074096679688
914.9835815429688 725.6015014648438 831.7984619140625 631.9279174804688
1017.1005249023438 858.483642578125 993.3497314453125 746.0580444335938
1188.7996826171875 1007.8750610351562 1190.622314453125 841.1122436523438
1021.7852172851562 976.2681274414062 1050.765869140625 858.6622314453125
836.4890747070312 1039.031494140625 920.9203491210938 979.3278198242188
1263.765380859375 924.8346557617188 1213.9937744140625 747.393798828125
1142.8931884765625 997.8381958007812 1154.859130859375 843.5802001953125
895.8676147460938 879.4698486328125 893.90380859375 801.8310546875
1190.1282958984375 967.160400390625 1176.544677734375 804.5607299804688
997.3018798828125 770.787841796875 934.0884399414062 661.339111328125
1081.7261962890625 880.1356811523438 1058.43701171875 750.6932373046875
1281.4365234375 958.97705078125 1238.5328369140625 773.5697021484375
906.81982421875 1023.5396118164062 973.6116333007812 939.5671997070312
890.82763671875 887.083740234375 893.7007446289062 811.6272583007812
1269.6005859375 941.258056640625 1224.1260986328125 760.4147338867188
989.3834838867188 1013.6629028320312 1038.8660888671875 901.1460571289062
948.0537109375 820.1987915039062 914.4699096679688 726.0828857421875
889.047607421875 874.6249389648438 885.0866088867188 798.63818359375
964.3770751953125 889.885986328125 963.1646728515625 793.0569458007812
890.2460327148438 1003.356201171875 949.8147583007812 925.510498046875
981.09912109375 919.498291015625 991.8529052734375 818.1189575195312
991.5348510742188 803.2154541015625 945.1105346679688 697.3104858398438
857.6282348632812 908.2800903320312 873.170654296875 841.4107055664062
889.047607421875 874.6249389648438 885.0866088867188 798.63818359375
979.2138061523438 792.79931640625 928.776611328125 689.2723388671875
847.320556640625 749.5623779296875 773.4874877929688 676.3417358398438
1289.3319091796875 802.1500854492188 1187.635009765625 626.3981323242188
881.7682495117188 1028.4754638671875 955.373046875 951.4061279296875
876.409912109375 974.5123901367188 923.96044921875 902.0922241210938
868.7099609375 816.8654174804688 834.9260864257812 744.369140625
857.3798828125 811.7479858398438 820.5543212890625 742.03271484375
1061.637451171875 1024.8001708984375 1102.1412353515625 891.792724609375
1067.5147705078125 1010.2119140625 1099.970947265625 877.4950561523438
1252.57080078125 947.599853515625 1214.12255859375 770.4058227539062
846.2311401367188 819.6468505859375 814.0182495117188 753.042724609375
1035.31494140625 983.19580078125 1064.40185546875 861.9286499023438
857.3798828125 811.7479858398438 820.5543212890625 742.03271484375
1136.865478515625 861.6951293945312 1095.3026123046875 719.927490234375
1143.8065185546875 1016.2066650390625 1161.9119873046875 860.734130859375
1169.303466796875 1005.43798828125 1176.0084228515625 844.2606811523438
876.409912109375 974.5123901367188 923.96044921875 902.0922241210938
1133.1466064453125 947.9281616210938 1126.16943359375 801.0787353515625
832.6510620117188 898.3019409179688 844.216064453125 840.1023559570312
819.1109008789062 810.2968139648438 781.8742065429688 751.8497314453125
999.6444091796875 884.9554443359375 992.0406494140625 779.4816284179688
1048.3782958984375 981.33837890625 1073.7467041015625 856.5177001953125
1155.4847412109375 944.6923828125 1142.285888671875 791.9335327148438
1284.8853759765625 751.397705078125 1165.266845703125 577.7498168945312
733.3319702148438 937.5874633789062 766.0216674804688 914.8529052734375
1008.4983520507812 809.4564208984375 963.3389282226562 699.9099731445312
911.6218872070312 1005.8792724609375 969.8585205078125 920.378173828125
1135.1539306640625 955.3106689453125 1130.7857666015625 808.0240478515625
1270.8736572265625 743.317626953125 1151.674072265625 572.7225341796875
957.272216796875 909.1766357421875 966.0263671875 813.6109619140625
1126.4420166015625 863.12255859375 1087.288330078125 723.3668212890625
984.34375 790.2994384765625 932.3291625976562 685.2930908203125
1128.1041259765625 889.62548828125 1099.7371826171875 748.671630859375
859.0812377929688 818.2904052734375 825.7881469726562 748.388671875
867.6415405273438 1007.9100952148438 932.5836181640625 936.5680541992188
1073.0721435546875 852.3740234375 1039.0943603515625 725.6013793945312
997.3018798828125 770.787841796875 934.0884399414062 661.339111328125
1279.7918701171875 932.6337280273438 1228.0657958984375 749.6412963867188
874.14111328125 913.3809204101562 892.4803466796875 842.2929077148438
1284.8853759765625 751.397705078125 1165.266845703125 577.7498168945312
1036.9989013671875 1029.994873046875 1084.9102783203125 903.857177734375
1023.9500732421875 1031.30419921875 1075.0701904296875 908.753662109375
1458.109619140625 749.5477905273438 1290.2774658203125 547.2959594726562
841.3790893554688 990.9310302734375 900.1771240234375 929.7461547851562
1145.09716796875 951.7772827148438 1137.2598876953125 801.7804565429688
1216.2000732421875 880.0382080078125 1163.261962890625 717.3214111328125
1387.2652587890625 687.4579467773438 1219.573486328125 497.5136413574219
1135.30078125 840.157470703125 1084.2550048828125 698.2479858398438
1316.0128173828125 978.8619384765625 1269.2725830078125 782.6270751953125
1420.0777587890625 794.5071411132812 1276.544921875 592.71923828125
853.4843139648438 823.0283203125 822.8405151367188 755.3862915039062
959.09228515625 780.347412109375 903.0694580078125 680.4767456054688
998.02294921875 867.3084106445312 982.2005615234375 760.1998901367188
1060.044189453125 988.5462646484375 1085.3673095703125 859.7303466796875
1180.5015869140625 986.8392944335938 1177.9056396484375 824.252197265625
867.6415405273438 1007.9100952148438 932.5836181640625 936.5680541992188
1241.7529296875 928.75341796875 1199.7623291015625 756.1453247070312
1196.1461181640625 836.4122924804688 1130.9681396484375 680.3369750976562
1126.5712890625 851.3114624023438 1081.3948974609375 711.5684814453125
1200.945068359375 676.6469116210938 1068.390625 516.7338256835938
1008.99072265625 868.597412109375 988.4832153320312 758.3699340820312
855.5405883789062 803.7069091796875 814.5479736328125 733.9437255859375
1255.572021484375 935.1843872070312 1210.8221435546875 756.9874267578125
760.1412353515625 995.2047119140625 823.6068725585938 959.9561157226562
970.4039306640625 806.2817993164062 927.9994506835938 705.0286254882812
861.1732788085938 989.3966674804688 919.8462524414062 920.2211303710938
1159.619384765625 985.7620239257812 1160.0848388671875 828.5899047851562
1316.0814208984375 935.38232421875 1254.5086669921875 744.9049682617188
1129.6351318359375 637.6804809570312 989.1962280273438 487.049560546875
885.5939331054688 895.28515625 891.8883666992188 821.3394775390625
1136.865478515625 861.6951293945312 1095.3026123046875 719.927490234375
881.7682495117188 1028.4754638671875 955.373046875 951.4061279296875
1150.68896484375 884.3715209960938 1116.4937744140625 739.6983032226562
1160.965087890625 648.7213745117188 1022.9839477539062 494.9473571777344
1216.2000732421875 880.0382080078125 1163.261962890625 717.3214111328125
1014.2774658203125 879.6920776367188 1001.984619140625 769.379150390625
1025.741943359375 1039.861572265625 1079.9281005859375 918.0249633789062
1248.856689453125 822.0078735351562 1165.6268310546875 654.9841918945312
1092.31494140625 886.2413940429688 1069.10888671875 753.5394287109375
1198.9281005859375 683.0982666015625 1069.15185546875 523.6759643554688
1294.671630859375 952.3358764648438 1244.904296875 763.6417236328125
966.7293090820312 786.53515625 914.421875 686.0653076171875
1291.055419921875 666.7376708984375 1136.8890380859375 489.4149475097656
1146.6971435546875 966.6532592773438 1145.511474609375 815.1767578125
1109.908447265625 873.9381713867188 1079.058349609375 737.7109985351562
1294.671630859375 952.3358764648438 1244.904296875 763.6417236328125
1003.2173461914062 973.33935546875 1034.566650390625 862.1830444335938
987.7987060546875 862.96435546875 970.5643310546875 758.23974609375
1160.965087890625 648.7213745117188 1022.9839477539062 494.9473571777344
1282.3143310546875 990.8914794921875 1250.511474609375 801.6825561523438
992.0059204101562 776.544677734375 931.7099609375 668.9971923828125
844.8599853515625 794.0636596679688 797.860595703125 726.2747192382812
965.4789428710938 793.393310546875 917.1395874023438 693.1519165039062
1145.09716796875 951.7772827148438 1137.2598876953125 801.7804565429688
1117.0821533203125 865.1768798828125 1080.306640625 728.0149536132812
872.1337280273438 873.2508544921875 869.3363647460938 802.4110107421875
1109.908447265625 873.9381713867188 1079.058349609375 737.7109985351562
715.2633056640625 835.9780883789062 686.2457885742188 810.3567504882812
1024.773193359375 995.4609985351562 1061.9842529296875 876.71923828125
974.35107421875 896.2866821289062 975.0494995117188 795.7297973632812
1370.345947265625 715.6318969726562 1214.384765625 526.5680541992188
863.6409912109375 797.9221801757812 820.5099487304688 724.59521484375
838.6448364257812 742.0006103515625 760.7332153320312 669.1764526367188
1112.246337890625 855.9312133789062 1072.994140625 719.9947509765625
885.571533203125 881.4608154296875 886.310791015625 806.8313598632812
1201.247802734375 854.8185424804688 1143.03857421875 697.8467407226562
887.9005126953125 991.4376220703125 942.6546020507812 914.8665771484375
1218.591064453125 850.3822631835938 1153.5042724609375 688.3119506835938
885.571533203125 881.4608154296875 886.310791015625 806.8313598632812
830.4735717773438 734.060546875 748.8922119140625 663.135986328125
1289.283935546875 971.98779296875 1248.2589111328125 782.7162475585938
874.0703735351562 714.4881591796875 781.2535400390625 628.5682373046875
1135.322509765625 963.3004760742188 1135.3251953125 815.6698608398438
883.0533447265625 793.7413940429688 836.4719848632812 715.0966796875
1218.591064453125 850.3822631835938 1153.5042724609375 688.3119506835938
739.735595703125 1040.489501953125 829.78662109375 1014.0079345703125
868.765869140625 1022.8253784179688 941.3309936523438 947.4432373046875
871.9528198242188 722.2261352539062 782.9798583984375 639.44384765625
1370.472412109375 820.2315673828125 1253.21337890625 628.3926391601562
1210.442626953125 842.6613159179688 1143.8753662109375 682.6188354492188
978.095947265625 904.290283203125 981.245361328125 802.8583374023438
1176.0877685546875 952.367919921875 1159.15966796875 793.1922607421875
853.058349609375 1002.6199340820312 915.1497192382812 935.502685546875
1319.404541015625 686.7424926757812 1165.9815673828125 505.913330078125
1316.0128173828125 978.8619384765625 1269.2725830078125 782.6270751953125
1253.1177978515625 854.96826171875 1182.0732421875 687.0507202148438
1002.9576416015625 875.2964477539062 989.2962646484375 766.3076782226562
986.7301025390625 785.2140502929688 931.429931640625 679.3416137695312
1216.9879150390625 674.6513671875 1079.9891357421875 511.655029296875
1309.782958984375 675.474853515625 1153.7508544921875 495.5374450683594
928.7966918945312 734.9157104492188 850.0252685546875 638.9036254882812
1192.810791015625 977.5192260742188 1182.604248046875 812.784423828125
1163.9342041015625 992.0120849609375 1167.4091796875 834.3577270507812
1002.9576416015625 875.2964477539062 989.2962646484375 766.3076782226562
1357.858154296875 812.8916625976562 1240.4166259765625 622.8710327148438
1168.9771728515625 853.46826171875 1120.4354248046875 707.2075805664062
1113.4771728515625 881.7091064453125 1085.2430419921875 743.9534301757812
1307.523681640625 966.3908081054688 1259.21484375 773.9561157226562
1135.3673095703125 878.414794921875 1099.6363525390625 736.1146240234375
865.759765625 876.2882690429688 865.8579711914062 808.4474487304688
957.9644775390625 741.0191650390625 882.2584228515625 638.5115966796875
871.9528198242188 722.2261352539062 782.9798583984375 639.44384765625
1279.638671875 748.4893188476562 1160.25830078125 576.0060424804688
756.4224853515625 913.82275390625 775.5140380859375 879.7831420898438
739.735595703125 1040.489501953125 829.78662109375 1014.0079345703125
967.8762817382812 906.3057861328125 973.3363037109375 807.9542846679688
1159.619384765625 985.7620239257812 1160.0848388671875 828.5899047851562
852.564697265625 722.4014892578125 763.927490234375 644.33740234375
1045.5604248046875 1015.3508911132812 1085.8775634765625 887.9542846679688
1150.668212890625 645.583251953125 1010.69189453125 491.66265869140625
860.1409912109375 868.5387573242188 853.6522827148438 801.2268676757812
1310.59912109375 821.427490234375 1210.3494873046875 639.9657592773438
864.9274291992188 747.108154296875 791.9684448242188 669.5960693359375
1161.0152587890625 695.2791137695312 1042.9459228515625 544.9837036132812
928.6005859375 745.8628540039062 856.3500366210938 652.2109375
873.3634033203125 786.6222534179688 822.2635498046875 709.6288452148438
842.0523071289062 1013.1636962890625 911.6245727539062 950.4151611328125
716.295166015625 996.5774536132812 781.1077270507812 976.6417846679688
981.8222045898438 888.5563354492188 974.9653930664062 784.7732543945312
855.2283935546875 792.2462768554688 807.9212646484375 721.6470336914062
1255.5482177734375 833.5072631835938 1175.34765625 664.7555541992188
1135.30078125 840.157470703125 1084.2550048828125 698.2479858398438
1401.3101806640625 732.5753784179688 1242.1484375 537.3817749023438
1239.65869140625 685.284912109375 1104.1561279296875 519.5960693359375
872.1337280273438 873.2508544921875 869.3363647460938 802.4110107421875
712.628662109375 1047.3663330078125 806.2885131835938 1029.7215576171875
838.1729125976562 793.9408569335938 790.9251098632812 727.7911376953125
1208.0560302734375 829.853759765625 1136.9888916015625 671.4718627929688
1215.7420654296875 698.3280029296875 1092.4630126953125 537.2882690429688
1335.71337890625 824.1033935546875 1229.1402587890625 637.970703125
845.3009643554688 735.6505737304688 764.7626953125 660.1087036132812
832.6510620117188 898.3019409179688 844.216064453125 840.1023559570312
900.8093872070312 988.9758911132812 953.0977172851562 908.3959350585938
729.4815063476562 1002.34619140625 799.3494262695312 978.8609008789062
1318.5784912109375 660.124755859375 1154.1876220703125 478.3616943359375
1376.3046875 738.35888671875 1226.702392578125 547.4164428710938
1279.638671875 748.4893188476562 1160.25830078125 576.0060424804688
1384.37353515625 717.1549682617188 1225.1510009765625 525.1028442382812
758.7780151367188 889.2058715820312 763.05517578125 853.3250122070312
848.6682739257812 799.9063720703125 804.805908203125 731.6057739257812
1321.15478515625 677.6864624023438 1162.01953125 495.710693359375
1223.820556640625 687.2847900390625 1091.543701171875 524.8333740234375
1182.9837646484375 977.4201049804688 1175.545654296875 814.8699951171875
1229.352783203125 872.572021484375 1170.927978515625 706.9464721679688
1350.4849853515625 829.0364990234375 1240.7064208984375 639.2816772460938
843.59326171875 891.7042846679688 851.297607421875 830.21875
1011.9877319335938 985.7880859375 1047.583740234375 872.3463134765625
1345.050048828125 808.2459106445312 1229.81103515625 621.189453125
1103.2078857421875 884.0647583007812 1077.443115234375 749.4384765625
848.6682739257812 799.9063720703125 804.805908203125 731.6057739257812
1177.38623046875 968.985107421875 1168.031494140625 809.225830078125
889.267333984375 715.4314575195312 798.001708984375 625.7025146484375
1245.59619140625 867.011962890625 1179.874755859375 699.4973754882812
979.0284423828125 797.9876708984375 930.532470703125 695.189208984375
1453.3153076171875 785.4757080078125 1298.1036376953125 579.4403686523438
720.8377075195312 934.1851806640625 750.7030029296875 913.8402709960938
1142.8974609375 632.6288452148438 996.5895385742188 479.2327575683594
733.4830322265625 922.7297973632812 757.143798828125 897.3768920898438
1300.8128662109375 969.8404541015625 1255.2149658203125 778.8176879882812
1227.6220703125 677.733642578125 1090.37255859375 513.24951171875
842.0523071289062 1013.1636962890625 911.6245727539062 950.4151611328125
867.2295532226562 892.6769409179688 873.7929077148438 824.114501953125
744.724853515625 930.4949340820312 773.350341796875 901.7891235351562
733.4830322265625 922.7297973632812 757.143798828125 897.3768920898438
1233.70166015625 675.4321899414062 1095.3812255859375 510.25103759765625
1267.3013916015625 757.9418334960938 1154.8299560546875 587.5860595703125
729.5237426757812 1020.302734375 808.0286865234375 997.2572021484375
1360.3861083984375 827.9942016601562 1247.162109375 636.1217651367188
1313.597900390625 666.7437133789062 1153.1558837890625 486.0160827636719
867.2295532226562 892.6769409179688 873.7929077148438 824.114501953125
976.4987182617188 784.4024658203125 922.64404296875 680.0098266601562
1319.730224609375 881.8490600585938 1245.36083984375 693.099609375
984.4227294921875 886.4175415039062 977.392822265625 783.8488159179688
1331.498779296875 683.5176391601562 1174.257080078125 501.2076416015625
1285.6024169921875 701.607666015625 1147.300048828125 530.9525756835938
1024.773193359375 995.4609985351562 1061.9842529296875 876.71923828125
