1257.083251953125 958.6453857421875 950.497802734375 958.3196411132812
1128.7447509765625 966.0009765625 867.0108032226562 871.1098022460938
1190.1282958984375 967.160400390625 897.8526611328125 915.0720825195312
1067.5147705078125 1010.2119140625 792.0299072265625 857.080078125
1266.8409423828125 953.7811279296875 960.3800048828125 966.5206909179688
1266.8409423828125 953.7811279296875 960.3800048828125 966.5206909179688
1316.0128173828125 978.8619384765625 963.482666015625 1021.275634765625
1145.09716796875 951.7772827148438 889.5626831054688 874.8980712890625
1048.3782958984375 981.33837890625 810.42626953125 829.3776245117188
1054.94140625 1002.0487670898438 795.1588134765625 844.3655395507812
1135.1539306640625 955.3106689453125 879.6458740234375 870.7022705078125
876.409912109375 974.5123901367188 744.7910766601562 728.6325073242188
1178.1116943359375 1001.0750732421875 857.0477294921875 924.8789672851562
885.5939331054688 895.28515625 812.5215454101562 685.56787109375
1213.904296875 866.64990234375 1033.0009765625 873.8692626953125
867.40283203125 910.0131225585938 794.8916015625 686.2492065429688
1169.303466796875 1005.43798828125 847.739013671875 920.69677734375
1281.4365234375 958.97705078125 962.5308227539062 981.74267578125
1229.352783203125 872.572021484375 1036.47802734375 890.492919921875
1252.57080078125 947.599853515625 959.8767700195312 949.9148559570312
989.3834838867188 1013.6629028320312 759.5773315429688 811.1328125
865.759765625 876.2882690429688 820.7880249023438 663.388427734375
1180.5015869140625 986.8392944335938 873.2489624023438 919.7412109375
1309.684814453125 804.921142578125 1203.52783203125 913.9857177734375
1168.9771728515625 853.46826171875 1015.6657104492188 835.9921875
1218.591064453125 850.3822631835938 1059.066650390625 865.361328125
995.8206787109375 795.1226196289062 972.537109375 679.4407348632812
1107.8310546875 844.66162109375 986.81201171875 781.678955078125
1289.283935546875 971.98779296875 953.2053833007812 993.6137084960938
890.2460327148438 1003.356201171875 725.3108520507812 752.9180297851562
1127.5390625 868.25732421875 972.1930541992188 813.3311767578125
1177.38623046875 968.985107421875 889.4431762695312 906.6305541992188
1142.3494873046875 977.1804809570312 862.0894775390625 887.2310180664062
865.759765625 876.2882690429688 820.7880249023438 663.388427734375
1159.619384765625 985.7620239257812 862.33740234375 902.2064819335938
1177.38623046875 968.985107421875 889.4431762695312 906.6305541992188
1218.591064453125 850.3822631835938 1059.066650390625 865.361328125
1019.0418701171875 1008.125732421875 773.2728271484375 825.7927856445312
970.4039306640625 806.2817993164062 946.9901733398438 672.1746826171875
1226.295166015625 847.849365234375 1066.8658447265625 871.63818359375
1113.4771728515625 881.7091064453125 947.1109619140625 811.4641723632812
867.6415405273438 1007.9100952148438 715.6046142578125 744.9126586914062
1103.2078857421875 884.0647583007812 938.7254028320312 806.023193359375
1011.9877319335938 985.7880859375 789.1242065429688 810.8981323242188
867.6415405273438 1007.9100952148438 715.6046142578125 744.9126586914062
1324.7943115234375 809.6544799804688 1210.78564453125 932.5206298828125
1360.3861083984375 827.9942016601562 1214.3155517578125 977.0806884765625
