1176.0877685546875 952.367919921875 818.07666015625 744.1121215820312
1133.1466064453125 947.9281616210938 848.330322265625 738.24951171875
1184.8299560546875 937.8719482421875 814.0851440429688 753.3920288085938
1229.352783203125 872.572021484375 787.3594360351562 811.7438354492188
1110.21630859375 951.340087890625 862.8417358398438 732.4358520507812
1213.904296875 866.64990234375 800.958984375 813.0700073242188
1218.9984130859375 1005.6253051757812 788.0518188476562 723.3327026367188
1190.1282958984375 967.160400390625 809.1173095703125 738.4841918945312
1146.6971435546875 966.6532592773438 837.8717041015625 730.7462158203125
1252.57080078125 947.599853515625 766.9620971679688 760.3138427734375
1126.7701416015625 980.6371459960938 847.3963012695312 719.8656005859375
1060.044189453125 988.5462646484375 887.1226806640625 706.8623046875
1180.5015869140625 986.8392944335938 813.8032836914062 725.4000854492188
1188.7996826171875 1007.8750610351562 806.248291015625 716.6686401367188
1147.8673095703125 985.2754516601562 833.7135009765625 720.894775390625
1177.38623046875 968.985107421875 816.7503051757812 734.4517822265625
1255.5482177734375 833.5072631835938 765.26806640625 856.5997924804688
1255.5045166015625 934.7388916015625 765.2051391601562 770.0004272460938
1048.3782958984375 981.33837890625 895.3741455078125 708.1627807617188
1003.7756958007812 903.9512329101562 947.49951171875 740.6942749023438
979.7271728515625 913.7921142578125 958.204833984375 730.80810546875
1226.295166015625 847.849365234375 792.0673217773438 833.8067016601562
1169.303466796875 1005.43798828125 818.435302734375 714.6660766601562
979.7271728515625 913.7921142578125 958.204833984375 730.80810546875
1056.0140380859375 1013.0438842773438 882.895751953125 694.2705078125
1054.94140625 1002.0487670898438 886.3203125 699.2176513671875
1281.4365234375 958.97705078125 746.7960205078125 760.2841186523438
1025.741943359375 1039.861572265625 895.0680541992188 679.6181030273438
1147.8673095703125 985.2754516601562 833.7135009765625 720.894775390625
984.4227294921875 886.4175415039062 967.2881469726562 748.2793579101562
1219.0614013671875 841.19189453125 799.2685546875 838.2568969726562
1013.807373046875 998.6546020507812 910.7532348632812 694.5067749023438
1245.59619140625 867.011962890625 773.8290405273438 821.3197631835938
1142.8931884765625 997.8381958007812 836.2742309570312 713.6771850585938
1253.1177978515625 854.96826171875 767.4163818359375 836.095703125
1242.9229736328125 844.9730834960938 777.6787719726562 840.6380004882812
1269.6005859375 941.258056640625 754.4806518554688 768.8810424804688
1232.197021484375 859.4369506835938 786.3427734375 823.4026489257812
1213.904296875 866.64990234375 800.958984375 813.0700073242188
1300.8128662109375 969.8404541015625 733.9154663085938 755.8645629882812
995.3656616210938 899.183837890625 953.5286865234375 742.5033569335938
1014.2774658203125 879.6920776367188 948.6536865234375 758.2635498046875
1035.31494140625 983.19580078125 901.8171997070312 704.67431640625
1294.671630859375 952.3358764648438 738.0198974609375 765.9163208007812
1232.197021484375 859.4369506835938 786.3427734375 823.4026489257812
1054.94140625 1002.0487670898438 886.3203125 699.2176513671875
988.136474609375 902.5061645507812 957.037841796875 738.888916015625
1266.8409423828125 953.7811279296875 756.6460571289062 759.967529296875
