64.31173706054688
100.01499938964844
100.64790344238281
103.78824615478516
117.63502502441406
120.40763854980469
130.18447875976562
134.5994110107422
135.0074005126953
135.5470428466797
137.40087890625
138.34738159179688
139.4381561279297
139.59226989746094
140.58804321289062
141.35769653320312
141.59449768066406
144.22898864746094
144.8481903076172
144.88270568847656
145.15164184570312
145.78408813476562
147.5940399169922
148.7615509033203
149.5259246826172
150.42605590820312
150.4659423828125
152.39422607421875
152.66302490234375
156.11534118652344
156.18258666992188
156.46405029296875
157.1877899169922
158.142333984375
160.73269653320312
161.9506072998047
162.26829528808594
162.52076721191406
162.89874267578125
163.1103973388672
166.14151000976562
166.5653076171875
168.2854766845703
169.130126953125
171.2454376220703
171.8749542236328
174.02011108398438
175.0399932861328
175.41949462890625
176.0568084716797
177.6794891357422
178.9105987548828
178.9357452392578
183.20480346679688
183.68995666503906
189.0026397705078
192.70703125
196.10202026367188
200.78097534179688
204.78280639648438
207.2028045654297
209.53280639648438
210.88623046875
213.16659545898438
218.12611389160156
218.44908142089844
225.2398681640625
227.99122619628906
228.8296356201172
229.7781524658203
231.96981811523438
232.8325653076172
233.25950622558594
233.62362670898438
235.13400268554688
241.00830078125
247.3216552734375
249.57763671875
261.0440673828125
270.3460693359375
