1267.3818359375 833.0142822265625 569.504150390625 956.4087524414062
1212.27880859375 896.0232543945312 547.478515625 865.7910766601562
1257.393310546875 827.2227783203125 584.6575927734375 950.5587158203125
1257.393310546875 827.2227783203125 584.6575927734375 950.5587158203125
1273.2164306640625 850.2646484375 549.88427734375 945.87451171875
1205.2923583984375 883.4275512695312 562.473876953125 868.0599975585938
1240.4295654296875 862.58447265625 559.6217651367188 909.3379516601562
1332.5362548828125 878.8738403320312 479.2329406738281 977.9260864257812
1158.47998046875 867.1998291015625 604.616943359375 841.74755859375
1240.4295654296875 862.58447265625 559.6217651367188 909.3379516601562
1231.1854248046875 1030.3211669921875 443.8766784667969 819.6690063476562
1271.5537109375 1019.360595703125 430.7674255371094 850.8265380859375
1241.0782470703125 988.78759765625 463.169921875 841.8973999023438
1183.302490234375 849.9654541015625 606.7952270507812 871.4544677734375
1315.1729736328125 852.2072143554688 516.3837890625 983.5172119140625
1162.7440185546875 893.5830078125 579.2652587890625 832.3511962890625
1282.1268310546875 867.9631958007812 525.1607055664062 940.7520141601562
1293.565673828125 840.3707275390625 543.5970458984375 974.2893676757812
1315.1729736328125 852.2072143554688 516.3837890625 983.5172119140625
1162.7440185546875 893.5830078125 579.2652587890625 832.3511962890625
1295.6427001953125 879.6632690429688 504.98944091796875 943.8968505859375
1158.47998046875 867.1998291015625 604.616943359375 841.74755859375
1215.1177978515625 813.8579711914062 627.4935913085938 925.2828369140625
1301.5986328125 859.345458984375 521.6455078125 965.798828125
1208.860595703125 973.400146484375 491.61181640625 828.4629516601562
1267.8682861328125 767.5607299804688 645.94287109375 1021.649658203125
1276.7679443359375 777.4805908203125 626.6165161132812 1017.2670288085938
1211.4605712890625 984.9032592773438 483.04376220703125 824.8875122070312
1276.7679443359375 777.4805908203125 626.6165161132812 1017.2670288085938
1166.368896484375 848.0155639648438 620.3705444335938 858.1512451171875
