1326.8551025390625 718.2139892578125 1166.3572998046875 518.2000122070312
1066.1478271484375 1028.6964111328125 1190.622314453125 841.1122436523438
1173.3914794921875 1026.4903564453125 1250.511474609375 801.6825561523438
1382.8577880859375 718.3524780273438 1195.7393798828125 507.0299377441406
1073.7896728515625 845.125 1084.2550048828125 698.2479858398438
1065.518798828125 1005.2761840820312 1177.9056396484375 824.252197265625
888.4918823242188 906.3974609375 991.8529052734375 818.1189575195312
1299.3880615234375 764.035888671875 1178.8741455078125 565.76025390625
835.7037963867188 693.7875366210938 763.927490234375 644.33740234375
774.4022216796875 876.9269409179688 873.170654296875 841.4107055664062
1073.424560546875 894.1024169921875 1116.4937744140625 739.6983032226562
1116.908203125 922.9487915039062 1161.4498291015625 747.6666870117188
919.2529296875 873.0216674804688 992.0406494140625 779.4816284179688
1215.143310546875 1020.4002075195312 1269.2725830078125 782.6270751953125
809.6322021484375 781.9315185546875 820.5543212890625 742.03271484375
1138.97607421875 869.1783447265625 1143.03857421875 697.8467407226562
1241.0782470703125 988.78759765625 1264.8143310546875 753.1533203125
1160.0194091796875 976.30078125 1214.12255859375 770.4058227539062
1073.424560546875 894.1024169921875 1116.4937744140625 739.6983032226562
951.5003051757812 762.2755737304688 931.7099609375 668.9971923828125
1158.47998046875 867.1998291015625 1153.5042724609375 688.3119506835938
903.091796875 1012.6080322265625 1077.23486328125 893.7147216796875
1296.292724609375 774.6995849609375 1180.0872802734375 574.034912109375
1073.7896728515625 845.125 1084.2550048828125 698.2479858398438
922.7568969726562 855.3314819335938 982.2005615234375 760.1998901367188
1020.9857788085938 1010.727783203125 1154.859130859375 843.5802001953125
1195.7431640625 877.1719970703125 1182.0732421875 687.0507202148438
1036.281494140625 885.9866943359375 1085.2430419921875 743.9534301757812
916.728759765625 1000.3361206054688 1078.70849609375 879.3984375
787.0460205078125 963.0969848632812 953.0977172851562 908.3959350585938
1177.111083984375 971.4854125976562 1224.1260986328125 760.4147338867188
1162.7440185546875 893.5830078125 1170.927978515625 706.9464721679688
916.728759765625 1000.3361206054688 1078.70849609375 879.3984375
905.0726928710938 871.8294067382812 977.392822265625 783.8488159179688
1044.1328125 859.0855712890625 1072.994140625 719.9947509765625
958.6466674804688 756.9992065429688 934.0884399414062 661.339111328125
804.3616943359375 762.8653564453125 797.860595703125 726.2747192382812
903.091796875 1012.6080322265625 1077.23486328125 893.7147216796875
1036.9603271484375 877.4069213867188 1079.058349609375 737.7109985351562
1061.5665283203125 858.086669921875 1081.3948974609375 711.5684814453125
1400.044921875 753.8992309570312 1227.7491455078125 530.7887573242188
916.728759765625 1000.3361206054688 1078.70849609375 879.3984375
1315.1729736328125 852.2072143554688 1235.5206298828125 631.3513793945312
918.3757934570312 977.898681640625 1064.40185546875 861.9286499023438
1168.5927734375 866.1575927734375 1157.6763916015625 684.9366455078125
