746.59033203125 872.2581787109375 1124.5970458984375 676.2501831054688
613.0230712890625 1003.890869140625 1264.3916015625 693.3290405273438
766.39501953125 861.8029174804688 1105.7314453125 668.2591552734375
757.9219970703125 836.1904907226562 1088.955078125 688.669677734375
586.4979248046875 933.103271484375 1247.77783203125 753.3956909179688
820.7583618164062 871.0480346679688 1090.5770263671875 627.7506713867188
637.2324829101562 852.595947265625 1168.980224609375 775.222412109375
701.6651611328125 886.6368408203125 1155.7132568359375 701.267578125
771.1002197265625 791.0543823242188 1039.9232177734375 710.795654296875
602.6128540039062 873.9396362304688 1202.3504638671875 788.7695922851562
595.1221923828125 867.5062866210938 1201.1802978515625 800.2030029296875
552.4544677734375 924.1829223632812 1260.007080078125 785.9638671875
622.796875 843.5674438476562 1166.91015625 796.7986450195312
768.4971923828125 841.9544677734375 1092.1182861328125 678.2882080078125
559.5512084960938 973.5571899414062 1280.3431396484375 745.1243896484375
649.5072631835938 955.446533203125 1225.693359375 694.5732421875
722.45166015625 853.9078369140625 1124.823486328125 706.0767211914062
539.9701538085938 982.671142578125 1297.725830078125 755.658447265625
723.756103515625 863.708984375 1128.8289794921875 696.7556762695312
