821.8932495117188 908.2249145507812 1088.5792236328125 574.8740844726562
842.758544921875 908.8449096679688 1077.875244140625 563.7756958007812
722.5087890625 946.7479248046875 1160.873779296875 604.041259765625
815.8140869140625 925.3298950195312 1100.316162109375 568.1712646484375
613.0230712890625 1003.890869140625 1241.23193359375 627.4951782226562
872.5859375 894.0857543945312 1053.770751953125 557.0540771484375
722.5087890625 946.7479248046875 1160.873779296875 604.041259765625
801.6835327148438 903.6527709960938 1097.9755859375 587.1529541015625
767.6017456054688 979.8887939453125 1149.486328125 564.9008178710938
965.2418212890625 821.9657592773438 954.8763427734375 547.2391357421875
774.9550170898438 989.3851318359375 1149.162841796875 557.009765625
774.9550170898438 989.3851318359375 1149.162841796875 557.009765625
828.4718017578125 920.0828247070312 1091.115478515625 565.5948486328125
866.8372192382812 884.3839721679688 1049.9207763671875 565.0736083984375
964.9711303710938 944.533935546875 1034.98046875 494.04461669921875
709.1630249023438 952.4050903320312 1172.0252685546875 607.119140625
774.3779296875 999.8956909179688 1152.8836669921875 553.0350341796875
768.4971923828125 841.9544677734375 1083.577392578125 647.6913452148438
794.1166381835938 987.831787109375 1138.2806396484375 549.0145263671875
878.9163818359375 906.3721923828125 1057.50390625 548.0859375
839.4393310546875 890.7263793945312 1069.6453857421875 575.484375
833.5162353515625 903.6845092773438 1079.6971435546875 571.4867553710938
869.9116821289062 932.1878662109375 1076.10205078125 540.2590942382812
779.6011962890625 838.1680297851562 1072.763671875 644.4571533203125
687.743896484375 948.7122802734375 1182.9437255859375 620.43359375
817.4921264648438 1009.103759765625 1134.3323974609375 530.8629150390625
988.28271484375 937.7485961914062 1020.9038696289062 487.60089111328125
939.2030029296875 910.8936157226562 1028.6080322265625 518.4539184570312
700.5427856445312 943.1859130859375 1172.6217041015625 617.245849609375
747.9506225585938 889.9810791015625 1121.92822265625 625.63720703125
934.2455444335938 1015.167724609375 1082.131103515625 484.2748107910156
951.4264526367188 892.6337890625 1012.033935546875 520.178955078125
774.3779296875 999.8956909179688 1152.8836669921875 553.0350341796875
867.1795654296875 875.0323486328125 1045.134765625 569.5812377929688
706.9619750976562 873.2528076171875 1139.079345703125 662.4962158203125
821.4711303710938 1036.8914794921875 1141.6512451171875 519.0711669921875
746.59033203125 872.2581787109375 1113.2294921875 638.6072998046875
836.9349975585938 871.812255859375 1059.9000244140625 587.0655517578125
709.1630249023438 952.4050903320312 1172.0252685546875 607.119140625
823.5006103515625 898.6510009765625 1082.6151123046875 578.659423828125
959.8074340820312 1019.2648315429688 1072.77294921875 473.8755798339844
926.6228637695312 776.2561645507812 936.419677734375 597.3807373046875
896.4429931640625 810.0963745117188 983.0043334960938 592.6458740234375
687.743896484375 948.7122802734375 1182.9437255859375 620.43359375
671.5486450195312 941.75390625 1188.4586181640625 632.85595703125
805.9375 917.071044921875 1101.567138671875 578.0846557617188
842.758544921875 908.8449096679688 1077.875244140625 563.7756958007812
959.3941650390625 915.6226806640625 1022.5084838867188 507.9473876953125
821.8932495117188 908.2249145507812 1088.5792236328125 574.8740844726562
812.2035522460938 906.8585205078125 1093.534423828125 580.5475463867188
832.4419555664062 909.2440185546875 1083.750732421875 568.4629516601562
867.9033813476562 903.8206787109375 1061.869384765625 554.3867797851562
966.86767578125 936.3475341796875 1029.8580322265625 496.96954345703125
981.7603759765625 1048.478271484375 1075.5963134765625 458.7528991699219
677.9087524414062 1007.68359375 1205.07861328125 591.4716796875
977.9843139648438 939.2056884765625 1026.730712890625 491.30792236328125
968.2454223632812 926.256591796875 1023.9258422851562 499.78411865234375
917.83544921875 805.0903930664062 967.275634765625 582.9744873046875
855.8090209960938 892.5703735351562 1062.1524658203125 565.689453125
793.5634155273438 1005.6185913085938 1144.859619140625 541.8539428710938
722.45166015625 853.9078369140625 1122.0570068359375 668.2259521484375
641.7020874023438 1012.3010864257812 1228.465576171875 607.5054321289062
722.45166015625 853.9078369140625 1122.0570068359375 668.2259521484375
980.2614135742188 931.8305053710938 1021.845458984375 494.0829772949219
807.984130859375 1033.5791015625 1147.47607421875 525.34130859375
967.1649169921875 1045.644287109375 1080.23779296875 464.36590576171875
810.7385864257812 996.8541259765625 1133.30517578125 538.5299072265625
959.8074340820312 1019.2648315429688 1072.77294921875 473.8755798339844
966.1556396484375 898.452880859375 1007.802978515625 510.993408203125
993.4525146484375 929.033203125 1014.0552978515625 488.8695373535156
760.031982421875 786.337158203125 1050.84521484375 703.19482421875
813.7906494140625 1021.7507934570312 1139.891845703125 527.328125
787.0111083984375 788.6856079101562 1034.0645751953125 680.5440063476562
935.7452392578125 771.8262939453125 926.5479736328125 595.4762573242188
633.675048828125 961.6214599609375 1220.121826171875 641.3399047851562
723.756103515625 863.708984375 1123.23046875 658.03076171875
863.9644775390625 788.9295043945312 984.7216186523438 626.5894775390625
678.7293701171875 983.5701904296875 1198.0230712890625 605.34814453125
696.6273803710938 973.1295166015625 1183.83984375 601.9473266601562
966.1556396484375 898.452880859375 1007.802978515625 510.993408203125
614.3593139648438 870.2724609375 1201.8092041015625 726.7218017578125
813.7906494140625 1021.7507934570312 1139.891845703125 527.328125
735.0630493164062 864.8491821289062 1117.9788818359375 651.6195068359375
990.843994140625 882.8717651367188 986.3626098632812 507.9472351074219
622.796875 843.5674438476562 1184.9945068359375 747.591064453125
798.429443359375 1020.3615112304688 1148.8837890625 534.3492431640625
