131.2097625732422
136.14697265625
140.80838012695312
145.7086181640625
149.4757537841797
157.85752868652344
158.5212860107422
164.6207733154297
171.65371704101562
174.42477416992188
176.11643981933594
177.94943237304688
179.64688110351562
181.6535186767578
184.00271606445312
188.0904083251953
191.16746520996094
192.2576446533203
196.8120880126953
201.3852081298828
202.8028564453125
205.97572326660156
209.2128143310547
212.02359008789062
213.22055053710938
213.2768096923828
216.7717742919922
218.33460998535156
223.41441345214844
223.6045684814453
232.02586364746094
236.8290557861328
244.06556701660156
246.79344177246094
250.80270385742188
252.09124755859375
255.8007049560547
259.92498779296875
264.95660400390625
