1069.5264892578125 1024.09912109375 705.6244506835938 783.5989990234375
936.249755859375 1004.8546752929688 682.4343872070312 695.373779296875
1158.802490234375 967.9779052734375 784.1007690429688 818.2894287109375
1424.2255859375 926.2269897460938 947.7700805664062 1017.8622436523438
947.44091796875 1014.7340698242188 676.9807739257812 705.0745239257812
1095.324951171875 911.6796264648438 818.5665893554688 752.3156127929688
947.44091796875 1014.7340698242188 676.9807739257812 705.0745239257812
1080.5408935546875 1037.162109375 696.8638916015625 794.2561645507812
1419.8162841796875 966.859130859375 895.8792724609375 1024.759521484375
1263.009765625 963.4805297851562 829.4655151367188 897.58447265625
830.3154907226562 1013.1370849609375 646.1145629882812 639.8939819335938
981.7603759765625 1048.478271484375 658.3599853515625 738.6631469726562
1103.8426513671875 904.6213989257812 828.1944580078125 758.9922485351562
1117.3367919921875 879.7444458007812 858.96923828125 756.5821533203125
1123.711181640625 903.9798583984375 838.198974609375 766.76318359375
1126.1829833984375 955.2421264648438 783.3766479492188 791.964111328125
1314.2606201171875 930.5491943359375 889.4114990234375 924.7083740234375
828.4718017578125 920.0828247070312 718.7615966796875 597.3855590820312
633.675048828125 961.6214599609375 631.0923461914062 520.6942138671875
1261.6341552734375 911.433837890625 886.8319702148438 873.3895263671875
997.2929077148438 899.5098876953125 791.6854248046875 685.4823608398438
1314.2606201171875 930.5491943359375 889.4114990234375 924.7083740234375
1108.1552734375 923.244384765625 810.4359130859375 768.2381591796875
1274.874755859375 937.7721557617188 865.5040283203125 894.7766723632812
1262.3946533203125 815.1636352539062 1008.1649780273438 838.9742431640625
1103.92138671875 933.1434936523438 798.2731323242188 769.2387084960938
1304.0335693359375 950.1649780273438 862.7444458007812 922.8417358398438
1102.540771484375 955.380615234375 777.4222412109375 778.2422485351562
1451.3067626953125 983.8917236328125 890.1273803710938 1059.4405517578125
1091.4798583984375 1052.7886962890625 687.8673706054688 805.6771240234375
1438.3037109375 981.3047485351562 887.9796142578125 1045.085205078125
1155.4779052734375 951.6239624023438 799.5834350585938 810.9408569335938
967.9467163085938 1056.943359375 648.8766479492188 733.280029296875
1276.16943359375 925.0647583007812 879.044921875 893.4677124023438
1432.4417724609375 969.8939208984375 897.7109985351562 1038.58740234375
986.1863403320312 908.5319213867188 779.3936767578125 680.9662475585938
968.2454223632812 926.256591796875 758.7699584960938 680.9796752929688
1302.0843505859375 919.9472045898438 898.213134765625 912.2235107421875
1131.1234130859375 1059.9119873046875 693.5014038085938 832.1390991210938
