1119.620849609375 733.4190063476562 619.6798095703125 664.045654296875
1162.9659423828125 731.809326171875 579.3316650390625 681.2864990234375
1208.6756591796875 792.1312255859375 519.826416015625 638.1090698242188
1127.1654052734375 749.22216796875 609.84423828125 650.7127685546875
1136.0797119140625 736.3451538085938 605.9639282226562 666.6488037109375
1180.386962890625 671.0556640625 576.0970458984375 772.5678100585938
1122.6934814453125 764.8180541992188 607.592529296875 634.675048828125
1200.5321044921875 701.7056274414062 546.9065551757812 735.0101928710938
1189.68408203125 873.2249755859375 528.3593139648438 571.5105590820312
1184.8673095703125 857.3963623046875 531.9937133789062 581.9287109375
1091.984375 662.7403564453125 686.3562622070312 740.2138671875
1225.989013671875 786.028564453125 505.8570251464844 649.0466918945312
1390.2423095703125 806.0943603515625 344.9157409667969 687.785400390625
1090.93408203125 673.329345703125 680.2203369140625 723.3788452148438
1077.5947265625 852.7979736328125 618.8706665039062 555.63720703125
1134.990966796875 766.2838134765625 594.9644165039062 637.6331176757812
