1283.12353515625 798.5042114257812 531.45556640625 906.5308227539062
1362.9884033203125 826.8744506835938 442.7914123535156 956.19921875
1283.5587158203125 914.4281616210938 439.270263671875 832.9030151367188
1319.6407470703125 922.4229736328125 409.8966369628906 855.1942138671875
1247.357666015625 808.5914306640625 548.0576171875 868.0535888671875
1366.2340087890625 843.7073974609375 426.1589660644531 944.6979370117188
1231.28857421875 882.208740234375 494.5835876464844 812.4561767578125
1267.6927490234375 771.5771484375 572.7552490234375 916.6268920898438
1393.3328857421875 849.8378295898438 399.01165771484375 963.49853515625
1354.71044921875 924.4363403320312 382.5666809082031 877.01806640625
1189.68408203125 873.2249755859375 527.2693481445312 786.9487915039062
1399.4034423828125 817.1614990234375 420.9218444824219 1001.0717163085938
1261.3408203125 792.5169067382812 550.6744384765625 892.9287719726562
1077.5947265625 852.7979736328125 608.6867065429688 727.1495971679688
