685.8991088867188 815.6146240234375 1124.5970458984375 676.2501831054688
707.7379150390625 808.1112060546875 1105.7314453125 668.2591552734375
590.451171875 793.8339233398438 1187.6361083984375 764.9057006835938
783.5191650390625 853.2332153320312 1084.71337890625 593.4852905273438
718.3889770507812 789.769775390625 1092.1182861328125 678.2882080078125
773.2891845703125 853.5966186523438 1090.7152099609375 598.0894165039062
849.6946411132812 666.7113647460938 888.42138671875 712.4201049804688
860.1031494140625 868.4169921875 1047.9771728515625 550.8658447265625
793.310302734375 848.6175537109375 1075.8714599609375 591.408203125
691.9016723632812 679.18505859375 1028.771484375 839.2722778320312
755.40234375 732.1834716796875 1024.8236083984375 710.784423828125
838.28466796875 750.2490844726562 982.9258422851562 636.036865234375
668.9859619140625 688.5428466796875 1057.9912109375 846.8299560546875
592.7667236328125 748.5338745117188 1170.185791015625 824.9195556640625
762.5206298828125 709.8091430664062 1000.4564819335938 729.9035034179688
754.1449584960938 851.8079833984375 1098.27783203125 610.7387084960938
747.9070434570312 721.36865234375 1020.15771484375 728.3331298828125
677.9676513671875 803.7413940429688 1125.19189453125 689.4740600585938
