100.84642028808594
100.9405746459961
146.5946807861328
147.05101013183594
147.48220825195312
147.86141967773438
149.36866760253906
150.31300354003906
155.65667724609375
155.81719970703125
155.89419555664062
156.4097137451172
158.23716735839844
159.24822998046875
162.0370330810547
166.081298828125
166.5773162841797
169.1803741455078
170.02647399902344
173.99424743652344
174.07469177246094
174.8199005126953
175.05142211914062
177.6935577392578
178.5917205810547
179.26516723632812
180.2359619140625
181.08009338378906
182.59243774414062
186.0483856201172
186.06988525390625
188.44361877441406
190.52296447753906
191.468017578125
191.5802764892578
192.08331298828125
193.22007751464844
193.9845428466797
194.43507385253906
194.6946258544922
195.4686737060547
197.61578369140625
199.58456420898438
200.202392578125
201.71762084960938
204.10781860351562
205.385009765625
207.63670349121094
208.9617156982422
210.98814392089844
219.84767150878906
222.85421752929688
228.13372802734375
229.41229248046875
229.80209350585938
230.3931427001953
230.75094604492188
231.87496948242188
232.52096557617188
243.71499633789062
244.6405487060547
