1253.3719482421875 874.70263671875 667.5027465820312 1029.4788818359375
1231.28857421875 882.208740234375 670.4813232421875 1006.8379516601562
1125.058349609375 1036.8310546875 622.1353149414062 882.1085205078125
1118.629150390625 1016.4957275390625 636.96142578125 884.4081420898438
1016.3243408203125 982.7535400390625 701.8532104492188 841.9428100585938
1118.629150390625 1016.4957275390625 636.96142578125 884.4081420898438
1016.3243408203125 982.7535400390625 701.8532104492188 841.9428100585938
1150.60595703125 1014.8473510742188 623.2410888671875 901.5557861328125
989.8125610351562 990.3860473632812 707.6160888671875 827.6849365234375
1077.5947265625 852.7979736328125 774.115966796875 912.6430053710938
1347.626953125 949.4573364257812 556.1168212890625 1060.6929931640625
1077.5947265625 852.7979736328125 774.115966796875 912.6430053710938
1300.621826171875 1036.5062255859375 537.6058959960938 981.4837646484375
