118.89491271972656
121.07022857666016
124.14507293701172
132.47640991210938
133.8095703125
141.81326293945312
141.87318420410156
149.0436248779297
150.7647247314453
152.84959411621094
156.48641967773438
158.3729705810547
160.32467651367188
162.77899169921875
162.84962463378906
163.07667541503906
164.5022735595703
167.51119995117188
168.01785278320312
173.4127960205078
173.67210388183594
176.9237060546875
179.47979736328125
179.8944091796875
179.91943359375
181.58193969726562
188.29232788085938
188.4117889404297
189.0899200439453
191.22238159179688
199.5219268798828
202.1311492919922
202.5709686279297
204.14456176757812
205.4507293701172
206.52117919921875
212.31109619140625
220.58558654785156
227.58734130859375
238.26246643066406
241.28199768066406
242.97531127929688
249.13650512695312
250.75286865234375
