111.14855194091797
124.54316711425781
126.33289337158203
135.80133056640625
138.50631713867188
141.5980224609375
143.71847534179688
146.69696044921875
150.814453125
156.26260375976562
157.3276824951172
158.31614685058594
160.9906768798828
162.92022705078125
163.98170471191406
164.9727325439453
165.72567749023438
166.20169067382812
169.26901245117188
169.80282592773438
172.203369140625
176.5531005859375
178.22738647460938
179.55221557617188
183.36302185058594
185.29705810546875
185.77674865722656
188.0691375732422
189.3541717529297
189.42808532714844
189.95262145996094
190.8271484375
192.1275634765625
192.4837646484375
196.18614196777344
196.27786254882812
198.3254852294922
200.90794372558594
201.09202575683594
204.49449157714844
206.57444763183594
207.49217224121094
207.99758911132812
208.22824096679688
210.75341796875
211.2628631591797
211.46630859375
224.01339721679688
225.7299346923828
228.19947814941406
228.80340576171875
233.336669921875
235.03616333007812
240.95849609375
241.3690185546875
243.22828674316406
246.90078735351562
248.42906188964844
248.6785125732422
266.565185546875
