982.01611328125 931.38623046875 893.6038208007812 862.55810546875
1039.850830078125 926.3209228515625 943.3148803710938 877.9378051757812
1127.9322509765625 872.0452270507812 1048.303955078125 863.8521728515625
981.6671142578125 916.049072265625 900.37939453125 848.1083374023438
935.7830810546875 991.731689453125 829.4655151367188 897.58447265625
887.9285278320312 896.8328247070312 831.4911499023438 794.32080078125
947.0628662109375 822.1751098632812 913.3611450195312 748.079833984375
760.2527465820312 993.942138671875 693.5014038085938 832.1390991210938
977.7749633789062 837.966796875 932.3280029296875 773.3361206054688
896.0205078125 888.05126953125 841.8743286132812 789.636962890625
854.9188232421875 881.4970703125 810.4359130859375 768.2381591796875
855.583984375 899.0488891601562 804.4761962890625 784.121826171875
961.3135986328125 947.31884765625 869.0724487304688 867.9160766601562
708.2487182617188 1027.1776123046875 643.4465942382812 842.2857666015625
1003.6588134765625 1009.8538818359375 874.19775390625 939.4593505859375
1208.8740234375 1001.1373291015625 1054.993896484375 1017.4824829101562
887.9285278320312 896.8328247070312 831.4911499023438 794.32080078125
1011.4904174804688 975.1967163085938 898.213134765625 912.2235107421875
992.9345092773438 836.6492919921875 945.63916015625 777.4614868164062
896.0205078125 888.05126953125 841.8743286132812 789.636962890625
825.2676391601562 888.206298828125 784.9400634765625 763.1310424804688
1027.614013671875 987.7418212890625 904.0845947265625 930.04248046875
977.483154296875 850.2698364257812 925.9253540039062 784.7135009765625
779.1718139648438 995.9534301757812 707.0841674804688 841.8604125976562
849.0511474609375 925.393310546875 788.2786254882812 805.2109375
1223.4844970703125 825.9667358398438 1164.4127197265625 861.4742431640625
733.9793701171875 747.3375854492188 771.5183715820312 599.6485595703125
1100.9044189453125 860.3477172851562 1030.8623046875 841.6993408203125
971.4754638671875 973.7540893554688 865.5040283203125 894.7766723632812
904.314697265625 826.4130859375 872.572509765625 734.6160888671875
919.0261840820312 976.7469482421875 822.4191284179688 877.0780029296875
1009.2481079101562 944.8005981445312 909.5582275390625 883.8724975585938
1146.2476806640625 1014.2758178710938 993.6218872070312 1003.5985717773438
1250.5843505859375 970.6333618164062 1108.2037353515625 1009.2981567382812
863.481689453125 916.5725708007812 804.494384765625 802.4315185546875
850.838134765625 939.6110229492188 784.1007690429688 818.2894287109375
658.6754760742188 720.41064453125 726.2333374023438 548.0958251953125
837.2359619140625 899.8435668945312 790.2305908203125 778.1932983398438
806.6786499023438 899.0031127929688 766.11083984375 765.6661376953125
707.8367919921875 1000.3934936523438 652.7279052734375 819.4954833984375
1121.031982421875 658.7102661132812 1160.5882568359375 651.0140380859375
935.04052734375 974.3623657226562 836.483154296875 881.142578125
761.69091796875 975.6644897460938 701.0979614257812 816.5885620117188
977.7749633789062 837.966796875 932.3280029296875 773.3361206054688
1127.9322509765625 872.0452270507812 1048.303955078125 863.8521728515625
1234.883056640625 866.7180786132812 1150.53076171875 909.2214965820312
1187.625732421875 967.8008422851562 1053.2620849609375 979.4349365234375
729.914794921875 959.7278442382812 682.4640502929688 791.1406860351562
1191.5728759765625 910.9547729492188 1088.6640625 929.8577270507812
842.1060180664062 887.9611206054688 798.2731323242188 769.2387084960938
762.4669189453125 832.2853393554688 758.6857299804688 690.111572265625
692.1560668945312 770.4937133789062 728.9397583007812 607.277099609375
690.7920532226562 779.1441650390625 724.9784545898438 616.2119140625
705.9763793945312 758.9664916992188 744.42431640625 599.6149291992188
1270.4952392578125 968.8754272460938 1127.51220703125 1013.822509765625
717.607666015625 747.376220703125 758.5186157226562 594.3703002929688
1006.0240478515625 808.1600341796875 971.9756469726562 757.9129028320312
649.0181274414062 925.6305541992188 637.974609375 732.8200073242188
702.6599731445312 771.6184692382812 736.795654296875 612.6932373046875
763.2007446289062 956.1598510742188 710.267822265625 802.462158203125
1093.4071044921875 902.4517211914062 1001.17626953125 878.5606689453125
1056.21826171875 738.7015380859375 1052.9530029296875 708.6873168945312
1146.2476806640625 1014.2758178710938 993.6218872070312 1003.5985717773438
719.0594482421875 761.2607421875 754.0030517578125 607.841552734375
962.1948852539062 812.4443359375 931.9046630859375 743.6426391601562
714.0990600585938 771.1177978515625 747.7062377929688 615.809814453125
732.2890014648438 733.0778198242188 776.7189331054688 588.020751953125
824.814208984375 905.4716186523438 777.4222412109375 778.2422485351562
980.2991943359375 1025.9422607421875 850.8256225585938 944.0660400390625
680.2753295898438 695.63623046875 752.48046875 531.6050415039062
1126.552001953125 789.0504760742188 1092.1632080078125 789.3901977539062
718.0502319335938 989.1190185546875 665.6928100585938 814.303955078125
1067.2496337890625 726.5821533203125 1069.203857421875 700.8623046875
687.0115966796875 580.62548828125 803.39599609375 416.5811767578125
862.2430419921875 871.6441040039062 820.7586059570312 761.4097290039062
1239.7567138671875 948.7774658203125 1109.4176025390625 983.2728881835938
762.345703125 853.9485473632812 751.3070068359375 709.3029174804688
760.0502319335938 902.3453369140625 728.4542846679688 751.4905395507812
895.6952514648438 851.4948120117188 858.96923828125 756.5821533203125
982.1087646484375 945.2435302734375 886.8319702148438 873.3895263671875
1100.8621826171875 730.92578125 1099.823974609375 716.1466674804688
1168.7347412109375 956.7884521484375 1041.6397705078125 961.6790771484375
717.405517578125 732.34375 764.3856201171875 579.4179077148438
789.9822387695312 820.7704467773438 784.8760375976562 688.84716796875
785.7054443359375 838.4775390625 773.970458984375 705.27099609375
1180.743896484375 869.2044677734375 1099.4283447265625 884.0191650390625
1014.7722778320312 815.7294921875 975.102294921875 766.0264892578125
1280.7113037109375 887.7854614257812 1182.437255859375 949.390380859375
762.2484741210938 842.4129028320312 754.4503784179688 698.091796875
983.8379516601562 965.8880004882812 879.044921875 893.4677124023438
1087.1220703125 881.1436767578125 1008.4193725585938 853.476318359375
990.1530151367188 785.4208374023438 968.1243286132812 727.5841674804688
881.35107421875 870.9218139648438 838.198974609375 766.76318359375
1235.93896484375 1012.5359497070312 1069.5587158203125 1040.677490234375
736.8718872070312 1013.2578735351562 667.6517333984375 839.5309448242188
625.9689331054688 902.8760986328125 628.8462524414062 706.1530151367188
663.638916015625 892.0679321289062 660.146484375 708.8113403320312
818.3379516601562 894.7531127929688 777.0836791992188 767.0143432617188
1220.574462890625 604.8536987304688 1295.5191650390625 632.7980346679688
866.2174072265625 880.4697265625 821.09326171875 771.3621826171875
739.1758422851562 837.42431640625 738.276611328125 684.2210693359375
1264.2232666015625 857.4773559570312 1185.2183837890625 912.7633666992188
668.00146484375 932.5009155273438 649.901611328125 747.263427734375
693.8174438476562 881.6498413085938 686.4298095703125 712.3866577148438
677.1981201171875 765.9183959960938 718.7615966796875 597.3855590820312
837.1965942382812 915.5692138671875 783.3766479492188 791.964111328125
1151.9566650390625 808.9180297851562 1102.690185546875 813.3106079101562
762.345703125 853.9485473632812 751.3070068359375 709.3029174804688
1095.3238525390625 648.6607055664062 1143.3192138671875 628.0167846679688
1087.800537109375 724.6092529296875 1089.513427734375 705.9650268554688
970.7784423828125 992.4969482421875 857.01953125 911.3043823242188
1148.2457275390625 967.921630859375 1018.6159057617188 965.8409423828125
1103.72216796875 878.4434814453125 1022.7146606445312 863.9263305664062
1006.196044921875 786.0066528320312 982.2057495117188 734.3592529296875
1098.8243408203125 565.55908203125 1196.1932373046875 540.6184692382812
789.3400268554688 809.828857421875 789.791015625 678.1488037109375
1109.4161376953125 900.9322509765625 1015.4484252929688 884.1143798828125
915.162109375 890.2495727539062 856.4768676757812 798.032958984375
467.81024169921875 699.4537963867188 587.2457885742188 467.7232971191406
793.224853515625 829.2044067382812 784.4561767578125 697.376953125
1087.1220703125 881.1436767578125 1008.4193725585938 853.476318359375
554.1934814453125 769.4749145507812 628.02392578125 561.5051879882812
1192.6907958984375 776.0380859375 1161.6026611328125 798.0196533203125
1172.512939453125 934.4121704101562 1058.1536865234375 943.8015747070312
701.7069702148438 581.3214721679688 818.3095703125 421.56964111328125
726.0365600585938 1001.5087280273438 665.6486206054688 826.4710693359375
1174.0692138671875 817.88134765625 1118.478271484375 833.2601928710938
622.6680297851562 923.4833374023438 619.1925659179688 722.8215942382812
955.9209594726562 791.7392578125 935.7896728515625 719.6447143554688
1174.239990234375 584.1076049804688 1260.6898193359375 588.7349243164062
974.4472045898438 777.5016479492188 958.090087890625 714.010498046875
658.5062866210938 699.2084350585938 732.6901245117188 527.7454833984375
759.032470703125 798.9769287109375 769.6906127929688 657.3357543945312
1093.4071044921875 902.4517211914062 1001.17626953125 878.5606689453125
974.4472045898438 777.5016479492188 958.090087890625 714.010498046875
818.3379516601562 894.7531127929688 777.0836791992188 767.0143432617188
862.2430419921875 871.6441040039062 820.7586059570312 761.4097290039062
768.1148071289062 818.6849975585938 768.569580078125 678.8679809570312
1100.0391845703125 1033.437255859375 945.1302490234375 999.6909790039062
1134.5345458984375 728.2300415039062 1134.8204345703125 724.5995483398438
663.638916015625 892.0679321289062 660.146484375 708.8113403320312
647.8203125 691.9682006835938 723.7344970703125 517.5230712890625
734.3784790039062 1034.3243408203125 659.5581665039062 857.803955078125
800.8568725585938 945.052001953125 742.9375610351562 803.8428344726562
1234.883056640625 866.7180786132812 1150.53076171875 909.2214965820312
684.458984375 685.1311645507812 758.9937133789062 522.8300170898438
864.5947265625 845.945556640625 834.5597534179688 739.5260009765625
733.0784912109375 644.2432861328125 814.3274536132812 495.8210144042969
1023.5323486328125 733.498779296875 1024.6942138671875 689.974609375
745.0489501953125 956.1806030273438 696.8638916015625 794.2561645507812
1174.239990234375 584.1076049804688 1260.6898193359375 588.7349243164062
768.1148071289062 818.6849975585938 768.569580078125 678.8679809570312
971.3148193359375 781.314453125 953.2816772460938 716.6834716796875
989.8953857421875 980.9703369140625 877.1453247070312 908.806640625
1153.7716064453125 776.6146240234375 1123.6220703125 784.2490844726562
706.6912231445312 1048.447998046875 635.2918090820312 857.78662109375
944.2816772460938 965.4889526367188 847.1090698242188 876.8628540039062
592.007080078125 804.8724975585938 639.4624633789062 606.79833984375
1079.312744140625 864.7337646484375 1008.1649780273438 838.9742431640625
661.5771484375 677.2230224609375 741.7201538085938 507.21990966796875
1242.487060546875 610.6305541992188 1316.4234619140625 645.2806396484375
712.105224609375 744.6796264648438 754.2319946289062 588.9700927734375
756.3521728515625 1023.5 680.337890625 856.748291015625
612.8785400390625 798.0029296875 657.5068969726562 610.6619873046875
1083.2696533203125 740.8053588867188 1075.5506591796875 719.5673828125
752.2799072265625 838.182861328125 748.4309692382812 690.9706420898438
867.7373046875 866.0596923828125 828.1944580078125 758.9922485351562
1193.642822265625 808.3649291992188 1143.1986083984375 831.4036865234375
971.4754638671875 973.7540893554688 865.5040283203125 894.7766723632812
753.4242553710938 620.7178955078125 841.552490234375 480.5122375488281
1218.3048095703125 1016.1856689453125 1054.4937744140625 1034.3365478515625
842.1060180664062 887.9611206054688 798.2731323242188 769.2387084960938
974.3069458007812 800.134521484375 949.1730346679688 739.1663818359375
623.2911376953125 616.6687622070312 736.3405151367188 432.7239990234375
1034.88232421875 548.4755859375 1140.9710693359375 500.8857421875
592.007080078125 804.8724975585938 639.4624633789062 606.79833984375
679.7059936523438 821.549560546875 699.2880859375 651.7066650390625
975.18896484375 812.0671997070312 942.748046875 747.7066040039062
739.9677124023438 995.4387817382812 677.5126953125 826.6286010742188
1143.7467041015625 770.16015625 1117.734619140625 773.8734130859375
1040.481201171875 730.4474487304688 1042.6697998046875 693.3731079101562
957.0303344726562 507.45452880859375 1084.1588134765625 422.86724853515625
1306.64404296875 854.3632202148438 1229.512451171875 924.8378295898438
616.4579467773438 814.7042236328125 653.7273559570312 623.7710571289062
997.372314453125 820.024658203125 959.4602661132812 763.8654174804688
658.0391845703125 686.9625244140625 736.363525390625 516.1146850585938
775.97900390625 570.1657104492188 886.0309448242188 433.0107727050781
1051.828369140625 625.4109497070312 1109.34228515625 591.444580078125
673.2849731445312 594.6262817382812 786.478759765625 426.2466125488281
1224.8804931640625 636.6564331054688 1277.08642578125 666.3427734375
1013.9688720703125 578.6944580078125 1099.94384765625 522.2697143554688
1100.0391845703125 1033.437255859375 945.1302490234375 999.6909790039062
1271.8638916015625 874.5922241210938 1181.83935546875 930.464111328125
756.3306884765625 625.9237670898438 842.236328125 485.80828857421875
1087.1220703125 881.1436767578125 1008.4193725585938 853.476318359375
616.4579467773438 814.7042236328125 653.7273559570312 623.7710571289062
780.2987670898438 816.0056762695312 779.3936767578125 680.9662475585938
678.0596313476562 597.8201904296875 787.915283203125 431.20574951171875
714.6221923828125 585.7686157226562 824.9981689453125 431.46026611328125
1224.8804931640625 636.6564331054688 1277.08642578125 666.3427734375
1079.861083984375 721.1710205078125 1081.99853515625 696.7911376953125
642.935791015625 903.3140258789062 641.4766845703125 713.9630737304688
781.29150390625 779.8703002929688 795.5844116210938 647.5548706054688
1009.5713500976562 990.3628540039062 889.4114990234375 924.7083740234375
1006.7805786132812 592.7250366210938 1087.497314453125 536.0367431640625
628.9638061523438 686.5609130859375 713.7644653320312 505.7493896484375
760.2527465820312 993.942138671875 693.5014038085938 832.1390991210938
750.378662109375 817.676025390625 754.8684692382812 671.9891967773438
1153.7716064453125 776.6146240234375 1123.6220703125 784.2490844726562
775.6906127929688 801.9755249023438 782.5845947265625 665.3372802734375
750.378662109375 817.676025390625 754.8684692382812 671.9891967773438
798.0518798828125 693.2496337890625 847.1969604492188 569.0340576171875
597.3610229492188 815.4251708984375 641.7782592773438 617.7196044921875
982.4935913085938 1000.6507568359375 862.7444458007812 922.8417358398438
1079.312744140625 864.7337646484375 1008.1649780273438 838.9742431640625
1173.4775390625 684.1640625 1197.841796875 697.00146484375
1162.2713623046875 683.789306640625 1185.6617431640625 693.2156372070312
1158.184326171875 787.6721801757812 1120.5233154296875 796.9193115234375
771.9938354492188 625.9135131835938 853.6416625976562 489.5296630859375
632.6970825195312 915.844970703125 631.023193359375 719.5127563476562
