1103.72216796875 878.4434814453125 727.347900390625 1011.273193359375
1109.7716064453125 887.4082641601562 715.1641845703125 1014.2662963867188
1109.4161376953125 900.9322509765625 701.835205078125 1010.8504638671875
980.2991943359375 1025.9422607421875 645.0750732421875 897.4644165039062
980.2991943359375 1025.9422607421875 645.0750732421875 897.4644165039062
1093.4071044921875 902.4517211914062 706.140625 995.099365234375
1058.8018798828125 872.5079956054688 747.5270385742188 975.6514282226562
959.0484619140625 879.5314331054688 774.4242553710938 902.2723999023438
1055.356201171875 753.5911865234375 888.2225952148438 1006.9619140625
866.2174072265625 880.4697265625 799.2685546875 838.2568969726562
964.6924438476562 826.4412231445312 826.5065307617188 910.3451538085938
1079.312744140625 864.7337646484375 748.6049194335938 993.4422607421875
1058.8018798828125 872.5079956054688 747.5270385742188 975.6514282226562
1040.481201171875 730.4474487304688 924.0901489257812 1000.0192260742188
1100.0391845703125 1033.437255859375 597.9904174804688 966.7113647460938
