1184.9241943359375 791.6163330078125 943.9570922851562 1041.21923828125
904.1229858398438 832.747802734375 688.3800659179688 881.24755859375
1201.4246826171875 766.6991577148438 987.1500854492188 1032.1876220703125
1141.32861328125 694.5577392578125 1020.4105834960938 916.1609497070312
1110.6927490234375 681.5228881835938 1006.3351440429688 881.3810424804688
1184.9241943359375 791.6163330078125 943.9570922851562 1041.21923828125
1080.386474609375 790.0362548828125 854.9605102539062 959.6629028320312
1177.9571533203125 804.0838623046875 918.6466064453125 1045.56884765625
1059.692626953125 785.0985717773438 845.397705078125 938.3168334960938
936.734375 862.82666015625 679.9397583007812 925.9112548828125
1143.5712890625 709.1192016601562 1004.2022705078125 931.3343505859375
1132.572265625 618.3557739257812 1106.5946044921875 833.9736328125
971.4766845703125 819.6513061523438 743.0955810546875 914.8739013671875
1143.5712890625 709.1192016601562 1004.2022705078125 931.3343505859375
1042.5555419921875 768.34912109375 851.4920654296875 914.1473388671875
1059.0745849609375 626.5842895507812 1024.6148681640625 796.2821044921875
1186.470703125 779.6027221679688 958.8837280273438 1032.732666015625
1177.9571533203125 804.0838623046875 918.6466064453125 1045.56884765625
915.9888305664062 823.0343017578125 702.8380737304688 881.5917358398438
1110.362060546875 854.2318115234375 806.4360961914062 1037.8172607421875
1115.8367919921875 687.48876953125 1004.7221069335938 891.2572631835938
1040.630615234375 640.5534057617188 992.6861572265625 795.8349609375
1207.674072265625 680.6146850585938 1104.3267822265625 953.216552734375
1204.5919189453125 784.2838745117188 968.56298828125 1049.3067626953125
1162.1617431640625 609.8518676757812 1148.0548095703125 848.8181762695312
1010.21044921875 677.2425537109375 924.06103515625 813.5567626953125
1207.674072265625 680.6146850585938 1104.3267822265625 953.216552734375
799.044677734375 856.322265625 604.616943359375 841.74755859375
1042.907958984375 792.8496704101562 822.8535766601562 936.4622802734375
936.8663940429688 814.2523803710938 725.85546875 887.0259399414062
1217.040771484375 669.8805541992188 1128.2833251953125 950.092529296875
1162.1617431640625 609.8518676757812 1148.0548095703125 848.8181762695312
799.044677734375 856.322265625 604.616943359375 841.74755859375
1154.17431640625 613.7211303710938 1134.8970947265625 845.2601318359375
1209.951416015625 672.654541015625 1116.6551513671875 947.961181640625
1209.951416015625 672.654541015625 1116.6551513671875 947.961181640625
1141.635498046875 651.3253784179688 1072.81298828125 871.1658325195312
1010.9622192382812 704.6826171875 894.9502563476562 838.3358154296875
