904.1229858398438 832.747802734375 704.9549560546875 885.0889892578125
951.8271484375 847.5446166992188 733.564208984375 921.4451904296875
1184.9241943359375 791.6163330078125 992.706298828125 973.0588989257812
1199.336181640625 794.6954345703125 1005.7315673828125 983.09033203125
949.9729614257812 828.7423095703125 744.9024658203125 902.3198852539062
1184.9241943359375 791.6163330078125 992.706298828125 973.0588989257812
646.761474609375 832.1194458007812 512.1209106445312 788.2958984375
799.044677734375 856.322265625 603.5612182617188 866.626220703125
1073.5401611328125 634.6575317382812 1007.7238159179688 761.5764770507812
971.4766845703125 819.6513061523438 769.926025390625 905.568359375
999.3245849609375 919.9268798828125 719.5145874023438 1013.0848388671875
774.063232421875 891.8145141601562 561.875732421875 890.215087890625
1000.2701416015625 896.2245483398438 736.9881591796875 990.572998046875
799.044677734375 856.322265625 603.5612182617188 866.626220703125
1201.4246826171875 766.6991577148438 1027.5030517578125 956.1907348632812
957.2646484375 795.740234375 775.6385498046875 875.6102294921875
1098.0556640625 552.6620483398438 1096.8248291015625 686.713134765625
1015.8458251953125 951.7640991210938 709.6159057617188 1051.9658203125
876.5912475585938 1007.809326171875 558.3848266601562 1040.484130859375
1000.2701416015625 896.2245483398438 736.9881591796875 990.572998046875
1009.3428344726562 965.0775146484375 696.1961669921875 1061.8843994140625
1140.3631591796875 684.3811645507812 1033.3734130859375 841.7562255859375
1168.0205078125 785.7069702148438 979.7848510742188 957.8458251953125
996.9268188476562 752.3489990234375 848.2700805664062 848.2515258789062
1090.8363037109375 551.3023071289062 1090.00634765625 682.196044921875
1110.362060546875 854.2318115234375 867.887451171875 1000.4561767578125
1110.362060546875 854.2318115234375 867.887451171875 1000.4561767578125
967.4393920898438 915.7103271484375 696.4681396484375 993.5737915039062
1092.6787109375 542.4239501953125 1098.0399169921875 674.7403564453125
1059.0745849609375 626.5842895507812 996.4406127929688 747.6008911132812
1111.434326171875 548.885498046875 1113.9454345703125 687.8281860351562
1070.5091552734375 493.6630554199219 1116.252197265625 616.267578125
1072.2508544921875 645.2256469726562 994.7183837890625 771.5435180664062
773.505615234375 851.9141235351562 588.6646118164062 852.6858520507812
1080.386474609375 790.0362548828125 890.1814575195312 921.4285888671875
936.8663940429688 814.2523803710938 744.0607299804688 882.7337036132812
1023.3124389648438 802.4189453125 827.41455078125 905.9366455078125
1238.2060546875 672.1998291015625 1145.9573974609375 871.0402221679688
1110.6927490234375 681.5228881835938 1004.1923828125 823.5711669921875
661.463134765625 916.5277099609375 464.81085205078125 867.6160278320312
1128.00390625 882.1558837890625 862.6480712890625 1037.6015625
1204.5919189453125 784.2838745117188 1016.2421875 973.643310546875
980.1427612304688 927.9580078125 695.4747314453125 1012.037109375
815.5792236328125 979.8507080078125 533.2614135742188 986.0250854492188
1067.1329345703125 496.59722900390625 1109.7532958984375 617.7374877929688
1161.0435791015625 623.646240234375 1104.9688720703125 785.8511352539062
833.595947265625 961.1495971679688 557.5888671875 977.9149169921875
1042.5555419921875 768.34912109375 872.87060546875 881.7139892578125
1050.23828125 509.0195007324219 1082.2083740234375 624.1453247070312
667.9335327148438 881.4024047851562 492.9560546875 840.1373901367188
1100.587646484375 707.5479736328125 973.7584228515625 846.123291015625
1100.587646484375 707.5479736328125 973.7584228515625 846.123291015625
1111.8004150390625 899.9287719726562 834.603759765625 1047.0869140625
864.4517822265625 992.0845336914062 559.0405883789062 1020.776611328125
1207.22265625 647.2847290039062 1130.525146484375 831.5039672851562
679.31298828125 937.4223022460938 465.1531066894531 893.9091796875
1066.663330078125 505.2060546875 1102.65087890625 626.0728759765625
1126.59912109375 681.9078369140625 1021.6669921875 830.06884765625
1059.692626953125 785.0985717773438 874.7626342773438 905.2574462890625
650.8594970703125 903.7800903320312 467.7258605957031 852.7749633789062
1103.229248046875 547.9823608398438 1105.053466796875 683.51806640625
1010.21044921875 677.2425537109375 912.1892700195312 780.3357543945312
1292.3675537109375 742.3989868164062 1144.564208984375 971.8602294921875
1278.728515625 767.6647338867188 1107.847412109375 994.7259521484375
917.0927124023438 844.0136108398438 706.34228515625 902.5525512695312
1077.2354736328125 528.7451171875 1093.1986083984375 654.2459716796875
1042.907958984375 792.8496704101562 853.1477661132812 908.8731689453125
1177.9571533203125 804.0838623046875 970.995849609375 981.9866943359375
1177.9571533203125 804.0838623046875 970.995849609375 981.9866943359375
1062.0518798828125 483.6317443847656 1115.1917724609375 603.2512817382812
897.7492065429688 967.344970703125 602.2786254882812 1013.9928588867188
1276.3875732421875 731.1972045898438 1136.3909912109375 954.8912963867188
1165.455810546875 800.2021484375 962.0067138671875 970.0228881835938
619.060546875 802.263916015625 512.2929077148438 752.4561157226562
1147.2294921875 615.9310302734375 1095.3212890625 771.502685546875
1013.784423828125 922.1758422851562 730.9378662109375 1022.3518676757812
980.1427612304688 927.9580078125 695.4747314453125 1012.037109375
809.6810913085938 849.2236328125 617.059814453125 864.16357421875
915.9888305664062 823.0343017578125 719.402099609375 882.5840454101562
1188.9771728515625 749.7401123046875 1030.765625 932.7442016601562
1113.2681884765625 875.8800048828125 854.3650512695312 1021.8568115234375
1059.186279296875 618.321044921875 1005.2302856445312 738.0187377929688
1081.468994140625 550.8638305664062 1080.5479736328125 678.8024291992188
1081.468994140625 550.8638305664062 1080.5479736328125 678.8024291992188
1200.01806640625 683.49853515625 1094.9852294921875 866.4804077148438
1092.1021728515625 530.7860107421875 1104.1192626953125 661.2485961914062
1122.316650390625 708.81982421875 995.6776733398438 857.325927734375
1186.470703125 779.6027221679688 1003.3786010742188 962.0828857421875
805.8086547851562 885.3023681640625 589.3308715820312 895.9065551757812
1295.5816650390625 753.2273559570312 1140.0806884765625 987.2069091796875
852.3309326171875 978.6516723632812 559.7197875976562 1002.268798828125
849.1946411132812 1006.4780883789062 538.546875 1026.7510986328125
878.6473999023438 974.51220703125 585.2337646484375 1005.3745727539062
1071.813232421875 622.0894165039062 1014.5308837890625 746.6334838867188
1022.942138671875 851.908203125 792.0641479492188 956.189697265625
616.1871337890625 724.1724853515625 562.1187744140625 682.2125854492188
1103.229248046875 547.9823608398438 1105.053466796875 683.51806640625
1209.951416015625 672.654541015625 1114.2008056640625 859.8451538085938
1125.58984375 806.0690307617188 922.96826171875 960.2522583007812
1011.7680053710938 917.3255004882812 731.9580078125 1015.999267578125
788.8169555664062 841.6285400390625 605.7898559570312 849.448974609375
1132.1298828125 609.6217041015625 1084.8682861328125 758.9468383789062
1047.8282470703125 648.2422485351562 969.4434814453125 760.2011108398438
1217.040771484375 669.8805541992188 1124.521728515625 859.1243286132812
1047.83935546875 492.11444091796875 1093.9803466796875 606.261962890625
849.1946411132812 1006.4780883789062 538.546875 1026.7510986328125
1043.121826171875 502.1103820800781 1081.3443603515625 614.1267700195312
930.8570556640625 846.4243774414062 714.533935546875 911.9562377929688
1141.635498046875 651.3253784179688 1058.2310791015625 803.807373046875
620.1237182617188 814.5877685546875 504.6097106933594 763.6719970703125
639.859375 925.4431762695312 446.87261962890625 869.3225708007812
1105.5496826171875 868.3998413085938 853.4384155273438 1011.840087890625
1209.951416015625 672.654541015625 1114.2008056640625 859.8451538085938
961.0408935546875 839.4814453125 745.7520141601562 918.1497802734375
615.9322509765625 596.1622924804688 646.4674682617188 572.0321044921875
827.2978515625 854.45947265625 627.1061401367188 878.0924682617188
1126.6934814453125 893.6700439453125 851.7822875976562 1047.3907470703125
