949.9729614257812 828.7423095703125 850.3721923828125 881.084716796875
805.8086547851562 885.3023681640625 699.0494384765625 903.618408203125
863.3035888671875 822.0345458984375 771.660888671875 855.0678100585938
872.9427490234375 859.5905151367188 768.6304321289062 891.9246826171875
904.1229858398438 832.747802734375 805.7686157226562 875.1099853515625
677.8048706054688 921.5880126953125 576.120361328125 909.4158325195312
848.27001953125 843.8068237304688 752.4053344726562 872.5817260742188
1091.2628173828125 637.1600341796875 1061.83984375 721.6139526367188
1121.59716796875 545.114013671875 1128.6322021484375 636.4743041992188
1092.6787109375 542.4239501953125 1100.2965087890625 626.8654174804688
695.6475219726562 891.8037719726562 601.866943359375 886.8685913085938
661.463134765625 916.5277099609375 563.804443359375 901.36083984375
1175.59423828125 660.364013671875 1137.3603515625 763.5603637695312
1059.0745849609375 626.5842895507812 1033.052978515625 704.8417358398438
809.6810913085938 849.2236328125 715.524169921875 870.23486328125
1134.8551025390625 702.6768798828125 1080.4375 795.5855102539062
1103.3931884765625 640.38330078125 1072.559326171875 727.8046264648438
864.4517822265625 992.0845336914062 711.1332397460938 1019.885986328125
773.505615234375 851.9141235351562 682.6767578125 864.8587646484375
981.2821044921875 942.100341796875 837.1683349609375 1000.1975708007812
1098.2593994140625 682.4317626953125 1048.7908935546875 769.3204345703125
1114.83544921875 598.8649291992188 1099.45751953125 687.5691528320312
1066.4830322265625 651.4273681640625 1031.8658447265625 731.33642578125
1026.701904296875 714.5809326171875 968.072998046875 785.6383056640625
1149.165283203125 768.2137451171875 1065.574951171875 867.2138671875
679.31298828125 937.4223022460938 572.1795654296875 925.1179809570312
745.5717163085938 758.7332153320312 692.4064331054688 770.721435546875
679.31298828125 937.4223022460938 572.1795654296875 925.1179809570312
1189.34521484375 615.5277709960938 1170.7337646484375 721.0105590820312
809.6810913085938 849.2236328125 715.524169921875 870.23486328125
1179.81884765625 636.6465454101562 1152.225830078125 739.8724365234375
1161.0435791015625 623.646240234375 1138.4578857421875 723.2021484375
1188.9771728515625 749.7401123046875 1116.4669189453125 857.7223510742188
968.39794921875 786.4713134765625 882.9390869140625 844.5886840820312
1084.275634765625 867.089111328125 963.0050659179688 952.8665771484375
1126.6934814453125 893.6700439453125 994.3465576171875 987.2116088867188
1161.0355224609375 709.7534790039062 1103.9129638671875 809.935546875
1314.3306884765625 753.87890625 1245.8642578125 891.182861328125
864.4517822265625 992.0845336914062 711.1332397460938 1019.885986328125
968.39794921875 786.4713134765625 882.9390869140625 844.5886840820312
782.1614990234375 748.8873901367188 727.9126586914062 768.6204833984375
1140.3631591796875 684.3811645507812 1092.6270751953125 780.4837646484375
951.8271484375 847.5446166992188 846.2577514648438 899.979248046875
915.8712158203125 815.1107177734375 824.364013671875 860.7267456054688
741.5059814453125 687.5361938476562 715.1588745117188 702.7803955078125
856.2341918945312 951.0912475585938 718.8882446289062 978.3106689453125
1077.6114501953125 686.6212768554688 1027.317626953125 768.700927734375
747.3145751953125 708.0439453125 712.9170532226562 723.2708129882812
661.463134765625 916.5277099609375 563.804443359375 901.36083984375
639.8048706054688 739.9793701171875 609.7702026367188 733.1455688476562
722.7098388671875 707.5845947265625 691.659423828125 717.5429077148438
860.8695678710938 1023.1466064453125 698.7307739257812 1048.5140380859375
1112.6138916015625 911.873046875 973.208984375 1002.4462890625
1059.692626953125 785.0985717773438 971.3471069335938 862.427490234375
1126.6934814453125 893.6700439453125 994.3465576171875 987.2116088867188
833.595947265625 961.1495971679688 696.2271118164062 982.505859375
749.8920288085938 783.0044555664062 687.2291259765625 795.3783569335938
1158.7435302734375 587.017578125 1150.42919921875 685.2523803710938
1172.78759765625 603.0900268554688 1158.7786865234375 704.7271728515625
1204.810546875 696.973388671875 1151.913818359375 806.4121704101562
759.5280151367188 771.7127075195312 700.0488891601562 786.5675659179688
627.6762084960938 728.528076171875 603.1822509765625 719.7628784179688
632.6525268554688 791.0782470703125 584.9794921875 779.0294799804688
645.8949584960938 785.9638061523438 597.33349609375 777.0048828125
1158.7435302734375 587.017578125 1150.42919921875 685.2523803710938
823.0986938476562 965.2769165039062 684.2377319335938 984.26904296875
1124.9232177734375 719.9375 1060.9805908203125 812.6502075195312
770.269287109375 687.43212890625 740.4995727539062 709.1573486328125
1199.336181640625 794.6954345703125 1108.829833984375 904.942138671875
1059.4541015625 761.0415649414062 981.5562744140625 839.0946655273438
817.0323486328125 836.9945678710938 726.5344848632812 860.0964965820312
915.9888305664062 823.0343017578125 820.4944458007812 868.51025390625
681.8614501953125 825.8447265625 613.6984252929688 821.3319702148438
922.3848266601562 857.61865234375 814.020263671875 903.3319091796875
1226.1446533203125 792.0167236328125 1137.459228515625 908.5801391601562
1201.4246826171875 766.6991577148438 1121.0892333984375 878.7285766601562
626.10009765625 931.6431274414062 529.19189453125 908.749267578125
764.9714965820312 631.4625244140625 757.0362548828125 653.7664794921875
786.54150390625 857.308837890625 691.9904174804688 873.0413208007812
1022.942138671875 851.908203125 911.0819091796875 920.2833862304688
1047.8282470703125 648.2422485351562 1013.3193359375 722.8584594726562
1140.3734130859375 598.0933227539062 1125.5791015625 692.0880126953125
1177.9571533203125 804.0838623046875 1080.2364501953125 910.0911865234375
779.3557739257812 866.7638549804688 682.1170043945312 879.9567260742188
981.2821044921875 942.100341796875 837.1683349609375 1000.1975708007812
1149.165283203125 768.2137451171875 1065.574951171875 867.2138671875
985.942626953125 792.0234985351562 898.6851196289062 857.5404052734375
676.51513671875 806.3941040039062 615.8348999023438 802.8504028320312
704.1058959960938 695.4808349609375 680.1561279296875 702.7482299804688
1015.2950439453125 776.48583984375 932.2935180664062 844.6005249023438
1062.1815185546875 814.6268310546875 963.1837158203125 892.3142700195312
1141.32861328125 694.5577392578125 1088.660400390625 790.3157348632812
915.9888305664062 823.0343017578125 820.4944458007812 868.51025390625
1110.6927490234375 681.5228881835938 1062.47705078125 770.4235229492188
638.1177368164062 839.9676513671875 571.826904296875 825.6030883789062
659.3164672851562 892.6156005859375 570.8217163085938 878.865966796875
786.54150390625 857.308837890625 691.9904174804688 873.0413208007812
1059.186279296875 618.321044921875 1036.8895263671875 696.4944458007812
824.01953125 892.3565063476562 712.5736694335938 914.059814453125
617.1986083984375 946.1026000976562 517.2614135742188 919.2464599609375
616.1871337890625 724.1724853515625 595.1385498046875 713.7079467773438
848.27001953125 843.8068237304688 752.4053344726562 872.5817260742188
1177.9571533203125 804.0838623046875 1080.2364501953125 910.0911865234375
1124.7740478515625 695.3715209960938 1070.544677734375 788.501708984375
811.0227661132812 596.271484375 810.8179321289062 628.7786254882812
639.859375 925.4431762695312 542.7666625976562 904.6962280273438
625.76953125 597.574462890625 648.9603271484375 598.9341430664062
632.148681640625 746.614990234375 600.2890625 737.7296752929688
1086.2318115234375 622.5037841796875 1061.8045654296875 705.4639282226562
801.7916870117188 538.744140625 824.9436645507812 572.3212890625
623.1639404296875 837.1062622070312 560.1141357421875 820.2601318359375
1150.9591064453125 696.7752075195312 1098.7802734375 795.56298828125
1180.04736328125 614.0184936523438 1161.6832275390625 717.1890258789062
770.7355346679688 878.8035888671875 670.6094360351562 889.572509765625
1126.59912109375 681.9078369140625 1078.89697265625 773.6726684570312
1108.0833740234375 759.4088134765625 1029.1207275390625 846.112548828125
1080.386474609375 790.0362548828125 990.1257934570312 872.45556640625
917.0927124023438 844.0136108398438 813.9716186523438 889.2215576171875
1184.9241943359375 791.6163330078125 1096.8294677734375 898.5992431640625
808.66259765625 959.7920532226562 673.611572265625 976.3605346679688
729.1484375 680.6558837890625 706.7154541015625 694.0770263671875
737.5017700195312 568.7125854492188 754.2610473632812 591.4922485351562
1246.475830078125 679.0222778320312 1203.849609375 797.7064819335938
1168.0205078125 785.7069702148438 1079.9595947265625 888.3101196289062
686.237060546875 906.0155639648438 588.5294189453125 896.9308471679688
610.2327270507812 609.3892822265625 630.8252563476562 607.3234252929688
626.3571166992188 827.1932373046875 567.489990234375 810.5486450195312
1015.8458251953125 951.7640991210938 865.185546875 1017.46728515625
639.9188232421875 894.9052734375 553.7671508789062 877.4974365234375
663.5506591796875 944.765869140625 556.1558837890625 928.3014526367188
659.3164672851562 892.6156005859375 570.8217163085938 878.865966796875
686.237060546875 906.0155639648438 588.5294189453125 896.9308471679688
852.3309326171875 978.6516723632812 706.1143188476562 1003.6587524414062
900.139404296875 995.8013305664062 742.4822998046875 1032.7625732421875
1024.695556640625 791.7977294921875 935.52587890625 861.6663818359375
823.0986938476562 965.2769165039062 684.2377319335938 984.26904296875
667.9335327148438 881.4024047851562 582.5535888671875 870.7682495117188
739.9334716796875 715.3387451171875 703.841796875 728.1665649414062
1184.9241943359375 791.6163330078125 1096.8294677734375 898.5992431640625
1226.1446533203125 792.0167236328125 1137.459228515625 908.5801391601562
626.3571166992188 827.1932373046875 567.489990234375 810.5486450195312
1162.1617431640625 609.8518676757812 1143.5380859375 708.8607177734375
765.4323120117188 699.6668701171875 731.8007202148438 718.632080078125
688.0980224609375 883.9193115234375 597.2469482421875 877.3626708984375
1117.286865234375 842.6187133789062 1003.981689453125 935.5287475585938
1111.8004150390625 899.9287719726562 980.1390991210938 989.4144287109375
1014.20947265625 711.1199340820312 956.1871948242188 779.6506958007812
997.1611328125 717.3402709960938 937.6599731445312 781.9771118164062
1091.7247314453125 704.307373046875 1033.9150390625 788.31201171875
730.2377319335938 615.5748901367188 732.0231323242188 633.0358276367188
773.505615234375 851.9141235351562 682.6767578125 864.8587646484375
793.1649169921875 871.5549926757812 692.1163940429688 887.1835327148438
936.8663940429688 814.2523803710938 844.2205810546875 864.3240356445312
1186.470703125 779.6027221679688 1101.7381591796875 886.9180908203125
650.8594970703125 903.7800903320312 559.556640625 887.7019653320312
783.2709350585938 554.5828857421875 801.9374389648438 584.1779174804688
1200.01806640625 683.49853515625 1153.219482421875 792.35986328125
999.3245849609375 919.9268798828125 862.62451171875 982.413330078125
996.9268188476562 752.3489990234375 927.6054077148438 816.4913940429688
770.2022705078125 774.3577270507812 708.3020629882812 790.6957397460938
1108.5501708984375 618.2180786132812 1086.04052734375 706.176025390625
1073.5401611328125 634.6575317382812 1045.849365234375 715.754638671875
1154.17431640625 613.7211303710938 1133.6923828125 709.8742065429688
740.5372314453125 618.4895629882812 740.2120971679688 637.359130859375
1034.362548828125 806.6581420898438 938.9348754882812 878.7254638671875
1207.22265625 647.2847290039062 1173.9609375 756.663818359375
1293.126708984375 765.9246826171875 1219.322998046875 898.4282836914062
752.8247680664062 751.8363037109375 701.3775024414062 766.2689819335938
1113.2681884765625 875.8800048828125 989.0392456054688 966.060546875
1267.2095947265625 749.5844116210938 1195.7861328125 875.0443725585938
1141.635498046875 651.3253784179688 1105.430419921875 746.4285278320312
1000.2701416015625 896.2245483398438 871.8336791992188 959.5007934570312
752.833740234375 694.6456909179688 722.11669921875 712.0896606445312
1110.362060546875 854.2318115234375 994.4373779296875 943.9847412109375
671.1188354492188 814.2825317382812 608.9578247070312 807.9400634765625
746.3862915039062 766.4607543945312 690.28515625 778.3202514648438
729.7765502929688 636.5592651367188 724.2137451171875 652.3721923828125
1132.572265625 618.3557739257812 1109.63623046875 710.83837890625
619.060546875 802.263916015625 569.5712280273438 786.80517578125
729.1969604492188 778.36474609375 671.2865600585938 785.5589599609375
724.3062744140625 627.614990234375 721.8243408203125 643.1287841796875
741.53466796875 801.8081665039062 673.3782958984375 810.0407104492188
1179.81884765625 636.6465454101562 1152.225830078125 739.8724365234375
1129.7545166015625 669.9605712890625 1087.0089111328125 763.4471435546875
815.242431640625 556.1788330078125 829.4761962890625 590.9904174804688
731.9874877929688 578.3768310546875 748.7711181640625 597.9708251953125
1150.405517578125 706.8862915039062 1094.2486572265625 804.8580932617188
600.6744384765625 603.3417358398438 626.7855834960938 599.4427490234375
971.4766845703125 819.6513061523438 875.092529296875 878.2216796875
1147.2294921875 615.9310302734375 1126.57666015625 713.129638671875
603.65966796875 831.623291015625 546.747314453125 810.3837280273438
1225.595703125 663.7260131835938 1188.3231201171875 777.9947509765625
1002.11767578125 727.857666015625 940.013671875 793.5394897460938
1111.8004150390625 899.9287719726562 980.1390991210938 989.4144287109375
628.5655517578125 956.4569702148438 523.4757690429688 931.445556640625
1072.9149169921875 549.2708740234375 1077.6761474609375 629.6759033203125
1025.38671875 937.3363037109375 879.7810668945312 1005.89599609375
897.7492065429688 967.344970703125 751.400390625 1004.8130493164062
970.2391357421875 835.3539428710938 867.0331420898438 892.3908081054688
944.4793701171875 850.3450927734375 835.8760986328125 901.638671875
637.332763671875 601.5252685546875 657.2614135742188 604.5414428710938
936.734375 862.82666015625 825.6974487304688 910.5869750976562
750.0298461914062 775.0459594726562 690.4739379882812 787.4673461914062
757.0088500976562 612.6018676757812 756.1547241210938 635.3369140625
818.2030029296875 612.7263793945312 811.3923950195312 645.75439453125
1049.224609375 811.1251831054688 951.6064453125 886.607177734375
660.10888671875 658.2933349609375 656.3126220703125 660.4849243164062
613.328857421875 639.3236694335938 623.650146484375 635.9383544921875
801.6258544921875 562.219970703125 815.9559936523438 594.61328125
747.6297607421875 639.2535400390625 738.34033203125 658.3468017578125
737.5853881835938 674.3460083007812 716.1510009765625 689.9783935546875
631.45654296875 808.3859252929688 577.3821411132812 794.95361328125
621.3148193359375 689.438720703125 614.3673095703125 682.8117065429688
1200.01806640625 683.49853515625 1153.219482421875 792.35986328125
691.4989013671875 929.9821166992188 584.1778564453125 921.1117553710938
1191.04052734375 681.0481567382812 1143.563720703125 787.62939453125
830.3359375 600.2965698242188 826.9603271484375 635.8358764648438
1070.5091552734375 493.6630554199219 1097.5479736328125 575.435302734375
967.4393920898438 915.7103271484375 833.718994140625 970.0184936523438
1314.3306884765625 753.87890625 1245.8642578125 891.182861328125
737.7710571289062 554.4006958007812 761.5514526367188 577.5653076171875
774.6685180664062 781.5550537109375 710.1182861328125 798.3659057617188
746.3862915039062 766.4607543945312 690.28515625 778.3202514648438
819.5825805664062 880.3698120117188 712.7532348632812 902.5413818359375
678.50927734375 609.54736328125 689.0885009765625 619.3206787109375
1060.655517578125 498.06195068359375 1085.851318359375 577.0067749023438
1129.5455322265625 847.2718505859375 1016.3278198242188 941.7373657226562
1014.6033325195312 943.7794189453125 866.2049560546875 1010.8638916015625
744.3468627929688 628.0850830078125 740.5738525390625 647.1983032226562
1151.505126953125 600.1753540039062 1136.0716552734375 696.322021484375
1110.362060546875 854.2318115234375 994.4373779296875 943.9847412109375
650.8599243164062 733.262451171875 620.7155151367188 729.7616577148438
827.2978515625 854.45947265625 730.4545288085938 879.410400390625
1210.7110595703125 792.9375610351562 1120.8907470703125 906.274658203125
1077.2354736328125 528.7451171875 1089.145751953125 610.630859375
644.0879516601562 636.626220703125 650.3714599609375 638.2367553710938
809.7132568359375 607.240234375 806.094970703125 638.4801635742188
1191.262939453125 664.0103759765625 1152.7237548828125 770.3528442382812
992.6710815429688 959.3158569335938 841.2870483398438 1019.5849609375
1292.3675537109375 742.3989868164062 1225.062744140625 873.3159790039062
750.277587890625 684.4771118164062 723.8602905273438 701.6412963867188
736.7564697265625 608.5401000976562 740.93505859375 627.6702880859375
830.3359375 600.2965698242188 826.9603271484375 635.8358764648438
617.915283203125 654.385009765625 622.3256225585938 648.1972045898438
815.5792236328125 979.8507080078125 672.586181640625 996.031982421875
1048.20947265625 633.1702270507812 1018.0445556640625 711.3936767578125
1302.0181884765625 729.5458984375 1242.9884033203125 863.8485107421875
755.478271484375 763.660400390625 699.631103515625 777.4071655273438
1111.434326171875 548.885498046875 1118.916259765625 637.9884643554688
1132.1298828125 609.6217041015625 1113.44970703125 702.5570068359375
1009.3428344726562 965.0775146484375 854.4712524414062 1028.5924072265625
826.8458251953125 594.6148071289062 826.2587280273438 629.9720458984375
731.578125 687.2454833984375 706.2550659179688 701.9866943359375
713.599853515625 699.2799072265625 686.9078369140625 709.0040893554688
1224.4052734375 651.46728515625 1193.0244140625 765.857666015625
616.32861328125 712.177978515625 599.3850708007812 703.1272583007812
625.4299926757812 669.494140625 622.5432739257812 664.998291015625
930.8570556640625 846.4243774414062 824.7701416015625 895.6160278320312
1047.83935546875 492.11444091796875 1075.7720947265625 568.9501342773438
715.8905029296875 642.969970703125 709.5117797851562 655.810302734375
1104.4239501953125 542.0404052734375 1113.12353515625 629.2028198242188
1029.366455078125 637.2731323242188 1000.30029296875 707.4955444335938
759.5280151367188 771.7127075195312 700.0488891601562 786.5675659179688
653.8705444335938 795.1824951171875 601.7391357421875 786.2122192382812
602.9149169921875 712.0363159179688 588.94189453125 700.6843872070312
721.6660766601562 618.7897338867188 722.8687133789062 634.678466796875
782.0390625 770.8133544921875 719.008056640625 789.9135131835938
626.52978515625 714.7512817382812 606.5917358398438 706.527587890625
782.0390625 770.8133544921875 719.008056640625 789.9135131835938
814.79931640625 542.6198120117188 835.3142700195312 577.671875
1002.0145263671875 722.2611694335938 942.0164794921875 787.300537109375
397.3800964355469 209.12477111816406 599.0869750976562 221.3631591796875
727.6202392578125 700.7171020507812 698.7266845703125 712.0467529296875
616.1871337890625 724.1724853515625 595.1385498046875 713.7079467773438
822.4097290039062 826.7854614257812 735.7798461914062 852.8007202148438
620.1237182617188 814.5877685546875 565.4744873046875 798.7557373046875
637.0469360351562 909.7935180664062 546.3041381835938 889.7017211914062
645.40234375 714.5126953125 622.197021484375 710.97900390625
1010.21044921875 677.2425537109375 966.1500244140625 745.7426147460938
1071.813232421875 622.0894165039062 1047.9854736328125 702.041748046875
1209.951416015625 672.654541015625 1167.6708984375 783.7064819335938
920.1729736328125 830.289794921875 824.2974853515625 875.8238525390625
1295.5816650390625 753.2273559570312 1225.4071044921875 885.9161376953125
1175.8251953125 775.880859375 1091.0894775390625 880.7833251953125
1042.84033203125 619.1151123046875 1019.8863525390625 694.0768432617188
716.5153198242188 842.5162353515625 638.1198120117188 842.6748657226562
1103.9742431640625 525.4708251953125 1119.47802734375 614.7109375
765.1865234375 782.8685913085938 700.41015625 795.7613525390625
755.478271484375 763.660400390625 699.631103515625 777.4071655273438
609.296142578125 808.2509765625 559.2913818359375 790.5073852539062
1025.81005859375 944.2488403320312 874.999755859375 1013.7952880859375
1209.951416015625 672.654541015625 1167.6708984375 783.7064819335938
1015.9112548828125 685.9979248046875 968.3377075195312 756.3637084960938
1186.302734375 658.3742065429688 1148.826171875 763.3497314453125
1132.000732421875 892.6609497070312 1003.0932006835938 987.7362060546875
625.6134643554688 916.7926635742188 534.3836669921875 893.935791015625
1143.5712890625 709.1192016601562 1084.3826904296875 805.6392822265625
634.9611206054688 640.2672119140625 640.6451416015625 639.8746337890625
635.977783203125 720.0184936523438 612.7291259765625 713.9666748046875
646.3870239257812 823.0082397460938 584.6141967773438 811.5691528320312
1191.262939453125 664.0103759765625 1152.7237548828125 770.3528442382812
653.6025390625 711.6326904296875 630.16552734375 710.5123291015625
1057.0916748046875 770.3237915039062 972.9717407226562 848.2119750976562
750.277587890625 684.4771118164062 723.8602905273438 701.6412963867188
608.9715576171875 741.447265625 582.4634399414062 728.754150390625
936.8663940429688 814.2523803710938 844.2205810546875 864.3240356445312
821.6661376953125 550.4136962890625 838.67333984375 586.5221557617188
943.5160522460938 804.024658203125 854.6121826171875 855.5689697265625
647.3043212890625 655.9583740234375 646.15869140625 656.4168701171875
1175.2764892578125 845.5226440429688 1059.3358154296875 947.9971923828125
1121.7867431640625 872.9191284179688 999.8493041992188 965.4087524414062
619.5807495117188 738.2122802734375 592.6065063476562 727.855712890625
616.70068359375 732.1220092773438 593.1616821289062 721.3972778320312
1304.42578125 739.839111328125 1240.813720703125 875.7781982421875
1131.88720703125 869.1920166015625 1009.744873046875 964.2686157226562
607.4895629882812 734.6648559570312 584.044921875 722.2882690429688
607.4895629882812 734.6648559570312 584.044921875 722.2882690429688
1131.88720703125 869.1920166015625 1009.744873046875 964.2686157226562
637.4246826171875 652.756103515625 638.9924926757812 651.5894165039062
