646.761474609375 832.1194458007812 1221.705078125 708.311767578125
611.8345947265625 842.7991333007812 1247.3089599609375 724.3873291015625
636.9312744140625 826.7568969726562 1223.50390625 717.0775146484375
619.060546875 802.263916015625 1216.51171875 743.7412109375
623.1639404296875 837.1062622070312 1237.5732421875 720.1788330078125
669.3364868164062 820.2869262695312 1202.30322265625 700.4796142578125
638.1177368164062 839.9676513671875 1231.5810546875 709.9082641601562
681.8614501953125 825.8447265625 1199.56982421875 689.625
659.3164672851562 892.6156005859375 1250.371826171875 672.9083251953125
646.3870239257812 823.0082397460938 1215.9046630859375 713.2852172851562
671.1188354492188 814.2825317382812 1197.141357421875 702.374755859375
612.6702270507812 825.1079711914062 1235.3900146484375 733.7474975585938
611.8345947265625 842.7991333007812 1247.3089599609375 724.3873291015625
620.1237182617188 814.5877685546875 1224.7813720703125 734.9447021484375
650.8594970703125 903.7800903320312 1260.5833740234375 673.0433959960938
659.3164672851562 892.6156005859375 1250.371826171875 672.9083251953125
612.6702270507812 825.1079711914062 1235.3900146484375 733.7474975585938
600.5336303710938 803.4357299804688 1227.7508544921875 755.9887084960938
625.6134643554688 916.7926635742188 1279.51123046875 680.5626220703125
640.3281860351562 800.2039184570312 1203.540283203125 729.8631591796875
674.0389404296875 895.209716796875 1244.63525390625 664.3610229492188
773.505615234375 851.9141235351562 1173.150146484375 627.8486328125
691.4989013671875 929.9821166992188 1252.8616943359375 642.3358764648438
626.10009765625 931.6431274414062 1285.8406982421875 674.6272583007812
603.65966796875 831.623291015625 1245.139892578125 735.928466796875
637.0469360351562 909.7935180664062 1269.824462890625 677.4028930664062
683.0546264648438 884.2188110351562 1234.3094482421875 663.45703125
645.8949584960938 785.9638061523438 1190.4227294921875 734.988037109375
619.5807495117188 738.2122802734375 1167.07763671875 787.718994140625
644.447998046875 817.7562866210938 1213.130126953125 717.3658447265625
639.8755493164062 732.5791625976562 1149.7891845703125 775.825439453125
619.5807495117188 738.2122802734375 1167.07763671875 787.718994140625
632.6525268554688 791.0782470703125 1199.6324462890625 740.289306640625
773.505615234375 851.9141235351562 1173.150146484375 627.8486328125
677.8048706054688 921.5880126953125 1255.8106689453125 651.97021484375
663.5506591796875 944.765869140625 1273.9237060546875 651.4986572265625
695.6475219726562 891.8037719726562 1232.2305908203125 652.8634643554688
775.5260620117188 748.5894775390625 1093.151611328125 669.216552734375
745.5717163085938 758.7332153320312 1117.100830078125 683.419189453125
779.3557739257812 866.7638549804688 1179.52001953125 620.5416259765625
639.8755493164062 732.5791625976562 1149.7891845703125 775.825439453125
739.9334716796875 715.3387451171875 1078.414306640625 710.3517456054688
661.463134765625 916.5277099609375 1261.1116943359375 661.73388671875
676.51513671875 806.3941040039062 1189.4356689453125 702.2525634765625
625.4299926757812 669.494140625 1091.09326171875 843.6939697265625
729.1969604492188 778.36474609375 1140.6090087890625 684.2426147460938
775.5260620117188 748.5894775390625 1093.151611328125 669.216552734375
799.044677734375 856.322265625 1165.0831298828125 613.7061767578125
754.465576171875 756.2479858398438 1110.477294921875 678.50732421875
713.599853515625 699.2799072265625 1074.5675048828125 742.5359497070312
616.70068359375 732.1220092773438 1163.0755615234375 794.4781494140625
607.4895629882812 734.6648559570312 1170.9012451171875 799.9547119140625
679.31298828125 937.4223022460938 1263.5299072265625 645.4949340820312
607.4895629882812 734.6648559570312 1170.9012451171875 799.9547119140625
608.9715576171875 741.447265625 1175.9967041015625 793.5043334960938
650.8599243164062 733.262451171875 1145.8665771484375 765.477783203125
749.8920288085938 783.0044555664062 1135.7176513671875 668.019775390625
686.237060546875 906.0155639648438 1244.55859375 652.5198974609375
793.1649169921875 871.5549926757812 1176.4249267578125 611.9853515625
747.3145751953125 708.0439453125 1067.0142822265625 709.9900512695312
608.9715576171875 741.447265625 1175.9967041015625 793.5043334960938
752.8247680664062 751.8363037109375 1107.538818359375 682.4161376953125
595.8400268554688 738.16015625 1180.8192138671875 807.1151733398438
616.70068359375 732.1220092773438 1163.0755615234375 794.4781494140625
746.3862915039062 766.4607543945312 1122.9569091796875 678.7534790039062
806.6290893554688 841.7764282226562 1149.909912109375 613.9596557617188
594.6728515625 721.4974975585938 1166.222412109375 822.7688598632812
629.2843627929688 735.3353271484375 1158.8431396484375 781.8275756835938
716.5153198242188 842.5162353515625 1190.2001953125 663.71240234375
774.8113403320312 789.7078857421875 1128.0084228515625 650.684326171875
635.977783203125 720.0184936523438 1139.713623046875 788.0474853515625
731.313232421875 712.7265625 1081.3206787109375 718.388671875
629.2843627929688 735.3353271484375 1158.8431396484375 781.8275756835938
662.29443359375 793.1361083984375 1186.828369140625 719.32275390625
782.0390625 770.8133544921875 1110.162353515625 654.8649291992188
643.0143432617188 710.5513916015625 1125.700439453125 790.1036376953125
635.2163696289062 710.1366577148438 1129.6251220703125 797.96044921875
594.6728515625 721.4974975585938 1166.222412109375 822.7688598632812
722.7098388671875 707.5845947265625 1079.67236328125 728.6407470703125
759.5280151367188 771.7127075195312 1120.866455078125 667.7803344726562
616.32861328125 712.177978515625 1143.6790771484375 813.6763305664062
782.0390625 770.8133544921875 1110.162353515625 654.8649291992188
809.6810913085938 849.2236328125 1155.2222900390625 610.3643798828125
718.2449340820312 716.6285400390625 1090.808837890625 726.0425415039062
679.31298828125 937.4223022460938 1263.5299072265625 645.4949340820312
763.4887084960938 797.3411865234375 1138.7476806640625 653.0722045898438
788.8169555664062 841.6285400390625 1161.2471923828125 624.4219360351562
746.3862915039062 766.4607543945312 1122.9569091796875 678.7534790039062
809.6810913085938 849.2236328125 1155.2222900390625 610.3643798828125
653.8705444335938 795.1824951171875 1191.974853515625 724.0838623046875
759.5280151367188 771.7127075195312 1120.866455078125 667.7803344726562
765.4323120117188 699.6668701171875 1049.3360595703125 702.5210571289062
727.6202392578125 700.7171020507812 1069.335693359375 730.0914916992188
770.2022705078125 774.3577270507812 1118.5589599609375 660.185302734375
722.376708984375 689.1142578125 1060.01416015625 741.7974243164062
640.9707641601562 656.7047119140625 1066.9681396484375 844.467529296875
752.833740234375 694.6456909179688 1053.574462890625 714.453857421875
731.134521484375 691.2489624023438 1060.8255615234375 732.0599975585938
647.3043212890625 655.9583740234375 1059.5233154296875 836.611572265625
626.3256225585938 723.0230712890625 1148.5157470703125 794.653076171875
