639.9188232421875 894.9052734375 1235.4755859375 786.7310180664062
637.0469360351562 909.7935180664062 1248.2589111328125 782.7162475585938
661.463134765625 916.5277099609375 1244.904296875 763.6417236328125
625.6134643554688 916.7926635742188 1257.045166015625 788.5618286132812
649.9166870117188 916.1463012695312 1248.3458251953125 771.11181640625
626.10009765625 931.6431274414062 1269.2725830078125 782.6270751953125
661.463134765625 916.5277099609375 1244.904296875 763.6417236328125
611.8345947265625 842.7991333007812 1199.404296875 829.1255493164062
611.8345947265625 842.7991333007812 1199.404296875 829.1255493164062
646.761474609375 832.1194458007812 1176.544677734375 804.5607299804688
663.5506591796875 944.765869140625 1264.8143310546875 753.1533203125
617.1986083984375 946.1026000976562 1282.2677001953125 783.58984375
646.3870239257812 823.0082397460938 1168.031494140625 809.225830078125
638.1177368164062 839.9676513671875 1187.6318359375 807.9490356445312
667.9335327148438 881.4024047851562 1214.12255859375 770.4058227539062
679.31298828125 937.4223022460938 1254.5086669921875 744.9049682617188
650.8594970703125 903.7800903320312 1238.5328369140625 773.5697021484375
600.5336303710938 803.4357299804688 1161.9119873046875 860.734130859375
686.237060546875 906.0155639648438 1228.0657958984375 749.6412963867188
619.060546875 802.263916015625 1154.859130859375 843.5802001953125
691.7386474609375 873.3438720703125 1199.7623291015625 756.1453247070312
683.0546264648438 884.2188110351562 1211.780517578125 758.3477783203125
639.859375 925.4431762695312 1259.21484375 773.9561157226562
695.6475219726562 891.8037719726562 1213.9937744140625 747.393798828125
799.044677734375 856.322265625 1153.5042724609375 688.3119506835938
799.044677734375 856.322265625 1153.5042724609375 688.3119506835938
679.31298828125 937.4223022460938 1254.5086669921875 744.9049682617188
691.4989013671875 929.9821166992188 1244.8739013671875 738.9862670898438
628.5655517578125 956.4569702148438 1285.4505615234375 773.32275390625
774.063232421875 891.8145141601562 1189.7379150390625 696.2366943359375
626.3571166992188 827.1932373046875 1177.9056396484375 824.252197265625
629.4617309570312 944.7320556640625 1277.88818359375 777.0105590820312
674.0389404296875 895.209716796875 1224.1260986328125 760.4147338867188
636.9312744140625 826.7568969726562 1175.545654296875 814.8699951171875
810.6408081054688 856.974853515625 1150.0572509765625 679.9194946289062
673.33349609375 789.998046875 1126.16943359375 801.0787353515625
765.2393188476562 866.7177124023438 1170.927978515625 706.9464721679688
671.1188354492188 814.2825317382812 1150.740234375 792.5731811523438
809.6810913085938 849.2236328125 1143.8753662109375 682.6188354492188
774.063232421875 891.8145141601562 1189.7379150390625 696.2366943359375
763.4887084960938 797.3411865234375 1107.3311767578125 725.9314575195312
603.65966796875 831.623291015625 1190.622314453125 841.1122436523438
626.3571166992188 827.1932373046875 1177.9056396484375 824.252197265625
809.6810913085938 849.2236328125 1143.8753662109375 682.6188354492188
677.8048706054688 921.5880126953125 1244.2900390625 750.2395629882812
716.5153198242188 842.5162353515625 1161.4498291015625 747.6666870117188
849.1946411132812 1006.4780883789062 1247.162109375 636.1217651367188
817.0323486328125 836.9945678710938 1130.9681396484375 680.3369750976562
731.313232421875 712.7265625 1014.7674560546875 782.4225463867188
650.249755859375 804.4385986328125 1145.511474609375 815.1767578125
608.3152465820312 818.111083984375 1176.0084228515625 844.2606811523438
612.6702270507812 825.1079711914062 1181.8170166015625 838.0870361328125
876.5912475585938 1007.809326171875 1240.4166259765625 622.8710327148438
770.7355346679688 878.8035888671875 1179.874755859375 699.4973754882812
846.4027709960938 993.5245971679688 1240.7064208984375 639.2816772460938
887.0784301757812 887.4032592773438 1157.879150390625 626.190185546875
786.5241088867188 897.2892456054688 1190.98828125 687.0387573242188
774.8113403320312 789.7078857421875 1095.3026123046875 719.927490234375
774.8113403320312 789.7078857421875 1095.3026123046875 719.927490234375
750.0298461914062 775.0459594726562 1085.2430419921875 743.9534301757812
608.9715576171875 741.447265625 1085.8775634765625 887.9542846679688
639.8755493164062 732.5791625976562 1064.40185546875 861.9286499023438
607.4895629882812 734.6648559570312 1077.23486328125 893.7147216796875
788.8169555664062 841.6285400390625 1143.03857421875 697.8467407226562
619.5807495117188 738.2122802734375 1078.70849609375 879.3984375
746.3862915039062 766.4607543945312 1077.443115234375 749.4384765625
852.3309326171875 978.6516723632812 1229.1402587890625 637.970703125
616.70068359375 732.1220092773438 1070.9180908203125 885.5419311523438
627.6762084960938 728.528076171875 1061.9842529296875 876.71923828125
607.4895629882812 734.6648559570312 1077.23486328125 893.7147216796875
639.8755493164062 732.5791625976562 1064.40185546875 861.9286499023438
651.1327514648438 925.8836059570312 1254.2369384765625 769.4674682617188
814.5829467773438 865.99267578125 1159.5626220703125 676.2470092773438
635.977783203125 720.0184936523438 1047.583740234375 872.3463134765625
782.0390625 770.8133544921875 1072.994140625 719.9947509765625
746.3862915039062 766.4607543945312 1077.443115234375 749.4384765625
770.2022705078125 774.3577270507812 1080.306640625 728.0149536132812
