691.7386474609375 873.3438720703125 974.6778564453125 931.6923217773438
705.8772583007812 936.2332153320312 1039.30615234375 985.2418823242188
617.1986083984375 946.1026000976562 966.28076171875 1038.6473388671875
827.2978515625 854.45947265625 1083.3924560546875 855.705810546875
774.8113403320312 789.7078857421875 985.1854248046875 814.9456176757812
984.5914916992188 844.3419189453125 1206.5968017578125 776.3977661132812
650.8594970703125 903.7800903320312 962.5308227539062 981.74267578125
770.8518676757812 904.9652709960938 1074.6124267578125 925.284912109375
815.5792236328125 979.8507080078125 1168.43603515625 969.4603881835938
775.5260620117188 748.5894775390625 951.1956787109375 775.882568359375
619.8594360351562 967.8341064453125 985.6997680664062 1056.80029296875
1110.0225830078125 925.256591796875 1356.0087890625 796.2659301757812
1034.0921630859375 1040.869873046875 1378.7574462890625 922.4185180664062
673.33349609375 789.998046875 886.8361206054688 862.4363403320312
775.5260620117188 748.5894775390625 951.1956787109375 775.882568359375
625.6134643554688 916.7926635742188 948.1976318359375 1003.6561279296875
1227.9324951171875 983.1435546875 1473.401611328125 797.2990112304688
659.3164672851562 892.6156005859375 960.3800048828125 966.5206909179688
603.65966796875 831.623291015625 855.6292724609375 937.1781616210938
863.3035888671875 822.0345458984375 1092.9613037109375 806.1444091796875
770.8518676757812 904.9652709960938 1074.6124267578125 925.284912109375
659.3164672851562 892.6156005859375 960.3800048828125 966.5206909179688
686.237060546875 906.0155639648438 995.101318359375 964.6121826171875
646.761474609375 832.1194458007812 897.8526611328125 915.0720825195312
864.13427734375 526.7307739257812 848.8446655273438 519.19091796875
679.31298828125 937.4223022460938 1016.3773193359375 997.3954467773438
642.53662109375 946.0382080078125 989.0667724609375 1028.2064208984375
1040.6766357421875 944.7154541015625 1320.005859375 841.5188598632812
819.5825805664062 880.3698120117188 1096.369140625 879.435546875
824.01953125 892.3565063476562 1108.806396484375 890.0567626953125
729.1969604492188 778.36474609375 934.4218139648438 825.7837524414062
852.3309326171875 978.6516723632812 1196.373046875 952.071533203125
739.9334716796875 715.3387451171875 890.2366943359375 760.4107666015625
876.5912475585938 1007.809326171875 1237.5079345703125 965.6870727539062
729.7765502929688 636.5592651367188 812.5215454101562 685.56787109375
629.4617309570312 944.7320556640625 975.6806030273438 1029.8226318359375
799.044677734375 856.322265625 1059.066650390625 865.361328125
864.4517822265625 992.0845336914062 1215.707763671875 957.6632690429688
741.53466796875 801.8081665039062 964.9224243164062 841.7462768554688
716.5153198242188 842.5162353515625 973.37451171875 890.4081420898438
786.54150390625 857.308837890625 1049.4783935546875 872.6050415039062
663.5506591796875 944.765869140625 1009.9144287109375 1016.2017211914062
920.1729736328125 830.289794921875 1144.01953125 789.9235229492188
626.10009765625 931.6431274414062 963.482666015625 1021.275634765625
1177.9571533203125 804.0838623046875 1325.628173828125 666.3392944335938
1183.65869140625 985.7981567382812 1444.4029541015625 817.1834716796875
637.0469360351562 909.7935180664062 953.2053833007812 993.6137084960938
848.27001953125 843.8068237304688 1091.51708984375 832.2430419921875
628.5655517578125 956.4569702148438 984.291015625 1040.5635986328125
713.599853515625 699.2799072265625 848.3546142578125 754.11376953125
660.10888671875 658.2933349609375 756.7547607421875 738.75830078125
776.1508178710938 861.2614135742188 1042.2706298828125 880.9321899414062
1015.8458251953125 951.7640991210938 1306.177001953125 857.2332153320312
1182.3099365234375 1022.1785888671875 1468.0372314453125 846.3023071289062
595.8400268554688 738.16015625 763.009765625 848.4591064453125
846.4027709960938 993.5245971679688 1202.2430419921875 967.3053588867188
1201.4246826171875 766.6991577148438 1318.350830078125 626.7390747070312
661.463134765625 916.5277099609375 981.312744140625 986.0889892578125
1040.6766357421875 944.7154541015625 1320.005859375 841.5188598632812
852.3309326171875 978.6516723632812 1196.373046875 952.071533203125
915.9888305664062 823.0343017578125 1136.065185546875 786.9540405273438
981.2821044921875 942.100341796875 1270.5150146484375 863.2235107421875
625.4299926757812 669.494140625 731.9507446289062 765.386474609375
1149.165283203125 768.2137451171875 1279.3236083984375 644.4336547851562
667.9335327148438 881.4024047851562 959.8767700195312 949.9148559570312
977.0072631835938 918.6998291015625 1253.0078125 845.30419921875
1072.1727294921875 770.4540405273438 1221.6282958984375 676.0097045898438
783.645751953125 876.4905395507812 1061.247314453125 891.46826171875
1149.165283203125 768.2137451171875 1279.3236083984375 644.4336547851562
683.0546264648438 884.2188110351562 975.9030151367188 946.8411254882812
1129.291748046875 594.6403198242188 1141.6827392578125 496.3067321777344
770.2022705078125 774.3577270507812 969.0369873046875 803.0143432617188
638.1177368164062 839.9676513671875 895.9097290039062 928.7650146484375
612.6702270507812 825.1079711914062 857.0477294921875 924.8789672851562
790.8414306640625 566.5953979492188 812.2222900390625 588.2518920898438
799.044677734375 856.322265625 1059.066650390625 865.361328125
949.9729614257812 828.7423095703125 1168.6220703125 777.2764282226562
639.859375 925.4431762695312 968.5178833007812 1006.6017456054688
915.9888305664062 823.0343017578125 1136.065185546875 786.9540405273438
683.0546264648438 884.2188110351562 975.9030151367188 946.8411254882812
608.3152465820312 818.111083984375 847.739013671875 920.69677734375
661.463134765625 916.5277099609375 981.312744140625 986.0889892578125
752.8247680664062 751.8363037109375 932.7671508789062 787.9080810546875
1062.1815185546875 814.6268310546875 1245.634765625 719.8842163085938
865.7899169921875 974.6329956054688 1205.3878173828125 942.2523803710938
626.3571166992188 827.1932373046875 873.2489624023438 919.7412109375
759.5280151367188 771.7127075195312 955.4799194335938 805.02685546875
749.8920288085938 783.0044555664062 954.119140625 820.445068359375
607.4895629882812 734.6648559570312 771.9909057617188 839.5354614257812
765.4323120117188 699.6668701171875 901.3662719726562 734.7730102539062
688.0980224609375 883.9193115234375 976.8780517578125 945.4718017578125
930.8570556640625 846.4243774414062 1164.96923828125 799.93115234375
635.2163696289062 710.1366577148438 778.8689575195312 799.8889770507812
1110.362060546875 854.2318115234375 1308.9041748046875 735.120361328125
1057.0916748046875 770.3237915039062 1210.29052734375 682.6958618164062
607.4895629882812 734.6648559570312 771.9909057617188 839.5354614257812
594.6728515625 721.4974975585938 745.7310180664062 832.232177734375
646.3870239257812 823.0082397460938 889.4431762695312 906.6305541992188
621.3148193359375 689.438720703125 745.382080078125 787.229736328125
632.84619140625 664.5879516601562 732.770751953125 757.7620849609375
686.237060546875 906.0155639648438 995.101318359375 964.6121826171875
930.8570556640625 846.4243774414062 1164.96923828125 799.93115234375
1200.483642578125 1028.5059814453125 1483.2066650390625 843.590087890625
1004.25634765625 907.5756225585938 1266.4439697265625 822.9131469726562
917.0927124023438 844.0136108398438 1150.264404296875 802.087158203125
848.27001953125 843.8068237304688 1091.51708984375 832.2430419921875
608.9715576171875 741.447265625 779.3015747070312 845.7135620117188
608.9715576171875 741.447265625 779.3015747070312 845.7135620117188
1293.126708984375 765.9246826171875 1382.239501953125 593.1559448242188
719.2719116210938 633.1216430664062 794.8916015625 686.2492065429688
631.45654296875 808.3859252929688 862.33740234375 902.2064819335938
981.2821044921875 942.100341796875 1270.5150146484375 863.2235107421875
1224.4052734375 651.46728515625 1257.3388671875 516.5370483398438
1059.692626953125 785.0985717773438 1223.0225830078125 693.6364135742188
627.6762084960938 728.528076171875 787.1144409179688 823.6319580078125
707.5636596679688 578.953125 736.220947265625 634.5057983398438
999.4761352539062 932.9180908203125 1280.6895751953125 848.0128173828125
782.0390625 770.8133544921875 975.8055419921875 794.3659057617188
620.1237182617188 814.5877685546875 855.7825927734375 911.841796875
616.70068359375 732.1220092773438 779.4013061523438 832.40380859375
719.2719116210938 633.1216430664062 794.8916015625 686.2492065429688
1131.88720703125 869.1920166015625 1334.76953125 739.6019287109375
752.833740234375 694.6456909179688 884.3509521484375 735.1143798828125
853.353759765625 593.3992919921875 896.4439086914062 592.050537109375
635.977783203125 720.0184936523438 789.1242065429688 810.8981323242188
985.942626953125 792.0234985351562 1170.2706298828125 729.7296752929688
1014.6033325195312 943.7794189453125 1297.3780517578125 846.3034057617188
639.8755493164062 732.5791625976562 803.6195678710938 821.9802856445312
765.1865234375 782.8685913085938 972.1930541992188 813.3311767578125
721.6660766601562 618.7897338867188 787.343505859375 671.9703979492188
779.3557739257812 866.7638549804688 1052.0457763671875 885.3267822265625
605.7437133789062 724.1031494140625 759.8004760742188 829.4915161132812
653.8705444335938 795.1824951171875 872.2293090820312 876.6707763671875
750.0298461914062 775.0459594726562 947.1109619140625 811.4641723632812
638.8228759765625 725.8309936523438 798.1417236328125 814.0037841796875
