1025.81005859375 944.2488403320312 723.8732299804688 1021.2002563476562
1034.0921630859375 1040.869873046875 628.1588134765625 1042.7060546875
1011.7680053710938 917.3255004882812 751.765625 1003.9929809570312
999.4761352539062 932.9180908203125 735.21923828125 995.614013671875
1056.27392578125 1033.8941650390625 633.2852172851562 1060.8162841796875
1042.5555419921875 768.34912109375 942.0684204101562 1007.5636596679688
936.8663940429688 814.2523803710938 859.4185180664062 919.681640625
967.4393920898438 915.7103271484375 752.86962890625 965.3690795898438
1080.386474609375 790.0362548828125 921.697998046875 1052.6685791015625
895.8284301757812 854.4593505859375 811.7532958984375 895.4041748046875
966.9322509765625 807.313232421875 872.6937866210938 944.1575317382812
1015.8458251953125 951.7640991210938 715.1641845703125 1014.2662963867188
1080.386474609375 790.0362548828125 921.697998046875 1052.6685791015625
992.6710815429688 959.3158569335938 706.140625 995.099365234375
1009.3428344726562 965.0775146484375 701.835205078125 1010.8504638671875
1002.11767578125 727.857666015625 988.586181640625 959.9531860351562
936.8663940429688 814.2523803710938 859.4185180664062 919.681640625
1067.0419921875 803.4743041992188 899.5101318359375 1039.740966796875
894.7192993164062 1012.5087890625 657.0144653320312 930.8383178710938
1040.630615234375 640.5534057617188 1149.3170166015625 981.6364135742188
1014.6033325195312 943.7794189453125 727.347900390625 1011.273193359375
985.942626953125 792.0234985351562 894.1856079101562 960.1446533203125
1100.587646484375 707.5479736328125 1058.1224365234375 1064.5302734375
999.6609497070312 787.9669189453125 905.9105224609375 968.6107177734375
904.1229858398438 832.747802734375 835.0877075195312 899.3449096679688
876.5912475585938 1007.809326171875 661.220458984375 915.7942504882812
980.1427612304688 927.9580078125 739.5897827148438 980.1260375976562
1059.692626953125 785.0985717773438 925.140625 1028.0123291015625
887.0784301757812 887.4032592773438 774.4242553710938 902.2723999023438
917.0927124023438 844.0136108398438 826.5065307617188 910.3451538085938
920.1729736328125 830.289794921875 838.783447265625 908.8198852539062
945.365234375 810.1239013671875 866.4345092773438 925.8519897460938
980.1427612304688 927.9580078125 739.5897827148438 980.1260375976562
930.8570556640625 846.4243774414062 824.6683349609375 923.2188110351562
864.4517822265625 992.0845336914062 675.906005859375 902.44384765625
864.4517822265625 992.0845336914062 675.906005859375 902.44384765625
977.0072631835938 918.6998291015625 747.5270385742188 975.6514282226562
783.645751953125 876.4905395507812 778.9950561523438 825.8199462890625
