886.1210327148438 930.0775756835938 796.3011474609375 970.9615478515625
856.2341918945312 951.0912475585938 770.299072265625 953.409423828125
904.1229858398438 832.747802734375 905.7774658203125 936.2575073242188
824.01953125 892.3565063476562 818.5328979492188 904.0389404296875
770.8518676757812 904.9652709960938 790.0055541992188 872.6278076171875
815.5792236328125 979.8507080078125 735.9549560546875 935.6156616210938
967.4393920898438 915.7103271484375 838.4100952148438 1034.7288818359375
864.4517822265625 992.0845336914062 733.181640625 978.4202270507812
897.7492065429688 967.344970703125 764.2777709960938 996.2506713867188
917.0927124023438 844.0136108398438 897.0712280273438 953.8453979492188
849.1946411132812 1006.4780883789062 717.6693725585938 973.0614624023438
661.463134765625 916.5277099609375 755.6116333007812 804.12548828125
849.1946411132812 1006.4780883789062 717.6693725585938 973.0614624023438
864.4517822265625 992.0845336914062 733.181640625 978.4202270507812
