1037.918701171875 776.0747680664062 715.8882446289062 589.7479858398438
1041.97607421875 794.3094482421875 708.0340576171875 572.1343383789062
988.1578369140625 831.2819213867188 752.2142333984375 526.1285400390625
977.37890625 854.9611206054688 756.6104736328125 505.0881042480469
1084.3826904296875 805.6392822265625 662.8933715820312 572.5055541992188
1041.97607421875 794.3094482421875 708.0340576171875 572.1343383789062
1031.8658447265625 731.33642578125 731.3231201171875 640.7344360351562
1027.317626953125 768.700927734375 728.640625 593.8170776367188
1021.7910766601562 727.8167724609375 744.4049072265625 641.2684326171875
981.5562744140625 839.0946655273438 756.3234252929688 518.5621337890625
1062.47705078125 770.4235229492188 690.1281127929688 602.89990234375
977.37890625 854.9611206054688 756.6104736328125 505.0881042480469
1032.6204833984375 713.2144165039062 735.5591430664062 664.6227416992188
971.515869140625 882.333984375 755.1392822265625 485.03363037109375
1061.423828125 792.48974609375 687.7665405273438 579.2861938476562
1080.2364501953125 910.0911865234375 660.281982421875 487.10589599609375
1065.8961181640625 777.6121215820312 684.8546752929688 596.1859741210938
1073.0185546875 891.7262573242188 666.9594116210938 498.3146057128906
1073.1773681640625 919.6385498046875 665.1181030273438 480.3033752441406
1036.8895263671875 696.4944458007812 734.7659301757812 691.61767578125
1094.2486572265625 804.8580932617188 651.4008178710938 576.0884399414062
1038.151611328125 727.0126953125 725.9197998046875 647.0553588867188
1094.2486572265625 804.8580932617188 651.4008178710938 576.0884399414062
1033.052978515625 704.8417358398438 737.678955078125 676.78759765625
1060.9805908203125 812.6502075195312 685.7338256835938 559.9649047851562
1061.83984375 721.6139526367188 697.2922973632812 664.3109130859375
1080.4375 795.5855102539062 666.9797973632812 582.4789428710938
1048.14599609375 778.8509521484375 704.5701904296875 590.0360107421875
971.9061279296875 839.7420043945312 765.7425537109375 515.7249755859375
1048.7908935546875 769.3204345703125 705.1190185546875 600.0316772460938
1148.826171875 763.3497314453125 589.1378173828125 639.066650390625
979.1246337890625 939.9293212890625 735.83837890625 452.4490966796875
1088.660400390625 790.3157348632812 658.516845703125 589.3471069335938
990.1257934570312 872.45556640625 741.593994140625 495.4303894042969
1080.2364501953125 910.0911865234375 660.281982421875 487.10589599609375
1033.9150390625 788.31201171875 717.9827880859375 575.7954711914062
1085.7376708984375 776.9615478515625 662.9058837890625 602.6061401367188
1129.46240234375 719.9609375 609.3845825195312 694.0892944335938
996.4629516601562 955.2783203125 721.9850463867188 446.3547058105469
1108.829833984375 904.942138671875 633.3377075195312 497.5371398925781
1120.8907470703125 906.274658203125 622.280517578125 498.2078552246094
979.2522583007812 873.7713012695312 750.5458984375 491.702880859375
951.6064453125 886.607177734375 770.7492065429688 479.14385986328125
1088.660400390625 790.3157348632812 658.516845703125 589.3471069335938
971.3471069335938 862.427490234375 759.5718383789062 498.1064147949219
1003.981689453125 935.5287475585938 718.4725952148438 457.89910888671875
1077.1258544921875 789.8743286132812 671.7530517578125 585.8546142578125
1101.7381591796875 886.9180908203125 640.5873413085938 508.93927001953125
1109.63623046875 710.83837890625 638.2608032226562 700.2406616210938
1039.4488525390625 702.1373901367188 729.1571044921875 684.0568237304688
1199.602783203125 851.7620239257812 541.6156005859375 558.9193725585938
1009.744873046875 964.2686157226562 710.232177734375 443.7408447265625
1009.744873046875 964.2686157226562 710.232177734375 443.7408447265625
979.6743774414062 865.265869140625 751.411376953125 497.9368591308594
994.3465576171875 987.2116088867188 719.9833374023438 429.8988952636719
1091.192138671875 890.012939453125 650.0028686523438 503.429443359375
1038.56396484375 706.656494140625 730.0244750976562 676.5457153320312
1152.7237548828125 770.3528442382812 582.7994995117188 632.7659301757812
1084.3223876953125 782.7374877929688 664.1453247070312 595.6576538085938
1163.3663330078125 776.2282104492188 572.0965576171875 628.21875
1012.6665649414062 975.1284790039062 706.8138427734375 438.5280456542969
994.3465576171875 987.2116088867188 719.9833374023438 429.8988952636719
1113.44970703125 702.5570068359375 632.1077270507812 714.3367919921875
1003.0932006835938 987.7362060546875 711.704345703125 430.86553955078125
1029.1207275390625 846.112548828125 712.7805786132812 524.1097412109375
1045.849365234375 715.754638671875 717.279541015625 666.8075561523438
