1150.34814453125 883.4771728515625 1150.1226806640625 984.2059326171875
1027.5030517578125 956.1907348632812 987.1500854492188 1032.1876220703125
970.995849609375 981.9866943359375 918.6466064453125 1045.56884765625
688.5281372070312 927.4383544921875 659.725830078125 919.47119140625
970.995849609375 981.9866943359375 918.6466064453125 1045.56884765625
1027.5030517578125 956.1907348632812 987.1500854492188 1032.1876220703125
1014.9835815429688 866.904541015625 1004.2022705078125 931.3343505859375
848.2700805664062 848.2515258789062 839.1785278320312 873.8270263671875
704.9549560546875 885.0889892578125 688.3800659179688 881.24755859375
704.9549560546875 885.0889892578125 688.3800659179688 881.24755859375
962.0067138671875 970.0228881835938 912.7033081054688 1029.569580078125
992.706298828125 973.0588989257812 943.9570922851562 1041.21923828125
688.5281372070312 927.4383544921875 659.725830078125 919.47119140625
764.3682861328125 932.5037231445312 728.905517578125 941.7017211914062
1150.140625 846.2230224609375 1162.3887939453125 942.1683349609375
683.9813842773438 976.5338134765625 639.4081420898438 968.159423828125
1114.2008056640625 859.8451538085938 1116.6551513671875 947.961181640625
906.5897827148438 811.9982299804688 907.2615356445312 847.1778564453125
897.1616821289062 901.5288696289062 868.6490478515625 940.2861938476562
745.5325927734375 993.949462890625 690.533935546875 999.5702514648438
689.1677856445312 884.18994140625 674.386962890625 876.41845703125
586.0006713867188 793.6304931640625 610.4341430664062 769.839111328125
1004.1923828125 823.5711669921875 1006.3351440429688 881.3810424804688
884.5995483398438 882.02099609375 862.9801635742188 916.9412841796875
1121.70556640625 851.5460205078125 1127.604736328125 940.5718383789062
764.3682861328125 932.5037231445312 728.905517578125 941.7017211914062
1016.2421875 973.643310546875 968.56298828125 1049.3067626953125
761.5317993164062 983.4541625976562 709.49658203125 993.5634765625
891.6769409179688 1002.982666015625 829.2689819335938 1046.8748779296875
867.2781372070312 891.3782958984375 842.3974609375 922.3377685546875
1111.9244384765625 850.7755737304688 1117.3876953125 936.9310302734375
965.3784790039062 869.6922607421875 949.663818359375 922.5704956054688
751.1996459960938 915.7211303710938 722.8552856445312 921.7599487304688
1016.2421875 973.643310546875 968.56298828125 1049.3067626953125
1003.3786010742188 962.0828857421875 958.8837280273438 1032.732666015625
893.2328491210938 883.0193481445312 870.4293823242188 919.4317626953125
1103.2845458984375 841.8272094726562 1109.8994140625 924.6309204101562
1145.9573974609375 871.0402221679688 1149.4300537109375 968.6788940429688
967.0770263671875 816.1487426757812 970.6881713867188 863.1055297851562
801.5280151367188 888.9407958984375 778.9258422851562 905.25341796875
1149.15087890625 832.2685546875 1165.7579345703125 924.575439453125
1021.6669921875 830.06884765625 1022.5387573242188 891.9688720703125
994.0463256835938 951.9345703125 952.5066528320312 1018.6959228515625
855.8969116210938 937.6685791015625 814.8658447265625 968.4365844726562
737.7201538085938 1038.85400390625 668.1846313476562 1045.211181640625
867.887451171875 1000.4561767578125 806.4360961914062 1037.8172607421875
1016.1653442382812 956.4019775390625 975.09130859375 1028.4134521484375
1114.2008056640625 859.8451538085938 1116.6551513671875 947.961181640625
836.6246337890625 908.0764770507812 806.5509033203125 932.6390991210938
684.637939453125 1049.240478515625 616.7246704101562 1042.055419921875
710.7840576171875 928.7666625976562 679.9397583007812 925.9112548828125
827.41455078125 905.9366455078125 797.6740112304688 928.5590209960938
992.706298828125 973.0588989257812 943.9570922851562 1041.21923828125
995.953857421875 737.1249389648438 1027.0831298828125 786.330078125
965.3784790039062 869.6922607421875 949.663818359375 922.5704956054688
1114.411376953125 782.0687866210938 1143.121826171875 860.8587646484375
881.0817260742188 891.5525512695312 855.7496948242188 925.6986083984375
878.6183471679688 813.6331787109375 878.1351318359375 844.5108642578125
727.6105346679688 899.7550659179688 704.244873046875 900.5068969726562
620.053955078125 912.13232421875 604.9742431640625 889.4542236328125
984.925048828125 941.7719116210938 946.5767211914062 1005.7777709960938
890.1814575195312 921.4285888671875 854.9605102539062 959.6629028320312
878.6183471679688 813.6331787109375 878.1351318359375 844.5108642578125
1134.955078125 770.2396850585938 1170.326171875 853.3890991210938
1139.597412109375 858.1194458007812 1146.494140625 952.4735717773438
853.388427734375 889.48095703125 828.5206909179688 917.4180908203125
1094.9852294921875 866.4804077148438 1092.4080810546875 950.6341552734375
1034.3482666015625 860.1936645507812 1026.6954345703125 928.5657958984375
1025.6748046875 868.1676635742188 1014.7539672851562 934.9032592773438
874.7626342773438 905.2574462890625 845.397705078125 938.3168334960938
502.9332275390625 849.2811279296875 523.444091796875 805.7462768554688
744.5199584960938 931.1144409179688 709.8440551757812 935.4843139648438
1022.5176391601562 770.1758422851562 1043.5882568359375 827.34716796875
1150.34814453125 883.4771728515625 1150.1226806640625 984.2059326171875
995.6776733398438 857.325927734375 986.2216186523438 915.74853515625
489.5140075683594 867.5698852539062 506.4913635253906 821.5611572265625
714.533935546875 911.9562377929688 688.8731079101562 909.8310546875
890.1814575195312 921.4285888671875 854.9605102539062 959.6629028320312
1135.677978515625 870.8626708984375 1137.2891845703125 965.5388793945312
769.926025390625 905.568359375 743.0955810546875 914.8739013671875
1093.40625 848.7647705078125 1096.46435546875 930.3309936523438
761.0587768554688 903.3583984375 735.592529296875 910.6548461914062
972.127197265625 930.563232421875 936.8167724609375 989.320556640625
444.44512939453125 839.1694946289062 478.12408447265625 787.2985229492188
907.7655639648438 829.6033325195312 902.451416015625 866.6876831054688
775.6385498046875 875.6102294921875 758.0398559570312 884.8067016601562
853.388427734375 889.48095703125 828.5206909179688 917.4180908203125
606.3612670898438 982.8701171875 569.504150390625 956.4087524414062
1135.677978515625 870.8626708984375 1137.2891845703125 965.5388793945312
874.7626342773438 905.2574462890625 845.397705078125 938.3168334960938
1096.6566162109375 781.0211791992188 1123.1348876953125 855.6685180664062
470.4975280761719 790.5505981445312 514.365478515625 745.9168090820312
1007.7238159179688 761.5764770507812 1031.107177734375 814.9122924804688
1139.597412109375 858.1194458007812 1146.494140625 952.4735717773438
505.06256103515625 860.8255004882812 523.6769409179688 816.6607666015625
720.828857421875 986.371337890625 671.12890625 984.8248291015625
853.1477661132812 908.8731689453125 822.8535766601562 936.4622802734375
1124.521728515625 859.1243286132812 1128.2833251953125 950.092529296875
1100.6033935546875 833.006103515625 1109.9393310546875 914.4452514648438
967.2664794921875 836.5518188476562 963.212646484375 886.9644165039062
907.7655639648438 829.6033325195312 902.451416015625 866.6876831054688
908.6129150390625 769.4361572265625 922.468017578125 803.3820190429688
489.5140075683594 867.5698852539062 506.4913635253906 821.5611572265625
708.408935546875 1024.861083984375 645.94287109375 1021.649658203125
708.408935546875 1024.861083984375 645.94287109375 1021.649658203125
1058.2310791015625 803.807373046875 1072.81298828125 871.1658325195312
614.499755859375 878.6760864257812 610.32275390625 855.488037109375
903.3933715820312 876.6859741210938 883.3707885742188 914.3701171875
1138.9798583984375 798.1017456054688 1168.735107421875 884.8484497070312
1122.0433349609375 835.398193359375 1133.9632568359375 922.1685180664062
872.87060546875 881.7139892578125 851.4920654296875 914.1473388671875
1103.2579345703125 951.2304077148438 1072.952880859375 1047.5489501953125
701.6027221679688 1013.5443725585938 644.9434204101562 1010.89306640625
484.7533874511719 771.8211059570312 531.8427734375 731.247314453125
1114.4852294921875 678.876220703125 1174.54296875 745.5379638671875
1093.5877685546875 612.5824584960938 1176.8607177734375 669.216796875
889.6155395507812 936.434814453125 850.3917846679688 975.812255859375
664.7647705078125 1051.89697265625 597.1973876953125 1041.2786865234375
899.54638671875 822.489501953125 896.9307861328125 856.775634765625
661.4317016601562 894.3140258789062 647.9171752929688 877.7645263671875
845.2979125976562 928.7142333984375 807.7488403320312 956.7282104492188
499.2709655761719 747.2913818359375 553.85400390625 708.6792602539062
972.127197265625 930.563232421875 936.8167724609375 989.320556640625
763.3186645507812 892.0758056640625 740.2193603515625 901.2594604492188
655.8638916015625 940.2025146484375 627.4935913085938 925.2828369140625
883.5611572265625 803.7800903320312 887.3675537109375 833.8963012695312
700.640869140625 919.0947875976562 673.5164794921875 914.2365112304688
994.7183837890625 771.5435180664062 1012.9476928710938 823.4000854492188
1113.4345703125 837.5953369140625 1122.5496826171875 922.3034057617188
1130.525146484375 831.5039672851562 1145.062255859375 919.1538696289062
1094.9852294921875 866.4804077148438 1092.4080810546875 950.6341552734375
573.5751953125 847.2286376953125 584.6151733398438 817.4536743164062
448.5963439941406 896.511474609375 463.169921875 841.8973999023438
1118.8125 748.5014038085938 1157.970703125 823.82080078125
970.7344360351562 960.1017456054688 925.4207763671875 1021.7642822265625
1111.9244384765625 850.7755737304688 1117.3876953125 936.9310302734375
942.6563110351562 783.16845703125 954.9342651367188 825.4989624023438
1127.6995849609375 878.0828247070312 1125.5308837890625 971.3170166015625
1005.2302856445312 738.0187377929688 1034.69580078125 788.585205078125
1085.7532958984375 858.37548828125 1084.968017578125 938.0457153320312
583.6297607421875 1042.00341796875 530.3442993164062 1010.2778930664062
1028.220458984375 974.74462890625 981.2672119140625 1053.1341552734375
1049.2664794921875 607.8370361328125 1127.0421142578125 655.8306884765625
853.4384155273438 1011.840087890625 788.8922119140625 1045.55810546875
695.78759765625 1022.2775268554688 634.8062133789062 1017.4762573242188
856.6094360351562 1002.046875 795.2830810546875 1035.9990234375
535.015380859375 762.52685546875 579.0228271484375 729.6356811523438
696.4681396484375 993.5737915039062 645.844970703125 987.9820556640625
966.5048217773438 853.9362182617188 956.6102905273438 905.203369140625
1028.4581298828125 652.4820556640625 1089.4150390625 699.5275268554688
1119.864013671875 762.4713134765625 1155.8157958984375 839.8030395507812
719.402099609375 882.5840454101562 702.8380737304688 881.5917358398438
878.4884643554688 920.7320556640625 843.5491943359375 955.6532592773438
556.8256225585938 762.5821533203125 598.3724975585938 730.787109375
695.4747314453125 1012.037109375 638.1538696289062 1006.1897583007812
1128.78173828125 756.3575439453125 1168.701904296875 835.5997314453125
463.3285217285156 842.0640869140625 491.5299072265625 791.7890625
1131.4508056640625 845.8132934570312 1141.2513427734375 936.5482177734375
533.2614135742188 986.0250854492188 504.98944091796875 943.8968505859375
1031.840087890625 778.7706298828125 1050.1204833984375 839.851806640625
856.6094360351562 1002.046875 795.2830810546875 1035.9990234375
627.1061401367188 878.0924682617188 620.3705444335938 858.1512451171875
903.5490112304688 784.0911865234375 913.5394897460938 817.1404418945312
701.6027221679688 1013.5443725585938 644.9434204101562 1010.89306640625
551.2723388671875 900.487548828125 547.478515625 865.7910766601562
754.4445190429688 884.5984497070312 735.4466552734375 890.1589965820312
901.834228515625 798.9306640625 907.1467895507812 832.42626953125
881.0817260742188 891.5525512695312 855.7496948242188 925.6986083984375
585.2337646484375 1005.3745727539062 543.5970458984375 974.2893676757812
418.88348388671875 877.6494140625 443.8766784667969 819.6690063476562
603.5612182617188 866.626220703125 604.616943359375 841.74755859375
1026.2884521484375 985.191650390625 975.4526977539062 1063.1551513671875
722.1617431640625 1050.5968017578125 649.4109497070312 1052.9036865234375
641.18310546875 708.64501953125 687.2478637695312 695.21240234375
910.77783203125 792.5013427734375 918.0556640625 827.2681884765625
501.892822265625 792.1471557617188 539.4066162109375 752.2849731445312
696.1961669921875 1061.8843994140625 623.3215942382812 1057.354248046875
1076.0164794921875 752.2717895507812 1110.103515625 817.8754272460938
868.0182495117188 825.3843994140625 862.6817626953125 852.5673828125
986.9254150390625 774.8369750976562 1004.1224365234375 825.6786499023438
1026.5760498046875 834.8267822265625 1026.9715576171875 899.5792236328125
1053.5921630859375 757.2138061523438 1083.0008544921875 819.7730102539062
548.20361328125 777.599853515625 585.7774047851562 744.44970703125
912.1892700195312 780.3357543945312 924.06103515625 813.5567626953125
567.3302001953125 900.0599975585938 562.473876953125 868.0599975585938
888.9803466796875 813.7412109375 889.8494262695312 845.7855834960938
1014.5308837890625 746.6334838867188 1043.32421875 799.6723022460938
706.34228515625 902.5525512695312 685.5120239257812 897.8321533203125
1005.6156616210938 953.5482788085938 964.5401000976562 1022.7658081054688
543.8718872070312 1013.763916015625 506.0729675292969 973.7111206054688
1097.6546630859375 936.5531005859375 1072.3441162109375 1029.581787109375
603.5612182617188 866.626220703125 604.616943359375 841.74755859375
878.2067260742188 1014.1087036132812 812.0929565429688 1055.044677734375
1117.7220458984375 961.4881591796875 1085.79736328125 1063.329833984375
709.6159057617188 1051.9658203125 638.4425048828125 1051.3670654296875
985.9798583984375 763.1488647460938 1006.860595703125 812.1080322265625
1132.755126953125 747.1254272460938 1175.270751953125 825.2767333984375
1028.220458984375 974.74462890625 981.2672119140625 1053.1341552734375
878.2067260742188 1014.1087036132812 812.0929565429688 1055.044677734375
1025.301025390625 851.0865478515625 1020.4105834960938 916.1609497070312
1030.765625 932.7442016601562 998.8988037109375 1007.08056640625
985.9798583984375 763.1488647460938 1006.860595703125 812.1080322265625
867.887451171875 1000.4561767578125 806.4360961914062 1037.8172607421875
1144.6474609375 614.0807495117188 1236.5946044921875 682.5995483398438
475.6752014160156 876.1185302734375 491.61181640625 828.4629516601562
761.0587768554688 903.3583984375 735.592529296875 910.6548461914062
562.840576171875 880.6062622070312 565.7937622070312 847.4020385742188
792.0641479492188 956.189697265625 748.4961547851562 972.6817016601562
850.0285034179688 881.02685546875 828.2848510742188 907.5076293945312
1115.8345947265625 951.6607055664062 1086.425048828125 1051.8162841796875
594.8236694335938 686.0020141601562 654.1661987304688 663.6607055664062
837.9871826171875 898.3138427734375 810.7184448242188 923.13623046875
673.5297241210938 863.8201904296875 667.382080078125 853.6665649414062
635.9185180664062 556.3997802734375 731.1009521484375 546.6679077148438
626.0281372070312 665.2936401367188 687.9002685546875 649.3623657226562
731.9580078125 1015.999267578125 671.91796875 1018.0802612304688
1128.78173828125 756.3575439453125 1168.701904296875 835.5997314453125
1086.48681640625 663.6367797851562 1150.6181640625 723.7876586914062
744.0607299804688 882.7337036132812 725.85546875 887.0259399414062
502.34417724609375 775.1544799804688 546.47021484375 736.9375610351562
637.088623046875 622.4859619140625 709.9555053710938 610.4230346679688
1114.394287109375 770.8846435546875 1148.0548095703125 848.8181762695312
492.9560546875 840.1373901367188 519.7696533203125 796.6875610351562
431.5298767089844 889.6500854492188 450.2879943847656 832.1415405273438
617.059814453125 864.16357421875 615.5191040039062 841.8511352539062
1136.3909912109375 954.8912963867188 1109.4884033203125 1060.8697509765625
994.2486572265625 940.3057250976562 956.71142578125 1006.3009643554688
559.0405883789062 1020.776611328125 516.3837890625 983.5172119140625
1005.933349609375 849.6996459960938 999.3350219726562 910.0530395507812
1016.1992797851562 942.3546752929688 979.4568481445312 1014.28466796875
1117.7220458984375 961.4881591796875 1085.79736328125 1063.329833984375
535.015380859375 762.52685546875 579.0228271484375 729.6356811523438
489.4721984863281 854.0960083007812 509.8631286621094 808.0242309570312
475.6752014160156 876.1185302734375 491.61181640625 828.4629516601562
1003.418701171875 856.9982299804688 994.479248046875 916.1799926757812
996.4406127929688 747.6008911132812 1024.6148681640625 796.2821044921875
695.4747314453125 1012.037109375 638.1538696289062 1006.1897583007812
892.173828125 794.29638671875 900.248779296875 824.3270263671875
1101.94970703125 750.9144897460938 1139.2003173828125 822.3001708984375
1086.6810302734375 776.0354614257812 1113.400634765625 848.1995849609375
669.3343505859375 710.7469482421875 713.0617065429688 701.59521484375
607.7670288085938 767.3446655273438 637.9414672851562 748.2225952148438
617.059814453125 864.16357421875 615.5191040039062 841.8511352539062
765.1693725585938 875.5840454101562 748.1123046875 883.3070068359375
941.58740234375 896.0573120117188 918.536376953125 941.445556640625
720.3112182617188 891.1762084960938 701.718994140625 889.9075927734375
559.7197875976562 1002.268798828125 521.6455078125 965.798828125
976.5565185546875 854.9510498046875 966.232177734375 908.4683227539062
606.1907348632812 636.7874145507812 678.3738403320312 620.8829956054688
1002.388916015625 749.4149780273438 1029.4580078125 801.1564331054688
573.23583984375 1030.8480224609375 524.5078125 998.1156005859375
573.5819702148438 862.1903686523438 579.2652587890625 832.3511962890625
978.1660766601562 751.5643920898438 1002.1245727539062 798.1997680664062
716.452880859375 1026.2305908203125 654.7191772460938 1026.38818359375
985.683349609375 829.7716674804688 984.1011962890625 884.6393432617188
994.8126220703125 830.6631469726562 994.0447998046875 886.8729248046875
982.4509887695312 949.2416381835938 941.4251708984375 1013.1664428710938
718.0210571289062 647.81884765625 775.1829833984375 647.0709228515625
1095.3212890625 771.502685546875 1123.9693603515625 846.5510864257812
580.2576904296875 878.388671875 579.2263793945312 849.8643798828125
1147.609375 956.5450439453125 1121.4725341796875 1066.1114501953125
658.2684936523438 698.4110107421875 706.6121215820312 686.7169189453125
464.81085205078125 867.6160278320312 486.68341064453125 817.4049072265625
551.7228393554688 676.5853271484375 619.8798217773438 650.0227661132812
609.6175537109375 777.983642578125 637.045166015625 757.6704711914062
1017.0116577148438 843.0123291015625 1013.8597412109375 905.7780151367188
977.0191040039062 838.4017333984375 971.8917236328125 890.5964965820312
549.3651733398438 1031.0826416015625 503.2796936035156 992.3826904296875
1025.4256591796875 665.69091796875 1081.4305419921875 714.889892578125
615.6729736328125 895.8919067382812 606.7952270507812 871.4544677734375
973.935302734375 735.828369140625 1005.4878540039062 779.8961791992188
1086.48681640625 663.6367797851562 1150.6181640625 723.7876586914062
1095.3212890625 771.502685546875 1123.9693603515625 846.5510864257812
736.7756958007812 645.6831665039062 794.1574096679688 647.2520751953125
922.96826171875 960.2522583007812 873.9426879882812 1012.5848388671875
667.5652465820312 699.2075805664062 715.2415771484375 691.3518676757812
1016.1992797851562 942.3546752929688 979.4568481445312 1014.28466796875
864.7548217773438 804.7843017578125 867.0282592773438 830.6533813476562
680.3197021484375 702.5350341796875 724.7587280273438 693.7470092773438
612.9925537109375 873.8878173828125 609.0174560546875 850.3470458984375
538.546875 1026.7510986328125 496.3283996582031 985.3753662109375
1080.5479736328125 678.8024291992188 1139.85107421875 740.1801147460938
1112.8492431640625 842.784423828125 1120.847412109375 928.983642578125
665.1121826171875 651.3773193359375 727.2921752929688 643.7870483398438
