1033.6080322265625 822.6571655273438 709.234619140625 750.0181274414062
1026.57763671875 788.2837524414062 750.0036010742188 767.2926635742188
1095.3212890625 771.502685546875 712.553955078125 854.7571411132812
1031.840087890625 778.7706298828125 755.412841796875 780.612060546875
1033.3734130859375 841.7562255859375 691.4964599609375 736.3976440429688
1104.9688720703125 785.8511352539062 688.5333862304688 850.720947265625
1034.3482666015625 860.1936645507812 675.29296875 725.408203125
1149.15087890625 832.2685546875 602.6748046875 852.3152465820312
1085.7532958984375 858.37548828125 634.0972290039062 768.2019653320312
1074.6689453125 740.9400634765625 768.7509765625 865.7811889648438
1022.5176391601562 770.1758422851562 772.8917236328125 778.2609252929688
1150.140625 846.2230224609375 591.5326538085938 841.4906616210938
1077.3017578125 768.0286254882812 733.7904663085938 840.2315673828125
1095.3212890625 771.502685546875 712.553955078125 854.7571411132812
994.7183837890625 771.5435180664062 790.1455688476562 751.3440551757812
995.953857421875 737.1249389648438 831.718017578125 782.459228515625
989.9105834960938 820.0050048828125 740.5074462890625 715.5504150390625
1132.5814208984375 784.0131225585938 666.2147216796875 885.2667846679688
1111.2073974609375 757.3311157226562 716.5269165039062 890.0126342773438
1021.6669921875 830.06884765625 709.2197875976562 732.312255859375
1114.394287109375 770.8846435546875 697.5337524414062 877.8340454101562
1097.6546630859375 936.5531005859375 567.880615234375 725.5342407226562
1087.9815673828125 832.1116943359375 657.5415649414062 791.5665283203125
1113.4345703125 837.5953369140625 630.6329956054688 810.9857177734375
1076.0164794921875 752.2717895507812 752.592529296875 854.07421875
986.9254150390625 774.8369750976562 792.155029296875 741.3970336914062
1139.597412109375 858.1194458007812 589.2052612304688 819.0361328125
1130.525146484375 831.5039672851562 620.8311767578125 834.8194580078125
1096.6566162109375 781.0211791992188 701.5010986328125 846.7408447265625
1139.597412109375 858.1194458007812 589.2052612304688 819.0361328125
1005.7315673828125 983.09033203125 604.9647827148438 640.2800903320312
992.706298828125 973.0588989257812 617.0996704101562 637.8867797851562
1005.2302856445312 738.0187377929688 825.7288208007812 789.1928100585938
1006.9010009765625 927.814453125 635.892578125 668.6123657226562
1114.411376953125 782.0687866210938 684.59619140625 864.755126953125
1134.955078125 770.2396850585938 677.6891479492188 904.3289794921875
1150.34814453125 883.4771728515625 558.8585205078125 811.3181762695312
1122.0433349609375 835.398193359375 625.7219848632812 821.4979248046875
966.5048217773438 853.9362182617188 722.0916748046875 676.0474243164062
1124.521728515625 859.1243286132812 603.9696044921875 804.719482421875
1119.864013671875 762.4713134765625 701.4395141601562 894.2540893554688
1144.564208984375 971.8602294921875 509.8406982421875 739.907470703125
1114.2008056640625 859.8451538085938 610.2049560546875 793.1839599609375
1121.70556640625 851.5460205078125 612.1849975585938 808.3189086914062
985.683349609375 829.7716674804688 734.9696655273438 705.17919921875
994.8126220703125 830.6631469726562 726.89013671875 710.9564819335938
1131.4508056640625 845.8132934570312 607.42529296875 821.3431396484375
1084.8682861328125 758.9468383789062 736.7619018554688 856.603271484375
969.4434814453125 760.2011108398438 817.7349243164062 736.793701171875
1014.5308837890625 746.6334838867188 808.0263061523438 792.38427734375
995.6776733398438 857.325927734375 702.7319946289062 695.4990844726562
1103.2845458984375 841.8272094726562 635.5465087890625 797.6997680664062
994.7183837890625 771.5435180664062 790.1455688476562 751.3440551757812
973.7584228515625 846.123291015625 726.6530151367188 685.7899169921875
996.4406127929688 747.6008911132812 819.396484375 775.540283203125
1101.94970703125 750.9144897460938 733.6629638671875 887.5176391601562
1016.2421875 973.643310546875 601.90380859375 653.1634521484375
874.7626342773438 905.2574462890625 733.8095092773438 594.4952392578125
801.5280151367188 888.9407958984375 785.2457885742188 559.4334106445312
1016.1653442382812 956.4019775390625 611.9636840820312 659.6593017578125
874.7626342773438 905.2574462890625 733.8095092773438 594.4952392578125
