114.86078643798828
122.31108093261719
133.89175415039062
134.49163818359375
143.25502014160156
144.5198974609375
145.41664123535156
148.10806274414062
150.6685028076172
151.47607421875
153.9090576171875
155.25462341308594
155.50563049316406
155.76585388183594
156.72906494140625
160.52413940429688
160.94097900390625
161.1924285888672
163.3370819091797
166.8202667236328
168.39833068847656
170.2733154296875
170.99122619628906
171.3330078125
171.48178100585938
172.48768615722656
173.2021942138672
175.27122497558594
176.41429138183594
177.24559020996094
177.40631103515625
178.7652130126953
180.25537109375
180.57408142089844
181.27603149414062
181.3091278076172
183.2348175048828
187.5819854736328
187.9627685546875
189.45184326171875
190.13417053222656
190.75376892089844
191.13868713378906
191.7889404296875
192.47857666015625
193.93040466308594
194.46336364746094
194.95384216308594
197.36514282226562
197.61578369140625
198.6756134033203
199.42416381835938
202.50184631347656
202.60552978515625
203.1698760986328
205.81788635253906
206.52603149414062
208.29066467285156
208.9258270263672
209.814208984375
210.87673950195312
211.7333221435547
212.5582275390625
213.8714599609375
215.06277465820312
215.94674682617188
218.67327880859375
218.7144317626953
220.16812133789062
220.41098022460938
221.2622833251953
227.18495178222656
231.1839141845703
231.4541015625
232.17881774902344
242.11361694335938
244.52198791503906
251.5631103515625
255.69512939453125
262.3680725097656
