737.7201538085938 1038.85400390625 1137.85107421875 841.18701171875
994.7183837890625 771.5435180664062 1087.67822265625 554.279296875
1027.5030517578125 956.1907348632812 1240.15234375 654.4017944335938
992.706298828125 973.0588989257812 1233.6871337890625 680.9683227539062
1087.9815673828125 832.1116943359375 1185.921630859375 550.9866943359375
763.3186645507812 892.0758056640625 1037.8072509765625 744.1990966796875
719.402099609375 882.5840454101562 999.98291015625 760.7335205078125
603.5612182617188 866.626220703125 901.038330078125 814.706298828125
704.9549560546875 885.0889892578125 993.4325561523438 773.1126708984375
684.637939453125 1049.240478515625 1114.7216796875 876.42138671875
1005.7315673828125 983.09033203125 1246.896240234375 681.9712524414062
583.6297607421875 1042.00341796875 1043.9825439453125 929.443603515625
994.7183837890625 771.5435180664062 1087.67822265625 554.279296875
603.5612182617188 866.626220703125 901.038330078125 814.706298828125
706.34228515625 902.5525512695312 1007.8715209960938 779.706787109375
696.4681396484375 993.5737915039062 1077.0994873046875 839.0570068359375
890.1814575195312 921.4285888671875 1140.088134765625 698.03857421875
731.9580078125 1015.999267578125 1117.8607177734375 832.2645263671875
1016.2421875 973.643310546875 1248.72607421875 671.4005126953125
1003.3786010742188 962.0828857421875 1231.7698974609375 669.9652709960938
740.8484497070312 1025.925048828125 1129.3939208984375 834.920654296875
744.9024658203125 902.3198852539062 1034.1497802734375 760.6560668945312
719.5145874023438 1013.0848388671875 1107.900146484375 837.7009887695312
889.4828491210938 1027.290283203125 1216.3944091796875 759.192138671875
696.1961669921875 1061.8843994140625 1130.0369873046875 878.401611328125
590.9392700195312 1018.989990234375 1030.2349853515625 913.227783203125
558.3848266601562 1040.484130859375 1025.434814453125 944.0997314453125
862.6480712890625 1037.6015625 1209.4154052734375 777.7044067382812
709.6159057617188 1051.9658203125 1132.1971435546875 864.59033203125
708.408935546875 1024.861083984375 1111.69775390625 850.7352905273438
602.2786254882812 1013.9928588867188 1031.41455078125 901.5272827148438
765.1693725585938 875.5840454101562 1026.6005859375 732.887451171875
853.388427734375 889.48095703125 1093.611328125 696.0506591796875
722.1617431640625 1050.5968017578125 1137.76708984375 855.9553833007812
744.5199584960938 931.1144409179688 1056.0321044921875 778.5277099609375
559.7197875976562 1002.268798828125 993.5020751953125 921.9061889648438
1016.2421875 973.643310546875 1248.72607421875 671.4005126953125
970.995849609375 981.9866943359375 1230.4539794921875 694.7081298828125
530.0929565429688 1013.0005493164062 982.0088500976562 946.2179565429688
710.7840576171875 928.7666625976562 1032.516357421875 795.2539672851562
661.4317016601562 894.3140258789062 969.3425903320312 802.101318359375
1114.411376953125 782.0687866210938 1166.4068603515625 509.88543701171875
992.706298828125 973.0588989257812 1233.6871337890625 680.9683227539062
1104.9688720703125 785.8511352539062 1163.0020751953125 517.8758544921875
1140.0806884765625 987.2069091796875 1318.100341796875 625.8505249023438
994.2486572265625 940.3057250976562 1212.850341796875 660.9484252929688
573.23583984375 1030.8480224609375 1027.590087890625 929.4114990234375
716.452880859375 1026.2305908203125 1115.94140625 846.5554809570312
1004.1923828125 823.5711669921875 1134.209228515625 584.3908081054688
751.1996459960938 915.7211303710938 1047.6126708984375 766.5254516601562
557.5888671875 977.9149169921875 969.62255859375 910.0368041992188
848.2700805664062 848.2515258789062 1059.2603759765625 671.5957641601562
855.8969116210938 937.6685791015625 1131.0283203125 725.7138061523438
559.0405883789062 1020.776611328125 1008.8900146484375 931.6373901367188
589.3308715820312 895.9065551757812 916.8536376953125 843.1740112304688
1016.6903076171875 986.89990234375 1255.8558349609375 678.41943359375
853.1477661132812 908.8731689453125 1106.6766357421875 707.0306396484375
567.3302001953125 900.0599975585938 904.2086181640625 858.0223388671875
719.5145874023438 1013.0848388671875 1107.900146484375 837.7009887695312
1136.3909912109375 954.8912963867188 1294.7265625 607.5372314453125
605.7898559570312 849.448974609375 889.093505859375 800.4202880859375
1016.1653442382812 956.4019775390625 1233.6395263671875 658.7930297851562
464.81085205078125 867.6160278320312 789.5050659179688 901.1746826171875
695.4747314453125 1012.037109375 1092.4207763671875 849.2979125976562
837.9871826171875 898.3138427734375 1090.4530029296875 709.7901611328125
577.6260375976562 892.7586059570312 907.1079711914062 848.5382690429688
941.58740234375 896.0573120117188 1154.6806640625 659.7621459960938
695.4747314453125 1012.037109375 1092.4207763671875 849.2979125976562
853.4384155273438 1011.840087890625 1185.396728515625 767.8948364257812
1107.847412109375 994.7259521484375 1306.84423828125 642.5319213867188
577.6260375976562 892.7586059570312 907.1079711914062 848.5382690429688
1100.6033935546875 833.006103515625 1195.7962646484375 548.7268676757812
731.5882568359375 887.8798217773438 1012.3762817382812 753.775390625
1114.2008056640625 859.8451538085938 1220.56884765625 559.7724609375
996.4406127929688 747.6008911132812 1068.8607177734375 535.3595581054688
854.3650512695312 1021.8568115234375 1195.8316650390625 774.863037109375
1005.6156616210938 953.5482788085938 1226.481689453125 662.7295532226562
1112.8492431640625 842.784423828125 1208.7391357421875 550.6511840820312
1124.521728515625 859.1243286132812 1226.69140625 556.169189453125
851.7822875976562 1047.3907470703125 1211.7852783203125 788.8090209960938
