945.8399658203125 745.8710327148438 1130.2628173828125 957.6926879882812
853.388427734375 889.48095703125 924.0901489257812 1000.0192260742188
757.7998657226562 875.35107421875 873.067626953125 922.7415161132812
906.5897827148438 811.9982299804688 1031.76611328125 979.652587890625
868.0182495117188 825.3843994140625 988.586181640625 959.9531860351562
872.87060546875 881.7139892578125 942.0684204101562 1007.5636596679688
855.8969116210938 937.6685791015625 883.6995239257812 1038.1241455078125
994.7183837890625 771.5435180664062 1153.1566162109375 1021.90966796875
910.77783203125 792.5013427734375 1053.4962158203125 967.653564453125
890.1814575195312 921.4285888671875 921.697998046875 1052.6685791015625
801.5280151367188 888.9407958984375 894.1856079101562 960.1446533203125
850.0285034179688 881.02685546875 929.2988891601562 992.4642944335938
1014.5308837890625 746.6334838867188 1201.2763671875 1018.3067626953125
737.7201538085938 1038.85400390625 740.1627197265625 1023.4840087890625
882.9935302734375 900.394775390625 935.6939697265625 1031.1317138671875
995.953857421875 737.1249389648438 1191.38623046875 993.2192993164062
775.6385498046875 875.6102294921875 885.4119262695312 932.0877075195312
882.9935302734375 900.394775390625 935.6939697265625 1031.1317138671875
845.2979125976562 928.7142333984375 885.078369140625 1022.9000244140625
888.9803466796875 813.7412109375 1017.9376220703125 969.6526489257812
704.9549560546875 885.0889892578125 835.0877075195312 899.3449096679688
908.6129150390625 769.4361572265625 1071.762939453125 947.4071044921875
1022.5176391601562 770.1758422851562 1184.3770751953125 1045.5694580078125
688.5281372070312 927.4383544921875 795.8098754882812 918.1807250976562
696.4681396484375 993.5737915039062 752.86962890625 965.3690795898438
834.9638671875 917.4093627929688 888.2225952148438 1006.9619140625
684.637939453125 1049.240478515625 706.140625 995.099365234375
737.7201538085938 1038.85400390625 740.1627197265625 1023.4840087890625
901.834228515625 798.9306640625 1040.9688720703125 966.6446533203125
744.0607299804688 882.7337036132812 859.4185180664062 919.681640625
567.3302001953125 900.0599975585938 758.2837524414062 833.6888427734375
897.1616821289062 901.5288696289062 944.9299926757812 1041.64013671875
961.7821655273438 743.7450561523438 1149.8919677734375 969.3947143554688
641.18310546875 708.64501953125 932.8140869140625 743.3856811523438
985.9798583984375 763.1488647460938 1153.7855224609375 1006.8667602539062
744.5199584960938 931.1144409179688 822.5108642578125 954.5202026367188
553.7910766601562 751.7927856445312 853.8464965820312 731.6500854492188
696.1961669921875 1061.8843994140625 701.835205078125 1010.8504638671875
969.4434814453125 760.2011108398438 1140.8216552734375 991.3624267578125
878.6183471679688 813.6331787109375 1006.6007690429688 962.5855102539062
484.7533874511719 771.8211059570312 806.248291015625 716.6686401367188
1086.48681640625 663.6367797851562 1387.8123779296875 1011.9649658203125
903.5490112304688 784.0911865234375 1055.8575439453125 955.6932373046875
556.8256225585938 762.5821533203125 848.330322265625 738.24951171875
643.941650390625 620.6941528320312 999.4613647460938 683.5771484375
580.2576904296875 878.388671875 778.9950561523438 825.8199462890625
853.1477661132812 908.8731689453125 908.10498046875 1012.5677490234375
710.7840576171875 928.7666625976562 806.48291015625 932.46484375
731.5882568359375 887.8798217773438 852.0322265625 914.1985473632812
606.1907348632812 636.7874145507812 965.7293090820312 679.4728393554688
495.3827819824219 762.3652954101562 818.435302734375 714.6660766601562
706.34228515625 902.5525512695312 826.5065307617188 910.3451538085938
754.4445190429688 884.5984497070312 866.4345092773438 925.8519897460938
577.6260375976562 892.7586059570312 767.4163818359375 836.095703125
874.7626342773438 905.2574462890625 925.140625 1028.0123291015625
985.9798583984375 763.1488647460938 1153.7855224609375 1006.8667602539062
1001.9614868164062 598.8172607421875 1351.642333984375 874.6929321289062
903.5490112304688 784.0911865234375 1055.8575439453125 955.6932373046875
745.5325927734375 993.949462890625 776.1473999023438 994.4539794921875
535.015380859375 762.52685546875 837.8717041015625 730.7462158203125
577.6260375976562 892.7586059570312 767.4163818359375 836.095703125
551.0908203125 702.8766479492188 886.3203125 699.2176513671875
559.0405883789062 1020.776611328125 675.906005859375 902.44384765625
973.7584228515625 846.123291015625 1058.1224365234375 1064.5302734375
418.88348388671875 877.6494140625 711.3743896484375 754.69873046875
1007.7238159179688 761.5764770507812 1179.5654296875 1026.3880615234375
1105.053466796875 683.51806640625 1388.2435302734375 1049.901123046875
837.9871826171875 898.3138427734375 905.7784423828125 995.0328369140625
704.9549560546875 885.0889892578125 835.0877075195312 899.3449096679688
1093.1986083984375 654.2459716796875 1407.2703857421875 1007.0104370117188
559.7197875976562 1002.268798828125 686.423583984375 891.8055419921875
864.7548217773438 804.7843017578125 1004.0877075195312 941.6012573242188
1104.1192626953125 661.2485961914062 1414.066650390625 1025.1446533203125
872.5205078125 803.388916015625 1011.1904296875 948.5847778320312
1025.4256591796875 665.69091796875 1304.92333984375 956.955810546875
996.4406127929688 747.6008911132812 1183.50732421875 1001.8888549804688
1086.48681640625 663.6367797851562 1387.8123779296875 1011.9649658203125
573.23583984375 1030.8480224609375 673.4960327148438 915.325439453125
708.408935546875 1024.861083984375 735.21923828125 995.614013671875
912.1892700195312 780.3357543945312 1068.0947265625 957.3320922851562
978.1660766601562 751.5643920898438 1157.621337890625 989.7606811523438
559.7197875976562 1002.268798828125 686.423583984375 891.8055419921875
986.84326171875 745.1563110351562 1173.4708251953125 991.9432373046875
720.3112182617188 891.1762084960938 838.783447265625 908.8198852539062
573.23583984375 1030.8480224609375 673.4960327148438 915.325439453125
572.7745361328125 697.5582885742188 901.8171997070312 704.67431640625
745.7520141601562 918.1497802734375 834.9395141601562 943.9898071289062
489.4721984863281 854.0960083007812 754.4806518554688 768.8810424804688
719.402099609375 882.5840454101562 846.873046875 905.2129516601562
