87.94316101074219
96.03645324707031
98.24967956542969
101.1731185913086
104.58967590332031
105.26632690429688
106.3578872680664
109.10545349121094
109.7406005859375
114.46833801269531
115.04781341552734
115.1781234741211
118.27932739257812
118.3385009765625
118.52848052978516
120.8676986694336
121.00413513183594
122.79657745361328
123.09346008300781
123.86686706542969
125.20782470703125
125.57865905761719
126.45948028564453
128.9844970703125
129.1588134765625
129.8460693359375
132.09844970703125
135.12586975097656
135.25531005859375
137.4445343017578
138.0181121826172
138.40159606933594
140.9184112548828
141.6686248779297
142.51315307617188
144.28443908691406
144.29830932617188
147.11900329589844
147.57371520996094
148.23629760742188
148.78172302246094
149.7598114013672
150.07664489746094
152.26292419433594
152.35812377929688
153.66847229003906
153.83432006835938
153.89932250976562
154.0162353515625
154.0681610107422
155.6887969970703
156.87893676757812
157.3213348388672
158.41717529296875
161.1272735595703
161.40322875976562
163.27890014648438
164.0457305908203
165.614013671875
169.8675994873047
171.56631469726562
172.42098999023438
172.7252197265625
175.14566040039062
178.10389709472656
178.3647918701172
178.4180450439453
183.85047912597656
184.95675659179688
186.94384765625
187.5153350830078
189.21151733398438
189.9842071533203
191.90882873535156
195.63485717773438
195.6910858154297
196.5807647705078
198.62527465820312
198.73348999023438
200.97264099121094
202.08413696289062
204.40890502929688
209.43017578125
211.3740692138672
211.55140686035156
211.563232421875
213.29087829589844
219.0182647705078
224.17626953125
224.33010864257812
225.43292236328125
226.40451049804688
227.36753845214844
228.24766540527344
228.51695251464844
230.95887756347656
236.32815551757812
240.900390625
242.41905212402344
250.22789001464844
255.34878540039062
258.762451171875
