125.66224670410156
133.1427764892578
150.01333618164062
151.52557373046875
151.97039794921875
152.1348114013672
155.69842529296875
157.2958984375
158.57174682617188
159.9312286376953
162.7390594482422
164.91513061523438
180.60731506347656
183.54563903808594
188.29763793945312
193.89430236816406
194.00515747070312
196.21417236328125
199.0
201.1591339111328
201.59613037109375
207.27517700195312
207.87496948242188
209.18890380859375
211.09002685546875
214.65087890625
215.5319061279297
217.0552978515625
218.51544189453125
218.85154724121094
219.92498779296875
231.55992126464844
232.91415405273438
245.31204223632812
246.20925903320312
248.94175720214844
249.665771484375
251.0796661376953
259.1331787109375
