862.6817626953125 852.5673828125 923.2139892578125 931.0643920898438
949.663818359375 922.5704956054688 965.8988647460938 1031.4840087890625
878.1351318359375 844.5108642578125 940.2791748046875 931.9887084960938
868.6490478515625 940.2861938476562 883.9437255859375 1010.9268188476562
949.663818359375 922.5704956054688 965.8988647460938 1031.4840087890625
829.2151489257812 961.8834228515625 840.0208129882812 1013.4338989257812
814.8658447265625 968.4365844726562 825.9179077148438 1013.3932495117188
690.533935546875 999.5702514648438 717.68017578125 987.1021118164062
616.7246704101562 1042.055419921875 648.0548706054688 994.669677734375
907.2615356445312 847.1778564453125 964.6611938476562 946.3267211914062
845.397705078125 938.3168334960938 864.57470703125 1000.3195190429688
728.905517578125 941.7017211914062 772.4756469726562 956.2068481445312
887.3675537109375 833.8963012695312 955.33251953125 925.14208984375
839.1785278320312 873.8270263671875 892.7296142578125 941.274658203125
883.3707885742188 914.3701171875 908.4491577148438 995.7379760742188
668.1846313476562 1045.211181640625 680.9882202148438 1016.2745361328125
924.06103515625 813.5567626953125 997.4703979492188 922.6211547851562
728.905517578125 941.7017211914062 772.4756469726562 956.2068481445312
845.397705078125 938.3168334960938 864.57470703125 1000.3195190429688
626.6165161132812 1017.2670288085938 666.2645263671875 978.8154296875
740.2193603515625 901.2594604492188 800.0087890625 926.6187133789062
649.4109497070312 1052.9036865234375 664.9251708984375 1015.3170776367188
671.91796875 1018.0802612304688 695.8763427734375 996.6187133789062
709.8440551757812 935.4843139648438 761.709716796875 944.3516235351562
673.5164794921875 914.2365112304688 744.9949951171875 913.5361938476562
639.4081420898438 968.159423828125 697.8929443359375 944.4097900390625
709.49658203125 993.5634765625 734.0692138671875 990.2703857421875
615.9450073242188 1025.7657470703125 655.9054565429688 981.1859741210938
725.85546875 887.0259399414062 796.3383178710938 909.0938110351562
674.386962890625 876.41845703125 764.9059448242188 881.69384765625
584.6575927734375 950.5587158203125 669.9390869140625 910.0791015625
758.0398559570312 884.8067016601562 821.2457275390625 919.4437866210938
638.4425048828125 1051.3670654296875 657.7184448242188 1010.3905029296875
543.5970458984375 974.2893676757812 633.7471313476562 915.259521484375
956.6102905273438 905.203369140625 981.60498046875 1018.3159790039062
843.5491943359375 955.6532592773438 854.1001586914062 1014.9899291992188
659.725830078125 919.47119140625 733.521240234375 913.4612426757812
627.4935913085938 925.2828369140625 708.5260009765625 904.7473754882812
801.6417236328125 942.3145751953125 828.0086669921875 984.7927856445312
788.0281982421875 956.428955078125 810.4100341796875 992.2490844726562
807.357666015625 909.703369140625 849.19580078125 959.5347900390625
671.12890625 984.8248291015625 712.4218139648438 967.922607421875
743.0955810546875 914.8739013671875 795.0319213867188 939.8069458007812
644.9434204101562 1010.89306640625 681.7317504882812 979.0943603515625
1056.9398193359375 796.9099731445312 1141.227294921875 964.9098510742188
688.3800659179688 881.24755859375 771.6142578125 892.7915649414062
797.6740112304688 928.5590209960938 832.0093994140625 971.8248901367188
559.6217651367188 909.3379516601562 672.2794799804688 871.7409057617188
645.844970703125 987.9820556640625 692.777587890625 962.0628662109375
559.6217651367188 909.3379516601562 672.2794799804688 871.7409057617188
1006.3351440429688 881.3810424804688 1041.1708984375 1019.7531127929688
963.212646484375 886.9644165039062 997.4227294921875 1004.8666381835938
725.85546875 887.0259399414062 796.3383178710938 909.0938110351562
918.0556640625 827.2681884765625 983.7299194335938 933.91455078125
719.3042602539062 873.9560546875 799.552490234375 897.4366455078125
553.9896850585938 962.2691650390625 642.9776000976562 910.8326416015625
735.4466552734375 890.1589965820312 802.1376342773438 915.0289916992188
704.244873046875 900.5068969726562 774.115966796875 912.6430053710938
638.1538696289062 1006.1897583007812 678.975830078125 974.3965454101562
521.6455078125 965.798828125 623.2410888671875 901.5557861328125
1031.107177734375 814.9122924804688 1105.79248046875 971.6434936523438
807.7488403320312 956.7282104492188 825.3052368164062 999.6813354492188
606.7952270507812 871.4544677734375 721.460693359375 855.514892578125
479.2329406738281 977.9260864257812 592.274658203125 898.5382080078125
729.3960571289062 920.6800537109375 783.2633056640625 937.9230346679688
1076.123291015625 698.7696533203125 1219.6580810546875 880.5478515625
645.94287109375 1021.649658203125 676.1486206054688 990.8278198242188
788.0281982421875 956.428955078125 810.4100341796875 992.2490844726562
525.1607055664062 940.7520141601562 636.96142578125 884.4081420898438
688.3800659179688 881.24755859375 771.6142578125 892.7915649414062
1074.4364013671875 709.2739868164062 1214.5032958984375 888.3923950195312
889.8494262695312 845.7855834960938 950.9063720703125 936.9336547851562
1022.5387573242188 891.9688720703125 1053.653076171875 1039.69287109375
982.1452026367188 895.2819213867188 1009.1788330078125 1021.1824340820312
606.7952270507812 871.4544677734375 721.460693359375 855.514892578125
506.0729675292969 973.7111206054688 610.7581176757812 903.0822143554688
524.5078125 998.1156005859375 611.4817504882812 926.76318359375
795.2830810546875 1035.9990234375 777.9976196289062 1062.0533447265625
1077.1827392578125 656.2670288085938 1250.6834716796875 837.6925048828125
1076.123291015625 698.7696533203125 1219.6580810546875 880.5478515625
688.8731079101562 909.8310546875 760.8914184570312 915.2908935546875
894.9502563476562 838.3358154296875 958.7066650390625 932.308837890625
854.9605102539062 959.6629028320312 862.158447265625 1022.56640625
913.5394897460938 817.1404418945312 986.5761108398438 920.837890625
483.04376220703125 824.8875122070312 662.7515869140625 784.7125244140625
896.6516723632812 829.090576171875 966.9288330078125 924.1543579101562
1012.5592651367188 766.4075317382812 1112.13037109375 915.3126831054688
1113.400634765625 848.1995849609375 1175.502197265625 1041.7596435546875
1150.6181640625 723.7876586914062 1295.369140625 937.3526000976562
1005.4878540039062 779.8961791992188 1095.9736328125 923.2484741210938
543.5970458984375 974.2893676757812 633.7471313476562 915.259521484375
954.9342651367188 825.4989624023438 1023.0309448242188 946.1267700195312
504.98944091796875 943.8968505859375 622.1353149414062 882.1085205078125
516.3837890625 983.5172119140625 613.1277465820312 912.7083129882812
1176.8607177734375 669.216796875 1365.03759765625 894.782470703125
828.5206909179688 917.4180908203125 862.353759765625 974.6431274414062
810.7184448242188 923.13623046875 844.4539184570312 972.5191650390625
994.0447998046875 886.8729248046875 1026.3984375 1019.16455078125
1127.0421142578125 655.8306884765625 1311.6229248046875 856.977783203125
1033.0281982421875 795.8468017578125 1117.5677490234375 953.3628540039062
1029.4580078125 801.1564331054688 1109.7427978515625 955.8225708007812
986.2216186523438 915.74853515625 1001.4638061523438 1043.3641357421875
700.3301391601562 922.6599731445312 760.0200805664062 928.7288818359375
1035.54345703125 750.290771484375 1143.2154541015625 909.3757934570312
1139.85107421875 740.1801147460938 1272.140625 947.3697509765625
496.3283996582031 985.3753662109375 599.4146728515625 908.7653198242188
1033.0281982421875 795.8468017578125 1117.5677490234375 953.3628540039062
503.2796936035156 992.3826904296875 602.0025634765625 916.2816162109375
