100.99009704589844
114.93041229248047
118.40185546875
137.9963836669922
147.0238037109375
155.01612854003906
157.93353271484375
165.80108642578125
175.90338134765625
177.08473205566406
180.0999755859375
181.2870635986328
181.84059143066406
185.69598388671875
186.20687866210938
188.54177856445312
194.4530792236328
196.11221313476562
199.57705688476562
200.96018981933594
203.34945678710938
205.99514770507812
210.9715576171875
212.4523468017578
212.45706176757812
220.4563446044922
225.63465881347656
