750.02197265625 878.9425048828125 1248.856689453125 822.0078735351562
750.02197265625 878.9425048828125 1248.856689453125 822.0078735351562
715.0687866210938 922.2752685546875 1301.07275390625 805.7839965820312
738.1993408203125 873.5564575195312 1255.5482177734375 833.5072631835938
722.7837524414062 848.0211791992188 1253.0943603515625 871.4380493164062
677.8641967773438 899.0114135742188 1323.1826171875 848.053466796875
756.263671875 864.7694091796875 1234.2843017578125 830.753662109375
756.263671875 864.7694091796875 1234.2843017578125 830.753662109375
738.9093627929688 836.6420288085938 1229.352783203125 872.572021484375
752.199462890625 833.2555541992188 1213.904296875 866.64990234375
737.0772094726562 844.4988403320312 1237.302978515625 864.3678588867188
718.56591796875 861.3600463867188 1265.078369140625 859.1627197265625
737.0963134765625 848.7785034179688 1240.025146484375 860.0033569335938
749.1026611328125 871.017822265625 1244.5291748046875 829.5077514648438
664.8272094726562 911.0281372070312 1340.191162109375 845.083740234375
729.8699951171875 847.7293701171875 1245.59619140625 867.011962890625
707.1954345703125 929.4092407226562 1309.684814453125 804.921142578125
748.1258544921875 779.1715087890625 1163.9354248046875 947.2410278320312
756.5820922851562 844.4864501953125 1218.591064453125 850.3822631835938
749.5362548828125 842.0029907226562 1223.869140625 858.8104858398438
730.357421875 857.84228515625 1253.1177978515625 854.96826171875
697.8133544921875 944.5169677734375 1323.103515625 798.521240234375
749.5362548828125 842.0029907226562 1223.869140625 858.8104858398438
634.2420043945312 944.6805419921875 1377.9764404296875 834.0354614257812
691.6317138671875 933.612060546875 1324.7943115234375 809.6544799804688
757.3764038085938 836.2244262695312 1211.9588623046875 858.7716064453125
708.2814331054688 859.5574951171875 1274.0048828125 868.5559692382812
742.927490234375 859.4413452148438 1242.9229736328125 844.9730834960938
746.6693725585938 838.4248046875 1223.2598876953125 864.773681640625
710.64599609375 889.8958129882812 1288.379150390625 837.9307250976562
773.9691772460938 950.49951171875 1267.3013916015625 757.9418334960938
767.562255859375 845.5445556640625 1210.442626953125 842.6613159179688
710.64599609375 889.8958129882812 1288.379150390625 837.9307250976562
753.1917724609375 849.5690307617188 1226.295166015625 847.849365234375
729.8699951171875 847.7293701171875 1245.59619140625 867.011962890625
762.1865234375 970.4570922851562 1284.8853759765625 751.397705078125
746.4232177734375 999.82470703125 1306.7059326171875 742.6351928710938
773.1611938476562 957.8896484375 1272.190185546875 754.2935791015625
674.34619140625 959.552001953125 1347.074462890625 799.91650390625
699.2667236328125 926.3016967773438 1315.8299560546875 811.2513427734375
756.5820922851562 844.4864501953125 1218.591064453125 850.3822631835938
783.4267578125 970.2191772460938 1270.8736572265625 743.317626953125
726.2874145507812 780.8839721679688 1190.1282958984375 967.160400390625
762.1865234375 970.4570922851562 1284.8853759765625 751.397705078125
663.3697509765625 922.0578002929688 1346.835205078125 836.8921508789062
686.5635375976562 818.88623046875 1269.6005859375 941.258056640625
744.4323120117188 827.0497436523438 1216.2000732421875 880.0382080078125
652.3005981445312 927.9481201171875 1356.7532958984375 837.1455078125
694.3826904296875 809.5255737304688 1252.57080078125 947.599853515625
684.2844848632812 812.5462646484375 1266.8409423828125 953.7811279296875
770.0590209960938 972.1375122070312 1279.638671875 748.4893188476562
793.59912109375 985.32275390625 1270.5693359375 731.7296752929688
681.6570434570312 826.3165893554688 1279.7918701171875 932.6337280273438
672.7302856445312 948.1338500976562 1345.050048828125 808.2459106445312
736.4243774414062 973.6317749023438 1304.67578125 760.7193603515625
600.01806640625 1019.1138305664062 1420.0777587890625 794.5071411132812
663.2349243164062 828.2363891601562 1301.4326171875 948.0825805664062
661.0677490234375 931.063232421875 1350.4849853515625 829.0364990234375
732.7008666992188 776.0072631835938 1177.38623046875 968.985107421875
674.466552734375 926.5011596679688 1335.71337890625 824.1033935546875
674.1881713867188 815.15771484375 1281.4365234375 958.97705078125
721.0543823242188 778.154296875 1192.810791015625 977.5192260742188
644.9100952148438 840.2966918945312 1328.3853759765625 947.009765625
737.72802734375 852.433349609375 1241.8458251953125 854.521484375
732.7008666992188 776.0072631835938 1177.38623046875 968.985107421875
