83.27064514160156
94.18598937988281
94.97894287109375
97.06183624267578
98.39207458496094
100.50870513916016
101.3114013671875
106.17438507080078
107.45231628417969
108.45736694335938
109.74516296386719
109.95453643798828
110.11811828613281
110.1317367553711
111.09005737304688
112.40106964111328
112.87603759765625
112.88932800292969
113.42839050292969
114.9652099609375
116.55899810791016
117.94066619873047
119.03781127929688
119.46128845214844
119.52823638916016
119.59933471679688
119.7288589477539
120.03749084472656
120.38687896728516
120.40763854980469
120.6938247680664
121.32600402832031
122.40506744384766
122.6784439086914
123.16655731201172
123.3936767578125
123.86283111572266
125.22779083251953
125.94840240478516
126.20221710205078
127.11805725097656
127.23207092285156
127.55390930175781
127.80062866210938
128.28094482421875
128.49513244628906
130.90072631835938
131.14495849609375
131.66624450683594
132.9097442626953
133.0601348876953
134.87771606445312
134.96665954589844
135.885986328125
136.11392211914062
136.2204132080078
137.4445343017578
138.61817932128906
138.91004943847656
139.0755157470703
139.1402130126953
139.4883575439453
140.47064208984375
140.5311279296875
140.57382202148438
142.28492736816406
142.39381408691406
143.1013641357422
143.4782257080078
144.35719299316406
144.5994415283203
145.03103637695312
145.54037475585938
145.80809020996094
147.326171875
147.72947692871094
147.753173828125
147.9898681640625
148.14857482910156
149.40882873535156
149.4188690185547
150.75144958496094
151.3505859375
151.55526733398438
151.75967407226562
151.85189819335938
152.22023010253906
152.46310424804688
152.80052185058594
153.19921875
153.28079223632812
153.31666564941406
153.32318115234375
154.50889587402344
155.04193115234375
155.79153442382812
156.31378173828125
157.15597534179688
157.2641143798828
157.96202087402344
158.06643676757812
158.1455078125
159.4521942138672
159.57443237304688
160.18115234375
161.57969665527344
161.79617309570312
162.0
162.20050048828125
162.2744598388672
162.7206268310547
163.2666473388672
163.89630126953125
165.12722778320312
165.1817169189453
165.23619079589844
165.372314453125
165.6321258544922
166.0511932373047
166.49624633789062
167.52313232421875
167.56491088867188
167.6991424560547
168.43099975585938
168.65052795410156
168.8520050048828
169.38418579101562
169.6879425048828
169.96176147460938
170.6839141845703
171.92149353027344
172.61807250976562
172.64414978027344
173.05201721191406
173.1935272216797
173.962646484375
174.06033325195312
175.439453125
176.3037109375
176.67201232910156
177.3414764404297
179.72756958007812
179.76651000976562
180.0777587890625
180.26370239257812
181.0911407470703
181.37530517578125
181.57366943359375
182.02197265625
182.14828491210938
183.74166870117188
183.79879760742188
184.11952209472656
185.0081024169922
185.9300994873047
186.41888427734375
186.646728515625
187.39263916015625
187.9308319091797
188.08773803710938
189.40432739257812
189.68658447265625
189.69976806640625
192.0286407470703
194.04638671875
194.7357177734375
195.28184509277344
195.5223846435547
196.1479034423828
196.2625732421875
197.74984741210938
198.24227905273438
200.07748413085938
200.17991638183594
201.2635040283203
201.462158203125
201.9504852294922
202.7288818359375
203.1206512451172
204.1249542236328
205.4093475341797
206.81875610351562
207.05313110351562
208.31227111816406
208.69595336914062
209.45643615722656
209.95713806152344
210.12139892578125
211.62466430664062
216.54791259765625
217.4189453125
219.87496948242188
220.32022094726562
221.2216033935547
224.18072509765625
225.61029052734375
227.09249877929688
229.35125732421875
229.5996551513672
230.49728393554688
230.748779296875
233.89100646972656
234.95106506347656
240.13954162597656
240.18951416015625
241.4518585205078
243.8216552734375
252.25384521484375
267.46588134765625
