44.04542922973633
64.15605926513672
65.6048812866211
67.95587158203125
68.73863220214844
69.065185546875
71.5541763305664
74.18894958496094
75.62406921386719
77.30459594726562
80.11241912841797
83.66002655029297
83.83316802978516
86.97700500488281
87.1722412109375
88.60022735595703
89.17959594726562
90.26073455810547
90.96153259277344
92.33634185791016
92.77391815185547
93.56815338134766
94.08506774902344
94.630859375
98.0051040649414
98.12747192382812
98.96463775634766
99.12618255615234
99.28746032714844
100.26963806152344
100.32447052001953
100.95543670654297
104.13452911376953
104.65180206298828
105.47037506103516
105.8914566040039
106.30615997314453
107.44766235351562
108.64160919189453
112.20071411132812
112.3254165649414
112.37882232666016
114.350341796875
114.77368927001953
115.05651092529297
115.06520080566406
116.6490478515625
117.16227722167969
117.66053009033203
119.25602722167969
119.91664123535156
121.97130584716797
123.11376953125
123.66891479492188
123.70125579833984
124.64750671386719
126.9842529296875
127.36168670654297
127.44802856445312
128.5184783935547
130.7478485107422
131.25547790527344
131.6928253173828
131.7231903076172
132.10601806640625
133.3079071044922
133.4503631591797
133.9029541015625
134.05223083496094
135.32553100585938
135.5986785888672
135.80133056640625
136.64918518066406
136.65284729003906
137.38267517089844
137.5899658203125
137.66262817382812
137.95289611816406
137.9927520751953
138.34378051757812
138.82362365722656
139.4022979736328
139.84991455078125
142.20408630371094
143.2864227294922
144.04859924316406
144.23245239257812
144.26364135742188
144.28443908691406
144.39183044433594
144.4541473388672
144.62710571289062
146.9829864501953
148.1688232421875
148.35430908203125
149.26821899414062
150.36953735351562
151.12246704101562
151.56846618652344
151.79261779785156
152.82997131347656
153.59361267089844
156.24020385742188
156.45126342773438
156.5950164794922
156.81199645996094
157.50238037109375
157.50555419921875
159.05345153808594
159.46473693847656
160.60198974609375
160.6673583984375
162.6898956298828
163.77728271484375
165.1817169189453
167.892822265625
170.9034881591797
171.15782165527344
171.92730712890625
172.2875518798828
172.50796508789062
174.49069213867188
176.52761840820312
176.91241455078125
177.5302734375
177.72732543945312
178.22177124023438
179.16473388671875
179.6413116455078
180.06387329101562
180.10275268554688
180.13050842285156
181.7195587158203
182.43080139160156
182.85513305664062
183.2812042236328
183.75254821777344
184.88104248046875
185.19448852539062
185.4508056640625
187.34193420410156
187.4459991455078
187.787109375
188.00265502929688
189.76828002929688
189.77618408203125
189.8209686279297
191.21714782714844
191.50718688964844
191.7785186767578
192.8263397216797
192.94818115234375
193.7678985595703
193.96133422851562
194.26785278320312
194.4864959716797
195.50192260742188
196.30332946777344
196.8120880126953
197.0203094482422
197.71949768066406
199.3439178466797
199.42416381835938
199.85244750976562
199.99249267578125
201.4298858642578
202.0594024658203
202.5734405517578
203.6737518310547
207.067626953125
208.02883911132812
208.59291076660156
209.21759033203125
209.3466033935547
215.9050750732422
217.35684204101562
218.011474609375
220.231689453125
227.9364013671875
229.710693359375
234.76158142089844
236.767822265625
250.8665008544922
260.0596008300781
