903.8866577148438 744.8623046875 808.8558349609375 720.7200317382812
903.8866577148438 744.8623046875 807.8500366210938 720.1371459960938
1026.4385986328125 887.2564086914062 713.9073486328125 909.7409057617188
896.8136596679688 954.3626708984375 577.3067626953125 839.2622680664062
928.3394165039062 959.1771850585938 587.0084838867188 868.0293579101562
893.4292602539062 762.077392578125 780.715576171875 724.118896484375
910.3365478515625 770.8895263671875 783.8589477539062 742.4984130859375
901.5791015625 787.2800903320312 759.0546875 745.7401733398438
920.935791015625 788.8345947265625 769.9448852539062 759.5572509765625
923.7002563476562 760.9126586914062 804.8013305664062 746.8567504882812
797.2598876953125 1000.3959350585938 499.1521911621094 791.9735107421875
828.7168579101562 743.400390625 769.119140625 667.2697143554688
903.6981811523438 941.4945068359375 596.5765991210938 838.4336547851562
910.3365478515625 770.8895263671875 783.8589477539062 742.4984130859375
772.1334228515625 749.6361694335938 739.0462646484375 636.1866455078125
