1000.1940307617188 830.22802734375 751.39501953125 867.618896484375
1026.4385986328125 887.2564086914062 677.6891479492188 904.3289794921875
1105.471923828125 762.1583862304688 876.2410888671875 986.31494140625
1105.471923828125 762.1583862304688 876.2410888671875 986.31494140625
958.8238525390625 783.3204345703125 808.5130615234375 810.289794921875
1036.7008056640625 870.207763671875 700.6488037109375 913.0111694335938
928.3394165039062 959.1771850585938 589.2052612304688 819.0361328125
1006.9728393554688 868.3496704101562 697.5337524414062 877.8340454101562
982.0646362304688 874.3307495117188 688.5333862304688 850.720947265625
1000.1940307617188 830.22802734375 751.39501953125 867.618896484375
1026.78955078125 713.2113037109375 937.8570556640625 872.6505126953125
848.8257446289062 765.2882080078125 808.6248779296875 699.0074462890625
1020.1483764648438 869.343505859375 701.4395141601562 894.2540893554688
933.7332153320312 944.6786499023438 607.42529296875 821.3431396484375
903.6981811523438 941.4945068359375 610.2049560546875 793.1839599609375
