445.76275634765625 926.549072265625 1419.5816650390625 827.7338256835938
531.45556640625 906.5308227539062 1366.4498291015625 771.8849487304688
528.682861328125 886.0828857421875 1350.897705078125 782.0313720703125
546.9353637695312 935.9418334960938 1383.2227783203125 749.717529296875
421.9479064941406 873.2062377929688 1387.5601806640625 876.56494140625
587.5999145507812 901.8840942382812 1339.7484130859375 732.808349609375
420.9218444824219 1001.0717163085938 1483.7471923828125 812.830322265625
426.1589660644531 944.6979370117188 1442.1829833984375 834.7175903320312
445.76275634765625 926.549072265625 1419.5816650390625 827.7338256835938
587.74609375 878.1716918945312 1319.9940185546875 741.072509765625
399.01165771484375 963.49853515625 1468.0372314453125 846.3023071289062
466.0360107421875 812.1001586914062 1309.699462890625 871.9300537109375
415.9468078613281 1019.5294189453125 1498.5966796875 810.3565673828125
548.0576171875 868.0535888671875 1328.9583740234375 775.4530029296875
511.4593811035156 813.3392333984375 1290.8709716796875 829.1507568359375
442.7914123535156 956.19921875 1444.4029541015625 817.1834716796875
474.0356140136719 785.3118896484375 1276.8194580078125 880.9549560546875
465.84564208984375 979.1687622070312 1447.9549560546875 789.3814697265625
494.5835876464844 812.4561767578125 1297.3780517578125 846.3034057617188
479.7668151855469 815.2722778320312 1306.177001953125 857.2332153320312
604.7752075195312 899.6475830078125 1330.82470703125 722.0581665039062
550.1585083007812 919.4475708007812 1368.90087890625 753.081298828125
408.7588806152344 981.2383422851562 1475.8226318359375 829.2334594726562
448.0535888671875 742.3214111328125 1238.4964599609375 937.7572631835938
624.6303100585938 888.594482421875 1313.5341796875 711.6199951171875
569.872802734375 901.0872192382812 1346.06787109375 745.2053833007812
610.2071533203125 887.1689453125 1318.489990234375 721.7818603515625
572.7552490234375 916.6268920898438 1357.4228515625 738.5598754882812
408.7588806152344 981.2383422851562 1475.8226318359375 829.2334594726562
403.1801452636719 1009.06103515625 1496.5010986328125 821.4459228515625
508.6799011230469 785.9426879882812 1263.2672119140625 848.8396606445312
439.270263671875 832.9030151367188 1340.901611328125 885.9310302734375
471.4188232421875 800.3372802734375 1295.1131591796875 874.00048828125
486.6106872558594 832.5374145507812 1320.005859375 841.5188598632812
681.322509765625 831.1964111328125 1243.2430419921875 690.9083251953125
390.41357421875 846.8967895507812 1378.7574462890625 922.4185180664062
439.270263671875 832.9030151367188 1340.901611328125 885.9310302734375
565.306640625 892.0475463867188 1340.7425537109375 752.18359375
529.5079956054688 797.4588012695312 1266.4439697265625 822.9131469726562
515.81982421875 795.9193115234375 1271.294189453125 836.1818237304688
593.0504760742188 886.25634765625 1324.8714599609375 734.50537109375
520.0001220703125 803.5521240234375 1278.101318359375 828.4444580078125
527.2693481445312 786.9487915039062 1255.494873046875 830.7493896484375
599.8570556640625 870.83837890625 1308.9041748046875 735.120361328125
541.3385620117188 777.5712890625 1241.7197265625 822.42626953125
382.5666809082031 877.01806640625 1410.2608642578125 910.42919921875
417.8165283203125 958.8472900390625 1456.3800048828125 834.1920166015625
317.8697509765625 900.5701293945312 1464.5592041015625 952.5507202148438
550.6744384765625 892.9287719726562 1348.0594482421875 762.20166015625
738.45556640625 918.9931640625 1298.1446533203125 632.0752563476562
341.7595520019531 853.0986328125 1407.9290771484375 965.4166870117188
336.9542236328125 908.3113403320312 1458.612548828125 931.3761596679688
582.6405639648438 747.2764892578125 1190.03857421875 802.195556640625
572.2015991210938 878.7140502929688 1327.1864013671875 752.2659301757812
365.3983154296875 997.910400390625 1509.1875 855.66748046875
405.19549560546875 871.4136962890625 1394.6810302734375 892.717529296875
351.2711486816406 864.615478515625 1414.8826904296875 947.8445434570312
646.5186157226562 821.1707153320312 1245.634765625 719.8842163085938
372.8805236816406 979.837646484375 1492.806396484375 859.140869140625
688.3566284179688 787.7811279296875 1198.033203125 699.463134765625
350.65631103515625 891.8700561523438 1440.368408203125 931.3417358398438
591.5308227539062 755.7344970703125 1196.350341796875 790.7667236328125
581.9744873046875 870.0159912109375 1314.6114501953125 748.1984252929688
593.0504760742188 886.25634765625 1324.8714599609375 734.50537109375
633.450927734375 741.3992919921875 1166.090576171875 760.867431640625
676.575927734375 774.4744873046875 1189.00390625 713.2049560546875
807.6953125 830.043212890625 1199.8416748046875 609.5640258789062
336.5582580566406 867.1524047851562 1425.80712890625 962.796142578125
393.8670654296875 1023.7144775390625 1510.5172119140625 822.4421997070312
465.3309631347656 725.9954223632812 1210.78564453125 932.5206298828125
630.3983154296875 751.9778442382812 1178.640380859375 759.2594604492188
582.1881713867188 893.1277465820312 1334.76953125 739.6019287109375
441.971435546875 734.9673461914062 1232.5245361328125 950.140380859375
469.1230773925781 879.4549560546875 1369.348876953125 834.1637573242188
509.23797607421875 684.9351806640625 1137.3272705078125 911.6211547851562
469.1230773925781 879.4549560546875 1369.348876953125 834.1637573242188
582.1881713867188 893.1277465820312 1334.76953125 739.6019287109375
990.0684204101562 853.2926025390625 1170.260498046875 508.54815673828125
703.1951293945312 913.7570190429688 1306.28076171875 655.1781005859375
656.9772338867188 785.75244140625 1207.09912109375 723.932373046875
333.1796875 894.1310424804688 1449.02294921875 944.3197631835938
594.77880859375 730.1863403320312 1164.96923828125 799.93115234375
661.2626342773438 822.310302734375 1243.2623291015625 708.3323974609375
396.78887939453125 980.2650146484375 1483.2066650390625 843.590087890625
324.3866882324219 887.4130249023438 1448.3944091796875 957.222412109375
784.898681640625 1018.6610107421875 1353.0126953125 589.5228881835938
671.5067138671875 785.068359375 1201.064453125 713.4778442382812
622.8965454101562 734.3480834960938 1158.6441650390625 772.3721923828125
698.302734375 933.3541870117188 1321.9765625 653.4007568359375
901.5791015625 787.2800903320312 1132.2122802734375 561.9166259765625
608.6867065429688 727.1495971679688 1156.6334228515625 788.5940551757812
744.2360229492188 927.8193359375 1302.7120361328125 626.825927734375
706.85888671875 784.1557006835938 1187.9129638671875 687.3956298828125
835.4933471679688 823.9703979492188 1186.66845703125 593.810302734375
661.4094848632812 877.5647583007812 1290.57861328125 692.4829711914062
612.621826171875 718.1792602539062 1144.01953125 789.9235229492188
455.46533203125 711.3662719726562 1196.373046875 952.071533203125
982.0646362304688 874.3307495117188 1187.2445068359375 510.49224853515625
