1197.6346435546875 736.208251953125 1544.819091796875 913.3129272460938
753.8020629882812 747.3471069335938 1079.600830078125 972.6326293945312
1206.177001953125 736.3121337890625 1552.081298828125 910.7672729492188
411.68817138671875 720.9586181640625 697.5156860351562 974.7880859375
971.534423828125 733.6511840820312 1305.6588134765625 932.6080932617188
522.0684204101562 651.3478393554688 790.0055541992188 872.6278076171875
542.469482421875 657.7911987304688 811.87939453125 878.275634765625
411.68817138671875 720.9586181640625 697.5156860351562 974.7880859375
509.23797607421875 684.9351806640625 788.799560546875 920.2427368164062
483.25 608.0354614257812 730.2199096679688 824.220947265625
590.0021362304688 544.4596557617188 814.1918334960938 735.38427734375
542.469482421875 657.7911987304688 811.87939453125 878.275634765625
550.4635620117188 643.6102294921875 814.055908203125 862.491455078125
524.5359497070312 602.2609252929688 768.901611328125 813.9688110351562
1026.78955078125 713.2113037109375 1352.357666015625 900.22509765625
1193.3134765625 726.897216796875 1534.287841796875 903.4874267578125
515.3856201171875 594.0234375 755.6116333007812 804.12548828125
563.2515258789062 644.5341186523438 827.7861328125 864.9591674804688
563.2515258789062 644.5341186523438 827.7861328125 864.9591674804688
