101.79882049560547
104.23531341552734
107.15409088134766
107.31262969970703
112.53887939453125
116.71332550048828
118.34272003173828
119.51150512695312
119.54915618896484
121.61825561523438
122.14745330810547
124.81185913085938
125.22380065917969
125.67816162109375
127.65187072753906
128.8371124267578
129.98846435546875
130.0845947265625
131.240234375
133.03382873535156
135.1924591064453
136.70040893554688
137.2042236328125
137.51727294921875
138.03260803222656
138.34738159179688
138.46299743652344
139.7783966064453
140.0963897705078
141.3506317138672
143.08389282226562
143.31434631347656
144.82403564453125
145.0517120361328
145.1103057861328
146.96258544921875
149.77316284179688
150.4659423828125
151.3340606689453
151.38031005859375
152.2596435546875
153.17637634277344
157.57537841796875
158.1739501953125
159.32984924316406
160.14369201660156
160.14993286132812
161.41871643066406
161.833251953125
162.08023071289062
162.5546112060547
163.03067016601562
165.066650390625
166.0782928466797
166.2979278564453
168.5289306640625
170.46994018554688
172.36009216308594
173.54249572753906
173.93101501464844
174.4419708251953
174.4505615234375
174.83706665039062
175.2141571044922
176.58425903320312
176.95762634277344
178.6197052001953
178.6448974609375
179.34603881835938
180.2082061767578
180.90328979492188
182.05218505859375
183.23208618164062
184.68621826171875
191.34523010253906
191.86192321777344
193.32615661621094
194.4864959716797
194.61244201660156
195.96682739257812
199.09043884277344
199.10549926757812
202.72640991210938
204.57516479492188
204.86581420898438
213.8176727294922
214.74636840820312
220.67623901367188
220.9592742919922
221.3436279296875
223.7610321044922
226.51931762695312
228.7334747314453
230.85276794433594
235.18716430664062
240.20616149902344
241.2322540283203
249.98599243164062
267.4976501464844
267.9981384277344
