103.64844512939453
109.71781921386719
111.37773895263672
115.38630676269531
116.22392272949219
117.78794860839844
120.793212890625
137.2843780517578
140.11424255371094
140.2462158203125
140.69825744628906
140.9751739501953
142.7620391845703
146.15402221679688
148.1046905517578
151.91773986816406
151.94406127929688
155.467041015625
159.0314483642578
159.7498016357422
161.95986938476562
162.613037109375
163.8017120361328
164.5205078125
165.70455932617188
166.28890991210938
167.9791717529297
170.94735717773438
171.9185791015625
173.44740295410156
174.67970275878906
174.83706665039062
174.99429321289062
181.6122283935547
184.22811889648438
185.32403564453125
185.39686584472656
185.9005126953125
190.7825927734375
191.41055297851562
193.9871063232422
195.4072723388672
199.71730041503906
199.9124755859375
201.9678192138672
202.8620147705078
209.42539978027344
211.9197998046875
214.3874969482422
218.81727600097656
220.44273376464844
224.2543182373047
225.2087860107422
229.43190002441406
231.924560546875
233.50375366210938
234.26268005371094
