95.7131118774414
108.36051177978516
114.22784423828125
116.03016662597656
121.8482666015625
122.30699157714844
125.99603271484375
127.34991455078125
137.01824951171875
138.3401641845703
141.6580352783203
142.9195556640625
143.13629150390625
145.31689453125
149.01007080078125
149.09393310546875
149.83657836914062
152.3647003173828
153.04574584960938
153.63267517089844
154.99032592773438
156.49281311035156
156.5343475341797
156.8534393310547
158.86471557617188
161.66014099121094
162.02468872070312
162.38534545898438
162.73597717285156
162.7759246826172
164.79684448242188
170.6516876220703
172.08718872070312
172.27883911132812
173.017333984375
174.8513641357422
175.00857543945312
177.53591918945312
177.6119384765625
177.7835693359375
178.71205139160156
180.13328552246094
180.95855712890625
181.546142578125
182.0933837890625
183.057373046875
183.91574096679688
184.45596313476562
184.51829528808594
184.62123107910156
184.87564086914062
184.96755981445312
185.628662109375
185.717529296875
186.00537109375
188.1781005859375
188.36666870117188
189.6918487548828
190.2366943359375
190.55445861816406
191.2799072265625
193.0077667236328
194.96409606933594
195.1102294921875
198.8441619873047
199.72230529785156
202.22018432617188
202.23748779296875
203.35682678222656
204.41624450683594
204.82675170898438
205.29734802246094
206.0873565673828
207.28724670410156
208.1706085205078
214.60195922851562
219.6178436279297
221.33233642578125
222.1396026611328
222.77342224121094
230.3931427001953
231.7088623046875
231.96119689941406
232.6542510986328
233.15016174316406
236.25833129882812
237.7729949951172
238.3505859375
239.9875030517578
240.45997619628906
241.61746215820312
243.31666564941406
246.82989501953125
249.57164001464844
