555.9093017578125 848.4866943359375 936.78759765625 1032.5421142578125
687.6622314453125 700.6075439453125 902.9082641601562 828.7359619140625
691.9973754882812 908.8866577148438 1103.646240234375 1002.8474731445312
973.6685180664062 786.7410888671875 1189.60888671875 776.4970092773438
559.6824340820312 759.7452392578125 844.1687622070312 953.8150024414062
951.3640747070312 846.173583984375 1221.822509765625 827.7556762695312
884.87255859375 1002.659912109375 1303.436279296875 977.1895751953125
571.2427368164062 873.8919677734375 973.673583984375 1047.9027099609375
915.7996826171875 906.4478759765625 1246.5382080078125 895.39453125
606.8937377929688 850.0553588867188 979.2874755859375 1006.18994140625
559.0240478515625 877.59765625 964.2824096679688 1056.9744873046875
858.3779296875 989.291748046875 1277.848388671875 979.3682250976562
674.8461303710938 814.705078125 1002.8961181640625 934.4408569335938
681.382568359375 709.6828002929688 906.7018432617188 843.0534057617188
984.6126098632812 955.840087890625 1320.958740234375 895.6932983398438
867.51513671875 998.70751953125 1289.8385009765625 983.6123657226562
387.3183288574219 722.5557861328125 613.8504028320312 1029.2838134765625
696.2488403320312 927.0558471679688 1121.2430419921875 1018.1207885742188
693.4046020507812 715.02392578125 920.9909057617188 839.7734375
936.2852172851562 836.3671875 1206.4815673828125 828.6514892578125
