1102.4639892578125 820.5230712890625 553.4918823242188 855.8897705078125
1065.865234375 709.7528686523438 699.8035278320312 861.0458984375
1111.5201416015625 739.18310546875 642.6444702148438 898.953369140625
1102.41748046875 803.6554565429688 571.3692626953125 864.26953125
1113.381591796875 726.2725830078125 658.3033447265625 906.6099243164062
1102.4639892578125 820.5230712890625 553.4918823242188 855.8897705078125
1075.3509521484375 802.9887084960938 586.0444946289062 836.8235473632812
1107.604736328125 710.3501586914062 681.6062622070312 908.5934448242188
1101.676025390625 712.4999389648438 682.2882690429688 901.0707397460938
1114.87060546875 838.8591918945312 529.0631713867188 863.1746215820312
1135.59716796875 837.2681884765625 519.2942504882812 883.707275390625
1107.2552490234375 698.4100341796875 698.6514282226562 913.2850341796875
1098.401611328125 751.9088745117188 631.466064453125 880.5139770507812
997.3997802734375 741.458251953125 685.619873046875 780.4797973632812
1113.381591796875 726.2725830078125 658.3033447265625 906.6099243164062
1078.6199951171875 752.6666259765625 639.189208984375 857.7157592773438
1014.0533447265625 851.3688354492188 565.1217651367188 767.5912475585938
1079.590087890625 711.8338012695312 691.1956176757812 874.0865478515625
996.5783081054688 824.1767578125 596.57568359375 760.2654418945312
1078.001708984375 724.3435668945312 675.9896240234375 867.5198974609375
996.5783081054688 824.1767578125 596.57568359375 760.2654418945312
1115.8597412109375 717.150390625 667.8856201171875 915.2286987304688
1079.590087890625 711.8338012695312 691.1956176757812 874.0865478515625
998.7989501953125 723.9872436523438 703.4557495117188 786.7008666992188
1152.109375 856.8888549804688 492.8014221191406 893.00146484375
997.3997802734375 741.458251953125 685.619873046875 780.4797973632812
1022.0151977539062 829.3291015625 579.5881958007812 779.7017822265625
1146.0076904296875 837.5863647460938 512.119384765625 894.9786376953125
1088.639892578125 700.4710083007812 703.9515380859375 890.5033569335938
991.87451171875 816.7406616210938 606.1806640625 758.0578002929688
1132.6387939453125 828.0621948242188 529.3333740234375 885.127197265625
1069.2642822265625 746.375 651.815185546875 849.5601196289062
977.7711181640625 831.6199951171875 595.2425537109375 743.1860961914062
1115.361083984375 866.1499633789062 501.48455810546875 851.64306640625
963.541748046875 821.882568359375 613.060546875 735.9437866210938
858.800048828125 711.6724243164062 753.6454467773438 675.4100341796875
964.8623046875 849.11376953125 585.287353515625 730.323486328125
1111.7437744140625 828.80615234375 540.353271484375 862.40966796875
1128.8895263671875 847.9216918945312 511.31365966796875 874.9140014648438
1094.9117431640625 737.0643920898438 653.4676513671875 879.4529418945312
