77.2593002319336
87.86353302001953
93.66429138183594
97.50384521484375
105.14276123046875
106.5176010131836
110.83772277832031
110.8873291015625
113.59577178955078
117.52871704101562
117.69026947021484
120.38687896728516
123.93143463134766
124.08867645263672
125.03999328613281
127.1337890625
129.79214477539062
132.943603515625
134.09324645996094
136.88316345214844
137.44090270996094
142.09503173828125
148.65396118164062
148.83547973632812
150.84097290039062
151.43646240234375
153.72703552246094
156.13134765625
158.7450714111328
158.92137145996094
162.36070251464844
167.05088806152344
170.7073516845703
172.96820068359375
174.07757568359375
175.57049560546875
177.12142944335938
177.44857788085938
177.8623046875
178.7736053466797
179.47422790527344
184.14125061035156
184.83506774902344
187.6486053466797
191.52545166015625
194.11851501464844
197.24349975585938
198.98492431640625
211.58450317382812
214.13546752929688
221.1085662841797
240.44541931152344
242.33447265625
247.25088500976562
