807.7308959960938 880.3257446289062 1240.076171875 1019.8474731445312
697.1495971679688 765.8092651367188 1058.413330078125 1008.8228149414062
591.9818115234375 663.6228637695312 870.4649658203125 1003.0328369140625
720.3309936523438 658.4635620117188 964.51806640625 926.1976318359375
666.9879760742188 737.2745971679688 1009.1551513671875 1008.7024536132812
776.3746948242188 848.8821411132812 1190.7060546875 1013.9722290039062
433.5799560546875 497.3489685058594 517.7869873046875 987.9813842773438
791.2327880859375 753.4262084960938 1110.0985107421875 949.995849609375
799.3665161132812 740.749755859375 1103.53076171875 936.8540649414062
507.1898193359375 558.0729370117188 671.5673217773438 981.2213745117188
738.04052734375 654.115478515625 971.9761962890625 913.453369140625
