1022.1744384765625 915.962158203125 626.21044921875 573.2752685546875
989.1591796875 701.17822265625 748.8922119140625 663.135986328125
1031.136962890625 928.1438598632812 617.0565185546875 572.3755493164062
1050.59814453125 620.7508544921875 755.7489013671875 762.3366088867188
956.2737426757812 777.4270629882812 727.2726440429688 606.329833984375
997.5907592773438 681.8352661132812 753.9085693359375 680.5740966796875
1068.5447998046875 736.1062622070312 667.5208129882812 683.218994140625
1098.4378662109375 701.1513671875 657.5368041992188 725.456787109375
1001.5463256835938 591.386962890625 822.8405151367188 755.3862915039062
992.6691284179688 714.2862548828125 739.740478515625 656.5960693359375
1055.99755859375 808.5068969726562 646.2605590820312 632.6485595703125
959.162841796875 722.3670654296875 759.4910278320312 635.4695434570312
1011.0284423828125 621.6079711914062 786.7755126953125 734.7266845703125
998.7012939453125 529.0982055664062 891.8883666992188 821.3394775390625
1092.092529296875 716.0626831054688 658.6390380859375 709.4548950195312
953.5409545898438 787.147705078125 724.9846801757812 600.5298461914062
978.3868408203125 710.781005859375 748.5970458984375 652.3385009765625
978.3868408203125 710.781005859375 748.5970458984375 652.3385009765625
929.9503173828125 791.7389526367188 738.24609375 589.0242919921875
1025.6971435546875 978.7908935546875 605.31640625 554.728759765625
1089.3843994140625 841.0654907226562 606.3746337890625 631.6189575195312
1063.137939453125 829.7490844726562 627.9623413085938 626.1799926757812
