76.03946685791016
84.02975463867188
96.00521087646484
100.24469757080078
106.74268341064453
113.00885009765625
116.54183959960938
116.6061782836914
117.8006820678711
124.83989715576172
126.33685302734375
126.52667999267578
133.2628936767578
136.42579650878906
137.4081573486328
137.55726623535156
137.64810180664062
138.9820098876953
143.48867797851562
144.0902557373047
144.5371856689453
145.14476013183594
146.28396606445312
147.21412658691406
148.48568725585938
148.6808624267578
151.29771423339844
151.80580139160156
152.31874084472656
154.1460418701172
154.46359252929688
156.02243041992188
157.07005310058594
160.0874786376953
161.204833984375
161.89503479003906
162.47154235839844
163.41970825195312
163.8627471923828
169.5818328857422
171.27755737304688
172.51376342773438
173.9597625732422
174.0086212158203
175.65591430664062
176.21009826660156
176.38877868652344
176.98304748535156
179.8999786376953
180.684814453125
181.7113037109375
186.2578887939453
186.66815185546875
187.14166259765625
187.49667358398438
189.2590789794922
189.73138427734375
189.74456787109375
189.88681030273438
190.15782165527344
190.59906005859375
192.6966552734375
192.769287109375
194.8974151611328
196.13516235351562
198.28262329101562
200.22238159179688
210.48277282714844
217.86463928222656
220.13177490234375
220.1522216796875
226.23660278320312
230.2954559326172
230.83543395996094
238.589599609375
248.4652862548828
249.38925170898438
254.41500854492188
256.6203308105469
