110.7519760131836
111.78103637695312
114.73011779785156
116.63189697265625
116.94015502929688
133.25538635253906
136.0441131591797
136.94158935546875
140.2889862060547
140.4599609375
140.6520538330078
144.68240356445312
145.5953369140625
149.5660400390625
149.9933319091797
159.2702178955078
161.71270751953125
165.435791015625
166.294921875
171.30966186523438
172.5601348876953
174.13214111328125
175.60467529296875
176.4738006591797
177.0536651611328
178.84910583496094
179.3125762939453
180.6958770751953
181.76083374023438
181.92855834960938
183.54563903808594
184.41529846191406
187.62728881835938
189.21945190429688
203.25599670410156
205.40447998046875
206.2401580810547
208.24024963378906
209.7570037841797
212.0
216.50173950195312
216.59408569335938
218.74642944335938
222.74424743652344
227.02423095703125
227.7783966064453
234.90211486816406
235.25518798828125
240.2665252685547
260.0672912597656
