760.6381225585938 699.90966796875 1105.0169677734375 594.6505737304688
744.0030517578125 614.3392944335938 1112.043212890625 673.4703979492188
797.1024780273438 745.6907348632812 1080.996826171875 556.9970703125
737.5558471679688 685.5079956054688 1123.7392578125 610.2990112304688
813.987548828125 756.7332763671875 1070.0587158203125 547.6948852539062
810.9808349609375 777.4259643554688 1074.466064453125 536.1939086914062
718.626953125 718.4840698242188 1140.77001953125 589.821044921875
790.1455688476562 751.3440551757812 1087.67822265625 554.279296875
722.0916748046875 676.0474243164062 1136.0404052734375 621.1492309570312
728.5615234375 611.1560668945312 1125.81591796875 679.7374877929688
726.6530151367188 685.7899169921875 1133.034423828125 612.6693725585938
772.8917236328125 778.2609252929688 1102.2724609375 542.7711791992188
747.1065673828125 582.97998046875 1106.6766357421875 707.0306396484375
733.62646484375 691.49462890625 1127.033935546875 607.082763671875
718.4942016601562 681.8129272460938 1139.563720703125 617.610107421875
733.8095092773438 594.4952392578125 1119.7882080078125 696.514892578125
723.7238159179688 571.3732299804688 1131.0283203125 725.7138061523438
804.5924682617188 737.5490112304688 1074.7235107421875 561.1375122070312
756.6024169921875 569.265380859375 1092.2730712890625 720.5089721679688
710.8399658203125 676.8377685546875 1146.2886962890625 623.641845703125
806.5324096679688 750.4297485351562 1074.9658203125 552.8319091796875
808.0263061523438 792.38427734375 1078.34619140625 528.2545776367188
692.0427856445312 709.8564453125 1162.732421875 601.9532470703125
705.84033203125 712.5669555664062 1150.6015625 595.3724975585938
981.090576171875 587.9696655273438 876.6880493164062 642.6940307617188
819.396484375 775.540283203125 1068.8607177734375 535.3595581054688
688.5333862304688 850.720947265625 1163.0020751953125 517.8758544921875
825.7288208007812 789.1928100585938 1065.9522705078125 527.4082641601562
824.8274536132812 983.7796630859375 1085.064453125 446.174072265625
813.987548828125 756.7332763671875 1070.0587158203125 547.6948852539062
831.061279296875 743.3156127929688 1055.9561767578125 553.3743286132812
617.0996704101562 637.8867797851562 1233.6871337890625 680.9683227539062
718.4942016601562 681.8129272460938 1139.563720703125 617.610107421875
747.0039672851562 570.0772705078125 1103.8211669921875 722.4379272460938
1122.3438720703125 828.057373046875 877.8150024414062 466.1746520996094
