990.9555053710938 596.5292358398438 954.5422973632812 687.2825317382812
1072.564208984375 540.4119262695312 848.3546142578125 754.11376953125
1001.5785522460938 610.6813354492188 946.9901733398438 672.1746826171875
1016.3697509765625 632.5611572265625 937.8203735351562 652.3847045898438
1003.0914306640625 637.5233154296875 950.2224731445312 646.5728759765625
1038.5029296875 648.7291259765625 917.6936645507812 639.2466430664062
1030.8743896484375 553.422119140625 901.3662719726562 734.7730102539062
1026.039794921875 752.4403076171875 947.6686401367188 561.2767333984375
1128.1173095703125 597.3901977539062 812.5215454101562 685.56787109375
992.6246948242188 623.1755981445312 958.072265625 660.4385986328125
976.5326538085938 598.0277709960938 969.537841796875 685.3936157226562
985.070068359375 602.1612548828125 960.314453125 681.2627563476562
1074.6798095703125 549.2796020507812 849.3572387695312 741.6416625976562
1013.6957397460938 772.0543823242188 959.2056884765625 549.50244140625
