572.4060668945312 641.2821655273438 1155.783935546875 778.1317749023438
567.880615234375 725.5342407226562 1208.67333984375 709.6210327148438
567.880615234375 725.5342407226562 1208.67333984375 709.6210327148438
657.5415649414062 791.5665283203125 1180.8741455078125 618.5292358398438
690.4661254882812 690.3187866210938 1106.8570556640625 656.2564697265625
657.4580688476562 643.859130859375 1096.1683349609375 714.4429321289062
656.6376953125 571.251220703125 1036.1253662109375 782.6458740234375
604.1249389648438 666.9747314453125 1149.5372314453125 731.9713134765625
728.5615234375 611.1560668945312 1021.105224609375 690.96435546875
722.0916748046875 676.0474243164062 1075.4129638671875 650.4279174804688
536.2078857421875 699.380126953125 1217.8148193359375 751.3731079101562
635.892578125 668.6123657226562 1129.6683349609375 708.566650390625
537.6025390625 718.5763549804688 1224.902099609375 734.1749877929688
604.1249389648438 666.9747314453125 1149.5372314453125 731.9713134765625
592.1336059570312 657.57080078125 1151.3243408203125 749.8464965820312
636.1561889648438 636.3226928710938 1106.0513916015625 734.3590698242188
601.90380859375 653.1634521484375 1142.04345703125 744.1372680664062
723.4602661132812 705.9029541015625 1093.3492431640625 629.376953125
634.0972290039062 768.2019653320312 1184.432861328125 645.0418090820312
740.5074462890625 715.5504150390625 1090.1998291015625 615.6844482421875
509.8406982421875 739.907470703125 1255.255859375 734.7647705078125
692.0427856445312 709.8564453125 1115.3770751953125 645.1886596679688
645.3892822265625 545.400390625 1019.0891723632812 822.8731689453125
642.8786010742188 562.6360473632812 1038.955322265625 803.6332397460938
804.7047119140625 654.8675537109375 1008.1953735351562 610.0348510742188
617.0996704101562 637.8867797851562 1121.13037109375 746.6744384765625
751.39501953125 867.618896484375 1161.5584716796875 544.7313842773438
650.6389770507812 554.1828002929688 1025.8902587890625 804.6180419921875
817.7349243164062 736.793701171875 1057.8538818359375 566.8406372070312
604.9647827148438 640.2800903320312 1131.5810546875 752.70703125
