82.31645965576172
119.30213928222656
123.3369369506836
123.9112548828125
126.70043182373047
130.51820373535156
137.67715454101562
140.74444580078125
142.49562072753906
146.27713012695312
148.96644592285156
149.7664794921875
152.055908203125
154.7223358154297
158.08226013183594
160.28411865234375
161.62921142578125
168.0
173.08090209960938
182.97540283203125
185.56939697265625
187.88294982910156
188.1781005859375
200.2073974609375
201.48696899414062
202.12620544433594
210.64425659179688
212.5582275390625
216.77638244628906
231.55560302734375
237.89913940429688
241.02903747558594
246.0711212158203
