69.49819946289062
82.04267120361328
82.95178985595703
83.78543853759766
84.279296875
89.16838073730469
90.97801971435547
95.04209899902344
95.17352294921875
97.0
97.18538665771484
99.06058502197266
108.6554183959961
110.00909423828125
110.23157501220703
111.20701599121094
112.48555755615234
113.9429702758789
116.15937042236328
116.70475769042969
117.0128173828125
117.46914672851562
127.44410705566406
128.23805236816406
130.1383819580078
130.58714294433594
130.828125
131.62826538085938
132.8495330810547
133.58517456054688
133.60389709472656
135.2442169189453
137.60813903808594
137.93113708496094
139.8856658935547
142.97552490234375
144.09718322753906
145.5094451904297
146.55715942382812
147.0238037109375
150.3030242919922
150.66519165039062
151.48927307128906
151.822265625
152.26950073242188
152.4237518310547
154.82571411132812
155.07095336914062
156.1441650390625
157.57220458984375
159.06288146972656
160.50856018066406
160.5334930419922
161.72508239746094
163.407470703125
163.8474884033203
164.27720642089844
170.88592529296875
172.3136749267578
176.19590759277344
176.31222534179688
176.78518676757812
176.80780029296875
176.9915313720703
180.29974365234375
180.46328735351562
182.26902770996094
182.49658203125
185.1080780029297
185.3914794921875
187.104248046875
188.2232666015625
190.3181610107422
192.81338500976562
194.9923095703125
196.20143127441406
201.59613037109375
203.641845703125
206.27166748046875
207.07003784179688
209.22476196289062
211.7899932861328
214.32919311523438
216.1134033203125
216.34693908691406
218.20632934570312
218.50628662109375
219.53587341308594
223.55088806152344
223.6783447265625
226.35150146484375
227.04624938964844
231.21202087402344
235.2339324951172
238.51414489746094
241.7953643798828
241.99794006347656
242.4871063232422
