622.836669921875 693.9285278320312 1175.502197265625 1041.7596435546875
669.5118408203125 605.6583251953125 1053.653076171875 1039.69287109375
717.279541015625 666.8075561523438 1105.79248046875 971.6434936523438
632.1077270507812 714.3367919921875 1191.02294921875 1024.1866455078125
646.0430297851562 718.7796630859375 1191.4464111328125 1007.6503295898438
709.8619995117188 701.18212890625 1141.227294921875 964.9098510742188
1028.6080322265625 518.4539184570312 777.9797973632812 743.8146362304688
675.3325805664062 836.8814697265625 1272.140625 947.3697509765625
630.5908813476562 742.463134765625 1214.881103515625 1014.993408203125
770.401123046875 696.3447265625 1112.13037109375 915.3126831054688
729.1571044921875 684.0568237304688 1117.5677490234375 953.3628540039062
614.8273315429688 704.5568237304688 1190.5078125 1041.446533203125
600.7470703125 733.5120239257812 1223.45361328125 1044.151123046875
749.565673828125 671.4866333007812 1099.757080078125 939.6885375976562
729.1571044921875 684.0568237304688 1117.5677490234375 953.3628540039062
