1247.6590576171875 909.8862915039062 648.9121704101562 1025.5390625
1247.6590576171875 909.8862915039062 648.9121704101562 1025.5390625
1210.91845703125 940.3472900390625 628.187255859375 976.3363037109375
1240.6468505859375 962.0164794921875 586.697509765625 998.09228515625
1233.826416015625 951.4832763671875 602.0970458984375 995.8263549804688
1248.5264892578125 942.0433349609375 608.779541015625 1015.3699951171875
1070.225341796875 847.5800170898438 806.3720092773438 872.1868286132812
1220.912353515625 929.0850219726562 636.0911254882812 990.9190063476562
1186.389404296875 996.5875854492188 574.8300170898438 941.4654541015625
1157.724853515625 1011.4246826171875 572.0264282226562 915.4550170898438
1108.6376953125 846.8551025390625 799.3351440429688 909.8501586914062
1067.340576171875 839.587890625 821.9208984375 873.073486328125
1174.5216064453125 1012.4970092773438 565.0117797851562 927.9992065429688
1140.625 1015.7581787109375 576.0745239257812 902.117919921875
1196.806884765625 917.3832397460938 662.4786376953125 972.3955688476562
1078.735107421875 851.7880249023438 799.5711669921875 882.5610961914062
