153.16004943847656
156.671630859375
167.606689453125
167.80345153808594
181.38357543945312
181.4138946533203
182.10162353515625
183.858642578125
188.56033325195312
189.0052947998047
189.30662536621094
189.6022186279297
190.50721740722656
191.2615966796875
191.39227294921875
192.64215087890625
201.9678192138672
205.4507293701172
213.96261596679688
216.9308624267578
226.81710815429688
226.9845733642578
233.1973419189453
249.68980407714844
253.79913330078125
256.1112976074219
258.0968933105469
261.7727966308594
