1190.4227294921875 734.988037109375 637.6040649414062 577.4391479492188
1183.79296875 637.157470703125 702.3400268554688 669.425537109375
1199.56982421875 689.625 651.2311401367188 623.4476928710938
1104.03466796875 760.5115356445312 696.3993530273438 518.6683349609375
1140.6090087890625 684.2426147460938 710.4902954101562 595.5809936523438
1183.79296875 637.157470703125 702.3400268554688 669.425537109375
1231.5810546875 709.9082641601562 610.1279907226562 623.5350952148438
1215.787841796875 637.7930908203125 666.2813720703125 694.5220336914062
1250.371826171875 672.9083251953125 608.7825317382812 674.9713745117188
1221.705078125 708.311767578125 621.2810668945312 619.162109375
1030.73486328125 735.5830688476562 768.2908325195312 502.7403564453125
1104.03466796875 760.5115356445312 696.3993530273438 518.6683349609375
1244.63525390625 664.3610229492188 617.7318725585938 681.6216430664062
1107.538818359375 682.4161376953125 742.7479248046875 576.75537109375
1273.9237060546875 651.4986572265625 593.2798461914062 721.8875122070312
1176.4249267578125 611.9853515625 726.9556884765625 695.9639892578125
1285.8406982421875 674.6272583007812 568.2417602539062 699.49462890625
988.47412109375 775.6874389648438 767.8130493164062 462.1444396972656
1179.52001953125 620.5416259765625 716.8912963867188 687.3831787109375
1123.67041015625 780.8448486328125 671.9149780273438 511.8653564453125
1078.414306640625 710.3517456054688 743.2857055664062 538.81591796875
1138.7476806640625 653.0722045898438 731.79833984375 620.5062255859375
1165.0831298828125 613.7061767578125 738.7924194335938 683.8695068359375
1216.51171875 743.7412109375 609.9159545898438 584.6212158203125
1269.824462890625 677.4028930664062 583.8343505859375 682.9708251953125
1255.8106689453125 651.97021484375 611.9696044921875 706.9066772460938
1143.6790771484375 813.6763305664062 642.6228637695312 502.4637451171875
1238.3612060546875 658.6234741210938 628.4527587890625 683.0574951171875
1276.5465087890625 670.710693359375 582.3606567382812 698.0450439453125
1190.2001953125 663.71240234375 675.5211181640625 647.07177734375
1135.4024658203125 725.5563354492188 689.9906616210938 558.2241821289062
1053.574462890625 714.453857421875 763.5671997070312 523.46923828125
1046.848388671875 724.2210083007812 763.2774047851562 517.7628173828125
1196.17626953125 709.02099609375 646.8521118164062 603.1727905273438
1120.866455078125 667.7803344726562 738.247314453125 598.3184204101562
1120.866455078125 667.7803344726562 738.247314453125 598.3184204101562
1118.5589599609375 660.185302734375 745.5530395507812 602.5809936523438
1062.421875 721.5890502929688 750.2354736328125 526.6727905273438
1260.5833740234375 673.0433959960938 599.9556884765625 683.3382568359375
