122.42140197753906
132.6084442138672
134.46560668945312
157.14324951171875
158.142333984375
174.9885711669922
176.7880096435547
179.68026733398438
180.29974365234375
180.87841796875
181.01380920410156
191.68463134765625
194.6894989013672
196.06886291503906
199.80490112304688
202.01731872558594
203.1649627685547
205.20721435546875
205.24620056152344
210.4542694091797
211.52540588378906
213.70774841308594
214.03738403320312
217.2648162841797
222.40728759765625
228.02850341796875
231.02813720703125
231.6009521484375
231.98275756835938
232.2197265625
233.85679626464844
234.6273651123047
234.78500366210938
234.9978790283203
235.00851440429688
235.9194793701172
240.82981872558594
242.0970916748047
253.7735137939453
258.3834228515625
258.6136169433594
259.7845153808594
