1199.404296875 829.1255493164062 624.07177734375 749.31982421875
1176.544677734375 804.5607299804688 658.3599853515625 738.6631469726562
1154.859130859375 843.5802001953125 628.8462524414062 706.1530151367188
1235.4755859375 786.7310180664062 654.75244140625 804.0814208984375
1187.6318359375 807.9490356445312 649.901611328125 747.263427734375
1250.511474609375 801.6825561523438 629.9580688476562 813.1723022460938
1168.031494140625 809.225830078125 657.4251098632812 729.2459716796875
1115.1298828125 895.43701171875 597.864501953125 659.693115234375
1102.1412353515625 891.792724609375 605.231201171875 651.1345825195312
1248.2589111328125 782.7162475585938 652.7279052734375 819.4954833984375
1115.1298828125 895.43701171875 597.864501953125 659.693115234375
1257.045166015625 788.5618286132812 642.0794677734375 826.2030639648438
1190.622314453125 841.1122436523438 615.8202514648438 737.46240234375
1085.3673095703125 859.7303466796875 639.3190307617188 647.2334594726562
1161.9119873046875 860.734130859375 610.3132934570312 706.7149658203125
1248.3458251953125 771.11181640625 665.6486206054688 826.4710693359375
1176.0084228515625 844.2606811523438 619.1925659179688 722.8215942382812
1099.970947265625 877.4950561523438 618.524169921875 653.1196899414062
1137.2598876953125 801.7804565429688 676.9807739257812 705.0745239257812
1137.2598876953125 801.7804565429688 676.9807739257812 705.0745239257812
1102.1412353515625 891.792724609375 605.231201171875 651.1345825195312
1244.904296875 763.6417236328125 677.5126953125 826.6286010742188
1238.5328369140625 773.5697021484375 665.6928100585938 814.303955078125
1177.9056396484375 824.252197265625 637.974609375 732.8200073242188
1214.12255859375 770.4058227539062 682.4640502929688 791.1406860351562
1150.740234375 792.5731811523438 681.4976196289062 720.6509399414062
1264.8143310546875 753.1533203125 680.337890625 856.748291015625
1084.9102783203125 903.857177734375 600.9295043945312 636.4073486328125
1079.9281005859375 918.0249633789062 592.1787109375 629.995361328125
1269.2725830078125 782.6270751953125 643.4465942382812 842.2857666015625
1073.7467041015625 856.5177001953125 646.1145629882812 639.8939819335938
1145.511474609375 815.1767578125 660.146484375 708.8113403320312
1175.545654296875 814.8699951171875 648.8766479492188 733.280029296875
1126.16943359375 801.0787353515625 682.4343872070312 695.373779296875
1142.285888671875 791.9335327148438 686.4298095703125 712.3866577148438
1092.950927734375 897.0386962890625 604.1627197265625 643.4637451171875
1269.2725830078125 782.6270751953125 643.4465942382812 842.2857666015625
1177.9056396484375 824.252197265625 637.974609375 732.8200073242188
1146.32080078125 798.7984619140625 675.7681884765625 714.3285522460938
1161.4498291015625 747.6666870117188 728.4542846679688 751.4905395507812
1160.0848388671875 828.5899047851562 641.4766845703125 713.9630737304688
1170.927978515625 706.9464721679688 777.4222412109375 778.2422485351562
1153.5042724609375 688.3119506835938 810.4359130859375 768.2381591796875
1244.8739013671875 738.9862670898438 707.0841674804688 841.8604125976562
1064.40185546875 861.9286499023438 645.2925415039062 631.934814453125
1259.21484375 773.9561157226562 655.53125 835.2415771484375
1159.15966796875 793.1922607421875 679.3323364257812 727.3875732421875
1085.2430419921875 743.9534301757812 758.7699584960938 680.9796752929688
1224.1260986328125 760.4147338867188 687.8673706054688 805.6771240234375
1107.3311767578125 725.9314575195312 773.970458984375 705.27099609375
1160.0848388671875 828.5899047851562 641.4766845703125 713.9630737304688
1254.5086669921875 744.9049682617188 696.0592651367188 848.9539794921875
923.96044921875 902.0922241210938 658.0897827148438 538.2551879882812
1244.904296875 763.6417236328125 677.5126953125 826.6286010742188
1070.9180908203125 885.5419311523438 622.0106811523438 630.4376831054688
1075.0701904296875 908.753662109375 601.1338500976562 628.9967651367188
1050.765869140625 858.6622314453125 653.7273559570312 623.7710571289062
1182.0732421875 687.0507202148438 804.494384765625 802.4315185546875
1078.70849609375 879.3984375 624.9064331054688 637.70947265625
1077.23486328125 893.7147216796875 612.7505493164062 633.1519165039062
1143.8753662109375 682.6188354492188 820.7586059570312 761.4097290039062
1189.7379150390625 696.2366943359375 788.2786254882812 805.2109375
1071.96240234375 742.8616943359375 764.0509643554688 668.9862670898438
1146.32080078125 798.7984619140625 675.7681884765625 714.3285522460938
1143.8753662109375 682.6188354492188 820.7586059570312 761.4097290039062
1094.2747802734375 882.6478881835938 616.0784912109375 648.1017456054688
1078.70849609375 879.3984375 624.9064331054688 637.70947265625
1259.21484375 773.9561157226562 655.53125 835.2415771484375
1001.984619140625 769.379150390625 754.0030517578125 607.841552734375
1167.4091796875 834.3577270507812 631.023193359375 719.5127563476562
1190.98828125 687.0387573242188 799.5834350585938 810.9408569335938
1095.3026123046875 719.927490234375 784.4561767578125 697.376953125
1077.443115234375 749.4384765625 754.8684692382812 671.9891967773438
1244.2900390625 750.2395629882812 693.5014038085938 832.1390991210938
986.0048217773438 793.3753662109375 736.757568359375 591.2252197265625
1030.8809814453125 880.7677612304688 639.4624633789062 606.79833984375
1047.583740234375 872.3463134765625 641.7782592773438 617.7196044921875
1077.443115234375 749.4384765625 754.8684692382812 671.9891967773438
1077.23486328125 893.7147216796875 612.7505493164062 633.1519165039062
1039.0943603515625 725.6013793945312 795.5844116210938 647.5548706054688
1244.2900390625 750.2395629882812 693.5014038085938 832.1390991210938
1159.5626220703125 676.2470092773438 826.081298828125 779.3818359375
941.3309936523438 947.4432373046875 616.2741088867188 543.492431640625
