63.85139083862305
73.83766174316406
76.94803619384766
84.42156219482422
87.4356918334961
91.50409698486328
92.21713256835938
92.25508117675781
92.93008422851562
93.66963195800781
99.97999572753906
102.068603515625
104.41264343261719
108.1341781616211
109.83624267578125
110.59837341308594
111.2744369506836
112.5921859741211
114.49454498291016
115.24321746826172
117.43934631347656
121.01239776611328
122.57242584228516
125.91664123535156
127.3577651977539
129.6071014404297
129.68807983398438
130.71725463867188
134.06341552734375
135.4400177001953
136.53936767578125
138.31124877929688
140.5809326171875
142.16891479492188
144.42298889160156
145.77037048339844
147.3974151611328
150.7613983154297
152.8953857421875
152.9019317626953
153.75955200195312
156.95541381835938
157.13052368164062
159.47413635253906
160.63623046875
160.7202606201172
162.6622314453125
163.09506225585938
165.051513671875
165.6834259033203
168.06546020507812
168.5229949951172
168.64756774902344
173.32339477539062
173.95401000976562
175.05712890625
176.47096252441406
176.96609497070312
180.163818359375
181.27879333496094
182.2909698486328
182.34857177734375
183.65184020996094
183.86407470703125
184.90267944335938
189.31190490722656
190.84548950195312
193.82208251953125
194.069580078125
195.94642639160156
199.5093994140625
200.7062530517578
201.94305419921875
202.26467895507812
207.25587463378906
208.63365173339844
212.41233825683594
219.21678161621094
220.4336700439453
225.1044158935547
235.69683837890625
243.8565216064453
263.4273986816406
