1099.970947265625 877.4950561523438 792.0299072265625 857.080078125
1075.0701904296875 908.753662109375 757.216552734375 840.6304321289062
1176.544677734375 804.5607299804688 897.8526611328125 915.0720825195312
920.9203491210938 979.3278198242188 677.7238159179688 748.4473266601562
1146.32080078125 798.7984619140625 895.7803955078125 883.7487182617188
1073.7467041015625 856.5177001953125 810.42626953125 829.3776245117188
1146.32080078125 798.7984619140625 895.7803955078125 883.7487182617188
923.96044921875 902.0922241210938 744.7910766601562 728.6325073242188
1177.9056396484375 824.252197265625 873.2489624023438 919.7412109375
1137.2598876953125 801.7804565429688 889.5626831054688 874.8980712890625
1130.7857666015625 808.0240478515625 879.6458740234375 870.7022705078125
1064.40185546875 861.9286499023438 803.6195678710938 821.9802856445312
1176.0084228515625 844.2606811523438 847.739013671875 920.69677734375
973.6116333007812 939.5671997070312 715.79052734375 771.30322265625
1098.6341552734375 905.917236328125 764.1137084960938 861.4786987304688
1199.404296875 829.1255493164062 872.5431518554688 943.125
1126.16943359375 801.0787353515625 886.8361206054688 862.4363403320312
1161.4498291015625 747.6666870117188 973.37451171875 890.4081420898438
1142.285888671875 791.9335327148438 903.0532836914062 876.2456665039062
1187.6318359375 807.9490356445312 895.9097290039062 928.7650146484375
1079.9281005859375 918.0249633789062 749.3731079101562 848.332275390625
1069.10888671875 753.5394287109375 931.1470947265625 799.3516235351562
1091.1563720703125 751.4910888671875 941.1078491210938 818.8345336914062
911.6245727539062 950.4151611328125 701.9031372070312 733.9828491210938
1282.2677001953125 783.58984375 966.28076171875 1038.6473388671875
1214.12255859375 770.4058227539062 959.8767700195312 949.9148559570312
1048.29052734375 732.4603271484375 951.1956787109375 775.882568359375
989.9240112304688 798.7674560546875 855.391357421875 747.2783203125
955.373046875 951.4061279296875 705.802734375 763.5120239257812
1248.2589111328125 782.7162475585938 953.2053833007812 993.6137084960938
1061.9842529296875 876.71923828125 787.1144409179688 823.6319580078125
1072.1259765625 870.2019653320312 796.059814453125 830.1673583984375
1153.5042724609375 688.3119506835938 1059.066650390625 865.361328125
1168.031494140625 809.225830078125 889.4431762695312 906.6305541992188
1137.2598876953125 801.7804565429688 889.5626831054688 874.8980712890625
969.8585205078125 920.378173828125 731.9507446289062 765.386474609375
1160.0848388671875 828.5899047851562 862.33740234375 902.2064819335938
1078.70849609375 879.3984375 787.5814208984375 837.4247436523438
1238.5328369140625 773.5697021484375 962.5308227539062 981.74267578125
1269.2725830078125 782.6270751953125 963.482666015625 1021.275634765625
874.4661865234375 845.578857421875 787.7490234375 682.125244140625
1095.3026123046875 719.927490234375 985.1854248046875 814.9456176757812
995.7379760742188 792.79736328125 863.7969970703125 749.9390258789062
1160.0848388671875 828.5899047851562 862.33740234375 902.2064819335938
1047.583740234375 872.3463134765625 789.1242065429688 810.8981323242188
1077.23486328125 893.7147216796875 771.9909057617188 839.5354614257812
1120.4354248046875 707.2075805664062 1015.6657104492188 835.9921875
934.2427978515625 964.5670776367188 691.9839477539062 751.8248291015625
1087.288330078125 723.3668212890625 978.0650634765625 807.8028564453125
975.0494995117188 795.7297973632812 855.764892578125 734.8792114257812
1167.4091796875 834.3577270507812 855.7825927734375 911.841796875
949.8147583007812 925.510498046875 725.3108520507812 752.9180297851562
1085.8775634765625 887.9542846679688 779.3015747070312 845.7135620117188
1064.40185546875 861.9286499023438 803.6195678710938 821.9802856445312
1153.5042724609375 688.3119506835938 1059.066650390625 865.361328125
1078.70849609375 879.3984375 787.5814208984375 837.4247436523438
1085.2430419921875 743.9534301757812 947.1109619140625 811.4641723632812
1071.96240234375 742.8616943359375 945.12548828125 799.057861328125
1053.7957763671875 882.05078125 780.1151123046875 818.0928955078125
927.9994506835938 705.0286254882812 946.9901733398438 672.1746826171875
932.5836181640625 936.5680541992188 715.6046142578125 744.9126586914062
932.5836181640625 936.5680541992188 715.6046142578125 744.9126586914062
739.4278564453125 861.806396484375 757.3832397460938 610.5447998046875
865.8579711914062 808.4474487304688 820.7880249023438 663.388427734375
986.0048217773438 793.3753662109375 860.3250732421875 741.1761474609375
981.245361328125 802.8583374023438 849.3572387695312 741.6416625976562
1080.306640625 728.0149536132812 969.0369873046875 803.0143432617188
1135.3251953125 815.6698608398438 872.2293090820312 876.6707763671875
1239.3466796875 752.7194213867188 996.7687377929688 979.8219604492188
1072.1259765625 870.2019653320312 796.059814453125 830.1673583984375
748.2955322265625 879.5606079101562 743.9274291992188 620.6839599609375
793.0858154296875 1015.3226928710938 645.6791381835938 682.455322265625
1077.443115234375 749.4384765625 938.7254028320312 806.023193359375
