958.7373657226562 807.2427368164062 979.263916015625 733.0219116210938
1173.4754638671875 725.4628295898438 792.1676025390625 794.3995971679688
1300.8291015625 768.9403076171875 689.6576538085938 766.7324829101562
967.8928833007812 778.5779418945312 975.6012573242188 751.4154052734375
986.0048217773438 793.3753662109375 959.7593994140625 742.3927001953125
995.7379760742188 792.79736328125 953.5286865234375 742.5033569335938
1021.6366577148438 792.2249755859375 932.8140869140625 743.3856811523438
1085.3673095703125 859.7303466796875 887.1226806640625 706.8623046875
1030.8809814453125 880.7677612304688 925.8470458984375 695.2631225585938
975.0494995117188 795.7297973632812 968.46240234375 740.8707885742188
1001.984619140625 769.379150390625 948.6536865234375 758.2635498046875
1190.98828125 687.0387573242188 758.2837524414062 833.6888427734375
977.392822265625 783.8488159179688 967.2881469726562 748.2793579101562
1022.3677368164062 874.6079711914062 931.254638671875 698.008544921875
1211.780517578125 758.3477783203125 765.2051391601562 770.0004272460938
1064.40185546875 861.9286499023438 901.8171997070312 704.67431640625
1190.98828125 687.0387573242188 758.2837524414062 833.6888427734375
955.373046875 951.4061279296875 972.3059692382812 666.9177856445312
1157.879150390625 626.190185546875 774.4242553710938 902.2723999023438
1182.0732421875 687.0507202148438 767.4163818359375 836.095703125
955.373046875 951.4061279296875 972.3059692382812 666.9177856445312
978.3063354492188 816.6123046875 964.8006591796875 728.3533935546875
950.431640625 967.4955444335938 975.0712890625 661.0067749023438
1224.1260986328125 760.4147338867188 754.4806518554688 768.8810424804688
1238.5328369140625 773.5697021484375 746.7960205078125 760.2841186523438
941.3309936523438 947.4432373046875 980.0757446289062 668.2857666015625
1170.927978515625 706.9464721679688 787.3594360351562 811.7438354492188
1072.1259765625 870.2019653320312 896.9046630859375 700.6361083984375
