1163.261962890625 717.3214111328125 777.1985473632812 753.4093017578125
1163.261962890625 717.3214111328125 777.1985473632812 753.4093017578125
1176.544677734375 804.5607299804688 749.2677612304688 684.5997924804688
1142.285888671875 791.9335327148438 779.7686767578125 685.5826416015625
1190.98828125 687.0387573242188 757.39794921875 797.1400756835938
1182.0732421875 687.0507202148438 767.7396850585938 794.8186645507812
1170.927978515625 706.9464721679688 772.850830078125 766.7154541015625
1153.5042724609375 688.3119506835938 795.973876953125 779.81396484375
1228.0657958984375 749.6412963867188 709.7040405273438 744.8173828125
1189.7379150390625 696.2366943359375 755.8926391601562 788.3368530273438
1145.511474609375 815.1767578125 774.1407470703125 668.7567749023438
1235.4755859375 786.7310180664062 698.2578735351562 715.55126953125
1170.927978515625 706.9464721679688 772.850830078125 766.7154541015625
1153.5042724609375 688.3119506835938 795.973876953125 779.81396484375
1177.9056396484375 824.252197265625 745.9580078125 670.6890869140625
1238.5328369140625 773.5697021484375 697.2149047851562 725.7453002929688
1099.7371826171875 748.671630859375 827.04150390625 703.8272094726562
1182.0732421875 687.0507202148438 767.7396850585938 794.8186645507812
1168.031494140625 809.225830078125 755.6581420898438 678.9208984375
1264.8143310546875 753.1533203125 670.793701171875 757.0382080078125
1154.859130859375 843.5802001953125 759.8036499023438 654.0289306640625
991.8529052734375 818.1189575195312 886.8627319335938 628.7750854492188
1064.40185546875 861.9286499023438 822.198486328125 623.1389770507812
1224.1260986328125 760.4147338867188 712.8388061523438 732.8443603515625
1157.879150390625 626.190185546875 814.2827758789062 860.7304077148438
1244.904296875 763.6417236328125 692.1339111328125 737.654296875
1160.0848388671875 828.5899047851562 760.886474609375 663.3704223632812
1244.904296875 763.6417236328125 692.1339111328125 737.654296875
1159.5626220703125 676.2470092773438 797.7322387695312 794.389404296875
