1312.393798828125 533.649658203125 1342.363037109375 550.46435546875
1091.609130859375 864.2920532226562 977.0924072265625 848.080078125
1050.9425048828125 872.0202026367188 935.0511474609375 848.8431396484375
1229.3829345703125 740.0056762695312 1167.106689453125 750.566162109375
1324.021484375 684.8255004882812 1293.9903564453125 707.7037353515625
1036.7088623046875 757.1239624023438 959.1554565429688 734.2748413085938
1154.60205078125 725.2586059570312 1094.078857421875 721.7114868164062
1281.3033447265625 690.9234619140625 1243.335693359375 706.8372802734375
961.6138916015625 689.801513671875 914.158203125 656.8141479492188
1205.4210205078125 834.11865234375 1107.0927734375 840.270263671875
1388.7713623046875 675.2354125976562 1375.0616455078125 709.3984985351562
942.7029418945312 639.8860473632812 909.5439453125 608.384033203125
784.5608520507812 730.7013549804688 731.3900756835938 671.42041015625
1036.921875 838.8939819335938 932.0669555664062 813.320068359375
1055.096923828125 824.5936279296875 955.7177734375 803.65673828125
1055.096923828125 824.5936279296875 955.7177734375 803.65673828125
1197.297607421875 692.9561767578125 1150.1873779296875 695.6895141601562
881.5140380859375 599.0866088867188 863.7322998046875 559.9827270507812
675.5723266601562 911.6185913085938 579.049072265625 820.0153198242188
1202.0928955078125 523.185791015625 1220.381591796875 525.28515625
910.0025024414062 848.46923828125 807.5559692382812 800.8526000976562
811.3828735351562 757.2135620117188 746.4754638671875 699.2380981445312
1340.974609375 682.0947875976562 1311.825927734375 708.0463256835938
761.28564453125 536.6416015625 773.546630859375 487.58258056640625
910.0025024414062 848.46923828125 807.5559692382812 800.8526000976562
773.8930053710938 569.6954956054688 774.4838256835938 519.8383178710938
781.7988891601562 835.6400146484375 694.6581420898438 767.9812622070312
1085.5213623046875 843.5093994140625 978.5032958984375 827.1343994140625
923.6319580078125 746.9659423828125 854.1979370117188 706.5827026367188
1014.7758178710938 721.1083984375 952.0443115234375 696.718505859375
631.8364868164062 682.2272338867188 614.3662109375 606.8594970703125
759.7714233398438 585.2860717773438 756.8223266601562 532.6624145507812
1219.8975830078125 804.784423828125 1134.1036376953125 812.882568359375
914.305908203125 646.8276977539062 878.8718872070312 610.078125
1006.7728881835938 852.9871826171875 898.7377319335938 820.950927734375
933.9049682617188 668.7366943359375 891.2205810546875 633.478515625
1340.974609375 682.0947875976562 1311.825927734375 708.0463256835938
795.1930541992188 600.716064453125 782.834228515625 551.3617553710938
935.2266845703125 763.4180297851562 860.4560546875 724.41650390625
1062.4605712890625 801.9414672851562 974.43798828125 782.814208984375
763.0451049804688 505.06280517578125 786.292236328125 458.2922668457031
1142.18798828125 718.7703857421875 1084.2684326171875 712.3163452148438
1179.594970703125 727.3801879882812 1119.563232421875 728.29833984375
670.2003784179688 665.5843505859375 651.467041015625 596.7092895507812
1331.56640625 655.0789794921875 1312.660888671875 683.0372924804688
821.0933837890625 772.1040649414062 751.1036987304688 715.2839965820312
1156.9029541015625 790.4654541015625 1071.118896484375 789.3058471679688
1221.6971435546875 676.6638793945312 1181.610107421875 684.07470703125
920.1128540039062 833.445068359375 823.191162109375 788.0953979492188
687.6973876953125 752.0213623046875 640.0070190429688 676.9485473632812
1103.188232421875 833.4520874023438 1000.9441528320312 819.3519287109375
881.4253540039062 658.6743774414062 846.7275390625 617.6317138671875
693.2022705078125 696.1065063476562 662.052001953125 626.9467163085938
1222.221435546875 509.2005920410156 1244.6673583984375 513.4962768554688
689.82421875 897.6864624023438 596.1597900390625 808.7340698242188
638.2498168945312 669.4417114257812 623.7955932617188 596.0479736328125
793.9331665039062 590.685302734375 786.2252807617188 542.3726196289062
633.6856689453125 874.0140991210938 555.6581420898438 778.8529663085938
686.2571411132812 777.0806274414062 630.61181640625 700.68994140625
1190.501708984375 807.9694213867188 1100.07373046875 811.600341796875
775.4500732421875 586.6537475585938 769.9154052734375 536.1541748046875
922.4688720703125 727.2926635742188 860.1919555664062 688.6654663085938
906.7257080078125 781.7827758789062 824.3919677734375 737.5354614257812
834.517333984375 868.2820434570312 731.884521484375 805.8917846679688
785.7582397460938 770.151611328125 720.3867797851562 708.1881103515625
646.16552734375 659.3854370117188 634.19921875 587.1343383789062
936.3531494140625 740.1331176757812 869.2384643554688 702.8046264648438
1377.482666015625 663.8992919921875 1363.6717529296875 696.0130615234375
1154.60205078125 725.2586059570312 1094.078857421875 721.7114868164062
790.4488525390625 738.0137939453125 734.312255859375 680.091064453125
1293.586669921875 587.3146362304688 1294.0931396484375 606.3046264648438
1199.7430419921875 824.5515747070312 1104.035888671875 828.4583740234375
1142.18798828125 718.7703857421875 1084.2684326171875 712.3163452148438
907.4542236328125 673.7994995117188 864.4946899414062 634.9801025390625
748.8355712890625 667.4793090820312 720.1249389648438 608.42578125
1114.98876953125 711.5032348632812 1056.578369140625 702.4468994140625
674.9999389648438 862.0425415039062 593.7936401367188 774.6604614257812
1103.188232421875 833.4520874023438 1000.9441528320312 819.3519287109375
656.6686401367188 603.5430297851562 660.470703125 537.94580078125
775.4500732421875 586.6537475585938 769.9154052734375 536.1541748046875
1169.120849609375 530.9091796875 1181.0906982421875 528.4478759765625
782.9893188476562 682.102783203125 745.58935546875 626.0333251953125
1129.3526611328125 571.7146606445312 1122.1270751953125 567.8645629882812
1199.7823486328125 817.2979125976562 1104.4635009765625 821.9453125
666.0663452148438 517.018798828125 696.224365234375 459.6820983886719
903.6710815429688 655.7508544921875 867.3141479492188 617.2127685546875
784.001708984375 649.343017578125 758.123779296875 595.7070922851562
1197.297607421875 692.9561767578125 1150.1873779296875 695.6895141601562
1085.5401611328125 713.8853759765625 1026.0987548828125 702.11083984375
1253.268310546875 672.4892578125 1219.461181640625 686.2711791992188
1051.1925048828125 854.488037109375 940.2196044921875 831.9302368164062
754.3126831054688 478.7781677246094 787.4464111328125 432.4866638183594
1025.32763671875 702.0711669921875 972.384521484375 680.02587890625
825.85986328125 851.7073364257812 728.2640991210938 790.5043334960938
1037.2828369140625 421.0378112792969 1081.228515625 403.595458984375
1151.8287353515625 604.53662109375 1136.330322265625 603.73876953125
668.3615112304688 660.0043334960938 652.4507446289062 589.4232788085938
913.7225952148438 772.930419921875 837.1033325195312 730.4298706054688
622.3137817382812 782.4144287109375 574.2167358398438 695.9365844726562
743.0457763671875 463.5367736816406 781.3062133789062 417.922607421875
858.5560913085938 599.3140869140625 843.02978515625 557.1658325195312
1050.55615234375 737.7634887695312 981.2861938476562 718.1329956054688
883.8056640625 768.1939697265625 809.2327880859375 722.078125
1282.1318359375 576.3099975585938 1289.0821533203125 590.5641479492188
1236.3663330078125 536.89013671875 1252.12451171875 543.2374877929688
687.6973876953125 752.0213623046875 640.0070190429688 676.9485473632812
1031.13330078125 732.9822998046875 963.0028076171875 710.428955078125
902.8275146484375 731.345458984375 840.9649047851562 688.89599609375
1155.162109375 802.1195068359375 1065.0391845703125 801.00537109375
1372.7784423828125 649.2431640625 1365.399169921875 678.3839721679688
1315.326171875 643.61865234375 1299.19091796875 666.6632080078125
776.7776489257812 864.233154296875 681.6175537109375 792.2172241210938
1158.5078125 514.5809936523438 1177.1234130859375 511.6433410644531
812.2216186523438 730.7528076171875 757.1142578125 675.2132568359375
663.4049072265625 882.3526611328125 578.6435546875 792.189697265625
790.2195434570312 569.344482421875 789.8887939453125 521.8719482421875
1146.6624755859375 546.3831176757812 1148.44775390625 540.5294799804688
885.8250732421875 635.9574584960938 857.2405395507812 596.0772705078125
898.8133544921875 663.7777099609375 859.4691162109375 624.5049438476562
1210.355712890625 608.0209350585938 1196.0003662109375 612.9854125976562
1031.13330078125 732.9822998046875 963.0028076171875 710.428955078125
1166.8878173828125 692.0704956054688 1119.283447265625 689.7740478515625
811.2237548828125 674.7105712890625 774.2577514648438 622.9812622070312
1179.97607421875 789.09814453125 1096.0953369140625 791.1160888671875
1073.885498046875 497.44171142578125 1093.30419921875 483.2625732421875
1253.268310546875 672.4892578125 1219.461181640625 686.2711791992188
902.8275146484375 731.345458984375 840.9649047851562 688.89599609375
1070.95849609375 490.3620300292969 1091.3016357421875 477.12835693359375
1180.939453125 526.5947875976562 1195.83251953125 525.1481323242188
1237.879150390625 520.3850708007812 1258.443359375 527.7230834960938
645.0389404296875 894.5823974609375 557.9228515625 800.0978393554688
1255.600341796875 654.1434326171875 1229.921875 666.9951782226562
809.017578125 588.1324462890625 801.3211059570312 540.0869140625
1291.385986328125 563.732177734375 1304.03271484375 578.7114868164062
665.3670043945312 655.8643798828125 653.4147338867188 585.813232421875
905.3155517578125 757.4884643554688 838.3680419921875 714.6656494140625
1234.5279541015625 652.7633666992188 1205.6953125 662.6156005859375
776.9761352539062 664.63671875 746.1720581054688 608.933349609375
666.13427734375 604.5939331054688 668.628662109375 538.6063232421875
665.5999145507812 752.1859741210938 620.9991455078125 674.0324096679688
1103.3330078125 516.2379150390625 1115.78759765625 507.9429626464844
648.3294677734375 530.9757690429688 675.2110595703125 471.8338928222656
656.7744140625 759.8282470703125 611.1693725585938 681.67333984375
1209.5250244140625 590.020751953125 1200.374755859375 592.7070922851562
929.6878662109375 867.9398193359375 820.3876953125 823.7305908203125
1342.746826171875 655.353759765625 1328.34619140625 680.8422241210938
792.4930419921875 654.9327392578125 764.1618041992188 602.22705078125
1097.815673828125 553.1409301757812 1096.3568115234375 542.4395141601562
684.092041015625 881.56591796875 595.6276245117188 793.6583251953125
893.7504272460938 650.2102661132812 859.525634765625 611.0222778320312
1365.21484375 666.7229614257812 1349.7159423828125 698.0926513671875
1200.7353515625 599.7105712890625 1189.7686767578125 602.216796875
1166.55517578125 647.6176147460938 1134.9892578125 649.4105834960938
793.3165893554688 584.5882568359375 786.6453247070312 536.254638671875
1038.4251708984375 437.16546630859375 1076.7352294921875 419.84466552734375
676.0559692382812 665.8973999023438 657.8700561523438 597.5460815429688
760.6910400390625 751.8973999023438 703.1575927734375 688.7837524414062
1343.7303466796875 670.5885009765625 1322.0396728515625 697.177490234375
904.7584838867188 640.3919677734375 874.04052734375 601.6965942382812
1258.0521240234375 528.6979370117188 1280.499267578125 536.5352783203125
1059.1160888671875 423.5265808105469 1103.5421142578125 408.11456298828125
1033.9879150390625 724.6967163085938 970.5614624023438 702.7020263671875
1158.3612060546875 522.5919799804688 1172.312255859375 518.3817749023438
774.5074462890625 592.9306030273438 767.927490234375 542.0372314453125
667.7402954101562 532.2845458984375 692.13818359375 474.0058898925781
1039.172119140625 444.060546875 1075.724365234375 426.4246826171875
1138.4510498046875 705.3253173828125 1083.356689453125 699.9496459960938
1056.8326416015625 477.610595703125 1081.479736328125 462.0353088378906
667.19775390625 541.0706787109375 688.9595947265625 481.3840026855469
1365.21484375 666.7229614257812 1349.7159423828125 698.0926513671875
1142.8564453125 525.0447387695312 1154.96728515625 519.170166015625
