100.5683822631836
103.86048126220703
114.2716064453125
127.59310150146484
131.96591186523438
134.75161743164062
135.8712615966797
148.54965209960938
155.6374053955078
157.70858764648438
160.62066650390625
162.0216064453125
166.52928161621094
166.89517211914062
167.1765594482422
175.7697296142578
179.14797973632812
179.29026794433594
179.39341735839844
179.70252990722656
184.8052978515625
184.88916015625
187.79776000976562
189.68658447265625
193.261474609375
199.2259979248047
200.02249145507812
202.36846923828125
202.75108337402344
224.8488311767578
234.5762176513672
282.720703125
