1127.69970703125 738.2030029296875 777.1985473632812 753.4093017578125
1168.9273681640625 723.7767944335938 755.8926391601562 788.3368530273438
1141.48876953125 730.1807861328125 772.850830078125 766.7154541015625
1154.60205078125 725.2586059570312 765.68896484375 778.4506225585938
1141.48876953125 730.1807861328125 772.850830078125 766.7154541015625
1179.594970703125 727.3801879882812 744.6798095703125 791.9490356445312
1179.97607421875 789.09814453125 709.7040405273438 744.8173828125
1154.60205078125 725.2586059570312 765.68896484375 778.4506225585938
1179.97607421875 789.09814453125 709.7040405273438 744.8173828125
1207.34521484375 772.9775390625 695.8112182617188 772.4987182617188
1165.55126953125 810.3478393554688 709.1387939453125 724.4048461914062
1172.9156494140625 716.34716796875 757.39794921875 797.1400756835938
1167.3472900390625 799.8160400390625 712.8388061523438 732.8443603515625
1190.501708984375 807.9694213867188 692.1339111328125 737.654296875
1157.3297119140625 791.8740844726562 724.4388427734375 732.0054321289062
1082.572998046875 810.4788208007812 765.5943603515625 687.3363647460938
1156.9029541015625 790.4654541015625 725.5763549804688 733.7316284179688
1194.031494140625 817.2221069335938 686.2326049804688 732.9774169921875
1138.8931884765625 695.6484985351562 797.7322387695312 794.389404296875
1177.76513671875 847.161376953125 684.819091796875 708.0811767578125
1159.0723876953125 677.9768676757812 796.42236328125 824.0078125
1194.7276611328125 717.2742919921875 738.7346801757812 809.7940673828125
1190.501708984375 807.9694213867188 692.1339111328125 737.654296875
1166.8878173828125 692.0704956054688 779.0994873046875 815.0736694335938
1221.6971435546875 676.6638793945312 745.165283203125 870.4105834960938
1062.4605712890625 801.9414672851562 779.7686767578125 685.5826416015625
1177.76513671875 847.161376953125 684.819091796875 708.0811767578125
1036.7088623046875 757.1239624023438 828.2981567382812 693.8843994140625
1219.8975830078125 804.784423828125 670.793701171875 757.0382080078125
1051.1925048828125 854.488037109375 759.8036499023438 654.0289306640625
1100.3270263671875 848.4620971679688 733.2911987304688 675.4286499023438
1066.353515625 815.9090576171875 771.697998046875 677.4189453125
1264.5782470703125 667.8304443359375 708.397705078125 916.0628662109375
1253.268310546875 672.4892578125 715.0064697265625 899.0339965820312
1061.48876953125 842.430419921875 760.886474609375 663.3704223632812
1044.4462890625 748.9203491210938 827.04150390625 703.8272094726562
1257.552978515625 686.51513671875 703.5092163085938 886.6231079101562
946.3327026367188 749.5717163085938 887.4376831054688 661.8295288085938
1040.259765625 805.7933959960938 790.6824951171875 674.9611206054688
946.3327026367188 749.5717163085938 887.4376831054688 661.8295288085938
1100.3270263671875 848.4620971679688 733.2911987304688 675.4286499023438
1253.268310546875 672.4892578125 715.0064697265625 899.0339965820312
1125.27978515625 724.5183715820312 788.1390380859375 762.6896362304688
1095.8714599609375 825.3616333007812 749.2677612304688 684.5997924804688
1166.55517578125 647.6176147460938 814.2827758789062 860.7304077148438
1281.3033447265625 690.9234619140625 676.55810546875 900.5571899414062
1229.3829345703125 740.0056762695312 695.2725830078125 813.5374755859375
1224.145263671875 602.7797241210938 804.6612548828125 971.6182861328125
1359.048095703125 676.2593994140625 601.4170532226562 989.7103881835938
1223.031982421875 666.7239379882812 750.2753295898438 884.352783203125
1209.5250244140625 590.020751953125 829.3562622070312 980.5662231445312
913.7225952148438 772.930419921875 885.8026733398438 638.8857421875
1187.162841796875 588.88623046875 856.5286865234375 957.09228515625
1161.2451171875 704.94775390625 775.419677734375 800.8228759765625
1082.71484375 826.5810546875 755.6581420898438 678.9208984375
1266.2567138671875 683.1687622070312 697.3482055664062 897.2132568359375
1111.70654296875 693.7433471679688 820.8929443359375 779.6966552734375
1340.974609375 682.0947875976562 622.8919677734375 963.7584228515625
1131.1864013671875 660.5941162109375 832.9063720703125 823.4435424804688
1256.2037353515625 661.6502075195312 722.2820434570312 916.3988037109375
1209.4532470703125 800.2771606445312 682.7274780273438 751.7330322265625
922.4688720703125 727.2926635742188 913.818359375 665.3308715820312
