93.92549896240234
96.78326416015625
121.56068420410156
125.32357788085938
129.1123504638672
134.41726684570312
135.28488159179688
137.71347045898438
138.1339874267578
139.84991455078125
140.21055603027344
147.12579345703125
149.64291381835938
150.56228637695312
150.9403839111328
151.79261779785156
152.941162109375
156.59182739257812
157.75613403320312
158.0158233642578
162.63763427734375
162.8189239501953
163.97256469726562
164.53570556640625
164.66026306152344
165.11813354492188
165.52944946289062
167.77664184570312
168.2230682373047
169.14195251464844
169.85581970214844
172.2440185546875
172.6383514404297
174.21250915527344
175.75267028808594
178.14881896972656
179.03631591796875
180.5020751953125
181.72781372070312
182.7101593017578
183.07376098632812
183.1338348388672
183.29757690429688
183.43118286132812
185.03512573242188
185.5909423828125
187.3179168701172
190.596435546875
190.6960906982422
198.9673309326172
200.26731872558594
202.4821014404297
204.39422607421875
206.03640747070312
207.00965881347656
207.0821075439453
207.4439697265625
209.66639709472656
212.63348388671875
213.19239807128906
214.59030151367188
218.51773071289062
219.9840850830078
220.029541015625
222.7218017578125
226.38241577148438
226.9801788330078
227.57635498046875
227.75645446777344
228.31338500976562
236.20965576171875
243.9180145263672
244.68756103515625
248.31431579589844
