1311.720947265625 865.7205810546875 675.8777465820312 1002.7107543945312
1311.720947265625 865.7205810546875 675.8777465820312 1002.7107543945312
1301.994384765625 845.8348999023438 701.6260986328125 992.59619140625
1236.32275390625 847.8226318359375 692.97412109375 920.8606567382812
1236.8529052734375 796.343505859375 761.8547973632812 919.4158325195312
1264.3076171875 804.872802734375 753.5125122070312 950.142578125
1289.8433837890625 826.9168090820312 726.3370971679688 977.7957153320312
1236.32275390625 847.8226318359375 692.97412109375 920.8606567382812
1247.10498046875 822.2844848632812 724.7899169921875 931.1004028320312
1312.0064697265625 830.0015869140625 723.04638671875 1003.7733764648438
1062.4169921875 746.8742065429688 803.9944458007812 741.7483520507812
1162.493408203125 833.3251953125 703.2402954101562 842.8836059570312
940.4229125976562 915.8241577148438 608.7825317382812 674.9713745117188
1299.863037109375 812.3601684570312 748.1427001953125 989.3946533203125
1266.12158203125 853.4127807617188 689.0895385742188 952.157958984375
1017.917236328125 709.68603515625 838.322998046875 695.370361328125
1066.63818359375 871.0847778320312 659.5767211914062 765.9231567382812
1088.583984375 648.4782104492188 935.4475708007812 747.3004150390625
1140.8885498046875 804.6292114257812 739.7761840820312 821.1607055664062
1277.240966796875 830.3358764648438 716.9278564453125 962.6442260742188
967.1122436523438 959.8132934570312 568.2417602539062 699.49462890625
1262.99072265625 841.242431640625 704.30908203125 949.5234985351562
982.8082275390625 790.6129760742188 738.7924194335938 683.8695068359375
1017.917236328125 709.68603515625 838.322998046875 695.370361328125
1111.75146484375 829.9852905273438 703.76806640625 797.6242065429688
1252.8341064453125 840.4288940429688 704.1547241210938 937.4019165039062
1140.8885498046875 804.6292114257812 739.7761840820312 821.1607055664062
1254.3936767578125 704.0155639648438 898.2009887695312 934.673583984375
996.6316528320312 750.99755859375 785.4059448242188 687.9685668945312
1052.1285400390625 690.8932495117188 873.0355224609375 722.6876831054688
1146.3089599609375 697.4866333007812 878.3630981445312 816.3447875976562
1004.275634765625 933.8881225585938 593.2798461914062 721.8875122070312
1147.726318359375 819.8682250976562 720.1522216796875 829.3744506835938
918.6640625 845.6614990234375 675.5211181640625 647.07177734375
1002.05615234375 908.0125732421875 619.6860961914062 716.8206787109375
1289.5391845703125 839.0205078125 711.5648193359375 977.9150390625
1284.74365234375 724.1099853515625 872.2008666992188 972.6522216796875
950.3889770507812 925.7698974609375 599.9556884765625 683.3382568359375
967.4915771484375 922.1908569335938 602.7325439453125 695.910400390625
1101.513916015625 815.6531982421875 724.37255859375 785.5734252929688
946.10595703125 942.1453247070312 583.8343505859375 682.9708251953125
995.442138671875 811.8386840820312 715.7196044921875 697.7893676757812
1160.6920166015625 613.7031860351562 1010.8143920898438 821.2478637695312
953.4160766601562 906.7764892578125 617.7318725585938 681.6216430664062
986.257568359375 808.4448852539062 716.8912963867188 687.3831787109375
969.0833129882812 943.6223754882812 582.3606567382812 698.0450439453125
