136.05880737304688
137.3280792236328
146.95578002929688
147.3193817138672
161.93516540527344
172.82070922851562
178.3704071044922
178.99441528320312
181.24017333984375
191.32171630859375
192.14837646484375
198.0050506591797
198.83912658691406
201.07212829589844
205.5115509033203
210.33782958984375
211.8773193359375
213.246337890625
217.92430114746094
219.3763885498047
220.3950958251953
223.34278869628906
226.11502075195312
231.03030395507812
241.6319580078125
250.5972900390625
251.18917846679688
252.13885498046875
