1099.3160400390625 999.0962524414062 800.939697265625 893.2579956054688
1099.3160400390625 999.0962524414062 800.939697265625 893.2579956054688
1153.0772705078125 900.6965942382812 908.7290649414062 879.3170166015625
1242.8299560546875 946.5213623046875 927.2092895507812 968.9461669921875
1002.3671875 930.2945556640625 807.50244140625 796.9708862304688
951.969482421875 768.5364379882812 896.9257202148438 686.5709838867188
942.7178344726562 792.9393310546875 877.1593627929688 695.7364501953125
754.0225830078125 909.3099975585938 708.53564453125 656.8130493164062
901.038330078125 814.706298828125 836.6781616210938 685.0203857421875
1031.41455078125 901.5272827148438 840.0834350585938 803.7977905273438
782.26806640625 913.1383666992188 716.5269165039062 673.4845581054688
1077.0994873046875 839.0570068359375 915.1876220703125 799.9207153320312
1059.2603759765625 671.5957641601562 1045.538818359375 697.5721435546875
789.5050659179688 901.1746826171875 725.2876586914062 670.231689453125
809.1201171875 885.8268432617188 744.4066162109375 674.5066528320312
901.038330078125 814.706298828125 836.6781616210938 685.0203857421875
809.1201171875 885.8268432617188 744.4066162109375 674.5066528320312
895.7688598632812 931.0330810546875 757.0089111328125 736.890380859375
732.6317749023438 791.5098266601562 777.0872192382812 592.5846557617188
815.1568603515625 817.25 796.814208984375 642.1950073242188
1102.3270263671875 940.4135131835938 847.8628540039062 864.0166015625
1017.060791015625 747.9453125 956.5196533203125 712.4741821289062
882.6397705078125 844.2586669921875 809.6591796875 688.18359375
926.4758911132812 808.9320068359375 858.0595092773438 697.150390625
