58.12916564941406
59.1861457824707
60.099918365478516
60.315834045410156
63.631752014160156
65.99242401123047
66.98506927490234
67.71263122558594
69.5772933959961
69.94283294677734
70.49113464355469
70.88723754882812
71.33021545410156
71.97221374511719
72.18032836914062
72.2979965209961
74.3101577758789
74.65252685546875
75.15982818603516
75.24626159667969
76.62897491455078
76.66159057617188
76.83098602294922
76.83749389648438
77.98076629638672
78.77816772460938
78.97467803955078
80.13114166259766
80.4673843383789
80.55432891845703
80.74032592773438
80.74651336669922
81.80464172363281
82.1766357421875
84.85281372070312
85.42832946777344
85.77295684814453
85.77295684814453
86.14522552490234
86.91950225830078
87.13782501220703
87.29261016845703
87.34986877441406
88.76936340332031
89.29165649414062
89.3476333618164
89.65489196777344
90.09994506835938
90.56489562988281
90.86803436279297
90.93953704833984
91.19758605957031
91.85314178466797
91.86947631835938
92.30926513671875
93.21480560302734
94.0
94.04785919189453
94.64142608642578
95.17877960205078
95.39916229248047
95.51439666748047
96.07289123535156
96.39501953125
96.63850402832031
97.2265396118164
97.40636444091797
97.48846435546875
97.71898651123047
97.8212661743164
98.08159637451172
99.01010131835938
99.1312255859375
99.15644073486328
99.45853424072266
100.52362823486328
100.7074966430664
101.14840698242188
101.66120147705078
102.00980377197266
102.09799194335938
102.16653442382812
102.44022369384766
103.43113708496094
103.45046997070312
103.53260040283203
103.54708862304688
103.56157684326172
103.71595764160156
104.0
104.4748764038086
104.54663848876953
104.83796691894531
104.93331146240234
105.58409118652344
105.89617919921875
106.66301727294922
108.12030029296875
108.4066390991211
108.6278076171875
108.88985443115234
108.95870971679688
109.0962905883789
109.65856170654297
109.72693634033203
110.04998779296875
110.71585083007812
110.7564926147461
111.06304168701172
111.2339859008789
111.24747467041016
111.33732604980469
111.50336456298828
112.22299194335938
112.44554138183594
112.53443908691406
113.0751953125
113.21660614013672
113.32695770263672
114.11836242675781
114.28910827636719
114.3197250366211
114.88690185546875
114.97390747070312
115.1173324584961
115.17378234863281
115.36463928222656
115.70220184326172
115.82746124267578
116.25403594970703
116.71760559082031
116.75187683105469
117.30728912353516
118.10165405273438
118.11858367919922
118.24127960205078
118.74342346191406
118.81077575683594
119.9458236694336
119.99166870117188
120.38272094726562
121.68812561035156
121.73331451416016
122.00409698486328
122.37646484375
122.51530456542969
122.54386901855469
123.09346008300781
124.35835266113281
125.29564666748047
125.46712493896484
125.84911346435547
125.94840240478516
126.03173828125
126.35663604736328
127.14952087402344
127.17704010009766
127.18097686767578
127.37346649169922
127.96483612060547
128.05467224121094
128.3082275390625
129.1123504638672
129.13946533203125
129.2168731689453
130.3610382080078
131.21356201171875
132.8683624267578
133.23287963867188
133.71986389160156
134.14544677734375
134.3428497314453
134.40609741210938
135.2146453857422
135.29966735839844
135.38095092773438
135.48431396484375
135.6097412109375
135.61341857910156
135.6355438232422
135.96690368652344
136.80642700195312
137.065673828125
137.08026123046875
137.30258178710938
138.1339874267578
138.45938110351562
138.65785217285156
140.1570587158203
140.57737731933594
141.02127075195312
141.15240478515625
141.2232208251953
142.52719116210938
143.32479858398438
143.57228088378906
143.64540100097656
144.0555419921875
144.89306640625
145.35130310058594
145.42007446289062
146.8809051513672
147.40081787109375
147.72271728515625
149.35862731933594
150.63864135742188
151.13238525390625
152.42703247070312
152.84632873535156
152.84959411621094
152.86923217773438
153.17637634277344
153.65870666503906
154.4991912841797
154.87091064453125
155.65345764160156
155.7786865234375
156.75778198242188
157.1368865966797
157.34039306640625
157.8733673095703
158.85842895507812
159.6245574951172
160.4306640625
161.18312072753906
163.9512176513672
164.26199340820312
165.9849395751953
168.29141235351562
168.7601776123047
169.0561981201172
169.1803741455078
171.30966186523438
172.4963836669922
172.7252197265625
173.38108825683594
176.06532287597656
176.6804962158203
176.99435424804688
177.20327758789062
177.38095092773438
177.97471618652344
179.31814575195312
181.48553466796875
181.645263671875
182.49658203125
183.7471160888672
183.99728393554688
187.00802612304688
187.5659942626953
189.16395568847656
189.27757263183594
191.03665161132812
191.9583282470703
192.25244140625
192.94039916992188
193.29769897460938
196.13516235351562
196.91368103027344
197.95706176757812
199.58706665039062
200.5916290283203
200.84571838378906
203.43795776367188
204.32083129882812
206.1504364013672
206.66639709472656
208.13217163085938
208.7127227783203
209.0741424560547
209.42539978027344
211.31492614746094
212.6616973876953
213.27212524414062
214.2545166015625
218.1925811767578
222.1058349609375
227.41592407226562
228.33090209960938
231.5145721435547
234.57408142089844
236.10379028320312
236.40220642089844
236.8564910888672
237.6720428466797
240.33934020996094
243.89137268066406
252.18446350097656
260.0865173339844
263.0475158691406
266.0
