105.0523681640625
122.31925201416016
127.20063018798828
130.42239379882812
131.92042541503906
146.32156372070312
150.96026611328125
158.13601684570312
158.83639526367188
160.28724670410156
160.56463623046875
160.80422973632812
163.6428985595703
167.5828094482422
176.1334686279297
177.21173095703125
179.3070068359375
187.0962371826172
188.62130737304688
192.78225708007812
194.4942169189453
196.0484619140625
199.12559509277344
199.31130981445312
200.5741729736328
201.7969207763672
205.99757385253906
207.30894470214844
208.52818298339844
209.14588928222656
209.28927612304688
213.19239807128906
215.23939514160156
217.3407440185547
218.32086181640625
219.1551971435547
225.51275634765625
229.3185577392578
230.42568969726562
230.58621215820312
232.75308227539062
233.75628662109375
240.929443359375
244.00204467773438
245.25904846191406
259.4937438964844
