996.911376953125 971.2581787109375 697.5156860351562 974.7880859375
996.911376953125 971.2581787109375 697.5156860351562 974.7880859375
987.7685546875 894.302734375 770.299072265625 953.409423828125
1008.4775390625 883.659912109375 780.9254760742188 972.6170043945312
936.89892578125 846.70654296875 818.5328979492188 904.0389404296875
993.4325561523438 773.1126708984375 905.7774658203125 936.2575073242188
1043.9825439453125 929.443603515625 738.539794921875 1010.490234375
892.12451171875 869.2992553710938 790.0055541992188 872.6278076171875
907.1079711914062 848.5382690429688 811.87939453125 878.275634765625
1008.8900146484375 931.6373901367188 733.181640625 978.4202270507812
960.7288818359375 931.7534790039062 735.9549560546875 935.6156616210938
1007.8715209960938 779.706787109375 897.0712280273438 953.8453979492188
907.1079711914062 848.5382690429688 811.87939453125 878.275634765625
978.0931396484375 936.4480590820312 730.8299560546875 952.1165161132812
1034.1497802734375 760.6560668945312 928.6542358398438 975.8151245117188
1027.590087890625 929.4114990234375 735.4570922851562 996.2734985351562
882.6397705078125 844.2586669921875 814.055908203125 862.491455078125
789.5050659179688 901.1746826171875 755.6116333007812 804.12548828125
809.1201171875 885.8268432617188 768.901611328125 813.9688110351562
993.5020751953125 921.9061889648438 742.244384765625 962.92626953125
1008.8900146484375 931.6373901367188 733.181640625 978.4202270507812
