1130.0369873046875 878.401611328125 701.835205078125 1010.8504638671875
1128.37939453125 854.9202880859375 727.347900390625 1011.273193359375
1137.76708984375 855.9553833007812 723.8732299804688 1021.2002563476562
1085.6883544921875 819.0244750976562 772.5463256835938 973.24609375
1077.0994873046875 839.0570068359375 752.86962890625 965.3690795898438
1106.63818359375 891.1988525390625 692.1596069335938 987.7784423828125
1032.516357421875 795.2539672851562 806.48291015625 932.46484375
1132.1971435546875 864.59033203125 715.1641845703125 1014.2662963867188
1106.63818359375 891.1988525390625 692.1596069335938 987.7784423828125
1114.7216796875 876.42138671875 706.140625 995.099365234375
1137.85107421875 841.18701171875 740.1627197265625 1023.4840087890625
1056.0321044921875 778.5277099609375 822.5108642578125 954.5202026367188
1008.4775390625 883.659912109375 720.2151489257812 904.6944580078125
1018.1476440429688 793.4828491210938 807.4500732421875 919.0201416015625
1017.060791015625 747.9453125 859.4185180664062 919.681640625
1111.69775390625 850.7352905273438 735.21923828125 995.614013671875
1042.4930419921875 945.8154907226562 657.0144653320312 930.8383178710938
1131.0283203125 725.7138061523438 883.6995239257812 1038.1241455078125
1140.088134765625 698.03857421875 921.697998046875 1052.6685791015625
1007.8715209960938 779.706787109375 826.5065307617188 910.3451538085938
1018.1476440429688 793.4828491210938 807.4500732421875 919.0201416015625
1152.101806640625 853.1901245117188 722.8513793945312 1034.8798828125
987.7685546875 894.302734375 713.7183227539062 889.0176391601562
1117.6885986328125 1046.084228515625 555.0758666992188 978.5253295898438
1093.611328125 696.0506591796875 924.0901489257812 1000.0192260742188
1185.3768310546875 987.925537109375 583.1842651367188 1045.06982421875
1117.6885986328125 1046.084228515625 555.0758666992188 978.5253295898438
1092.4207763671875 849.2979125976562 739.5897827148438 980.1260375976562
1037.8072509765625 744.1990966796875 862.84912109375 939.0729370117188
1140.088134765625 698.03857421875 921.697998046875 1052.6685791015625
1092.4207763671875 849.2979125976562 739.5897827148438 980.1260375976562
1088.1353759765625 841.5951538085938 747.5270385742188 975.6514282226562
979.4356079101562 777.010986328125 828.7675170898438 886.26513671875
1051.9246826171875 649.91259765625 988.586181640625 959.9531860351562
1106.6766357421875 707.0306396484375 908.10498046875 1012.5677490234375
1116.15380859375 1028.9466552734375 568.187255859375 978.0964965820312
1017.060791015625 747.9453125 859.4185180664062 919.681640625
1099.6572265625 1024.8192138671875 576.5074462890625 965.5210571289062
1133.034423828125 612.6693725585938 1058.1224365234375 1064.5302734375
1006.9423828125 766.4168090820312 838.783447265625 908.8198852539062
907.1079711914062 848.5382690429688 767.4163818359375 836.095703125
1008.8900146484375 931.6373901367188 675.906005859375 902.44384765625
1025.434814453125 944.0997314453125 661.220458984375 915.7942504882812
1027.590087890625 929.4114990234375 673.4960327148438 915.325439453125
907.1079711914062 848.5382690429688 767.4163818359375 836.095703125
993.4325561523438 773.1126708984375 835.0877075195312 899.3449096679688
1023.7537231445312 742.1043090820312 866.4345092773438 925.8519897460938
1052.089111328125 759.63818359375 844.6320190429688 949.9926147460938
1008.8900146484375 931.6373901367188 675.906005859375 902.44384765625
1080.7064208984375 1030.5174560546875 576.4775390625 952.561279296875
1080.7064208984375 1030.5174560546875 576.4775390625 952.561279296875
1119.7882080078125 696.514892578125 925.140625 1028.0123291015625
1022.0662231445312 780.3056640625 824.6683349609375 923.2188110351562
994.794677734375 829.9807739257812 774.4242553710938 902.2723999023438
993.5020751953125 921.9061889648438 686.423583984375 891.8055419921875
673.4426879882812 711.4161376953125 910.7532348632812 694.5067749023438
