982.23681640625 702.189208984375 908.10498046875 1012.5677490234375
929.74853515625 687.6357421875 894.1856079101562 960.1446533203125
803.9944458007812 741.7483520507812 774.4242553710938 902.2723999023438
838.322998046875 695.370361328125 835.0877075195312 899.3449096679688
861.5965576171875 834.3133544921875 706.140625 995.099365234375
703.2402954101562 842.8836059570312 645.0750732421875 897.4644165039062
608.7825317382812 674.9713745117188 756.6460571289062 759.967529296875
878.3630981445312 816.3447875976562 735.21923828125 995.614013671875
1057.8538818359375 566.8406372070312 1140.8216552734375 991.3624267578125
599.9556884765625 683.3382568359375 746.7960205078125 760.2841186523438
739.7761840820312 821.1607055664062 675.906005859375 902.44384765625
