1039.2041015625 807.0748901367188 992.9495849609375 974.671630859375
1506.735595703125 263.9131164550781 1174.331787109375 427.41619873046875
1506.735595703125 263.9131164550781 1174.331787109375 427.41619873046875
954.7017822265625 837.1829223632812 922.1255493164062 1028.49853515625
917.224365234375 821.9764404296875 876.1964721679688 1021.8788452148438
1094.8480224609375 871.2138061523438 1071.3900146484375 1024.7713623046875
1119.9190673828125 820.4625854492188 1073.2935791015625 969.3120727539062
1102.0699462890625 826.6502075195312 1059.466796875 980.0974731445312
1113.5816650390625 832.1951904296875 1069.099365234375 982.2473754882812
1003.0048217773438 810.390869140625 959.2044067382812 988.061279296875
939.9290771484375 839.184814453125 907.6312255859375 1033.9464111328125
1120.1595458984375 881.432373046875 1097.481689453125 1030.233642578125
1016.8165893554688 843.3584594726562 986.3764038085938 1016.6026611328125
939.9290771484375 839.184814453125 907.6312255859375 1033.9464111328125
784.154052734375 783.5540771484375 711.3933715820312 1020.1013793945312
796.2485961914062 791.1248168945312 732.5482177734375 1024.2989501953125
718.4639892578125 733.2152099609375 607.693359375 982.4888305664062
1156.817626953125 813.7271118164062 1103.1693115234375 957.4734497070312
1094.8480224609375 871.2138061523438 1071.3900146484375 1024.7713623046875
1142.8289794921875 864.7167358398438 1110.320556640625 1007.796142578125
1097.4031982421875 884.2429809570312 1078.3541259765625 1037.2808837890625
984.2755126953125 816.3056640625 942.2689819335938 998.435791015625
944.9588623046875 830.3722534179688 912.4892578125 1025.265625
1331.71923828125 837.2997436523438 1253.8731689453125 940.578125
979.1654052734375 826.6959838867188 941.2239990234375 1009.285888671875
1305.80810546875 759.1257934570312 1201.354248046875 874.6071166992188
697.64697265625 694.9313354492188 562.2459716796875 943.8707275390625
697.64697265625 694.9313354492188 562.2459716796875 943.8707275390625
1233.9326171875 800.6905517578125 1159.8349609375 926.7246704101562
856.78125 833.4981079101562 821.1511840820312 1054.40283203125
686.4404296875 736.6746215820312 572.1814575195312 993.2147827148438
1316.5582275390625 864.4622802734375 1254.4755859375 970.8555297851562
