1337.863525390625 863.2755737304688 646.6114501953125 1013.6837158203125
1255.0927734375 961.3723754882812 568.0696411132812 907.1004638671875
1217.83984375 984.4033813476562 562.9869384765625 877.0534057617188
1324.2890625 887.4068603515625 621.7243041992188 990.82275390625
1308.4825439453125 885.2721557617188 633.9669799804688 977.2642211914062
1306.007080078125 873.7568969726562 646.6954956054688 979.1204833984375
1311.413818359375 767.7876586914062 816.1323852539062 1041.6036376953125
1317.885986328125 850.2106323242188 673.3082275390625 1001.0198974609375
1299.8475341796875 864.8347778320312 663.1396484375 977.0049438476562
276.11822509765625 569.7776489257812 1414.4459228515625 391.03973388671875
1316.5582275390625 864.4622802734375 654.706298828125 993.5980224609375
1316.5582275390625 864.4622802734375 654.706298828125 993.5980224609375
