133.42788696289062
141.94012451171875
142.27438354492188
143.95138549804688
149.19786071777344
150.42938232421875
153.20901489257812
153.70751953125
156.21780395507812
161.4373016357422
164.4627685546875
178.25262451171875
184.07334899902344
189.531005859375
190.07366943359375
195.63742065429688
196.7053680419922
196.7993927001953
200.13246154785156
201.92324829101562
216.08331298828125
217.0714111328125
218.1788330078125
221.02035522460938
221.40911865234375
224.5016632080078
226.26974487304688
227.76303100585938
230.8939208984375
232.33811950683594
235.53981018066406
245.86175537109375
249.19671630859375
264.0889892578125
