917.224365234375 821.9764404296875 923.2139892578125 931.0643920898438
822.3558349609375 805.1031494140625 821.2457275390625 919.4437866210938
734.3111572265625 737.9153442382812 701.8532104492188 841.9428100585938
1003.0048217773438 810.390869140625 1003.6633911132812 912.0037231445312
587.6181030273438 811.63037109375 560.2446899414062 943.961181640625
954.7017822265625 837.1829223632812 964.6611938476562 946.3267211914062
977.98779296875 919.2251586914062 1010.7171020507812 1034.845458984375
729.9478149414062 754.7061767578125 700.7459716796875 860.8078002929688
1094.8480224609375 871.2138061523438 1105.79248046875 971.6434936523438
587.6181030273438 811.63037109375 560.2446899414062 943.961181640625
1156.817626953125 813.7271118164062 1143.2154541015625 909.3757934570312
1119.9190673828125 820.4625854492188 1112.13037109375 915.3126831054688
887.7872924804688 832.275390625 892.7296142578125 941.274658203125
1060.22314453125 815.692138671875 1058.8145751953125 911.7301025390625
742.4884033203125 727.9724731445312 707.6160888671875 827.6849365234375
1016.8165893554688 843.3584594726562 1023.0309448242188 946.1267700195312
790.2789306640625 807.4645385742188 787.431396484375 920.9513549804688
1065.9869384765625 844.4668579101562 1069.3182373046875 942.8091430664062
1009.7323608398438 895.1217651367188 1031.4241943359375 1006.3779907226562
792.3701782226562 868.169921875 810.4100341796875 992.2490844726562
833.145751953125 895.4907836914062 862.158447265625 1022.56640625
718.4639892578125 733.2152099609375 682.1533813476562 835.9673461914062
957.1259765625 802.6619262695312 955.1669921875 909.3829956054688
850.7797241210938 841.8598022460938 861.8806762695312 958.8646850585938
718.4639892578125 733.2152099609375 682.1533813476562 835.9673461914062
846.8815307617188 854.478271484375 862.353759765625 974.6431274414062
796.2485961914062 791.1248168945312 788.3309936523438 904.6332397460938
734.3111572265625 737.9153442382812 701.8532104492188 841.9428100585938
784.154052734375 783.5540771484375 771.6142578125 892.7915649414062
686.4404296875 736.6746215820312 643.554931640625 841.2422485351562
697.64697265625 694.9313354492188 644.3671264648438 789.2920532226562
1119.9190673828125 820.4625854492188 1112.13037109375 915.3126831054688
664.62353515625 868.5180053710938 670.4813232421875 1006.8379516601562
735.1534423828125 827.5550537109375 734.744873046875 950.9026489257812
843.1069946289062 876.384521484375 864.57470703125 1000.3195190429688
1233.9326171875 800.6905517578125 1205.9659423828125 887.397216796875
984.2755126953125 816.3056640625 986.5761108398438 920.837890625
1102.0699462890625 826.6502075195312 1095.9736328125 923.2484741210938
936.6982421875 808.1053466796875 937.331787109375 913.3934936523438
843.1069946289062 876.384521484375 864.57470703125 1000.3195190429688
1113.5816650390625 832.1951904296875 1108.944580078125 929.6586303710938
806.850341796875 800.3261108398438 802.1376342773438 915.0289916992188
814.2484741210938 886.6665649414062 840.0208129882812 1013.4338989257812
721.2092895507812 789.089111328125 708.5260009765625 904.7473754882812
779.7012329101562 797.21337890625 774.115966796875 912.6430053710938
759.014404296875 746.2122802734375 734.0409545898438 850.2256469726562
811.4788208007812 861.7464599609375 828.0086669921875 984.7927856445312
961.703125 820.1844482421875 966.9288330078125 924.1543579101562
