503.0151672363281 365.5119323730469 218.04017639160156 437.055419921875
503.0151672363281 365.5119323730469 218.04017639160156 437.055419921875
1121.4127197265625 809.8912353515625 1105.0081787109375 874.82568359375
1119.9190673828125 820.4625854492188 1103.885498046875 886.4678955078125
1119.9190673828125 820.4625854492188 1103.885498046875 886.4678955078125
822.3558349609375 805.1031494140625 821.6852416992188 913.8214111328125
1003.0048217773438 810.390869140625 998.7801513671875 893.392578125
1039.2041015625 807.0748901367188 1032.658447265625 883.5029296875
917.224365234375 821.9764404296875 923.320556640625 916.8048706054688
954.7017822265625 837.1829223632812 964.51806640625 926.1976318359375
961.703125 820.1844482421875 964.343994140625 907.621826171875
1065.9869384765625 844.4668579101562 1066.0745849609375 914.7298583984375
1016.8165893554688 843.3584594726562 1022.1470947265625 921.7935791015625
972.9188232421875 894.1676025390625 1002.2151489257812 975.6722412109375
1489.2384033203125 776.6467895507812 1368.83251953125 804.59765625
1217.83984375 984.4033813476562 1240.076171875 1019.8474731445312
1059.8187255859375 854.3939819335938 1064.6826171875 926.4729614257812
794.0748291015625 640.1119384765625 720.5846557617188 745.3748168945312
1047.4337158203125 853.712890625 1053.67529296875 926.3251342773438
1055.7255859375 857.87255859375 1060.6029052734375 926.6521606445312
887.7872924804688 832.275390625 895.2618408203125 929.1229248046875
861.4517822265625 883.7250366210938 891.262451171875 989.8106689453125
886.0244750976562 873.1456298828125 913.6364135742188 973.7035522460938
1113.5816650390625 832.1951904296875 1103.2587890625 899.2073364257812
1009.7323608398438 895.1217651367188 1035.4468994140625 973.4301147460938
952.1602783203125 935.4984130859375 1000.5424194335938 1020.3865966796875
565.5595092773438 313.995361328125 286.748046875 376.0830383300781
1247.1016845703125 710.2607421875 1168.159912109375 771.0253295898438
942.439453125 813.0094604492188 943.2538452148438 903.8300170898438
1061.4056396484375 867.5098876953125 1070.7181396484375 936.7554931640625
790.2789306640625 807.4645385742188 788.0875244140625 920.1067504882812
1235.095703125 949.754150390625 1241.043212890625 986.7446899414062
850.7797241210938 841.8598022460938 864.9075927734375 946.8683471679688
1097.4031982421875 884.2429809570312 1110.0985107421875 949.995849609375
982.3114013671875 941.3594970703125 1031.0860595703125 1019.4612426757812
1142.8289794921875 864.7167358398438 1137.571533203125 926.9999389648438
968.18896484375 826.1903686523438 971.9761962890625 913.453369140625
977.98779296875 919.2251586914062 1016.9803466796875 1000.7831420898438
729.9478149414062 754.7061767578125 697.760009765625 874.48974609375
1350.5760498046875 764.322021484375 1265.1402587890625 809.7637939453125
742.4884033203125 727.9724731445312 701.082275390625 844.3527221679688
817.7134399414062 903.8896484375 859.07470703125 1014.1072387695312
1017.420654296875 934.3218383789062 1058.413330078125 1008.8228149414062
1299.8475341796875 864.8347778320312 1260.151123046875 902.0596923828125
981.7460327148438 907.67041015625 1015.2438354492188 989.0379028320312
1094.8480224609375 871.2138061523438 1103.53076171875 936.8540649414062
1202.4078369140625 799.9379272460938 1162.1748046875 855.9033813476562
1232.8038330078125 789.1907348632812 1184.75 844.6483154296875
1337.8115234375 762.4706420898438 1256.047119140625 809.9776611328125
995.6455688476562 888.4114379882812 1019.6644897460938 969.6755981445312
762.4366455078125 826.3570556640625 765.3853149414062 943.0899658203125
1231.783935546875 769.65283203125 1176.456787109375 826.9207763671875
811.4788208007812 861.7464599609375 833.5223999023438 973.0046997070312
1160.9683837890625 968.7744750976562 1190.7060546875 1013.9722290039062
996.6145629882812 818.3798828125 995.0791015625 902.367919921875
830.4781494140625 852.5714721679688 848.9913330078125 960.316162109375
1011.541748046875 943.517578125 1056.8153076171875 1019.1347045898438
1120.1595458984375 881.432373046875 1126.9613037109375 941.9848022460938
1000.4317016601562 928.3048706054688 1041.2744140625 1006.2339477539062
1231.783935546875 769.65283203125 1176.456787109375 826.9207763671875
1163.285400390625 926.1954956054688 1176.865966796875 975.4509887695312
1355.7396240234375 850.1312866210938 1297.238525390625 884.1251831054688
1070.618896484375 867.8712768554688 1079.6378173828125 937.6009521484375
846.8815307617188 854.478271484375 865.8753662109375 959.7149047851562
1323.911865234375 770.3341064453125 1248.254150390625 818.220947265625
1256.8233642578125 698.9299926757812 1171.1295166015625 761.0855712890625
968.18896484375 826.1903686523438 971.9761962890625 913.453369140625
939.9290771484375 839.184814453125 951.8069458007812 930.5712280273438
1335.6802978515625 733.4321899414062 1243.7593994140625 783.9255981445312
856.78125 833.4981079101562 866.106201171875 936.3823852539062
1014.8759155273438 910.3448486328125 1045.831787109375 985.3545532226562
1102.212890625 841.8356323242188 1095.7239990234375 909.6713256835938
1353.4141845703125 752.1045532226562 1265.1590576171875 799.7606201171875
1387.8099365234375 810.025634765625 1306.5281982421875 845.2113037109375
804.8265380859375 872.6212158203125 832.1383666992188 985.7341918945312
1220.366455078125 768.1966552734375 1167.0462646484375 825.94580078125
830.7949829101562 886.4068603515625 862.8199462890625 996.0318603515625
1435.90234375 821.1709594726562 1343.2269287109375 848.9114379882812
961.703125 820.1844482421875 964.343994140625 907.621826171875
984.2755126953125 816.3056640625 984.5798950195312 902.5729370117188
1237.8726806640625 686.014404296875 1152.086669921875 749.8236694335938
1456.2598876953125 803.0731201171875 1353.5946044921875 833.1895141601562
1194.7822265625 929.9490966796875 1202.5885009765625 976.4998779296875
1175.098388671875 941.4683837890625 1190.9229736328125 990.2972412109375
565.5595092773438 313.995361328125 286.748046875 376.0830383300781
833.145751953125 895.4907836914062 870.4649658203125 1003.0328369140625
1305.80810546875 759.1257934570312 1229.5001220703125 807.952392578125
1187.3756103515625 788.6382446289062 1146.90380859375 847.69921875
957.1259765625 802.6619262695312 952.8968505859375 893.4987182617188
1108.0069580078125 857.5433959960938 1106.8138427734375 923.2100219726562
972.477783203125 817.308349609375 970.0209350585938 903.552978515625
1306.007080078125 873.7568969726562 1268.7750244140625 910.8197631835938
1222.9398193359375 700.8389282226562 1145.514892578125 764.8017578125
1291.4307861328125 744.854736328125 1216.295166015625 797.9525756835938
939.0712280273438 799.1378784179688 937.1624145507812 890.6787109375
1423.1346435546875 837.3651123046875 1341.3165283203125 865.1559448242188
966.0256958007812 923.9219360351562 1009.1551513671875 1008.7024536132812
1304.0787353515625 848.671875 1259.0400390625 887.7504272460938
877.9484252929688 629.1131591796875 802.764892578125 723.885986328125
1196.1182861328125 966.3258666992188 1215.8043212890625 1005.162109375
1115.8192138671875 854.759033203125 1113.1937255859375 919.2539672851562
833.145751953125 895.4907836914062 870.4649658203125 1003.0328369140625
936.6982421875 808.1053466796875 935.5151977539062 899.658447265625
1123.9400634765625 863.1305541992188 1121.931640625 926.1599731445312
1086.2489013671875 840.7091064453125 1080.7327880859375 911.010009765625
1363.0272216796875 867.5803833007812 1305.150390625 897.1222534179688
999.2036743164062 907.2718505859375 1031.10009765625 985.7507934570312
1182.2705078125 914.6383056640625 1188.2708740234375 962.1221923828125
1317.885986328125 850.2106323242188 1269.3115234375 887.8347778320312
965.668212890625 903.9945678710938 998.9235229492188 987.4291381835938
1233.9326171875 800.6905517578125 1191.357666015625 855.1170043945312
753.3866577148438 798.433837890625 745.1253051757812 917.1558227539062
973.2327880859375 951.3906860351562 1022.4510498046875 1029.40673828125
1213.85400390625 690.896240234375 1135.313232421875 756.5369873046875
997.2910766601562 944.2759399414062 1044.017578125 1021.2705688476562
1084.6495361328125 851.4117431640625 1085.0103759765625 920.1158447265625
922.9186401367188 808.6629638671875 922.2945556640625 904.0485229492188
1159.1861572265625 954.4483032226562 1183.9635009765625 1003.4089965820312
1237.8726806640625 686.014404296875 1152.086669921875 749.8236694335938
1321.1868896484375 760.391357421875 1242.002685546875 809.2426147460938
843.1069946289062 876.384521484375 871.9638061523438 981.6715087890625
1232.5596923828125 779.0441284179688 1181.2060546875 835.8380126953125
769.4352416992188 800.4334106445312 762.04052734375 916.8309936523438
1216.8336181640625 797.241455078125 1174.613037109375 853.7498168945312
1225.0625 955.3663940429688 1235.6446533203125 993.328369140625
1423.7398681640625 814.7670288085938 1333.0 845.456787109375
751.3861083984375 730.7606201171875 713.077880859375 844.41796875
1115.8192138671875 854.759033203125 1113.1937255859375 919.2539672851562
790.2789306640625 807.4645385742188 788.0875244140625 920.1067504882812
1316.5582275390625 864.4622802734375 1272.2930908203125 900.2498779296875
1453.4375 820.6517944335938 1356.7513427734375 847.2604370117188
1355.2196044921875 881.426025390625 1307.09326171875 911.3145141601562
1339.9718017578125 749.67724609375 1252.949951171875 797.979248046875
