238.1748046875 432.7296142578125 525.5365600585938 613.794921875
258.3200988769531 394.37042236328125 547.1795043945312 585.47998046875
965.627197265625 282.12408447265625 1135.846923828125 490.1788330078125
438.6846923828125 373.06561279296875 672.821044921875 569.8002319335938
227.421630859375 394.4039001464844 522.9173583984375 584.9664306640625
965.627197265625 282.12408447265625 1135.846923828125 490.1788330078125
178.12879943847656 457.61370849609375 482.34979248046875 631.71044921875
361.3818359375 379.7347412109375 615.6491088867188 573.1322021484375
441.9480895996094 398.61328125 672.6284790039062 590.1575317382812
438.6846923828125 373.06561279296875 672.821044921875 569.8002319335938
81.6274642944336 367.3162536621094 436.8799743652344 565.6302490234375
459.9552001953125 377.78790283203125 690.3446044921875 573.5942993164062
687.375244140625 317.6152038574219 879.0673217773438 520.7481079101562
430.2400207519531 332.32904052734375 679.124755859375 537.5847778320312
238.2890625 372.03759765625 533.917236328125 566.010009765625
400.7850036621094 365.0068664550781 646.7265014648438 561.5419921875
454.4803771972656 364.7688903808594 685.345947265625 564.3701782226562
418.88580322265625 372.9159240722656 657.3775634765625 568.1117553710938
422.9837646484375 364.9206848144531 662.4083862304688 561.8091430664062
1166.837890625 855.58056640625 1053.8485107421875 954.8786010742188
