46.77606201171875
47.11687469482422
53.49766540527344
54.55272674560547
56.89463806152344
59.1861457824707
62.40192413330078
63.92182540893555
77.58866119384766
78.47929382324219
82.2070541381836
89.45948791503906
92.28759765625
106.08486938476562
108.12493133544922
112.29425811767578
116.34001922607422
118.60438537597656
118.76026153564453
120.16654968261719
121.10326385498047
123.1259536743164
124.89195251464844
125.11994171142578
125.45516967773438
127.71843719482422
128.9844970703125
130.09996032714844
131.67764282226562
135.74609375
136.00735473632812
137.08026123046875
140.99290466308594
143.2934112548828
143.80889892578125
144.57177734375
146.97618103027344
150.38284301757812
151.5321807861328
155.08062744140625
157.64199829101562
157.83853149414062
158.6852264404297
159.1854248046875
162.09255981445312
165.31484985351562
165.9969940185547
168.66238403320312
168.68313598632812
169.9823455810547
170.13523864746094
170.499267578125
171.07015991210938
172.59779357910156
174.12925720214844
179.08099365234375
179.71644592285156
182.010986328125
182.72657775878906
183.70628356933594
185.5370635986328
185.80096435546875
194.09275817871094
194.20864868164062
195.89793395996094
197.3296661376953
198.65296936035156
199.2812042236328
200.86563110351562
208.83724975585938
209.2032470703125
212.02830505371094
227.3323516845703
235.5504150390625
239.09622192382812
254.68019104003906
260.89654541015625
