62.22539520263672
69.065185546875
74.89993286132812
83.96427917480469
85.65628814697266
89.10667419433594
89.56562042236328
91.74420928955078
94.88414001464844
97.3960952758789
99.1312255859375
99.2118911743164
102.91744232177734
103.70631408691406
113.15034484863281
117.37972259521484
117.77096557617188
118.9916000366211
121.19406127929688
122.29881286621094
122.99593353271484
122.99593353271484
124.79582977294922
126.15070343017578
126.9842529296875
126.98818969726562
133.53651428222656
133.79087829589844
134.3130645751953
134.6996612548828
135.7350311279297
138.2859344482422
139.2910614013672
139.85707092285156
139.9464111328125
141.36831665039062
141.36831665039062
144.32948303222656
144.551025390625
144.5890655517578
145.1964111328125
145.24806213378906
146.6253662109375
146.77874755859375
146.87750244140625
147.70579528808594
148.2194366455078
148.28688049316406
149.01678466796875
150.14659118652344
152.226806640625
152.45982360839844
152.6990509033203
155.99038696289062
157.56268310546875
157.64834594726562
158.80491638183594
159.39573669433594
162.2066650390625
162.5699920654297
168.76315307617188
169.69973754882812
171.7469024658203
173.04913330078125
175.14566040039062
175.49359130859375
176.16754150390625
176.66635131835938
178.005615234375
179.1256561279297
179.5633544921875
180.18324279785156
180.75674438476562
181.45797729492188
182.60614013671875
184.1358184814453
185.7471466064453
185.75790405273438
187.37928771972656
188.3905487060547
191.11253356933594
194.56361389160156
194.75881958007812
195.5095977783203
195.52749633789062
197.2663116455078
198.0530242919922
198.43386840820312
200.1424560546875
200.58663940429688
201.21878051757812
204.35997009277344
205.51885986328125
210.0904541015625
210.29978942871094
210.99288940429688
214.60195922851562
216.44398498535156
218.0710906982422
218.9269256591797
219.97726440429688
221.45428466796875
222.24310302734375
223.2061767578125
224.88885498046875
236.0741424560547
244.9224395751953
