238.39271545410156 559.879150390625 1442.408935546875 555.4217529296875
224.92039489746094 567.1480712890625 1428.861572265625 552.1611328125
265.37493896484375 567.6946411132812 1455.0628662109375 576.3591918945312
238.39271545410156 559.879150390625 1442.408935546875 555.4217529296875
250.5863037109375 528.2801513671875 1472.9678955078125 544.0984497070312
216.68687438964844 489.0134582519531 1477.142822265625 501.1401672363281
210.8116912841797 578.9634399414062 1412.2230224609375 550.988037109375
274.331787109375 513.4163818359375 1501.8690185546875 549.6713256835938
279.0784606933594 494.0158386230469 1520.8592529296875 540.5383911132812
228.2185516357422 534.5936889648438 1452.9517822265625 534.987060546875
235.95498657226562 550.239013671875 1447.47509765625 547.98876953125
280.6022644042969 477.5321044921875 1536.27783203125 531.2537841796875
275.7624206542969 559.5152587890625 1469.0203857421875 578.5663452148438
235.79580688476562 479.6381530761719 1498.736083984375 506.352294921875
228.2185516357422 534.5936889648438 1452.9517822265625 534.987060546875
259.42138671875 555.145751953125 1459.182861328125 564.37841796875
240.38873291015625 531.628173828125 1462.9698486328125 541.4373168945312
235.79580688476562 479.6381530761719 1498.736083984375 506.352294921875
250.71763610839844 560.7183837890625 1449.9764404296875 563.2080688476562
210.8116912841797 578.9634399414062 1412.2230224609375 550.988037109375
221.90823364257812 561.3086547851562 1431.0780029296875 546.1369018554688
211.885009765625 562.3028564453125 1423.5819091796875 542.1414184570312
221.90823364257812 561.3086547851562 1431.0780029296875 546.1369018554688
233.1598663330078 498.95159912109375 1481.235107421875 516.1257934570312
333.398193359375 476.0401306152344 1587.53955078125 565.6978759765625
278.5804443359375 525.805419921875 1496.6202392578125 558.2978515625
250.71763610839844 560.7183837890625 1449.9764404296875 563.2080688476562
245.8463592529297 558.4116821289062 1448.2113037109375 558.8720703125
315.6385192871094 487.819091796875 1559.208251953125 560.360107421875
274.1035461425781 489.8147277832031 1520.9605712890625 534.4326782226562
253.01258850097656 498.4161376953125 1496.8663330078125 527.94921875
