274.1035461425781 489.8147277832031 838.1152954101562 460.457763671875
218.90037536621094 506.29180908203125 801.314697265625 467.3738708496094
232.80686950683594 529.9216918945312 806.8046264648438 485.5030822753906
286.8570251464844 494.9476623535156 845.6536254882812 465.5799865722656
272.6966247558594 519.6724243164062 833.16259765625 482.31146240234375
223.53736877441406 504.90277099609375 804.1339721679688 466.80517578125
216.68687438964844 489.0134582519531 802.0391235351562 455.1618957519531
274.331787109375 513.4163818359375 835.1155395507812 477.54510498046875
210.50656127929688 488.8949890136719 798.2744140625 453.9556579589844
284.3318176269531 487.37225341796875 845.1192016601562 459.3327941894531
288.2059020996094 509.8865051269531 844.6554565429688 476.640869140625
231.87123107910156 516.0658569335938 807.8527221679688 475.809814453125
193.47232055664062 497.936279296875 787.0089721679688 459.19903564453125
228.2185516357422 534.5936889648438 803.535888671875 488.16497802734375
202.31793212890625 526.5186157226562 788.7914428710938 480.0285339355469
244.85401916503906 513.1888427734375 816.4146118164062 474.4504089355469
269.3979797363281 509.9493103027344 832.6309814453125 474.61480712890625
240.38873291015625 531.628173828125 811.3018188476562 487.84686279296875
276.67230224609375 530.459228515625 834.6721801757812 490.59918212890625
262.3816223144531 523.640869140625 826.1368408203125 483.94342041015625
639.697509765625 307.00653076171875 1178.19091796875 329.94281005859375
224.55862426757812 527.1533813476562 802.0254516601562 482.2238464355469
224.55862426757812 527.1533813476562 802.0254516601562 482.2238464355469
213.15895080566406 504.9459228515625 797.89404296875 465.83770751953125
654.452392578125 266.3725891113281 1205.1627197265625 289.7411804199219
250.9020538330078 511.2211608886719 820.4647216796875 473.8408203125
228.2185516357422 534.5936889648438 803.535888671875 488.16497802734375
258.4709777832031 492.44720458984375 827.5301513671875 460.91571044921875
277.67138671875 500.72467041015625 839.159423828125 468.8389587402344
210.54701232910156 493.9591064453125 797.5067749023438 457.63214111328125
219.83721923828125 520.8526611328125 799.9943237304688 477.71600341796875
269.3979797363281 509.9493103027344 832.6309814453125 474.61480712890625
210.07275390625 524.029052734375 793.813720703125 478.8876037597656
251.88406372070312 538.0468139648438 817.5932006835938 493.0499572753906
243.76885986328125 487.3138427734375 818.850341796875 456.29339599609375
258.4709777832031 492.44720458984375 827.5301513671875 460.91571044921875
702.4852294921875 223.9043731689453 1270.094970703125 245.25025939941406
255.98048400878906 540.0491943359375 820.054931640625 495.13824462890625
235.79580688476562 479.6381530761719 814.7183837890625 450.1007995605469
277.6255798339844 507.61309814453125 837.9695434570312 474.04461669921875
278.5804443359375 525.805419921875 836.0210571289062 487.79864501953125
197.10867309570312 468.8564147949219 792.8504638671875 438.8559265136719
164.91250610351562 458.7455139160156 775.1458129882812 429.19146728515625
232.72486877441406 487.0371398925781 812.3504028320312 454.68896484375
219.1679229736328 525.05322265625 799.3170166015625 481.0057678222656
264.6371154785156 507.4620056152344 829.3435668945312 472.6702575683594
235.79580688476562 479.6381530761719 814.7183837890625 450.1007995605469
176.31503295898438 464.8884582519531 782.2236328125 434.4481506347656
255.98048400878906 540.0491943359375 820.054931640625 495.13824462890625
233.1598663330078 498.95159912109375 810.3955688476562 463.50439453125
270.992431640625 479.76092529296875 837.7706298828125 452.58160400390625
250.67881774902344 485.3381042480469 824.4993896484375 454.6353759765625
194.80958557128906 537.108154296875 783.3499755859375 487.8550109863281
