629.9837646484375 713.401123046875 653.5440063476562 721.4785766601562
1418.830810546875 580.6384887695312 1425.2259521484375 604.6995239257812
1286.150390625 614.2479858398438 1289.690673828125 636.4075317382812
1211.594970703125 496.6072692871094 1227.1846923828125 518.8107299804688
917.033447265625 632.7322387695312 928.4488525390625 648.7782592773438
610.9383544921875 847.3502807617188 630.3447265625 846.2637329101562
1015.9764404296875 670.732421875 1021.1788940429688 686.91162109375
1326.7921142578125 530.0289916992188 1338.906982421875 553.1065673828125
994.3383178710938 674.990234375 999.8646240234375 690.8065795898438
645.1380004882812 709.5859375 668.295166015625 717.709228515625
260.79840087890625 577.3745727539062 322.1724853515625 587.3909301757812
1061.7969970703125 716.5767211914062 1061.530517578125 732.474853515625
1411.723388671875 590.4423217773438 1417.299560546875 614.327880859375
795.8497314453125 715.8575439453125 808.666259765625 726.7850341796875
1082.2362060546875 643.5465087890625 1086.96826171875 661.6431274414062
994.3383178710938 674.990234375 999.8646240234375 690.8065795898438
1128.51025390625 645.8657836914062 1131.7501220703125 664.9127197265625
1434.420654296875 586.1395263671875 1440.9154052734375 610.4727783203125
1225.872802734375 681.9572143554688 1224.047607421875 702.0474243164062
645.1380004882812 709.5859375 668.295166015625 717.709228515625
1276.183837890625 607.2103881835938 1280.2960205078125 629.3092651367188
1312.7900390625 542.377197265625 1323.8604736328125 565.358154296875
1102.195068359375 637.8737182617188 1106.523193359375 656.171875
1317.11767578125 569.75634765625 1325.2669677734375 592.9027709960938
1169.333740234375 543.3859252929688 1181.158203125 564.3095092773438
505.515625 608.0541381835938 543.2945556640625 620.3638916015625
1020.098388671875 725.6831665039062 1020.3466186523438 740.2203979492188
1186.986572265625 493.63348388671875 1202.463134765625 515.2982177734375
1220.408203125 724.4208984375 1214.4149169921875 742.7374267578125
1342.10986328125 537.682373046875 1353.7076416015625 561.0352783203125
633.9921264648438 623.936767578125 662.8399658203125 636.239990234375
935.2404174804688 596.3202514648438 947.5780029296875 613.8697509765625
435.6259765625 831.0068969726562 471.42425537109375 827.0097045898438
1186.986572265625 493.63348388671875 1202.463134765625 515.2982177734375
1240.4354248046875 526.2159423828125 1252.8194580078125 548.4933471679688
1055.2166748046875 760.1173706054688 1051.875732421875 773.81005859375
1200.9095458984375 489.63458251953125 1216.19189453125 511.8257141113281
939.1204833984375 673.0529174804688 946.8530883789062 688.2140502929688
784.0614624023438 723.4000854492188 797.2612915039062 733.7401123046875
847.3310546875 822.2282104492188 849.9876098632812 828.2503662109375
629.9837646484375 713.401123046875 653.5440063476562 721.4785766601562
1216.5650634765625 527.6679077148438 1228.6103515625 549.7311401367188
951.7884521484375 677.7881469726562 959.4710083007812 692.8436279296875
1147.8148193359375 545.891845703125 1160.0498046875 566.9552612304688
541.044677734375 863.168701171875 565.6861572265625 859.3189086914062
925.769775390625 679.0842895507812 933.7491455078125 693.3671264648438
395.4351501464844 848.2747802734375 436.1011047363281 841.9090576171875
486.87640380859375 600.5081176757812 527.9510498046875 612.17041015625
1000.1307373046875 732.9564819335938 1001.0267944335938 746.84423828125
1247.212890625 704.6963500976562 1242.62060546875 723.8788452148438
1284.2440185546875 733.3604736328125 1276.00439453125 752.405517578125
811.0286254882812 772.2220458984375 818.7213745117188 780.4068603515625
650.4764404296875 500.38116455078125 684.7203369140625 517.5979614257812
1333.1787109375 573.0635375976562 1340.091064453125 596.4183959960938
1253.936767578125 739.481201171875 1246.0908203125 757.7803344726562
1114.236572265625 633.7933349609375 1119.183349609375 652.9634399414062
775.6968994140625 815.3909301757812 783.4971923828125 819.782470703125
541.044677734375 863.168701171875 565.6861572265625 859.3189086914062
1137.6982421875 616.9732055664062 1143.5362548828125 636.7667846679688
1159.641845703125 514.6702270507812 1174.4530029296875 536.1978759765625
718.401123046875 759.6906127929688 733.9851684570312 766.4542846679688
292.5267028808594 901.41748046875 341.10821533203125 888.8735961914062
1000.1307373046875 732.9564819335938 1001.0267944335938 746.84423828125
1302.384765625 539.1771240234375 1313.0811767578125 562.0086059570312
995.864501953125 602.66455078125 1005.4703979492188 621.0580444335938
1210.27880859375 729.8958740234375 1204.054443359375 748.0171508789062
1151.5018310546875 704.1675415039062 1149.2352294921875 721.8507690429688
1220.1048583984375 554.9091796875 1230.5843505859375 576.6913452148438
1342.10986328125 537.682373046875 1353.7076416015625 561.0352783203125
1374.5784912109375 585.5718383789062 1380.444091796875 609.2376098632812
1159.0921630859375 560.1732177734375 1169.4560546875 581.3228149414062
324.4195251464844 512.4703979492188 385.7275085449219 525.2172241210938
673.4572143554688 682.4805908203125 696.1611328125 692.41845703125
1240.4354248046875 526.2159423828125 1252.8194580078125 548.4933471679688
1005.9417114257812 746.0958251953125 1005.598876953125 759.525146484375
710.2633056640625 611.7520751953125 734.4302978515625 626.6305541992188
1252.2218017578125 619.8839111328125 1256.3814697265625 641.1480102539062
471.48626708984375 531.5303955078125 516.00390625 546.6267700195312
1061.03125 676.425537109375 1065.775146484375 693.7380981445312
1317.11767578125 569.75634765625 1325.2669677734375 592.9027709960938
1106.6766357421875 622.0982055664062 1112.0322265625 641.4035034179688
1190.6331787109375 592.0842895507812 1197.487548828125 613.1581420898438
1159.641845703125 514.6702270507812 1174.4530029296875 536.1978759765625
951.7884521484375 677.7881469726562 959.4710083007812 692.8436279296875
1271.6429443359375 584.6585083007812 1278.4222412109375 606.9992065429688
1217.6697998046875 651.026123046875 1219.0950927734375 670.686279296875
955.5795288085938 571.1749877929688 966.4270629882812 590.1778564453125
504.14984130859375 585.8892822265625 544.1856689453125 598.745361328125
873.8092651367188 647.8560791015625 886.5707397460938 663.291748046875
1284.2440185546875 733.3604736328125 1276.00439453125 752.405517578125
1115.5921630859375 653.9891357421875 1118.6478271484375 672.4884033203125
1220.1048583984375 554.9091796875 1230.5843505859375 576.6913452148438
1373.3505859375 564.1007690429688 1380.6947021484375 587.7987060546875
827.7471313476562 814.0742797851562 831.6302490234375 820.1550903320312
1026.744384765625 731.7457275390625 1026.6142578125 746.116943359375
1277.646728515625 535.8301391601562 1289.0755615234375 558.4547729492188
718.401123046875 759.6906127929688 733.9851684570312 766.4542846679688
822.6459350585938 681.1134643554688 835.5493774414062 694.1190795898438
1203.2872314453125 716.3442993164062 1197.9892578125 734.6515502929688
380.6676025390625 843.957763671875 421.6047668457031 838.3324584960938
764.439208984375 722.078125 778.7296752929688 732.1015014648438
1038.2396240234375 643.1356201171875 1045.711669921875 661.4818725585938
932.8322143554688 693.53857421875 939.7780151367188 707.8076171875
1042.6549072265625 602.8590087890625 1049.73095703125 622.1327514648438
714.7091674804688 653.0819702148438 736.694091796875 664.6055297851562
420.7424621582031 880.2630615234375 456.3345947265625 871.3837280273438
510.176025390625 544.8118286132812 552.0911254882812 559.44140625
1342.9234619140625 579.86181640625 1349.703125 603.1023559570312
1279.760986328125 609.3757934570312 1283.7574462890625 631.3495483398438
408.1864013671875 834.578125 446.050048828125 830.28369140625
549.6226196289062 547.8622436523438 587.6428833007812 562.4110717773438
1225.872802734375 681.9572143554688 1224.047607421875 702.0474243164062
509.07208251953125 553.588623046875 550.0339965820312 568.1663208007812
714.7091674804688 653.0819702148438 736.694091796875 664.6055297851562
846.0260009765625 800.8448486328125 849.9677124023438 808.1380004882812
836.2311401367188 616.0855102539062 852.888916015625 631.4536743164062
1199.733642578125 703.5827026367188 1196.068115234375 722.1248779296875
1282.2501220703125 528.4158325195312 1293.7723388671875 551.3690795898438
558.1548461914062 814.2277221679688 583.5262451171875 814.3391723632812
828.1874389648438 464.9142761230469 852.448974609375 483.7784729003906
376.6786804199219 780.2215576171875 419.5447692871094 779.868896484375
1277.646728515625 535.8301391601562 1289.0755615234375 558.4547729492188
264.99212646484375 927.263916015625 317.0017395019531 910.8812866210938
777.3904418945312 704.0113525390625 792.0814208984375 715.0270385742188
1189.535400390625 535.5579223632812 1201.4837646484375 557.258544921875
1293.710205078125 571.3381958007812 1301.189453125 594.3735961914062
878.874267578125 755.3529663085938 883.9478759765625 765.6989135742188
998.2257690429688 668.8482666015625 1003.7958374023438 685.0484008789062
466.2509460449219 617.344482421875 509.0967102050781 628.1646118164062
1000.5799560546875 638.3578491210938 1008.6382446289062 655.6520385742188
1199.733642578125 703.5827026367188 1196.068115234375 722.1248779296875
1054.19189453125 723.857666015625 1053.606689453125 739.2448120117188
907.2357788085938 611.490966796875 920.6861572265625 628.1275634765625
1216.2305908203125 591.369873046875 1223.209228515625 612.7568359375
592.785888671875 634.0805053710938 624.2455444335938 645.744873046875
637.3047485351562 813.9492797851562 655.7149658203125 815.8721923828125
795.0909423828125 704.5963745117188 809.098876953125 715.670654296875
1206.4976806640625 543.9832153320312 1218.2738037109375 566.0137939453125
1250.504638671875 589.992919921875 1256.90625 611.8773193359375
625.700439453125 734.0416259765625 650.3516845703125 740.6556396484375
1382.90771484375 569.2982177734375 1390.5787353515625 593.1463012695312
543.749267578125 513.515869140625 584.025146484375 529.6854248046875
752.5286865234375 728.4562377929688 767.4420776367188 738.0830688476562
952.7301025390625 600.3247680664062 964.4688110351562 617.8860473632812
781.9674682617188 616.3031005859375 801.930419921875 631.070068359375
1189.535400390625 535.5579223632812 1201.4837646484375 557.258544921875
472.9577331542969 725.2935791015625 509.76873779296875 729.371826171875
481.8265686035156 455.0455017089844 532.4528198242188 471.2560119628906
1279.760986328125 609.3757934570312 1283.7574462890625 631.3495483398438
939.1204833984375 673.0529174804688 946.8530883789062 688.2140502929688
353.6189880371094 757.2229614257812 400.4497985839844 758.3023681640625
415.55279541015625 774.4866333007812 455.8663635253906 774.8373413085938
973.8778076171875 685.8977661132812 979.7045288085938 701.2080688476562
857.2501220703125 796.6339721679688 861.3529052734375 804.4267578125
1211.594970703125 496.6072692871094 1227.1846923828125 518.8107299804688
1355.2308349609375 577.1317749023438 1362.105712890625 600.8551635742188
804.29150390625 632.1588745117188 821.6840209960938 646.8910522460938
770.8817138671875 683.5492553710938 787.4177856445312 695.4602661132812
610.8832397460938 581.555908203125 643.61279296875 595.6138305664062
941.6692504882812 683.8345336914062 948.8418579101562 698.7490844726562
858.0598754882812 600.3792114257812 873.3505859375 616.9271240234375
1269.794677734375 607.4473266601562 1274.2777099609375 629.346435546875
454.99725341796875 613.9998168945312 498.46380615234375 624.595703125
1185.0977783203125 748.1842651367188 1176.7939453125 763.6718139648438
302.6130676269531 884.2346801757812 350.81103515625 873.3365478515625
1174.8858642578125 644.7068481445312 1177.239990234375 664.2521362304688
1067.9071044921875 750.4785766601562 1064.3548583984375 764.7821044921875
752.2906494140625 639.92626953125 772.7918701171875 653.5617065429688
794.6537475585938 823.8912353515625 800.3470458984375 828.5865478515625
795.9035034179688 772.6497802734375 805.5350341796875 780.2986450195312
928.9172973632812 664.1925048828125 938.1196899414062 679.4512329101562
1169.333740234375 543.3859252929688 1181.158203125 564.3095092773438
558.1548461914062 814.2277221679688 583.5262451171875 814.3391723632812
841.614990234375 779.1452026367188 847.443603515625 787.6806030273438
642.2874145507812 358.2850646972656 682.177734375 374.298828125
1050.949951171875 632.4962158203125 1057.681640625 650.477294921875
1233.3629150390625 500.9365539550781 1248.8912353515625 523.0941772460938
1000.5799560546875 638.3578491210938 1008.6382446289062 655.6520385742188
1196.7225341796875 497.7130432128906 1212.36865234375 519.6897583007812
933.3489990234375 651.7789306640625 943.0038452148438 667.572021484375
814.05908203125 622.17578125 831.7833862304688 637.2758178710938
775.4281005859375 696.6182250976562 790.3693237304688 708.0977783203125
1035.5838623046875 779.2058715820312 1031.0372314453125 791.7542724609375
1287.919677734375 529.0349731445312 1300.2332763671875 551.876953125
1312.930419921875 523.1358032226562 1325.873779296875 545.97998046875
1022.7227172851562 781.109375 1018.0040893554688 793.1928100585938
593.9398803710938 715.7916870117188 620.7902221679688 723.0767822265625
419.59051513671875 899.8172607421875 454.18988037109375 890.2166748046875
465.1193542480469 387.8278503417969 517.0021362304688 406.5625915527344
1204.318359375 559.4353637695312 1214.5426025390625 580.9274291992188
579.1043701171875 737.2503051757812 605.5558471679688 743.2109985351562
860.0558471679688 816.1234741210938 862.4091186523438 822.9671630859375
1235.202880859375 722.1729736328125 1228.36328125 741.0347290039062
439.6990661621094 650.1747436523438 482.57415771484375 658.6907348632812
781.7786254882812 787.9031982421875 791.043212890625 794.5869140625
1015.6005249023438 772.4656982421875 1012.6140747070312 784.6300048828125
643.8927001953125 686.1200561523438 668.0397338867188 695.9385986328125
914.778564453125 731.4475708007812 918.7716674804688 743.3721923828125
1160.60546875 593.5476684570312 1168.1473388671875 614.8685913085938
710.4412231445312 492.72686767578125 739.488037109375 509.87066650390625
91.86865997314453 635.5577392578125 170.3564910888672 638.8421020507812
786.8201904296875 610.4857788085938 805.9459838867188 625.840087890625
649.6754150390625 645.819580078125 675.6132202148438 657.6961059570312
777.3904418945312 704.0113525390625 792.0814208984375 715.0270385742188
1196.7225341796875 497.7130432128906 1212.36865234375 519.6897583007812
1243.0550537109375 736.7791137695312 1234.975341796875 754.9462280273438
844.0972290039062 667.941162109375 856.9349975585938 681.5238037109375
764.439208984375 722.078125 778.7296752929688 732.1015014648438
834.1573486328125 679.8272094726562 846.959228515625 692.8748779296875
1147.9739990234375 617.7743530273438 1153.5380859375 637.6781005859375
1170.3331298828125 708.2321166992188 1166.8978271484375 726.0322875976562
1163.212890625 544.8560180664062 1174.6097412109375 566.0479736328125
437.7033996582031 764.22607421875 475.6053161621094 765.821044921875
1272.6199951171875 593.2017211914062 1278.471435546875 615.3192749023438
1249.904296875 560.3114013671875 1259.9471435546875 582.0690307617188
991.3687744140625 679.2757568359375 996.4928588867188 694.861572265625
608.907470703125 729.3532104492188 634.4103393554688 735.9437255859375
543.749267578125 513.515869140625 584.025146484375 529.6854248046875
1061.5787353515625 625.3051147460938 1068.395751953125 643.5799560546875
1156.879638671875 650.5487060546875 1159.7943115234375 669.7193603515625
631.8761596679688 699.1044311523438 655.865966796875 708.0887451171875
1121.3214111328125 619.3494262695312 1127.247802734375 638.8848876953125
1174.8858642578125 644.7068481445312 1177.239990234375 664.2521362304688
851.1094360351562 687.2445678710938 862.7788696289062 701.1776733398438
914.778564453125 731.4475708007812 918.7716674804688 743.3721923828125
660.3902587890625 712.1182861328125 682.5770263671875 720.7278442382812
1242.2222900390625 585.23583984375 1249.004638671875 607.0410766601562
1118.7449951171875 577.13916015625 1123.72802734375 597.9213256835938
1163.212890625 544.8560180664062 1174.6097412109375 566.0479736328125
608.907470703125 729.3532104492188 634.4103393554688 735.9437255859375
579.1043701171875 737.2503051757812 605.5558471679688 743.2109985351562
759.1878051757812 599.025390625 780.4718627929688 614.086181640625
752.2906494140625 639.92626953125 772.7918701171875 653.5617065429688
1296.08251953125 607.1436767578125 1300.4697265625 629.1642456054688
768.8956909179688 516.5205688476562 792.375244140625 536.5423583984375
1006.6617431640625 734.3271484375 1007.034912109375 748.3876953125
1121.3214111328125 619.3494262695312 1127.247802734375 638.8848876953125
1374.4195556640625 534.3306884765625 1385.77001953125 557.29931640625
632.6910400390625 652.20361328125 659.0576782226562 663.4561157226562
803.3045654296875 803.3004760742188 810.0061645507812 809.56591796875
671.2968139648438 393.3039245605469 713.5802612304688 411.0411071777344
540.9752807617188 555.3531494140625 579.020263671875 569.878173828125
472.9577331542969 725.2935791015625 509.76873779296875 729.371826171875
583.3950805664062 820.045166015625 605.2102661132812 820.7772216796875
1315.3677978515625 533.3463134765625 1327.0465087890625 556.5791015625
847.3310546875 822.2282104492188 849.9876098632812 828.2503662109375
828.6436157226562 619.08056640625 845.6765747070312 634.4766845703125
1110.556396484375 642.7883911132812 1114.7125244140625 661.6056518554688
857.2501220703125 796.6339721679688 861.3529052734375 804.4267578125
419.3035583496094 854.1256103515625 455.8934020996094 848.0708618164062
575.0237426757812 659.3115234375 606.6062622070312 670.0079345703125
768.7026977539062 713.3837280273438 782.7919921875 723.9171752929688
1174.1915283203125 536.1412353515625 1186.557861328125 557.6466064453125
1286.9312744140625 531.4778442382812 1298.9381103515625 554.1704711914062
1176.5999755859375 551.7498168945312 1187.3248291015625 573.2028198242188
1373.3734130859375 577.5681762695312 1380.4964599609375 601.1923828125
543.16064453125 635.0679931640625 577.8037719726562 646.9708862304688
1264.9937744140625 533.5267333984375 1276.3526611328125 556.0393676757812
548.2237548828125 801.1424560546875 574.916259765625 801.9567260742188
878.6449584960938 792.0408935546875 881.4667358398438 800.4882202148438
998.6351928710938 653.2158203125 1005.4306640625 669.5848999023438
1030.9532470703125 606.4861450195312 1038.4405517578125 625.0047607421875
1005.9417114257812 746.0958251953125 1005.598876953125 759.525146484375
354.7306823730469 466.6944885253906 411.79638671875 481.4989013671875
993.9124755859375 795.3912353515625 990.6679077148438 806.1925048828125
396.2427062988281 687.915771484375 441.3727111816406 694.4468994140625
765.04443359375 618.5652465820312 786.2757568359375 631.9010009765625
488.9952087402344 660.4336547851562 526.9005126953125 669.8089599609375
659.749755859375 499.8445739746094 692.5209350585938 517.3405151367188
843.5234985351562 810.5130004882812 847.3646240234375 817.03662109375
961.2234497070312 668.6521606445312 968.9525756835938 684.189697265625
1259.521728515625 536.267822265625 1270.31005859375 558.7688598632812
543.749267578125 513.515869140625 584.025146484375 529.6854248046875
491.8728942871094 473.20306396484375 538.696533203125 491.97930908203125
599.838134765625 593.1317138671875 633.1580200195312 606.9473266601562
1211.594970703125 496.6072692871094 1227.1846923828125 518.8107299804688
1382.737060546875 585.49853515625 1388.5885009765625 609.285400390625
653.9816284179688 820.2763671875 671.148193359375 821.9148559570312
398.71661376953125 740.4154663085938 440.9368896484375 742.8505249023438
825.20263671875 803.180419921875 830.3452758789062 809.7999267578125
1374.44384765625 574.5010986328125 1381.67333984375 598.21240234375
334.62969970703125 856.8662109375 380.6639404296875 848.5008544921875
1299.1854248046875 535.6229858398438 1310.19775390625 558.43798828125
955.3619384765625 671.6828002929688 962.306884765625 686.9142456054688
859.4373779296875 707.2901611328125 869.1701049804688 719.5422973632812
628.607177734375 537.6397705078125 661.012939453125 553.7114868164062
408.1864013671875 834.578125 446.050048828125 830.28369140625
673.0620727539062 699.1485595703125 694.7062377929688 709.5970458984375
346.8119812011719 890.2569580078125 389.8739013671875 879.402587890625
818.2708740234375 781.7450561523438 825.2471313476562 789.79541015625
384.2413330078125 891.4783325195312 423.8667297363281 881.4236450195312
1162.1826171875 694.8689575195312 1160.193359375 713.1707763671875
643.3148803710938 630.9583740234375 671.1995849609375 643.2923583984375
468.75592041015625 647.9298095703125 509.53997802734375 657.033935546875
748.5359497070312 625.7788696289062 769.8267211914062 639.52001953125
1134.0579833984375 701.4969482421875 1132.1031494140625 719.1124877929688
843.5234985351562 810.5130004882812 847.3646240234375 817.03662109375
822.6459350585938 681.1134643554688 835.5493774414062 694.1190795898438
1231.484619140625 594.1987915039062 1237.7001953125 615.7610473632812
676.2568969726562 495.8614807128906 708.3753051757812 511.99658203125
616.4337768554688 640.4869995117188 646.2613525390625 652.02197265625
485.36529541015625 552.2859497070312 528.5381469726562 566.31494140625
795.8472290039062 693.2879028320312 810.2318725585938 704.9661254882812
624.939453125 623.6175537109375 653.6076049804688 636.2455444335938
470.5572204589844 565.8795776367188 514.0782470703125 579.9652099609375
680.8290405273438 581.4878540039062 708.5638427734375 596.6734619140625
542.5455322265625 522.0593872070312 581.5864868164062 537.9312133789062
808.5227661132812 824.4854125976562 813.6512451171875 829.36572265625
324.9116516113281 866.3801879882812 371.68853759765625 857.0919189453125
1355.2308349609375 577.1317749023438 1362.105712890625 600.8551635742188
386.6321716308594 750.6077270507812 431.62786865234375 751.6823120117188
522.1926879882812 708.0342407226562 555.7900390625 714.6874389648438
1382.0692138671875 588.7462768554688 1387.344970703125 612.4083251953125
419.59051513671875 899.8172607421875 454.18988037109375 890.2166748046875
869.4052734375 783.5541381835938 873.6143798828125 792.2433471679688
643.7998046875 620.7850341796875 672.2001342773438 633.5523681640625
832.2927856445312 773.847412109375 838.92333984375 782.5335693359375
621.185302734375 729.7604370117188 645.9043579101562 736.2108154296875
574.1145629882812 722.9464721679688 602.6159057617188 729.3241577148438
1248.429443359375 605.1884765625 1253.6080322265625 627.0155639648438
1356.1290283203125 585.7011108398438 1362.17529296875 608.884765625
1186.0291748046875 722.1072387695312 1181.066650390625 739.655517578125
1400.9014892578125 582.130859375 1407.8138427734375 606.4522094726562
235.79580688476562 479.6381530761719 302.65216064453125 493.2823181152344
1394.4190673828125 580.560302734375 1401.2421875 604.4676513671875
869.4052734375 783.5541381835938 873.6143798828125 792.2433471679688
1276.183837890625 607.2103881835938 1280.2960205078125 629.3092651367188
1346.4764404296875 570.5311889648438 1354.410400390625 593.9050903320312
1149.7216796875 646.0549926757812 1152.8321533203125 665.446044921875
1397.4168701171875 567.9927368164062 1405.0855712890625 591.9078369140625
458.7352600097656 649.7890014648438 499.640625 658.8191528320312
606.8348999023438 717.7218017578125 634.0540161132812 724.9746704101562
1129.9412841796875 591.1607055664062 1137.058349609375 610.8111572265625
1142.3681640625 611.0816650390625 1148.4639892578125 631.1135864257812
1068.7816162109375 741.7733764648438 1066.310302734375 756.5687255859375
1000.2615966796875 681.0126953125 1005.3648681640625 696.777587890625
828.1874389648438 464.9142761230469 852.448974609375 483.7784729003906
1217.2333984375 603.9977416992188 1222.2293701171875 625.010986328125
1108.2266845703125 647.7398071289062 1112.454345703125 666.3333129882812
470.5572204589844 565.8795776367188 514.0782470703125 579.9652099609375
678.8076782226562 523.5067749023438 709.5499877929688 539.9382934570312
266.6049499511719 510.0614318847656 331.07672119140625 520.9110107421875
1248.429443359375 605.1884765625 1253.6080322265625 627.0155639648438
541.2193603515625 582.4600830078125 578.2982788085938 595.3486328125
1035.5838623046875 779.2058715820312 1031.0372314453125 791.7542724609375
710.4412231445312 492.72686767578125 739.488037109375 509.87066650390625
722.5888671875 813.0010986328125 733.8297729492188 816.4386596679688
756.0169677734375 590.6392211914062 778.7003173828125 606.1024780273438
607.617919921875 652.983154296875 635.9727172851562 663.980224609375
747.0119018554688 488.3125915527344 776.786865234375 506.0719299316406
511.4949951171875 641.2677612304688 548.8137817382812 650.66748046875
464.1275634765625 604.4656372070312 505.5924987792969 616.15625
1182.123779296875 553.9461059570312 1192.6754150390625 575.34033203125
386.6321716308594 750.6077270507812 431.62786865234375 751.6823120117188
1194.0196533203125 725.1423950195312 1188.126953125 742.7581176757812
1228.40185546875 696.8279418945312 1224.2191162109375 715.6232299804688
1208.7020263671875 551.2472534179688 1219.1650390625 573.02490234375
815.482177734375 615.0007934570312 833.1961669921875 630.3953857421875
607.617919921875 652.983154296875 635.9727172851562 663.980224609375
623.6802978515625 581.3902587890625 655.1176147460938 595.550537109375
667.6283569335938 492.1938781738281 702.2578125 509.7043762207031
522.1926879882812 708.0342407226562 555.7900390625 714.6874389648438
632.175048828125 511.04974365234375 665.9426879882812 528.0435180664062
440.8702697753906 619.2877807617188 484.8682556152344 630.192138671875
1176.5999755859375 551.7498168945312 1187.3248291015625 573.2028198242188
500.2669677734375 671.5056762695312 535.3470458984375 681.002685546875
411.33734130859375 689.2157592773438 454.5227966308594 695.4794311523438
1163.932861328125 548.9077758789062 1175.17138671875 570.0114135742188
1272.9329833984375 530.504150390625 1284.378662109375 553.0947265625
434.4927673339844 669.8822631835938 475.7161560058594 677.5567626953125
761.0353393554688 706.998046875 776.4419555664062 717.7435913085938
606.7096557617188 623.8890380859375 637.8892211914062 636.0015258789062
381.89501953125 523.9267578125 435.8385925292969 536.9404907226562
345.42138671875 848.1486206054688 391.1954650878906 840.258544921875
402.8604431152344 874.1658935546875 441.3105773925781 865.8306884765625
614.2902221679688 508.1617736816406 650.822509765625 525.6397705078125
599.838134765625 593.1317138671875 633.1580200195312 606.9473266601562
1288.3599853515625 541.267822265625 1299.224609375 564.1996459960938
813.3641967773438 785.9251098632812 820.3533935546875 793.7791748046875
1237.2415771484375 486.0318603515625 1254.1190185546875 508.2598571777344
1120.4515380859375 587.7254028320312 1127.234619140625 607.7735595703125
785.1768798828125 626.4734497070312 804.1383056640625 641.0953979492188
408.5920715332031 665.05615234375 453.38232421875 673.8601684570312
823.6766357421875 624.5423583984375 841.5576171875 639.4193725585938
711.8872680664062 705.7611694335938 730.9970703125 715.9453125
673.0220336914062 615.5288696289062 699.447998046875 628.1939086914062
443.8524475097656 738.6734619140625 484.1054382324219 740.307373046875
819.1017456054688 690.03515625 830.6751098632812 702.26025390625
1298.168701171875 537.985595703125 1309.17724609375 560.8373413085938
494.8020324707031 591.1668701171875 535.509033203125 603.9004516601562
980.899658203125 656.9662475585938 988.8746337890625 673.197021484375
985.2054443359375 675.0009155273438 990.9312133789062 690.8259887695312
1395.834228515625 590.7816772460938 1401.2987060546875 614.6305541992188
588.5479736328125 505.9495849609375 626.378662109375 522.4310302734375
843.5777587890625 702.7306518554688 854.1182250976562 715.0452270507812
557.2720336914062 745.4970092773438 586.0316772460938 750.9689331054688
646.2802734375 567.267822265625 677.130859375 582.3864135742188
635.8684692382812 592.1171875 665.361083984375 606.191162109375
724.3756713867188 571.8170776367188 749.9010009765625 587.6922607421875
1218.8853759765625 485.8316650390625 1235.3995361328125 507.85205078125
1080.8096923828125 743.6260375976562 1077.8603515625 759.2086791992188
801.8275146484375 817.6175537109375 807.3099365234375 822.9465942382812
617.58154296875 629.90185546875 648.2323608398438 641.7733764648438
674.2572631835938 533.1612548828125 704.297607421875 549.721435546875
838.3313598632812 623.64599609375 855.178466796875 639.61083984375
1233.3629150390625 500.9365539550781 1248.8912353515625 523.0941772460938
669.3239135742188 641.2881469726562 694.46484375 654.4095458984375
667.2360229492188 562.6788940429688 697.8182983398438 577.9805908203125
1250.4459228515625 498.026123046875 1266.23828125 520.4542236328125
235.79580688476562 479.6381530761719 302.65216064453125 493.2823181152344
560.1845703125 512.9013061523438 599.238525390625 529.01953125
1093.8358154296875 632.0215454101562 1099.6343994140625 651.0477294921875
361.3771057128906 840.7769165039062 405.1986389160156 833.7836303710938
669.3239135742188 641.2881469726562 694.46484375 654.4095458984375
1259.9422607421875 584.1209716796875 1266.997802734375 606.1312255859375
768.7026977539062 713.3837280273438 782.7919921875 723.9171752929688
1137.6441650390625 646.5719604492188 1140.5828857421875 665.7171020507812
1367.832275390625 570.4002685546875 1375.5849609375 594.0607299804688
1245.210205078125 473.45849609375 1262.69384765625 496.1525573730469
799.4666137695312 601.1509399414062 818.602294921875 616.9425659179688
711.8872680664062 705.7611694335938 730.9970703125 715.9453125
777.3865356445312 602.4026489257812 798.1312866210938 617.38330078125
867.8294067382812 826.0237426757812 868.8701171875 832.0088500976562
749.3713989257812 597.4619750976562 771.828369140625 612.3563842773438
1306.9337158203125 522.8601684570312 1319.93310546875 545.9593505859375
840.8101196289062 799.0545654296875 845.0027465820312 805.3333740234375
673.9901733398438 777.3291625976562 691.3209838867188 781.4498291015625
1129.674072265625 642.1310424804688 1133.5302734375 661.3660888671875
637.885986328125 794.9356689453125 657.4228515625 798.226318359375
541.44677734375 823.3120727539062 567.8153686523438 823.2915649414062
954.7321166992188 649.3193969726562 963.76708984375 666.0380249023438
801.8275146484375 817.6175537109375 807.3099365234375 822.9465942382812
765.649658203125 629.8966064453125 784.5850830078125 644.1763305664062
642.25244140625 506.76776123046875 676.4083251953125 523.9601440429688
806.8447265625 794.9383544921875 813.2784423828125 801.82177734375
581.0059204101562 629.9867553710938 613.8281860351562 640.5648803710938
443.8524475097656 738.6734619140625 484.1054382324219 740.307373046875
1265.4180908203125 536.8495483398438 1276.5262451171875 559.2206420898438
647.3514404296875 535.1499633789062 680.4475708007812 551.1940307617188
776.5244750976562 478.71466064453125 806.0306396484375 497.35467529296875
434.4927673339844 669.8822631835938 475.7161560058594 677.5567626953125
768.8956909179688 516.5205688476562 792.375244140625 536.5423583984375
967.0390014648438 680.5542602539062 973.861083984375 695.749267578125
894.312744140625 616.1702270507812 907.98046875 633.0842895507812
975.545654296875 740.346435546875 976.623291015625 753.2970581054688
332.6694030761719 896.8133544921875 376.8687438964844 885.2288818359375
785.6911010742188 779.2513427734375 794.7852172851562 786.6826782226562
533.224853515625 605.5181884765625 569.72705078125 618.5142211914062
673.2537231445312 583.8819580078125 700.9380493164062 598.6542358398438
427.39544677734375 343.9973449707031 484.2106018066406 362.6971740722656
1396.4053955078125 574.263427734375 1403.4366455078125 598.1866455078125
1070.751708984375 770.1591796875 1065.6988525390625 783.071044921875
628.607177734375 537.6397705078125 661.012939453125 553.7114868164062
390.92767333984375 757.5471801757812 434.15399169921875 758.494873046875
774.6994018554688 848.13134765625 780.5977172851562 851.0066528320312
670.1452026367188 572.2094116210938 699.1693115234375 587.0867919921875
535.9873657226562 590.5089721679688 573.4680786132812 602.5602416992188
801.54150390625 618.5511474609375 819.0576782226562 633.7201538085938
411.45098876953125 654.737060546875 457.1383361816406 662.1847534179688
390.92767333984375 757.5471801757812 434.15399169921875 758.494873046875
1272.80712890625 550.3939208984375 1281.9930419921875 573.2052612304688
821.45947265625 613.8660888671875 839.7858276367188 629.0663452148438
631.55126953125 581.8599853515625 663.5952758789062 596.1305541992188
677.8795166015625 503.2147216796875 710.1175537109375 521.3634643554688
785.6911010742188 779.2513427734375 794.7852172851562 786.6826782226562
513.3245849609375 600.3633422851562 550.635498046875 612.9877319335938
745.876220703125 589.9528198242188 768.8540649414062 605.2171020507812
1193.8060302734375 741.771240234375 1185.7991943359375 757.7368774414062
752.3858642578125 483.2873840332031 782.3158569335938 501.2806396484375
1210.82177734375 722.6546630859375 1205.4573974609375 740.9839477539062
484.4737854003906 650.6836547851562 522.1129760742188 660.2000122070312
744.66796875 611.5465698242188 767.3076171875 625.652587890625
788.412109375 835.8695678710938 793.9051513671875 839.7213134765625
440.35040283203125 684.0276489257812 481.7203369140625 690.7821655273438
992.2181396484375 745.710693359375 993.0172729492188 759.3984985351562
943.7727661132812 661.377685546875 952.3848876953125 677.1414184570312
414.78741455078125 761.0794067382812 455.85302734375 762.1486206054688
351.93096923828125 894.9955444335938 396.1260681152344 883.0206298828125
654.9365844726562 701.5726318359375 679.01513671875 710.4893188476562
774.6994018554688 848.13134765625 780.5977172851562 851.0066528320312
983.7913818359375 748.8236083984375 983.5743408203125 761.9779052734375
801.9012451171875 673.837646484375 816.9960327148438 686.4402465820312
657.2620239257812 628.4298706054688 685.2117919921875 640.815185546875
421.65966796875 669.8878173828125 464.3548889160156 677.426513671875
631.55126953125 581.8599853515625 663.5952758789062 596.1305541992188
452.4208679199219 600.7190551757812 495.75244140625 613.614013671875
513.3245849609375 600.3633422851562 550.635498046875 612.9877319335938
617.58154296875 629.90185546875 648.2323608398438 641.7733764648438
630.2980346679688 496.0164794921875 666.8419189453125 513.0973510742188
549.7630004882812 516.5670776367188 591.1983032226562 532.4816284179688
616.4337768554688 640.4869995117188 646.2613525390625 652.02197265625
810.4260864257812 686.7166137695312 825.109619140625 699.7236938476562
1132.5006103515625 630.009033203125 1136.281005859375 649.194580078125
479.37786865234375 646.5291748046875 519.2083129882812 656.00244140625
583.6723022460938 714.7183837890625 609.8763427734375 721.737060546875
1320.93310546875 533.24072265625 1333.0838623046875 556.5361938476562
566.166748046875 505.16217041015625 605.457763671875 520.7532348632812
867.530517578125 768.6455078125 872.7747802734375 778.3162231445312
429.28076171875 355.7358093261719 484.6464538574219 375.5431213378906
478.1854248046875 549.085693359375 522.2862548828125 562.5630493164062
1132.5006103515625 630.009033203125 1136.281005859375 649.194580078125
1134.549072265625 502.9418640136719 1151.1513671875 524.416015625
1053.1265869140625 619.1757202148438 1061.42919921875 637.4949340820312
480.1216125488281 595.482177734375 519.8289184570312 607.9041137695312
639.697509765625 307.00653076171875 685.404052734375 327.40289306640625
600.7803955078125 574.7894287109375 635.0934448242188 588.0302124023438
656.1956787109375 624.003173828125 684.0874633789062 637.0189819335938
1070.751708984375 770.1591796875 1065.6988525390625 783.071044921875
762.4257202148438 780.8985595703125 773.3238525390625 787.42041015625
489.15081787109375 527.6725463867188 535.1982421875 542.00048828125
588.9972534179688 639.0192260742188 620.3905029296875 649.6150512695312
419.3035583496094 854.1256103515625 455.8934020996094 848.0708618164062
404.27294921875 753.2388305664062 447.67828369140625 753.4974365234375
607.2496948242188 532.3713989257812 643.4176635742188 547.3086547851562
1174.173828125 698.1159057617188 1173.3818359375 717.2828369140625
531.4027099609375 540.7028198242188 572.8237915039062 555.3180541992188
473.0180969238281 660.2930908203125 512.6954956054688 668.8016357421875
949.3024291992188 549.8150634765625 960.4950561523438 569.132080078125
1134.0235595703125 506.12408447265625 1150.0382080078125 527.35693359375
656.3809814453125 568.1416015625 686.5330810546875 583.1832275390625
489.15081787109375 527.6725463867188 535.1982421875 542.00048828125
816.7439575195312 831.6907348632812 820.0745239257812 836.1571655273438
475.776123046875 604.5328979492188 515.8060913085938 616.3766479492188
371.4756164550781 760.5556640625 414.9702453613281 761.393310546875
475.776123046875 604.5328979492188 515.8060913085938 616.3766479492188
623.9161376953125 633.920166015625 652.4061279296875 645.970703125
679.5734252929688 564.164306640625 707.947021484375 578.915771484375
1068.7816162109375 741.7733764648438 1066.310302734375 756.5687255859375
312.4658508300781 855.7011108398438 360.3724670410156 847.4227294921875
556.7958374023438 836.1401977539062 581.7193603515625 834.4885864257812
1285.51611328125 497.2027282714844 1299.52001953125 519.0634765625
1163.932861328125 548.9077758789062 1175.17138671875 570.0114135742188
823.3954467773438 824.7295532226562 828.4066772460938 830.3306884765625
878.6449584960938 792.0408935546875 881.4667358398438 800.4882202148438
811.6889038085938 476.4507751464844 838.5501708984375 494.8717346191406
823.3954467773438 824.7295532226562 828.4066772460938 830.3306884765625
332.6694030761719 896.8133544921875 376.8687438964844 885.2288818359375
650.2704467773438 814.0056762695312 669.1484985351562 816.2074584960938
612.9920043945312 499.8521423339844 649.7858276367188 515.9299926757812
611.72998046875 629.9788208007812 640.0706787109375 642.1943359375
657.2620239257812 628.4298706054688 685.2117919921875 640.815185546875
1308.34130859375 531.1889038085938 1320.765380859375 554.3352661132812
1096.9779052734375 644.8319702148438 1099.9539794921875 662.8060302734375
549.7630004882812 516.5670776367188 591.1983032226562 532.4816284179688
592.4911499023438 829.29345703125 614.6434936523438 828.4907836914062
646.04345703125 638.5379028320312 673.2689208984375 650.447021484375
592.4911499023438 829.29345703125 614.6434936523438 828.4907836914062
991.6730346679688 745.4877319335938 993.0172729492188 759.3984985351562
1146.29541015625 556.4141845703125 1155.8299560546875 577.4989624023438
1222.5838623046875 497.9060363769531 1237.0302734375 519.6810302734375
806.2250366210938 704.3321533203125 820.20458984375 716.412353515625
974.1029663085938 645.87548828125 984.28076171875 663.357421875
496.8279724121094 648.5355834960938 537.3890991210938 655.4244384765625
775.2881469726562 624.2880859375 791.5758056640625 635.8108520507812
807.1357421875 612.0009765625 827.1962280273438 626.8997192382812
506.6042175292969 548.7245483398438 550.1410522460938 562.8944091796875
727.4569091796875 533.1065063476562 753.6318969726562 553.6295776367188
636.6232299804688 311.2901306152344 682.6394653320312 331.6214904785156
1134.583984375 509.9371337890625 1148.936767578125 530.9453735351562
639.1123046875 501.656005859375 675.3324584960938 518.5108032226562
238.39271545410156 559.879150390625 303.67144775390625 569.1831665039062
250.5863037109375 528.2801513671875 316.7884216308594 538.666259765625
804.7449340820312 480.1133728027344 832.3382568359375 498.74267578125
1129.7340087890625 509.1399230957031 1144.3592529296875 529.9518432617188
224.92039489746094 567.1480712890625 293.3738098144531 577.0191040039062
1121.668212890625 641.3297729492188 1123.2320556640625 662.0972290039062
