28.896366119384766
29.84962272644043
32.51153564453125
33.70459747314453
33.941123962402344
33.98529052734375
34.1760139465332
34.336570739746094
34.39476776123047
34.871192932128906
34.89985656738281
35.04283142089844
35.36948013305664
36.055511474609375
36.728736877441406
36.79673767089844
37.57658767700195
37.735923767089844
37.74917221069336
37.92097091674805
38.09199523925781
38.236106872558594
39.076847076416016
39.54743957519531
39.97499084472656
40.18706130981445
40.18706130981445
40.49691390991211
40.902320861816406
41.26742172241211
41.509037017822266
41.62931823730469
41.67733383178711
41.7971305847168
41.91658401489258
42.54409408569336
42.55584716796875
42.61455154418945
42.87190246582031
42.91852569580078
43.06970977783203
43.54308319091797
43.5889892578125
43.96589660644531
44.384681701660156
44.429718017578125
44.48595428466797
44.57577896118164
44.69899368286133
45.088802337646484
45.088802337646484
45.12205505371094
45.17742919921875
45.25483322143555
45.25483322143555
45.36518478393555
45.42026138305664
45.56314468383789
45.59605407714844
45.661800384521484
45.73838806152344
46.8294792175293
47.159305572509766
47.16990661621094
47.381431579589844
47.59201431274414
47.70744323730469
47.79121398925781
48.15599822998047
48.1871337890625
48.41487503051758
48.559242248535156
48.56953811645508
48.68264389038086
48.908077239990234
49.12229537963867
49.315311431884766
49.537864685058594
49.90991973876953
49.97999572753906
50.03998565673828
50.04997634887695
50.309043884277344
50.71488952636719
50.73460388183594
50.73460388183594
50.89204406738281
51.01960372924805
51.03919982910156
51.185935974121094
51.51698684692383
52.191951751708984
52.23025894165039
52.28766632080078
52.32590103149414
52.564247131347656
52.71622085571289
52.744667053222656
52.839378356933594
53.24471664428711
53.516353607177734
53.656314849853516
53.851646423339844
54.120235443115234
54.15717697143555
54.18486785888672
54.415069580078125
54.424259185791016
54.47935485839844
54.5618896484375
54.671749114990234
54.79050827026367
54.90901565551758
55.91064453125
56.08921432495117
56.11595153808594
56.20498275756836
56.23166275024414
56.26721954345703
56.49778747558594
56.73623275756836
56.86826705932617
56.89463806152344
56.92978286743164
57.061370849609375
57.42821502685547
57.84461975097656
57.9741325378418
58.215118408203125
58.30094528198242
58.813262939453125
58.85575485229492
59.126983642578125
59.253692626953125
59.304298400878906
59.32115936279297
59.52310562133789
59.53990173339844
59.67411422729492
59.74110794067383
59.8581657409668
59.92495346069336
60.09159851074219
60.10823440551758
60.13318634033203
60.315834045410156
60.3406982421875
60.45659637451172
60.58052444458008
60.613529205322266
60.81118392944336
60.95079803466797
60.975406646728516
61.22091293334961
61.22907638549805
61.23724365234375
61.302528381347656
61.64413833618164
61.725196838378906
61.93545150756836
61.951595306396484
62.0
62.864933013916016
62.91263961791992
63.06346130371094
63.06346130371094
63.1347770690918
63.324562072753906
63.474403381347656
63.576725006103516
63.584590911865234
63.608177185058594
64.0
64.19501495361328
64.24172973632812
64.28063201904297
64.36614227294922
64.37390899658203
64.88451385498047
65.03076171875
65.1536636352539
65.4369888305664
65.57438659667969
65.77993774414062
65.85590362548828
65.98484802246094
66.00757598876953
66.0302963256836
66.128662109375
66.42288970947266
66.55073547363281
66.8056869506836
66.91038513183594
66.94026947021484
67.01492309570312
67.57218170166016
67.66091918945312
67.6830825805664
67.9705810546875
68.27883911132812
68.47627258300781
68.51277160644531
68.67314147949219
68.80406951904297
68.80406951904297
68.84039306640625
69.02897644042969
69.62039947509766
69.72804260253906
69.82119750976562
70.50531768798828
70.5265884399414
70.73896026611328
70.80254364013672
71.19690704345703
71.45628356933594
71.68682098388672
71.72168731689453
71.86793518066406
72.17340087890625
72.3049087524414
72.42927551269531
72.48448181152344
72.55342864990234
72.65673065185547
72.91776275634766
73.33484649658203
73.39618682861328
73.46427917480469
73.80379486083984
73.85120391845703
74.44461059570312
74.45132446289062
74.59893035888672
75.55792236328125
75.67694854736328
75.7693862915039
75.9868392944336
76.53103637695312
76.53103637695312
76.5636978149414
76.6681137084961
76.67463684082031
76.72026824951172
76.76587677001953
76.9740219116211
76.98051452636719
77.077880859375
77.08436584472656
77.2139892578125
77.2593002319336
77.35631561279297
77.36278533935547
77.60154724121094
77.8331527709961
77.96794128417969
78.61297607421875
78.76547241210938
78.86697387695312
78.91767883300781
79.01898193359375
79.11384582519531
79.22120666503906
79.63667297363281
79.6868896484375
79.84986114501953
79.98749542236328
80.04998779296875
80.13738250732422
80.14362335205078
80.293212890625
80.49844360351562
80.65978240966797
80.70935821533203
80.74651336669922
81.13568878173828
81.35723876953125
81.3879623413086
81.43709564208984
81.4923324584961
81.58431243896484
81.7557373046875
81.83519744873047
81.84130859375
82.0182876586914
82.2982406616211
82.37718200683594
82.66801452636719
82.8311538696289
83.00602722167969
83.04216003417969
83.23461151123047
83.2946548461914
83.35466766357422
83.57032775878906
83.7317123413086
83.75559997558594
83.9523696899414
84.07139587402344
84.09518432617188
84.19619750976562
84.2911605834961
84.3741683959961
85.4400405883789
85.63877868652344
85.75546264648438
85.88946533203125
86.08135986328125
86.13361358642578
86.41758728027344
86.8158950805664
86.8274154663086
87.22958374023438
87.33269500732422
87.73825073242188
87.74964141845703
87.76673889160156
87.89766693115234
87.93179321289062
87.9772720336914
88.12490844726562
88.40814208984375
88.4194564819336
88.73556518554688
88.78063201904297
88.92693328857422
89.31405639648438
89.33644104003906
89.4874267578125
89.51536560058594
89.64373779296875
89.81648254394531
89.8387451171875
89.89994812011719
89.97777557373047
90.0
90.0
90.06664276123047
90.09994506835938
90.1942367553711
90.33271789550781
90.64215087890625
90.71934509277344
90.91754150390625
91.2743148803711
91.59148406982422
91.79869079589844
91.89124298095703
92.07062530517578
92.42835235595703
92.73079681396484
92.75775146484375
92.97311401367188
93.09135437011719
93.38629150390625
93.52005004882812
93.5948715209961
93.72833251953125
93.80298614501953
94.00531768798828
94.0584945678711
94.13819885253906
94.18067932128906
94.66255950927734
94.69952392578125
94.92628479003906
95.40440368652344
96.41058349609375
96.47279357910156
96.61262512207031
97.01546478271484
97.09788513183594
97.81615447998047
97.88768768310547
98.26494598388672
98.39715576171875
98.40731811523438
98.4276351928711
98.63569641113281
98.75221252441406
98.95958709716797
98.95958709716797
99.14131164550781
99.52386474609375
99.64938354492188
99.99500274658203
100.04998779296875
100.20977783203125
100.21476745605469
101.58248138427734
102.18121337890625
102.2007827758789
102.21546173095703
102.43046569824219
102.46463012695312
102.56705474853516
102.87371063232422
102.94173431396484
102.98058319091797
103.01456451416016
104.05287170410156
104.62313079833984
104.64225006103516
104.71867370605469
104.84274291992188
104.98571014404297
105.07140350341797
105.3138198852539
105.32331085205078
105.42770385742188
105.531982421875
105.55093383789062
105.64089965820312
105.69295501708984
106.03772735595703
106.3672866821289
106.58329772949219
106.68645477294922
106.8363265991211
106.92520904541016
106.97663116455078
107.14009857177734
107.55928802490234
108.00926208496094
108.17115783691406
108.69682312011719
108.71062469482422
108.84851837158203
108.85770416259766
108.86229705810547
108.91281127929688
109.1650161743164
109.3343505859375
109.38921356201172
110.48076629638672
111.6646728515625
111.68258666992188
112.02677917480469
112.79627990722656
112.84945678710938
113.27400207519531
113.39752960205078
113.69256591796875
114.58621215820312
114.90430450439453
115.07823181152344
115.1173324584961
115.44696044921875
116.37869262695312
118.2962417602539
118.30469512939453
118.43563842773438
118.50738525390625
118.9033203125
119.5867919921875
119.86241912841797
120.10828399658203
120.30793762207031
120.30793762207031
120.39933776855469
120.72696685791016
121.21056365966797
121.28890991210938
121.51954650878906
121.81133270263672
122.11060333251953
122.56835174560547
124.06852722167969
125.21182250976562
126.80299377441406
126.81877136230469
126.83059692382812
127.25564575195312
127.3930892944336
128.26145935058594
128.5496063232422
128.58848571777344
129.02325439453125
130.1383819580078
130.14991760253906
131.17164611816406
131.75355529785156
132.8043670654297
133.2628936767578
133.36041259765625
133.67123413085938
133.87307739257812
133.87307739257812
134.12680053710938
134.41726684570312
134.53623962402344
135.12586975097656
135.62078857421875
136.08453369140625
136.48443603515625
136.58697509765625
137.1896514892578
137.2989501953125
138.2606201171875
138.59292602539062
139.3592529296875
139.38076782226562
142.25680541992188
142.8495635986328
143.05593872070312
143.21661376953125
143.86451721191406
144.93446350097656
144.9586181640625
145.57472229003906
145.7223358154297
145.78408813476562
146.96258544921875
147.82083129882812
147.95606994628906
149.07716369628906
149.25816345214844
149.39544677734375
150.8641815185547
151.17539978027344
152.87576293945312
153.14698791503906
154.72557067871094
154.7707977294922
156.76734924316406
157.85752868652344
157.8733673095703
157.97784423828125
160.02188110351562
160.03125
161.2017364501953
163.13491821289062
163.9390106201172
165.24224853515625
166.79928588867188
170.1264190673828
170.46994018554688
171.59837341308594
176.35475158691406
178.4180450439453
178.75961303710938
180.466064453125
189.1216583251953
189.86573791503906
197.84336853027344
198.46914672851562
199.36148071289062
201.95297241210938
202.0
204.6606903076172
205.98544311523438
206.67849731445312
208.24984741210938
211.8560791015625
212.43116760253906
212.99530029296875
213.24868774414062
214.40382385253906
217.39364624023438
220.80308532714844
228.9497833251953
230.34104919433594
237.06539916992188
249.16259765625
252.43612670898438
260.86395263671875
