1202.3721923828125 593.3751220703125 351.8188781738281 804.8839111328125
1162.4366455078125 638.5993041992188 394.8362731933594 713.8007202148438
1190.6331787109375 592.0842895507812 373.5593566894531 800.3313598632812
1188.966796875 541.0695190429688 412.0190124511719 938.741943359375
1231.484619140625 594.1987915039062 297.9092102050781 821.93212890625
665.44091796875 565.3853759765625 1086.26611328125 558.5247802734375
1234.1488037109375 603.6901245117188 291.0609130859375 804.3765258789062
1163.212890625 544.8560180664062 467.84991455078125 899.1937866210938
1155.5426025390625 567.3571166992188 454.04876708984375 829.690673828125
1252.2218017578125 619.8839111328125 259.1378173828125 787.3675537109375
1234.1488037109375 603.6901245117188 291.0609130859375 804.3765258789062
1163.932861328125 548.9077758789062 458.2696228027344 887.9678344726562
