770.8817138671875 683.5492553710938 961.5723266601562 680.1614379882812
607.617919921875 652.983154296875 1086.4193115234375 759.8905029296875
673.0620727539062 699.1485595703125 1036.5499267578125 694.5750122070312
614.179443359375 732.6849975585938 1081.907958984375 685.0410766601562
625.700439453125 734.0416259765625 1074.8212890625 681.9013061523438
629.9837646484375 713.401123046875 1069.681640625 694.677734375
629.9837646484375 713.401123046875 1069.681640625 694.677734375
761.0353393554688 706.998046875 978.4285278320312 667.004638671875
606.8348999023438 717.7218017578125 1086.26806640625 697.4310913085938
775.4281005859375 696.6182250976562 965.061767578125 670.092041015625
654.9365844726562 701.5726318359375 1050.2900390625 696.9581909179688
781.7786254882812 787.9031982421875 991.8099365234375 625.0408325195312
777.3904418945312 704.0113525390625 966.7764892578125 665.1263427734375
768.7026977539062 713.3837280273438 975.60595703125 661.5015869140625
811.0286254882812 772.2220458984375 971.4439697265625 625.2180786132812
777.3904418945312 704.0113525390625 966.7764892578125 665.1263427734375
722.5888671875 813.0010986328125 1026.1710205078125 628.9567260742188
795.8497314453125 715.8575439453125 959.7467651367188 654.04541015625
812.670654296875 708.0892333984375 946.0873413085938 655.1761474609375
660.3902587890625 712.1182861328125 1048.0498046875 687.784423828125
762.4257202148438 780.8985595703125 1000.3777465820312 630.5012817382812
632.6910400390625 652.20361328125 1064.4388427734375 752.1764526367188
803.070068359375 786.68359375 980.3347778320312 621.7743530273438
795.0909423828125 704.5963745117188 955.371826171875 660.8885498046875
801.9012451171875 673.837646484375 935.3045043945312 679.3534545898438
795.0909423828125 704.5963745117188 955.371826171875 660.8885498046875
775.6968994140625 815.3909301757812 1001.9932861328125 616.7447509765625
646.04345703125 638.5379028320312 1046.743896484375 764.308349609375
