86.0987777709961
113.454833984375
115.54652404785156
119.7288589477539
124.711669921875
128.0390625
133.8506622314453
135.99264526367188
146.05136108398438
148.96644592285156
149.0805206298828
153.03921508789062
157.89553833007812
159.93435668945312
164.61166381835938
166.62832641601562
167.50820922851562
171.548828125
172.8814697265625
174.6825714111328
175.7412872314453
189.98684692382812
206.07037353515625
207.77391052246094
211.8560791015625
222.7218017578125
227.05726623535156
237.0105438232422
