610.9383544921875 847.3502807617188 1218.507568359375 821.8342895507812
419.59051513671875 899.8172607421875 1334.0018310546875 889.0364379882812
419.59051513671875 899.8172607421875 1334.0018310546875 889.0364379882812
395.4351501464844 848.2747802734375 1324.4058837890625 936.3384399414062
541.044677734375 863.168701171875 1258.0770263671875 847.9404296875
395.4351501464844 848.2747802734375 1324.4058837890625 936.3384399414062
629.9837646484375 713.401123046875 1084.128173828125 888.070556640625
629.9837646484375 713.401123046875 1084.128173828125 888.070556640625
384.2413330078125 891.4783325195312 1350.632080078125 913.71728515625
592.4911499023438 829.29345703125 1213.6727294921875 838.1130981445312
620.0089721679688 795.68701171875 1173.580322265625 842.0482177734375
419.3035583496094 854.1256103515625 1314.6104736328125 917.9068603515625
420.7424621582031 880.2630615234375 1324.46533203125 899.67138671875
592.4911499023438 829.29345703125 1213.6727294921875 838.1130981445312
402.8604431152344 874.1658935546875 1332.1083984375 914.2421264648438
