98.8736572265625
102.7667236328125
106.07544708251953
107.85175323486328
109.3069076538086
117.71150970458984
121.87698364257812
124.59534454345703
128.8215789794922
132.83071899414062
138.3582305908203
138.79481506347656
140.37094116210938
141.7356719970703
144.00347900390625
148.6707763671875
150.46926879882812
152.1742401123047
162.4653778076172
173.70376586914062
173.94252014160156
174.7340850830078
183.66273498535156
184.4451141357422
186.7618865966797
186.78062438964844
192.07290649414062
193.37269592285156
197.30686950683594
209.18173217773438
211.1066131591797
215.40892028808594
224.0602569580078
226.8016815185547
234.42483520507812
241.95040893554688
243.4501953125
245.1978759765625
277.01263427734375
