1120.6239013671875 1003.18505859375 432.6143493652344 982.3336791992188
1120.6239013671875 1003.18505859375 432.6143493652344 982.3336791992188
1036.9732666015625 920.1344604492188 570.6017456054688 956.48388671875
1030.3653564453125 1020.1550903320312 478.3887023925781 894.6251831054688
1012.0380249023438 911.814697265625 595.4736938476562 937.1688232421875
1037.548095703125 867.675048828125 633.4854736328125 997.8450317382812
1137.7088623046875 1004.6915893554688 419.290283203125 997.8648071289062
867.3844604492188 967.7415771484375 612.6576538085938 800.1683959960938
1017.0610961914062 1042.2564697265625 468.88623046875 876.7579956054688
1151.2510986328125 1014.3390502929688 400.0227355957031 1003.6316528320312
1026.33056640625 912.9678344726562 584.5799560546875 950.7744750976562
814.7008666992188 1046.282470703125 568.0069580078125 749.8955078125
1115.4888916015625 988.2156372070312 450.9877014160156 987.9473876953125
1048.26416015625 910.5178833007812 573.5902099609375 973.3197021484375
965.7471923828125 970.7723388671875 556.4319458007812 867.7182006835938
1017.5774536132812 893.1592407226562 614.61328125 954.9313354492188
1030.7867431640625 1042.7884521484375 464.41851806640625 885.1226806640625
1029.604736328125 873.7942504882812 632.2122192382812 981.7371826171875
1017.5774536132812 893.1592407226562 614.61328125 954.9313354492188
1137.737548828125 971.5407104492188 447.77239990234375 1024.39013671875
1058.4498291015625 903.5604858398438 575.8936157226562 989.1669921875
1008.2315063476562 888.74755859375 625.2847290039062 948.4690551757812
927.9191284179688 957.894775390625 589.7992553710938 843.3897094726562
1000.1433715820312 911.8741455078125 601.3843383789062 926.2404174804688
911.8558349609375 971.119384765625 586.807373046875 830.3709106445312
941.9462280273438 983.7894897460938 558.8566284179688 844.6405029296875
1012.3295288085938 898.1218872070312 612.0571899414062 946.7159423828125
1142.9066162109375 988.0007934570312 428.6272888183594 1015.277587890625
1015.8721313476562 849.2708740234375 674.5454711914062 985.7626953125
1030.3170166015625 882.6766967773438 619.4583740234375 976.959716796875
920.3184814453125 980.0060424804688 574.62109375 832.58935546875
