723.9243774414062 1041.634521484375 1002.1096801757812 737.331787109375
740.033935546875 1032.232177734375 991.274169921875 733.1798095703125
740.033935546875 1032.232177734375 991.274169921875 733.1798095703125
723.9243774414062 1041.634521484375 1002.1096801757812 737.331787109375
775.7028198242188 1023.7412109375 974.2584228515625 719.0099487304688
746.752197265625 1016.2029418945312 980.3888549804688 735.7012939453125
1150.644287109375 777.2302856445312 591.8421020507812 568.182861328125
775.7028198242188 1023.7412109375 974.2584228515625 719.0099487304688
505.2593994140625 1011.8646850585938 1071.8548583984375 862.0861206054688
505.2593994140625 1011.8646850585938 1071.8548583984375 862.0861206054688
756.1348266601562 1053.447998046875 996.7280883789062 719.2003173828125
662.1267700195312 956.5281372070312 975.5427856445312 805.1109008789062
496.26708984375 999.7377319335938 1069.8017578125 873.7763061523438
508.2791748046875 986.4603271484375 1056.1417236328125 876.025390625
919.6661376953125 997.4334716796875 906.9946899414062 661.8091430664062
920.3184814453125 980.0060424804688 896.6701049804688 665.5308227539062
458.5253601074219 995.3385620117188 1082.89599609375 899.9671630859375
480.6018981933594 998.952392578125 1075.06298828125 884.2390747070312
778.2975463867188 1043.7242431640625 983.8131713867188 713.6284790039062
