40.137264251708984
62.872886657714844
66.27216339111328
67.9485092163086
70.62577056884766
71.80529022216797
72.05553436279297
73.87828063964844
74.04727935791016
76.29547882080078
79.46068572998047
80.01249694824219
80.88880920410156
82.35289764404297
82.87339782714844
83.27064514160156
84.73487854003906
84.95881652832031
88.01704406738281
91.58602142333984
91.94563293457031
92.7469711303711
93.2791519165039
94.40868377685547
95.63995361328125
95.95832061767578
96.15092468261719
96.71607971191406
96.7884292602539
97.58073425292969
98.19877624511719
99.81482696533203
100.68267059326172
100.7174301147461
100.74720764160156
101.04454803466797
102.3230209350586
102.7618637084961
103.61466979980469
105.65982818603516
107.36852264404297
107.40111541748047
107.81929016113281
108.04165649414062
111.87940216064453
112.05802154541016
112.1115493774414
112.44554138183594
112.60550689697266
112.65433502197266
112.90704345703125
114.12712097167969
115.68923950195312
115.70652770996094
115.9223861694336
116.63189697265625
116.86744689941406
116.93160247802734
117.17507934570312
119.15955352783203
119.65784454345703
119.65784454345703
120.31209564208984
122.07374572753906
122.87391662597656
123.22337341308594
123.35720825195312
123.78610229492188
124.07256317138672
124.34226989746094
125.09596252441406
125.15190887451172
125.32756805419922
125.8292465209961
126.37641906738281
126.85030364990234
127.64795684814453
128.1795654296875
128.38613891601562
129.20913696289062
129.30970764160156
129.58009338378906
129.73434448242188
130.3648681640625
130.4147186279297
130.9580078125
131.13351440429688
131.30117797851562
131.34686279296875
131.47622680664062
131.8787384033203
133.44662475585938
133.760986328125
134.0037384033203
134.13426208496094
134.6885223388672
134.8703155517578
135.428955078125
136.8575897216797
136.90142822265625
137.23338317871094
138.3546142578125
139.07911682128906
139.10427856445312
139.11865234375
139.2407989501953
139.3843536376953
140.20343017578125
141.1346893310547
141.2303009033203
141.89785766601562
141.97886657714844
141.98239135742188
142.8530731201172
143.1013641357422
143.1921844482422
144.88961791992188
145.04136657714844
145.9657440185547
146.25662231445312
146.6492462158203
147.217529296875
147.6448516845703
147.8884735107422
148.0371551513672
148.5900421142578
149.0
149.02012634277344
149.1375274658203
149.78985595703125
149.89996337890625
150.11329650878906
150.61209106445312
151.2745819091797
152.01315307617188
152.2465057373047
152.60406494140625
153.1535186767578
153.17637634277344
153.62942504882812
153.63919067382812
153.76280212402344
153.93829345703125
154.17523193359375
154.19143676757812
155.341552734375
155.4091339111328
155.50241088867188
156.43209838867188
156.92672729492188
158.16763305664062
158.2498016357422
158.2498016357422
158.7135772705078
159.83741760253906
161.32266235351562
161.409423828125
161.47755432128906
162.3299102783203
163.18087768554688
163.35543823242188
163.3829803466797
164.16455078125
164.2437286376953
165.3541717529297
166.3700714111328
166.56829833984375
166.59532165527344
166.6823272705078
166.8082733154297
168.0505828857422
168.40428161621094
168.72166442871094
169.11534118652344
169.2335662841797
169.2483367919922
169.7292022705078
170.07644653320312
170.10585021972656
170.51100158691406
170.6136016845703
171.6595458984375
171.9738311767578
172.48768615722656
172.97398376464844
173.18487548828125
173.8505096435547
175.3539276123047
175.36532592773438
175.57049560546875
175.94317626953125
176.6154022216797
176.62672424316406
177.04237365722656
177.18634033203125
178.09547424316406
178.22457885742188
179.24842834472656
179.3850555419922
179.53550720214844
179.9611053466797
180.38015747070312
180.84246826171875
180.84523010253906
180.98342895507812
181.41664123535156
181.42491149902344
181.45523071289062
181.46624755859375
182.44451904296875
182.57327270507812
182.74024963378906
183.0355224609375
183.3848419189453
183.48297119140625
184.13853454589844
184.22540283203125
184.5562286376953
185.13238525390625
185.6151885986328
185.88168334960938
186.46983337402344
187.36862182617188
187.37928771972656
187.54998779296875
187.9015655517578
188.77764892578125
189.87628173828125
190.28662109375
190.4547119140625
190.88478088378906
192.36683654785156
192.69406127929688
193.33908081054688
193.5665283203125
193.80661010742188
195.087158203125
195.5095977783203
195.86219787597656
197.14207458496094
198.1237030029297
198.46157836914062
199.71730041503906
199.7298126220703
199.99000549316406
200.4569854736328
201.20138549804688
201.2336883544922
201.7473602294922
202.8842010498047
203.7719268798828
205.8907470703125
206.03883361816406
206.13587951660156
209.4158477783203
210.11663818359375
212.1226043701172
213.73114013671875
215.94674682617188
218.88809204101562
220.2793731689453
221.171875
222.37356567382812
225.46395874023438
226.14596557617188
228.0372772216797
228.09646606445312
231.10171508789062
233.39022827148438
234.3864288330078
246.8542022705078
254.66448974609375
254.6998291015625
262.58331298828125
