647.1045532226562 530.9496459960938 1638.51611328125 638.5018310546875
608.4315795898438 511.4609375 1608.1474609375 582.347900390625
620.4717407226562 491.90673828125 1645.6558837890625 577.1798095703125
634.9092407226562 539.672607421875 1613.0538330078125 633.1696166992188
652.7931518554688 492.2004699707031 1690.7391357421875 610.053466796875
642.3802490234375 517.1383666992188 1647.417724609375 621.291015625
620.4717407226562 491.90673828125 1645.6558837890625 577.1798095703125
645.2227172851562 520.5335693359375 1646.90625 627.7892456054688
652.7931518554688 492.2004699707031 1690.7391357421875 610.053466796875
620.8311767578125 499.0311279296875 1636.7813720703125 583.2653198242188
602.0328369140625 501.3893737792969 1609.311279296875 566.7617797851562
645.6619873046875 534.3013916015625 1633.2353515625 639.6019287109375
616.3110961914062 507.50030517578125 1623.8521728515625 587.1627807617188
638.9254150390625 541.7559814453125 1614.9508056640625 641.0700073242188
616.6727905273438 540.3157958984375 1590.90234375 613.7245483398438
597.5184936523438 488.24261474609375 1619.1368408203125 552.0960083007812
597.8237915039062 555.052001953125 1554.1107177734375 609.2105102539062
614.7356567382812 546.5958251953125 1581.1820068359375 620.0977172851562
604.6175537109375 554.6764526367188 1561.903564453125 616.1074829101562
601.1246948242188 513.2827758789062 1597.6392822265625 576.8616333007812
612.326904296875 539.9942016601562 1585.31787109375 610.3109741210938
627.5197143554688 532.3050537109375 1612.6280517578125 617.6284790039062
629.4671630859375 512.4910278320312 1635.001220703125 603.515625
645.777587890625 493.0838928222656 1679.4700927734375 603.1707763671875
598.767822265625 515.697509765625 1592.8409423828125 577.1571044921875
600.0535278320312 533.7711181640625 1575.964599609375 596.38623046875
635.2957153320312 502.3292541503906 1652.5067138671875 600.7015380859375
623.40869140625 549.5504150390625 1588.6864013671875 629.99755859375
625.1498413085938 544.9351806640625 1593.8216552734375 626.6704711914062
600.0125122070312 551.9191284179688 1558.973876953125 608.5486450195312
611.23291015625 534.3797607421875 1588.9710693359375 605.343994140625
600.78076171875 493.77703857421875 1617.2686767578125 558.1062622070312
610.9913940429688 525.1411743164062 1597.48193359375 597.120361328125
650.0632934570312 504.92034912109375 1670.9012451171875 619.1119995117188
635.2957153320312 502.3292541503906 1652.5067138671875 600.7015380859375
662.1847534179688 505.89752197265625 1688.3297119140625 631.2793579101562
582.7006225585938 477.5368347167969 1608.98291015625 528.3553466796875
636.9736328125 527.49658203125 1628.2589111328125 624.3460083007812
604.6175537109375 554.6764526367188 1561.903564453125 616.1074829101562
647.239990234375 501.4850158691406 1671.5855712890625 611.8785400390625
622.1079711914062 539.6473388671875 1598.3116455078125 618.2194213867188
609.8592529296875 548.8936767578125 1573.993896484375 616.3593139648438
620.6055908203125 546.0303344726562 1590.0360107421875 624.209716796875
