851.1461181640625 753.6026000976562 988.4832153320312 722.8076171875
826.957763671875 722.810791015625 999.3090209960938 755.6155395507812
807.4780883789062 723.7822875976562 1014.831298828125 760.3064575195312
826.957763671875 722.810791015625 999.3090209960938 755.6155395507812
825.3785400390625 754.5917358398438 1008.947509765625 728.5215454101562
838.0342407226562 718.4005126953125 987.6392822265625 757.4473876953125
851.315185546875 728.8416748046875 980.7176513671875 743.1041259765625
868.0209350585938 721.4920043945312 965.1080322265625 745.0674438476562
801.5654907226562 737.1534423828125 1023.431884765625 748.8978271484375
847.6963500976562 722.381591796875 980.9505004882812 749.8241577148438
791.7072143554688 737.6781005859375 1030.5618896484375 750.0682983398438
851.315185546875 728.8416748046875 980.7176513671875 743.1041259765625
868.1464233398438 745.8180541992188 973.3442993164062 725.2049560546875
801.5654907226562 737.1534423828125 1023.431884765625 748.8978271484375
797.1183471679688 744.98291015625 1027.8924560546875 743.312744140625
822.8719482421875 824.6006469726562 1021.1341552734375 686.2831420898438
810.8713989257812 747.7115478515625 1017.2083129882812 737.13720703125
783.3844604492188 744.8231811523438 1039.552490234375 746.9880981445312
791.3081665039062 822.4930419921875 1041.1197509765625 691.9322509765625
804.728271484375 759.3656005859375 1024.29052734375 729.3106079101562
791.8145141601562 764.6846313476562 1035.157470703125 729.0352783203125
815.4352416992188 850.7011108398438 1028.4903564453125 675.1358032226562
974.1362915039062 817.5574340820312 933.1890869140625 663.99951171875
743.0685424804688 827.2251586914062 1072.0887451171875 699.0591430664062
794.5449829101562 850.5112915039062 1041.88330078125 678.5521850585938
695.6189575195312 729.6859741210938 1117.76904296875 791.4244384765625
974.1362915039062 817.5574340820312 933.1890869140625 663.99951171875
762.741943359375 840.9096069335938 1058.867919921875 687.5157470703125
803.5863647460938 829.7872314453125 1034.8427734375 686.9639892578125
747.62109375 845.8999633789062 1067.9578857421875 687.8848876953125
