60.232879638671875
61.29437255859375
78.358154296875
91.51502227783203
116.3958740234375
116.41305541992188
117.16227722167969
117.31581115722656
117.92794036865234
122.20065307617188
122.66213989257812
123.17061614990234
133.45785522460938
134.40609741210938
135.53228759765625
135.60235595703125
139.9071044921875
144.1422882080078
144.4022216796875
145.1964111328125
147.0102081298828
147.17337036132812
148.73802185058594
148.83212280273438
148.9127197265625
150.5024871826172
150.57223510742188
150.8011932373047
151.1158447265625
151.822265625
152.04275512695312
152.19723510742188
152.83651733398438
154.99354553222656
157.8543701171875
158.37928771972656
158.6978302001953
159.3769073486328
160.09371948242188
160.4680633544922
160.9906768798828
162.92942810058594
163.19313049316406
163.75592041015625
163.8566436767578
163.8841094970703
164.21327209472656
164.7574005126953
165.1968536376953
166.0873260498047
166.24981689453125
166.89517211914062
167.47537231445312
167.4843292236328
167.67527770996094
167.8779296875
168.1309051513672
170.01763916015625
170.02647399902344
171.61001586914062
171.79348754882812
172.203369140625
172.40069580078125
173.017333984375
174.3932342529297
174.951416015625
174.97999572753906
175.7953338623047
175.849365234375
175.93748474121094
176.06532287597656
177.1976318359375
177.775146484375
177.9269561767578
178.12074279785156
178.6700897216797
178.94691467285156
179.26516723632812
180.2193145751953
180.57408142089844
181.6837921142578
182.86880493164062
183.2812042236328
183.44754028320312
183.71717834472656
183.81512451171875
183.9075927734375
185.04864501953125
185.19448852539062
185.94354248046875
186.06988525390625
186.76724243164062
187.30990600585938
187.50466918945312
187.80043029785156
188.19139099121094
188.43301391601562
188.55503845214844
188.8306121826172
189.57847595214844
190.47047424316406
190.4940948486328
190.53346252441406
191.81240844726562
192.15357971191406
192.22122192382812
193.46058654785156
193.77565002441406
195.087158203125
196.29315185546875
196.51971435546875
197.0482177734375
197.98736572265625
198.29522705078125
199.53445434570312
200.1124725341797
200.24484252929688
203.2756805419922
205.3192596435547
205.78872680664062
205.9878692626953
206.80667114257812
206.90093994140625
207.40298461914062
207.70892333984375
208.67678833007812
208.89710998535156
209.55906677246094
210.25936889648438
211.02606201171875
211.88204956054688
212.7040252685547
212.86380004882812
213.4759979248047
213.7381591796875
213.89015197753906
214.28952026367188
214.9418487548828
215.9583282470703
216.47401428222656
217.91282653808594
219.4515838623047
221.9369354248047
224.2543182373047
227.50604248046875
227.83985900878906
230.66209411621094
231.57936096191406
232.6649932861328
234.537841796875
235.8495330810547
243.4029541015625
244.59762573242188
248.56790161132812
256.18939208984375
270.2887268066406
