133.16531372070312
135.41787719726562
135.57655334472656
137.0875701904297
138.2642364501953
139.16537475585938
140.20343017578125
141.686279296875
146.22584533691406
152.2793426513672
152.8267059326172
153.0555419921875
153.4861602783203
155.96473693847656
159.94061279296875
164.5509033203125
165.1302490234375
167.39175415039062
167.98512268066406
168.26170349121094
168.27359008789062
169.7763214111328
175.88632202148438
178.19932556152344
180.29420471191406
180.95855712890625
184.5670623779297
184.72682189941406
186.2310333251953
187.949462890625
189.23794555664062
189.6681365966797
190.4940948486328
198.53463745117188
200.83824157714844
204.46026611328125
213.02346801757812
217.06910705566406
218.23382568359375
221.69122314453125
224.81103515625
231.16444396972656
234.80630493164062
