72.9383316040039
76.21023559570312
80.91353607177734
81.92679595947266
83.77350616455078
83.8391342163086
87.10338592529297
87.3097915649414
88.09085845947266
93.07524108886719
93.5574722290039
93.78699493408203
94.12757110595703
97.11333465576172
98.07649993896484
98.64076232910156
102.5719223022461
102.87371063232422
107.77754974365234
107.88883209228516
109.26573181152344
111.43608093261719
112.49888610839844
114.31535339355469
114.69525146484375
119.52823638916016
120.7849349975586
123.13813018798828
123.3490982055664
123.54351806640625
123.55970001220703
125.64234924316406
126.0714111328125
126.21014404296875
129.70736694335938
131.51806640625
133.77220153808594
136.1616668701172
138.931640625
139.93569946289062
140.67694091796875
141.24447631835938
142.6148681640625
142.96852111816406
143.6175537109375
145.34097290039062
145.84580993652344
148.46548461914062
149.29165649414062
149.39878845214844
149.54263305664062
151.41664123535156
153.20574951171875
153.31015014648438
153.82456970214844
153.9090576171875
157.84169006347656
161.1148681640625
161.74671936035156
165.95179748535156
166.67633056640625
168.57046508789062
168.89938354492188
170.7864227294922
179.0223388671875
179.4881591796875
182.50753784179688
183.97010803222656
186.2659454345703
186.6145782470703
188.8650360107422
194.6458282470703
196.9669952392578
224.41702270507812
