658.6532592773438 494.2620849609375 1442.2520751953125 466.998779296875
722.4153442382812 495.43670654296875 1536.9583740234375 494.5340576171875
625.1498413085938 544.9351806640625 1378.718017578125 508.97503662109375
638.9254150390625 541.7559814453125 1396.6419677734375 510.8663635253906
607.2642822265625 532.80712890625 1362.4136962890625 489.62042236328125
590.4490356445312 504.0293884277344 1354.404052734375 454.0647277832031
616.6727905273438 540.3157958984375 1370.487548828125 500.28961181640625
593.84326171875 526.951904296875 1349.907470703125 478.5154113769531
597.5184936523438 488.24261474609375 1369.6962890625 440.3498840332031
620.4717407226562 491.90673828125 1395.108154296875 451.2906188964844
620.8311767578125 499.0311279296875 1391.8653564453125 458.8841247558594
645.2227172851562 520.5335693359375 1413.501708984375 490.6724853515625
633.001953125 542.7147827148438 1388.8740234375 509.43182373046875
602.6400756835938 497.4095458984375 1371.009521484375 450.6219787597656
638.4075927734375 496.22198486328125 1415.1875 462.35247802734375
596.5562133789062 502.1101989746094 1362.6336669921875 453.9444274902344
620.6055908203125 546.0303344726562 1373.094482421875 507.57952880859375
637.9846801757812 515.6060791015625 1407.15771484375 482.474853515625
620.4717407226562 491.90673828125 1395.108154296875 451.2906188964844
645.6619873046875 534.3013916015625 1408.644775390625 505.5086669921875
724.204833984375 506.8043212890625 1534.2303466796875 509.46197509765625
662.1847534179688 505.89752197265625 1441.8077392578125 480.5198059082031
627.049072265625 538.309326171875 1383.505859375 502.4256591796875
608.4315795898438 511.4609375 1372.0888671875 467.58209228515625
676.4703979492188 501.8885803222656 1463.998046875 482.5032958984375
598.767822265625 515.697509765625 1359.604736328125 468.42694091796875
617.3817138671875 518.20654296875 1380.05615234375 477.6761474609375
623.672119140625 505.9675598144531 1392.7071533203125 466.7400817871094
713.080810546875 471.3549499511719 1535.069091796875 461.9426574707031
591.3673095703125 546.775390625 1339.0064697265625 496.80279541015625
628.6358642578125 517.8833618164062 1394.0699462890625 481.4071350097656
648.5573120117188 496.591796875 1428.1376953125 465.9287414550781
652.7931518554688 492.2004699707031 1436.01025390625 462.3173828125
659.96875 504.09136962890625 1439.64404296875 477.78839111328125
650.0632934570312 504.92034912109375 1426.407958984375 476.14971923828125
591.3673095703125 546.775390625 1339.0064697265625 496.80279541015625
623.9537963867188 513.349365234375 1389.938232421875 474.5513610839844
602.9678344726562 510.1437072753906 1366.566650390625 464.8382568359375
611.23291015625 534.3797607421875 1366.5506591796875 492.4716796875
611.23291015625 534.3797607421875 1366.5506591796875 492.4716796875
637.1023559570312 536.3411865234375 1396.3931884765625 504.32110595703125
616.3110961914062 507.50030517578125 1384.3194580078125 466.34765625
597.8237915039062 555.052001953125 1343.5045166015625 508.0694274902344
602.0328369140625 501.3893737792969 1368.2943115234375 454.9781494140625
634.9092407226562 539.672607421875 1392.937255859375 506.93359375
645.777587890625 493.0838928222656 1427.12548828125 460.9975280761719
345.107177734375 522.4276733398438 1130.5443115234375 407.4588623046875
605.1458740234375 502.99615478515625 1371.354248046875 457.6495361328125
601.1246948242188 513.2827758789062 1362.9222412109375 466.4735107421875
626.508544921875 521.4955444335938 1389.769775390625 484.42913818359375
647.1045532226562 530.9496459960938 1411.4088134765625 502.6620788574219
654.379638671875 531.3304443359375 1421.066162109375 505.3765563964844
621.9095458984375 522.2393188476562 1383.8587646484375 483.6663513183594
631.4452514648438 496.40557861328125 1406.105224609375 459.6396179199219
654.379638671875 531.3304443359375 1421.066162109375 505.3765563964844
582.7006225585938 477.5368347167969 1354.8377685546875 424.5003967285156
628.6358642578125 517.8833618164062 1394.0699462890625 481.4071350097656
637.4192504882812 495.16986083984375 1413.6741943359375 460.20599365234375
704.7446899414062 475.4531555175781 1520.199951171875 461.6800537109375
600.0125122070312 551.9191284179688 1346.6978759765625 505.6015930175781
636.9736328125 527.49658203125 1399.996337890625 494.74310302734375
610.9913940429688 525.1411743164062 1369.8836669921875 482.549560546875
704.0813598632812 470.5494079589844 1520.990966796875 457.2610168457031
616.4429931640625 500.16741943359375 1386.090576171875 458.4852294921875
691.6839599609375 493.4087829589844 1489.9354248046875 478.63189697265625
647.239990234375 501.4850158691406 1424.2314453125 470.49072265625
704.0813598632812 470.5494079589844 1520.990966796875 457.2610168457031
627.049072265625 538.309326171875 1383.505859375 502.4256591796875
640.3533935546875 535.4569091796875 1401.1697998046875 504.8656005859375
600.0535278320312 533.7711181640625 1354.58203125 489.4867248535156
612.326904296875 539.9942016601562 1365.93798828125 497.2249450683594
642.3802490234375 517.1383666992188 1412.5301513671875 485.6457214355469
631.7042236328125 507.96295166015625 1401.868408203125 471.7315673828125
623.40869140625 549.5504150390625 1374.5908203125 513.8106079101562
