56.982452392578125
61.20457458496094
62.28964614868164
65.31462097167969
66.8879623413086
67.54998016357422
84.78207397460938
92.51486206054688
93.6589584350586
99.7045669555664
100.3593521118164
101.98529052734375
102.53779602050781
103.90380096435547
104.58489227294922
104.67091369628906
104.88565063476562
112.33432006835938
112.48110961914062
114.32847595214844
114.7606201171875
116.3915786743164
118.63810729980469
127.08264923095703
127.16524505615234
127.96874237060547
128.7982940673828
133.3454132080078
136.41847229003906
136.4551239013672
139.37718200683594
140.06784057617188
140.78707885742188
141.01773071289062
142.09152221679688
147.05441284179688
147.09521484375
147.4788055419922
153.00326538085938
154.7158660888672
155.01934814453125
158.09490966796875
160.32467651367188
160.52413940429688
164.28329467773438
164.9727325439453
165.5868377685547
167.7945098876953
169.20993041992188
176.5757598876953
177.36685180664062
180.85353088378906
182.37872314453125
182.49658203125
184.0380401611328
184.22811889648438
193.13467407226562
195.4021453857422
199.6321563720703
199.86746215820312
202.61045837402344
203.76211547851562
204.63381958007812
205.24862670898438
206.30560302734375
209.84280395507812
209.8713836669922
217.9564208984375
232.24771118164062
249.92799377441406
265.8270263671875
