370.0444641113281 647.5126953125 1685.7998046875 497.3561096191406
1200.4539794921875 825.7655029296875 414.7376403808594 733.34228515625
1200.4539794921875 825.7655029296875 414.7376403808594 733.34228515625
999.8948364257812 659.6089477539062 692.4566650390625 850.728759765625
1208.4761962890625 854.7142333984375 401.67987060546875 717.9186401367188
1276.7891845703125 880.2379150390625 356.62957763671875 722.6083984375
1221.2808837890625 827.3886108398438 401.70733642578125 737.8894653320312
1259.253173828125 839.0576171875 374.3005065917969 741.0593872070312
1253.1666259765625 865.2515258789062 373.2120056152344 724.4686279296875
1170.5992431640625 842.8004150390625 428.1882019042969 713.6582641601562
1190.084228515625 858.8050537109375 410.9456481933594 710.1913452148438
1324.3929443359375 697.9467163085938 361.3656921386719 907.58349609375
1228.88232421875 839.5780639648438 393.71875 731.9277954101562
1190.084228515625 858.8050537109375 410.9456481933594 710.1913452148438
1150.2928466796875 836.9843139648438 442.0342712402344 712.0726318359375
1252.7117919921875 808.8876342773438 386.7546081542969 760.5040893554688
1228.88232421875 839.5780639648438 393.71875 731.9277954101562
1239.58154296875 821.76171875 392.1060791015625 747.1803588867188
1236.3529052734375 880.5995483398438 379.83465576171875 711.8890380859375
1229.745361328125 858.388671875 388.411865234375 720.8245239257812
1305.576171875 647.8509521484375 396.347412109375 990.4351196289062
1305.576171875 647.8509521484375 396.347412109375 990.4351196289062
