742.4144287109375 879.4518432617188 720.0875854492188 881.1126098632812
581.9554443359375 691.0694580078125 722.7808837890625 661.8154907226562
981.3617553710938 865.2344360351562 946.9542236328125 951.6655883789062
387.4089660644531 841.1300048828125 498.8789367675781 752.2321166992188
1123.783935546875 739.3760375976562 1206.765380859375 862.12353515625
800.3497924804688 930.18701171875 732.4029541015625 950.316650390625
558.8829345703125 678.5699462890625 713.443359375 645.58837890625
1134.02587890625 786.9268188476562 1178.39453125 922.1890869140625
1078.6031494140625 714.8921508789062 1170.55810546875 818.3324584960938
581.9554443359375 691.0694580078125 722.7808837890625 661.8154907226562
1038.0390625 825.3046875 1037.699462890625 926.435546875
1134.3837890625 791.3955688476562 1174.95849609375 926.7762451171875
995.885986328125 681.91650390625 1103.4351806640625 754.6714477539062
960.616455078125 917.8319702148438 885.50537109375 997.9324340820312
424.82171630859375 863.5062255859375 506.5064392089844 779.4932861328125
1047.2412109375 822.1345825195312 1048.6484375 927.4369506835938
816.3555297851562 982.2857055664062 709.6375122070312 1007.9962158203125
1113.6378173828125 737.8958129882812 1195.2103271484375 856.8226928710938
849.6942749023438 963.8240966796875 749.7612915039062 1002.2958374023438
424.82171630859375 863.5062255859375 506.5064392089844 779.4932861328125
996.4846801757812 749.778564453125 1050.1531982421875 828.8983764648438
1113.6378173828125 737.8958129882812 1195.2103271484375 856.8226928710938
915.2328491210938 883.441650390625 866.8580932617188 943.6782836914062
395.1214904785156 762.4392700195312 548.025390625 687.0643920898438
570.0792846679688 673.5042114257812 723.7716674804688 643.1707763671875
982.2478637695312 876.1806640625 937.8145751953125 961.8775634765625
983.5010375976562 889.3958740234375 930.7362060546875 974.6598510742188
1161.5828857421875 816.5106811523438 1185.03466796875 966.48193359375
778.5999145507812 975.5975341796875 684.3853149414062 983.3994140625
1180.0386962890625 778.1714477539062 1244.57373046875 930.2334594726562
1173.4595947265625 793.7335815429688 1221.6561279296875 946.085693359375
996.4846801757812 749.778564453125 1050.1531982421875 828.8983764648438
983.5010375976562 889.3958740234375 930.7362060546875 974.6598510742188
631.1592407226562 921.8464965820312 609.1910400390625 887.0108642578125
951.87939453125 889.0697021484375 897.96484375 963.5264282226562
1166.5640869140625 789.7736206054688 1215.3370361328125 939.3330688476562
960.616455078125 917.8319702148438 885.50537109375 997.9324340820312
911.2931518554688 877.017333984375 867.3824462890625 935.5716552734375
631.0396728515625 888.3114624023438 629.0485229492188 856.2009887695312
1071.7662353515625 857.7271728515625 1048.4638671875 976.2249145507812
1084.67236328125 721.5809936523438 1172.972412109375 827.2444458007812
619.120361328125 876.12841796875 625.477294921875 842.0178833007812
1080.30078125 818.2354125976562 1088.94482421875 936.1359252929688
1022.0604248046875 822.798583984375 1020.5193481445312 918.6282958984375
553.1149291992188 673.2496337890625 712.1783447265625 639.7013549804688
429.6457824707031 701.09423828125 608.8035888671875 640.7858276367188
1015.2113037109375 763.4649047851562 1060.6629638671875 850.2901000976562
1028.5340576171875 684.5834350585938 1136.8924560546875 768.0612182617188
793.2041015625 948.1739501953125 712.393798828125 967.4510498046875
1077.5029296875 718.2120361328125 1167.79248046875 821.56591796875
997.769775390625 891.9561767578125 941.2423706054688 983.7421264648438
640.528564453125 883.7197875976562 636.9052734375 855.154541015625
849.6942749023438 963.8240966796875 749.7612915039062 1002.2958374023438
1031.067626953125 819.7921752929688 1033.3046875 918.341552734375
1169.565185546875 800.8526000976562 1208.835205078125 953.0947875976562
821.1450805664062 966.7063598632812 723.4104614257812 994.6609497070312
1075.55712890625 723.6456298828125 1160.36962890625 827.1221923828125
1078.8065185546875 807.8117065429688 1096.022705078125 923.9810791015625
1173.47265625 785.3056030273438 1228.2919921875 935.9122314453125
1070.2432861328125 738.0744018554688 1142.200439453125 842.19482421875
808.5253295898438 921.3719482421875 743.9403686523438 944.7139892578125
406.3111572265625 979.0486450195312 427.1670837402344 874.1436157226562
1007.641845703125 670.077392578125 1125.068603515625 745.4593505859375
1070.2432861328125 738.0744018554688 1142.200439453125 842.19482421875
656.787353515625 897.2740478515625 642.2920532226562 871.7752685546875
1016.1389770507812 691.0260009765625 1118.347412109375 770.85400390625
616.73876953125 890.0822143554688 618.4057006835938 853.0662231445312
546.675048828125 683.30126953125 702.1632690429688 647.8724975585938
827.919921875 975.718505859375 723.705810546875 1006.00927734375
454.8802490234375 1033.3814697265625 418.58880615234375 934.9197387695312
632.312255859375 895.3414916992188 626.4271850585938 863.1311645507812
1093.68994140625 731.3438110351562 1176.0294189453125 842.0657958984375
977.7815551757812 906.9573364257812 911.0096435546875 992.9801635742188
1161.0374755859375 779.7092895507812 1219.4554443359375 924.416748046875
228.97023010253906 753.6358642578125 457.21697998046875 648.9600830078125
780.8092041015625 954.6610717773438 700.0377807617188 968.4238891601562
1061.6123046875 835.0751953125 1054.5863037109375 948.8529663085938
824.0924072265625 943.3421630859375 743.6618041992188 971.7288208007812
808.2109375 973.0730590820312 709.2408447265625 995.8843383789062
1086.707763671875 833.6270751953125 1083.4649658203125 956.2503662109375
1177.5426025390625 807.3726196289062 1214.9578857421875 964.1677856445312
1005.7952880859375 701.9551391601562 1097.8125 779.2977905273438
424.82171630859375 863.5062255859375 506.5064392089844 779.4932861328125
1056.84716796875 827.1049194335938 1053.52587890625 936.6309204101562
1013.8786010742188 687.305908203125 1118.5836181640625 765.6781005859375
977.7714233398438 761.8828125 1021.3179931640625 836.0355834960938
378.1121826171875 968.6881713867188 415.385498046875 857.7256469726562
923.7447509765625 904.1353149414062 860.2509155273438 966.3689575195312
400.7689208984375 715.8505859375 581.3683471679688 648.188720703125
1066.3070068359375 729.3945922851562 1145.1114501953125 829.55615234375
938.3928833007812 906.73583984375 871.5435791015625 976.3043823242188
216.95098876953125 892.1699829101562 371.0564270019531 756.8419189453125
968.3652954101562 862.6210327148438 934.7150268554688 941.3270263671875
1080.34326171875 736.638427734375 1151.122802734375 846.1503295898438
662.8325805664062 1012.7322387695312 570.427001953125 980.8863525390625
220.2518310546875 743.2086181640625 457.6727600097656 640.0494995117188
644.4793701171875 1038.3892822265625 539.4608154296875 999.8828735351562
409.2073059082031 776.0082397460938 550.24609375 701.1812744140625
