741.3379516601562 1016.0361938476562 953.3516235351562 623.6043090820312
1137.1661376953125 802.464599609375 638.3370361328125 509.39361572265625
785.5555419921875 1000.7355346679688 931.5824584960938 612.3775024414062
741.3379516601562 1016.0361938476562 953.3516235351562 623.6043090820312
757.3900146484375 1020.6043701171875 950.8031616210938 615.8109130859375
788.4339599609375 1012.0872192382812 934.926025390625 606.9863891601562
654.3056640625 975.579345703125 967.4053344726562 675.4850463867188
577.7088623046875 994.9010620117188 1006.7428588867188 699.5509643554688
1114.9130859375 737.7781372070312 537.0860595703125 537.9609985351562
603.380615234375 968.36865234375 983.2645263671875 701.7770385742188
574.3463134765625 938.1340942382812 979.9244384765625 735.3960571289062
574.3463134765625 938.1340942382812 979.9244384765625 735.3960571289062
788.4339599609375 1012.0872192382812 934.926025390625 606.9863891601562
558.6131591796875 970.7830200195312 1003.4677124023438 722.0105590820312
831.82568359375 1036.0728759765625 932.1402587890625 584.5424194335938
762.6319580078125 1032.1884765625 953.5587158203125 610.1285400390625
771.9887084960938 1008.9810180664062 940.0452270507812 614.5845947265625
651.3147583007812 950.2327270507812 954.6331176757812 690.6970825195312
841.5046997070312 1022.0089111328125 922.439453125 584.7708740234375
577.77880859375 976.2119140625 998.6065063476562 710.0718994140625
594.078857421875 952.5743408203125 980.60888671875 717.0740356445312
771.9766845703125 946.7923583984375 903.3230590820312 637.0489501953125
577.77880859375 976.2119140625 998.6065063476562 710.0718994140625
574.07275390625 967.60888671875 994.8248291015625 716.5914306640625
613.858154296875 947.0389404296875 968.703857421875 708.8560791015625
782.7877807617188 931.6639404296875 889.4418334960938 639.98974609375
574.6304931640625 957.0469970703125 989.2293701171875 722.3233642578125
766.2393188476562 930.6271362304688 895.668212890625 646.9113159179688
797.8633422851562 1052.4798583984375 951.2816162109375 591.7987060546875
