57.887821197509766
86.4985580444336
86.98275756835938
87.21238708496094
90.59249114990234
91.72240447998047
93.64827728271484
93.7229995727539
95.34149169921875
95.55626678466797
96.52460479736328
97.95917510986328
98.06120300292969
98.60020446777344
98.70156860351562
99.74968719482422
99.76973724365234
100.30952453613281
101.9950942993164
102.87371063232422
103.79306030273438
103.86529541015625
104.93331146240234
111.09455108642578
112.36102294921875
114.86078643798828
118.06777954101562
118.98739624023438
120.97933959960938
126.53852844238281
127.26350402832031
127.81236267089844
128.9457244873047
129.64952087402344
130.51437377929688
132.63107299804688
133.05638122558594
133.17282104492188
134.2125244140625
134.74420166015625
134.82582092285156
134.8406524658203
135.81605529785156
138.60374450683594
138.6326141357422
141.2763214111328
144.82748413085938
145.22052001953125
145.55410766601562
147.0408172607422
149.7130584716797
149.93666076660156
150.2897186279297
150.7216033935547
151.8716583251953
152.9705810546875
155.1773223876953
155.8524932861328
156.44168090820312
157.99366760253906
160.84774780273438
162.40689086914062
162.4253692626953
162.7206268310547
165.4146270751953
169.1626434326172
170.5461883544922
172.17433166503906
174.26416015625
183.68450927734375
183.91302490234375
188.16482543945312
196.36190795898438
205.02682495117188
209.12197875976562
209.66639709472656
214.68814086914062
219.6656494140625
220.63998413085938
221.21031188964844
222.0180206298828
222.458984375
224.0870361328125
224.6063232421875
225.96681213378906
226.36917114257812
228.59571838378906
232.68218994140625
238.64617919921875
245.9674835205078
246.0386199951172
