84.23181915283203
104.57533264160156
117.50318908691406
122.73956298828125
125.17188262939453
125.65030670166016
125.9920654296875
129.4256591796875
131.33924865722656
134.149169921875
138.1376190185547
143.6071014404297
145.79437255859375
147.16317749023438
147.90875244140625
150.0066680908203
150.45928955078125
161.05899047851562
161.87957763671875
163.8719024658203
172.86410522460938
187.3712921142578
189.0
197.85853576660156
199.12559509277344
204.9390106201172
215.5666961669922
215.724365234375
224.64193725585938
230.61656188964844
234.5719451904297
236.6495361328125
