430.217041015625 545.7110595703125 1087.405029296875 393.537353515625
422.5248718261719 537.6326293945312 1082.9010009765625 384.7881164550781
339.9881591796875 559.84521484375 1017.11767578125 380.2081298828125
339.9881591796875 559.84521484375 1017.11767578125 380.2081298828125
422.5248718261719 537.6326293945312 1082.9010009765625 384.7881164550781
309.6027526855469 566.8612060546875 994.7974853515625 377.7322082519531
269.0211486816406 493.8302307128906 986.211669921875 312.0260314941406
679.2137451171875 283.6729736328125 1474.072021484375 194.8363800048828
325.02685546875 525.2449951171875 1015.4468383789062 348.8651123046875
299.8309020996094 497.84552001953125 1004.8702392578125 322.0660400390625
782.31787109375 552.2860107421875 1471.865478515625 537.29541015625
281.99822998046875 505.079345703125 990.6202392578125 323.94287109375
299.8309020996094 497.84552001953125 1004.8702392578125 322.0660400390625
270.7189636230469 548.0184326171875 974.0342407226562 352.67193603515625
289.15386962890625 569.1165771484375 980.5853881835938 374.5008850097656
276.92999267578125 576.5497436523438 970.4988403320312 376.9891662597656
353.8990783691406 513.7650756835938 1038.3087158203125 347.21240234375
298.39434814453125 551.5632934570312 990.6932373046875 363.57366943359375
310.1186828613281 521.4837036132812 1006.2393188476562 342.61322021484375
345.4124755859375 527.8575439453125 1028.1890869140625 356.21343994140625
306.5849914550781 541.48046875 997.8798217773438 359.1319274902344
345.3869934082031 514.5824584960938 1032.280517578125 345.6506652832031
291.11865234375 503.9258728027344 997.5697631835938 325.3975830078125
96.85464477539062 440.31964111328125 898.9338989257812 242.32135009765625
330.61859130859375 530.7560424804688 1017.6972045898438 354.71929931640625
406.5616760253906 489.8267517089844 1088.26318359375 342.39251708984375
281.5379333496094 564.2003784179688 977.0823974609375 368.96075439453125
