725.4764404296875 938.5932006835938 865.7761840820312 653.4548950195312
693.4544677734375 954.14208984375 889.0850830078125 651.678955078125
693.4544677734375 954.14208984375 889.0850830078125 651.678955078125
679.36376953125 985.668701171875 903.3230590820312 637.0489501953125
722.0172729492188 954.4335327148438 872.4093627929688 643.7225952148438
669.3558959960938 974.8746337890625 906.9009399414062 645.1726684570312
663.7100219726562 929.2100219726562 903.90771484375 675.8075561523438
715.1796264648438 968.8314208984375 878.591796875 636.68603515625
716.6507568359375 933.6192626953125 870.8102416992188 658.5491333007812
541.0598754882812 940.7127685546875 983.2645263671875 701.7770385742188
541.0598754882812 940.7127685546875 983.2645263671875 701.7770385742188
657.5343627929688 945.6743774414062 910.7969970703125 666.28857421875
707.34814453125 977.9002075195312 885.6000366210938 633.7145385742188
520.3468017578125 952.014892578125 996.6027221679688 699.3282470703125
722.0172729492188 954.4335327148438 872.4093627929688 643.7225952148438
679.3110961914062 913.2888793945312 889.7815551757812 683.894287109375
623.5392456054688 826.2378540039062 912.2416381835938 783.2179565429688
520.6288452148438 928.2800903320312 994.8248291015625 716.5914306640625
