561.3750610351562 975.8721313476562 562.4826049804688 856.9823608398438
695.25927734375 874.5938110351562 701.9717407226562 788.19970703125
836.3687133789062 1034.7930908203125 784.9117431640625 960.1732788085938
836.3687133789062 1034.7930908203125 784.9117431640625 960.1732788085938
1321.7388916015625 890.1795654296875 1318.0081787109375 918.010009765625
743.1504516601562 591.154296875 821.5849609375 526.2412719726562
728.2333374023438 861.3214721679688 732.0156860351562 782.4022827148438
1028.375 973.0864868164062 983.6058959960938 940.5205078125
1055.249267578125 747.90380859375 1079.8338623046875 725.712158203125
797.4774169921875 634.9911499023438 859.2410278320312 576.1453247070312
822.38525390625 1011.0043334960938 778.7230834960938 935.5159912109375
980.77490234375 850.6727294921875 973.1283569335938 814.04541015625
743.1504516601562 591.154296875 821.5849609375 526.2412719726562
1085.77783203125 689.3538208007812 1130.2735595703125 671.2943725585938
662.11669921875 976.071044921875 647.2256469726562 874.703125
1083.087890625 963.248779296875 1040.73974609375 941.981201171875
1038.4791259765625 933.6114501953125 1004.8461303710938 904.3427734375
707.6651000976562 962.2178955078125 689.6460571289062 869.7404174804688
478.8215026855469 717.0006103515625 556.9694213867188 612.222900390625
1075.234130859375 689.1357421875 1119.165283203125 669.3243408203125
436.259521484375 885.7265625 481.9022216796875 757.9286499023438
559.3074340820312 894.2473754882812 581.3284301757812 784.0308227539062
1060.176025390625 986.4911499023438 1011.1909790039062 958.9060668945312
445.8639221191406 749.8588256835938 522.3276977539062 637.4736328125
700.4674682617188 962.8846435546875 683.5621948242188 868.7352905273438
503.64166259765625 861.741455078125 541.84228515625 745.8994140625
884.2996215820312 1038.0377197265625 827.6502685546875 971.7045288085938
307.2919616699219 1015.9186401367188 353.14935302734375 849.3004760742188
1132.146240234375 875.1797485351562 1117.6884765625 866.0858764648438
1101.3270263671875 985.8291015625 1051.5159912109375 967.4044189453125
695.2182006835938 956.020263671875 681.2789306640625 861.7393798828125
575.9083862304688 960.6617431640625 577.936767578125 845.8873901367188
640.5376586914062 649.3571166992188 712.3305053710938 569.9290161132812
588.695068359375 958.2008056640625 589.8623046875 845.56494140625
529.6625366210938 960.2568359375 540.5951538085938 838.3621215820312
383.0142517089844 948.549560546875 426.5972900390625 804.7718505859375
559.3074340820312 894.2473754882812 581.3284301757812 784.0308227539062
981.6406860351562 1038.890380859375 919.3472900390625 992.2679443359375
561.3750610351562 975.8721313476562 562.4826049804688 856.9823608398438
662.11669921875 976.071044921875 647.2256469726562 874.703125
1060.176025390625 986.4911499023438 1011.1909790039062 958.9060668945312
1006.2244873046875 979.887451171875 959.7613525390625 942.7061767578125
999.0486450195312 815.94140625 1001.3639526367188 783.2017822265625
513.1180419921875 934.9990234375 532.6441040039062 813.4020385742188
715.4337158203125 670.889404296875 774.0225830078125 600.2154541015625
1075.6824951171875 754.2818603515625 1098.2132568359375 734.9384765625
672.862548828125 626.5040893554688 747.666015625 551.991455078125
1037.6925048828125 761.093994140625 1057.6207275390625 735.8751220703125
910.8548583984375 661.24267578125 961.4389038085938 617.0653686523438
1199.9700927734375 282.71356201171875 1392.59814453125 244.89944458007812
981.6406860351562 1038.890380859375 919.3472900390625 992.2679443359375
987.4346923828125 678.6647338867188 1032.4033203125 645.8048706054688
970.7943115234375 718.2584838867188 1003.1680908203125 682.1470336914062
723.8411254882812 999.9983520507812 694.52685546875 907.0768432617188
656.7389526367188 1027.682861328125 629.7172241210938 919.9356079101562
297.34442138671875 992.4273071289062 350.9772033691406 828.5489501953125
683.28515625 995.4496459960938 661.3229370117188 896.1612548828125
315.9817199707031 1001.2491455078125 363.1858215332031 838.7710571289062
682.7402954101562 946.7476806640625 672.7424926757812 851.590576171875
1075.6824951171875 754.2818603515625 1098.2132568359375 734.9384765625
995.5015869140625 847.212890625 988.5900268554688 813.0394287109375
1225.1114501953125 921.497314453125 1200.916015625 929.75634765625
539.3242797851562 788.6376342773438 589.5520629882812 686.3316040039062
1117.0062255859375 846.42822265625 1111.406494140625 833.6390380859375
1176.3631591796875 975.2789306640625 1132.0986328125 971.9946899414062
755.6172485351562 972.499267578125 729.58447265625 887.31103515625
537.2861328125 691.22021484375 612.3412475585938 596.219482421875
674.0535888671875 1023.97314453125 645.6010131835938 919.6947631835938
1112.155517578125 282.8608703613281 1288.728759765625 238.8553009033203
403.42913818359375 958.3394165039062 440.08929443359375 815.8504638671875
651.9710693359375 979.5211791992188 637.7744750976562 876.2374267578125
520.9896850585938 791.717041015625 573.723388671875 686.0173950195312
814.671630859375 999.6251831054688 774.5870971679688 923.9007568359375
1075.4434814453125 694.0001831054688 1118.0919189453125 674.3612060546875
930.2515258789062 645.841552734375 985.3101806640625 604.0347900390625
788.1671142578125 603.6194458007812 860.0582885742188 543.9390258789062
447.55133056640625 764.1785278320312 519.355712890625 650.94921875
277.23883056640625 1019.591796875 330.1372375488281 847.6851806640625
1002.755126953125 832.4761352539062 1000.021728515625 800.0421142578125
367.1810302734375 953.4794921875 412.670166015625 805.9578247070312
1074.036865234375 708.4124145507812 1111.89453125 688.6749267578125
709.858642578125 977.1544189453125 688.005615234375 884.2510375976562
1119.4722900390625 887.9906616210938 1100.7578125 876.001708984375
603.7562866210938 761.2359619140625 651.9105834960938 669.8436279296875
941.7992553710938 725.6420288085938 972.2633666992188 685.6102905273438
1075.4434814453125 694.0001831054688 1118.0919189453125 674.3612060546875
659.9445190429688 622.5248413085938 737.0662841796875 546.5953979492188
624.44189453125 919.0098266601562 629.6941528320312 816.3569946289062
475.6828308105469 734.9019165039062 550.3335571289062 628.280029296875
987.8828735351562 663.9588012695312 1037.48486328125 630.7453002929688
955.668212890625 729.014404296875 984.961669921875 690.7249755859375
1060.9405517578125 947.981201171875 1022.7294921875 922.1234741210938
360.3167419433594 971.4729614257812 404.1453552246094 820.1658325195312
901.720947265625 658.8245239257812 953.0009155273438 613.6707763671875
975.483154296875 727.0320434570312 1005.28125 692.0413208007812
701.637939453125 989.7180786132812 677.6079711914062 893.6012573242188
777.1868896484375 600.386962890625 850.55810546875 539.4219970703125
578.6942749023438 854.5103759765625 606.28857421875 751.3135375976562
1072.7850341796875 759.7467651367188 1093.67724609375 740.0971069335938
779.9088745117188 621.322265625 847.1553955078125 560.2648315429688
1052.8834228515625 775.4977416992188 1068.1180419921875 752.5335083007812
1078.0960693359375 860.651611328125 1067.378662109375 841.111083984375
973.4361572265625 814.0049438476562 977.0706787109375 777.2853393554688
626.8988647460938 845.6239013671875 650.1062622070312 750.9226684570312
994.1105346679688 822.1900634765625 994.9347534179688 788.87548828125
858.5960693359375 655.0377807617188 912.08349609375 603.9622802734375
463.8989562988281 870.54052734375 508.0896911621094 748.2546997070312
989.1714477539062 689.4520263671875 1030.768310546875 656.8360595703125
1087.2349853515625 992.2542114257812 1035.3125 969.82861328125
552.2103881835938 801.5912475585938 597.4027099609375 699.0609130859375
1007.9891357421875 680.1543579101562 1052.463623046875 649.925537109375
822.38525390625 1011.0043334960938 778.7230834960938 935.5159912109375
222.63758850097656 944.8268432617188 305.72589111328125 776.6724853515625
455.6076354980469 736.5123901367188 532.5796508789062 627.1998291015625
1099.2939453125 700.5437622070312 1140.732666015625 684.7210693359375
1061.125244140625 868.9353637695312 1048.3258056640625 846.830810546875
1048.390625 778.9130249023438 1062.6097412109375 755.4562377929688
145.86654663085938 943.448486328125 248.68943786621094 764.6426391601562
304.8995666503906 957.61474609375 364.37396240234375 800.9667358398438
501.2632141113281 876.0392456054688 537.6691284179688 758.4227905273438
1071.9473876953125 782.5642700195312 1085.4659423828125 763.2444458007812
379.1140441894531 833.1485595703125 448.8493347167969 702.9061889648438
796.5338745117188 628.1873779296875 861.12353515625 568.927001953125
623.84521484375 1012.9851684570312 605.6650390625 901.2520751953125
1251.494873046875 926.4815063476562 1227.2713623046875 940.2471313476562
488.7288818359375 721.6788330078125 564.4854125976562 617.6381225585938
573.314208984375 750.287841796875 628.2459106445312 655.2835693359375
590.39990234375 672.3242797851562 662.8262939453125 584.927734375
713.1378784179688 607.9183959960938 788.6430053710938 538.8991088867188
1052.8834228515625 775.4977416992188 1068.1180419921875 752.5335083007812
897.8895263671875 345.18841552734375 1044.552978515625 290.7646179199219
1136.5166015625 297.387939453125 1316.0821533203125 256.35235595703125
806.4074096679688 626.9429931640625 870.87841796875 568.9072265625
1220.877197265625 894.9559326171875 1205.436279296875 902.925537109375
610.4891357421875 640.8969116210938 688.5607299804688 558.31494140625
1178.9788818359375 1025.6263427734375 1118.4210205078125 1021.5560913085938
1096.0438232421875 856.988525390625 1086.9439697265625 840.5853881835938
1078.69873046875 791.6607666015625 1089.4453125 773.5606079101562
747.9185791015625 661.1805419921875 806.2608642578125 595.0380859375
546.381591796875 698.2528686523438 619.5078125 604.212890625
185.09657287597656 973.139404296875 271.8803405761719 794.8141479492188
1205.213623046875 1006.3573608398438 1151.1451416015625 1007.811767578125
668.220703125 1007.102294921875 644.9086303710938 903.4277954101562
1006.1712036132812 669.2789916992188 1053.9833984375 638.7152709960938
343.933349609375 809.6593627929688 426.45001220703125 677.6876220703125
1031.6824951171875 918.8223876953125 1003.1255493164062 888.4215698242188
1092.8355712890625 694.9923706054688 1136.234375 678.099609375
822.38525390625 1011.0043334960938 778.7230834960938 935.5159912109375
1070.4586181640625 849.2297973632812 1063.3323974609375 828.6588134765625
546.7332763671875 687.36083984375 621.8323974609375 593.7680053710938
962.1995849609375 675.1643676757812 1007.2876586914062 638.9293212890625
618.1034545898438 701.9614868164062 678.5787963867188 616.734130859375
494.7469482421875 729.38916015625 567.5396728515625 625.4232177734375
585.812255859375 755.2639770507812 638.1412353515625 661.5625610351562
987.8875732421875 667.1364135742188 1036.7542724609375 634.1668090820312
755.6172485351562 972.499267578125 729.58447265625 887.31103515625
785.3555908203125 609.577880859375 855.8331298828125 549.4370727539062
1023.1448364257812 949.2026977539062 985.1053466796875 916.1363525390625
973.4361572265625 814.0049438476562 977.0706787109375 777.2853393554688
562.4109497070312 701.8037109375 630.2860107421875 608.9798583984375
1068.2520751953125 952.834716796875 1028.6109619140625 928.6267700195312
204.55587768554688 893.4069213867188 302.45068359375 730.76806640625
247.99156188964844 887.240478515625 336.71319580078125 731.8327026367188
989.1714477539062 689.4520263671875 1030.768310546875 656.8360595703125
1048.65478515625 764.6113891601562 1067.375244140625 741.1323852539062
835.0026245117188 1046.4818115234375 781.0992431640625 969.84423828125
1234.8922119140625 999.1296997070312 1184.7930908203125 1007.9838256835938
590.1544189453125 943.1622924804688 594.8464965820312 832.8406982421875
1186.69140625 991.2267456054688 1137.5357666015625 989.9496459960938
1275.539794921875 930.2984008789062 1252.18701171875 949.4347534179688
1065.3316650390625 837.6817626953125 1061.630859375 816.5771484375
387.4466552734375 962.9209594726562 426.4847412109375 817.06494140625
1060.9439697265625 699.7966918945312 1100.9842529296875 678.0807495117188
758.0927734375 660.6937255859375 815.5878295898438 595.80126953125
1171.4813232421875 1002.918701171875 1118.19970703125 997.2891845703125
965.1993408203125 910.76318359375 939.8558349609375 868.15673828125
497.24835205078125 738.4415893554688 567.20068359375 634.0838623046875
1006.2244873046875 979.887451171875 959.7613525390625 942.7061767578125
195.99429321289062 905.5755615234375 293.19830322265625 740.0834350585938
723.7009887695312 593.2508544921875 802.98583984375 525.9224853515625
1090.6180419921875 862.5142822265625 1079.8780517578125 845.6652221679688
460.30419921875 743.5693359375 535.4989624023438 633.9996337890625
965.1198120117188 684.187744140625 1007.3969116210938 648.2365112304688
1109.0296630859375 701.4351196289062 1150.8643798828125 686.9676513671875
685.98681640625 597.8258666992188 767.2998046875 526.617431640625
1054.1026611328125 694.7583618164062 1095.823974609375 671.664306640625
1076.9306640625 835.3880615234375 1073.9154052734375 815.9931640625
872.19140625 1047.434814453125 814.30126953125 978.249755859375
338.06805419921875 976.4885864257812 385.2093200683594 821.3124389648438
976.1766357421875 683.1848754882812 1019.1361694335938 648.8602294921875
1024.3597412109375 766.2272338867188 1042.2169189453125 739.7720336914062
583.1221923828125 674.49267578125 655.9863891601562 585.9771728515625
594.3897705078125 906.298583984375 607.38427734375 800.3428344726562
950.0927124023438 733.7227172851562 978.1820678710938 694.8037109375
656.3041381835938 701.28173828125 713.0115966796875 620.8069458007812
962.1995849609375 675.1643676757812 1007.2876586914062 638.9293212890625
684.9619750976562 867.3270263671875 694.9572143554688 779.6177978515625
716.7888793945312 984.2169189453125 692.40869140625 891.6770629882812
1255.723876953125 892.4876098632812 1243.7025146484375 906.5064086914062
703.6783447265625 583.2303466796875 787.0241088867188 513.8623657226562
447.8977355957031 847.9144287109375 500.2007751464844 725.97412109375
1199.8740234375 1031.40185546875 1137.770751953125 1031.25732421875
185.5088348388672 933.3125610351562 280.99749755859375 761.2531127929688
966.7418212890625 756.57080078125 987.1796875 720.0150146484375
961.3790283203125 749.7758178710938 984.2301635742188 712.2962036132812
858.530029296875 1054.6845703125 800.244384765625 982.1511840820312
344.1708068847656 936.5968627929688 398.1693115234375 787.9783935546875
430.0448303222656 1024.9180908203125 445.6968078613281 877.6669921875
726.086181640625 662.1506958007812 786.262451171875 593.1254272460938
642.2994995117188 617.1801147460938 722.6939697265625 539.3937377929688
1069.35791015625 827.4967651367188 1069.4903564453125 806.4132690429688
758.1463623046875 652.3619995117188 818.351318359375 587.6642456054688
1043.343994140625 750.2150268554688 1066.83740234375 726.03564453125
758.0927734375 660.6937255859375 815.5878295898438 595.80126953125
379.1140441894531 833.1485595703125 448.8493347167969 702.9061889648438
978.8892822265625 666.3623657226562 1027.4383544921875 632.22509765625
606.203369140625 789.0999755859375 646.7891845703125 695.4761352539062
950.0927124023438 733.7227172851562 978.1820678710938 694.8037109375
678.3480834960938 838.386962890625 696.2836303710938 751.7376708984375
1210.1767578125 907.1192626953125 1191.106689453125 913.0626831054688
562.0956420898438 676.9877319335938 636.5897827148438 586.1001586914062
1090.1026611328125 841.5271606445312 1085.4056396484375 824.3775024414062
711.1276245117188 654.9541015625 774.2916870117188 584.3495483398438
1048.6492919921875 976.5962524414062 1001.8916015625 948.0317993164062
706.430419921875 672.171630859375 765.3012084960938 600.1392211914062
1255.7628173828125 1025.7431640625 1198.3992919921875 1038.8912353515625
858.5960693359375 655.0377807617188 912.08349609375 603.9622802734375
989.2276000976562 1054.002197265625 921.9586791992188 1008.297119140625
662.7612915039062 704.5927734375 718.0514526367188 625.0159301757812
574.8526000976562 703.4264526367188 641.4202880859375 612.2191162109375
1006.1712036132812 669.2789916992188 1053.9833984375 638.7152709960938
979.2081298828125 821.2763671875 980.686767578125 785.35693359375
1103.663330078125 861.139892578125 1093.44921875 846.4738159179688
665.0302734375 631.9176025390625 739.0332641601562 556.09423828125
1103.9547119140625 952.8251342773438 1064.302978515625 935.1282348632812
1107.016845703125 853.614501953125 1099.070068359375 839.4600219726562
626.8988647460938 845.6239013671875 650.1062622070312 750.9226684570312
596.4500122070312 671.7186889648438 668.1990356445312 585.1598510742188
1117.895751953125 856.6177368164062 1109.2430419921875 844.6109008789062
604.078125 775.0787353515625 647.8292846679688 682.564697265625
591.045654296875 764.0513305664062 639.9539184570312 670.3427734375
352.266845703125 857.4108276367188 422.7284240722656 720.2699584960938
352.34747314453125 951.7544555664062 401.9371337890625 801.7454833984375
646.2828369140625 624.6135864257812 724.1528930664062 546.9602661132812
677.2141723632812 701.93310546875 730.6286010742188 623.9705200195312
652.3887329101562 623.7290649414062 729.8015747070312 546.58447265625
1127.169677734375 901.271728515625 1104.541259765625 890.4312133789062
538.3635864257812 950.1270751953125 549.940673828125 830.4578247070312
1063.4234619140625 710.86962890625 1100.0340576171875 689.7891235351562
736.4097290039062 881.7498168945312 735.8588256835938 801.4697875976562
1042.744873046875 756.3530883789062 1064.3443603515625 731.9013671875
910.6788940429688 656.83056640625 962.5369873046875 612.9248657226562
987.8828735351562 663.9588012695312 1037.48486328125 630.7453002929688
567.6316528320312 782.702392578125 615.2869873046875 684.209228515625
595.9853515625 772.87255859375 642.109375 679.3466186523438
806.2337646484375 967.421142578125 772.4241333007812 893.1782836914062
430.6543884277344 1011.1779174804688 449.2692565917969 866.110595703125
639.4423828125 646.3551025390625 711.7817993164062 566.928955078125
314.1767578125 966.0742797851562 369.51861572265625 808.5498657226562
1069.35791015625 827.4967651367188 1069.4903564453125 806.4132690429688
580.1878662109375 928.08349609375 591.054443359375 816.8845825195312
1070.5433349609375 1004.4684448242188 1016.0629272460938 979.166259765625
965.1993408203125 910.76318359375 939.8558349609375 868.15673828125
478.8215026855469 717.0006103515625 556.9694213867188 612.222900390625
760.9598388671875 590.4338989257812 838.9705200195312 527.5634155273438
1035.4793701171875 844.9261474609375 1029.3870849609375 817.76025390625
708.795654296875 597.369384765625 787.8871459960938 528.2756958007812
968.5913696289062 655.3335571289062 1020.9862060546875 619.3561401367188
672.1385498046875 640.3219604492188 744.2422485351562 564.574951171875
534.1107788085938 936.3591918945312 550.1005859375 817.4947509765625
1212.93017578125 1022.0245361328125 1154.8145751953125 1025.6619873046875
1098.6015625 705.8837890625 1138.5185546875 690.0667114257812
200.0093994140625 923.9942626953125 293.1137390136719 755.0631103515625
1035.4793701171875 844.9261474609375 1029.3870849609375 817.76025390625
1205.6029052734375 880.65869140625 1194.9246826171875 885.2847290039062
1092.802734375 962.0244750976562 1050.4617919921875 942.8627319335938
683.612548828125 858.9876098632812 695.8434448242188 772.2750244140625
567.6316528320312 782.702392578125 615.2869873046875 684.209228515625
1005.3006591796875 696.5667114257812 1044.2835693359375 666.5567626953125
1090.1026611328125 841.5271606445312 1085.4056396484375 824.3775024414062
273.1644592285156 980.9357299804688 334.630615234375 815.2639770507812
1098.23876953125 842.55712890625 1093.7518310546875 827.026611328125
697.2152709960938 591.277099609375 778.9341430664062 521.1161499023438
340.0429992675781 1008.5931396484375 380.3880615234375 848.5133666992188
683.28515625 995.4496459960938 661.3229370117188 896.1612548828125
1263.70654296875 925.9082641601562 1240.492431640625 941.9158935546875
544.8709716796875 940.8092651367188 557.9827270507812 822.7741088867188
1059.8873291015625 995.3660278320312 1007.68603515625 967.8800659179688
185.5088348388672 933.3125610351562 280.99749755859375 761.2531127929688
808.35888671875 990.9457397460938 770.8433837890625 914.3038940429688
949.4280395507812 716.387939453125 982.55615234375 677.5405883789062
575.9083862304688 960.6617431640625 577.936767578125 845.8873901367188
1236.0609130859375 1040.4013671875 1173.01953125 1048.82763671875
213.50830078125 954.6290893554688 297.8652038574219 782.829345703125
721.5618896484375 650.1923828125 785.8973388671875 581.3799438476562
526.3875122070312 693.1912231445312 602.5993041992188 596.4462890625
1048.65478515625 764.6113891601562 1067.375244140625 741.1323852539062
658.888671875 716.8370971679688 711.5220947265625 636.123291015625
595.9853515625 772.87255859375 642.109375 679.3466186523438
722.3804321289062 604.0740966796875 799.0474243164062 536.1183471679688
1074.036865234375 708.4124145507812 1111.89453125 688.6749267578125
887.8775024414062 643.484619140625 943.899658203125 596.6082763671875
987.0261840820312 723.9032592773438 1018.0807495117188 690.2200927734375
996.77197265625 861.0608520507812 985.248779296875 826.8738403320312
1087.692626953125 956.2297973632812 1047.1142578125 935.570556640625
835.0026245117188 1046.4818115234375 781.0992431640625 969.84423828125
901.1741943359375 1033.395263671875 844.717041015625 970.8831787109375
655.83056640625 726.1394653320312 705.7352905273438 643.7544555664062
603.9432373046875 923.3798217773438 611.1663208007812 816.6703491210938
959.1632080078125 918.4060668945312 931.1881713867188 873.832275390625
1103.663330078125 861.139892578125 1093.44921875 846.4738159179688
1003.091796875 682.5465087890625 1047.1903076171875 651.3997192382812
1222.3719482421875 1028.7142333984375 1162.1982421875 1035.333740234375
279.563720703125 904.570556640625 356.642822265625 750.9888305664062
1252.5751953125 1017.1868286132812 1198.478759765625 1029.550048828125
354.9302673339844 839.1455078125 429.20654296875 704.7269287109375
897.4927978515625 351.6068115234375 1044.166748046875 297.2714538574219
819.0576782226562 1022.3955078125 773.8345336914062 944.3076171875
733.5592651367188 671.1439208984375 790.744384765625 602.5441284179688
1251.494873046875 926.4815063476562 1227.2713623046875 940.2471313476562
968.5913696289062 655.3335571289062 1020.9862060546875 619.3561401367188
665.524658203125 769.224609375 699.9505004882812 684.4888305664062
677.2141723632812 701.93310546875 730.6286010742188 623.9705200195312
553.6890869140625 677.943603515625 629.4762573242188 586.0111694335938
330.50946044921875 812.5567016601562 414.9084167480469 678.4024047851562
1088.4620361328125 1010.1419677734375 1030.6490478515625 987.7247924804688
965.70947265625 812.03466796875 969.3809814453125 774.126953125
734.8671875 591.6842651367188 813.67822265625 525.8637084960938
604.078125 775.0787353515625 647.8292846679688 682.564697265625
650.4896240234375 994.107666015625 633.3600463867188 888.4805297851562
608.9161376953125 680.1709594726562 676.205322265625 594.3903198242188
1040.736572265625 970.65185546875 995.5533447265625 940.023681640625
978.0732421875 907.5662231445312 953.541015625 867.6268920898438
556.1525268554688 730.1651000976562 619.760986328125 633.8504638671875
711.1565551757812 668.1026000976562 770.4094848632812 596.7767333984375
651.7922973632812 598.9896850585938 735.2319946289062 523.2401123046875
1203.8614501953125 896.8304443359375 1186.38720703125 900.8414916992188
274.4790344238281 999.943115234375 332.88897705078125 830.8814697265625
460.2757568359375 902.0740356445312 497.29888916015625 775.2681274414062
550.4601440429688 903.4813232421875 568.3131713867188 793.3271484375
789.1920166015625 618.2379150390625 856.2272338867188 558.8413696289062
1051.25830078125 707.8627319335938 1088.6666259765625 685.0368041992188
696.314453125 1015.2093505859375 666.4776611328125 915.288818359375
1045.5115966796875 775.3240356445312 1060.8057861328125 751.1285400390625
1242.3814697265625 896.5983276367188 1228.28173828125 908.353515625
665.2249145507812 637.2520751953125 737.7417602539062 560.6008911132812
735.2484130859375 661.3372802734375 794.778564453125 593.1161499023438
741.23095703125 666.6947631835938 798.4613037109375 599.3713989257812
1072.7850341796875 759.7467651367188 1093.67724609375 740.0971069335938
1106.7850341796875 727.611572265625 1139.6951904296875 713.6262817382812
424.5944519042969 863.656982421875 477.4209899902344 736.6753540039062
965.8265380859375 660.1923828125 1015.4213256835938 624.6958618164062
477.4306640625 839.4157104492188 526.83642578125 722.9325561523438
1208.866455078125 1042.9010009765625 1143.6043701171875 1045.5762939453125
661.3853759765625 631.32861328125 735.41064453125 555.3206176757812
1092.802734375 962.0244750976562 1050.4617919921875 942.8627319335938
627.9692993164062 770.6181030273438 670.4330444335938 681.4151611328125
866.6158447265625 646.7581787109375 921.9559326171875 597.2229614257812
607.8147583007812 779.6580810546875 650.3126831054688 687.506591796875
982.866943359375 660.0396728515625 1033.302490234375 625.9452514648438
1133.946044921875 996.8594360351562 1082.196044921875 985.0675048828125
462.76422119140625 857.2710571289062 510.2080383300781 736.319580078125
160.12832641601562 928.2627563476562 263.2215881347656 753.7052001953125
1082.352783203125 691.8486328125 1126.0516357421875 673.4893188476562
352.34747314453125 951.7544555664062 401.9371337890625 801.7454833984375
546.681396484375 772.3087768554688 599.6875 672.048583984375
967.778564453125 853.4003295898438 959.6192016601562 814.6636962890625
662.1464233398438 842.4808959960938 681.258056640625 753.271728515625
430.0448303222656 1024.9180908203125 445.6968078613281 877.6669921875
225.7148895263672 891.66796875 318.7564392089844 732.0206909179688
1059.8873291015625 995.3660278320312 1007.68603515625 967.8800659179688
678.0625 851.0340576171875 692.7633056640625 763.1245727539062
981.46533203125 690.0812377929688 1022.1929321289062 656.7040405273438
1090.8895263671875 757.5873413085938 1113.0394287109375 740.72119140625
624.1798706054688 629.9956665039062 702.7716674804688 549.5499877929688
669.9334716796875 820.9417114257812 693.2486572265625 734.6785278320312
1264.82080078125 909.3504028320312 1248.31201171875 926.05029296875
702.8986206054688 848.9335327148438 714.5170288085938 766.602783203125
992.2537231445312 675.1174926757812 1038.0267333984375 642.51806640625
731.8408813476562 668.3291625976562 789.6168212890625 599.5488891601562
1045.5115966796875 775.3240356445312 1060.8057861328125 751.1285400390625
1084.818603515625 846.3413696289062 1079.05224609375 828.2973022460938
984.7445068359375 684.7278442382812 1028.2747802734375 651.0078735351562
1051.25830078125 707.8627319335938 1088.6666259765625 685.0368041992188
1024.3597412109375 766.2272338867188 1042.2169189453125 739.7720336914062
200.0093994140625 923.9942626953125 293.1137390136719 755.0631103515625
805.990966796875 620.428955078125 871.9535522460938 562.702880859375
1218.874267578125 1044.3031005859375 1153.2882080078125 1048.5201416015625
330.6391906738281 851.6232299804688 406.245849609375 711.9761352539062
1109.926025390625 880.83154296875 1093.819091796875 866.3890991210938
229.96607971191406 877.5477905273438 324.15814208984375 720.2381591796875
1087.692626953125 956.2297973632812 1047.1142578125 935.570556640625
1118.907958984375 699.059326171875 1162.1666259765625 686.2178955078125
586.1896362304688 949.6001586914062 589.1126708984375 837.9924926757812
1090.8895263671875 757.5873413085938 1113.0394287109375 740.72119140625
867.8538208007812 654.1336059570312 921.3870849609375 604.3443603515625
513.0787963867188 965.098876953125 526.0701904296875 840.1447143554688
1266.8375244140625 918.535888671875 1246.95068359375 935.4003295898438
1200.6356201171875 1063.3267822265625 1128.72705078125 1063.1568603515625
664.4254760742188 814.19384765625 690.6414794921875 727.42333984375
998.0060424804688 688.1770629882812 1040.3631591796875 656.4644775390625
1103.9547119140625 952.8251342773438 1064.302978515625 935.1282348632812
702.8986206054688 848.9335327148438 714.5170288085938 766.602783203125
341.54998779296875 821.2717895507812 421.9041442871094 687.3977661132812
1035.2633056640625 689.4442138671875 1079.0306396484375 662.7141723632812
343.9533386230469 847.3721923828125 417.9641418457031 710.7562866210938
656.3041381835938 701.28173828125 713.0115966796875 620.8069458007812
905.4264526367188 1022.37939453125 851.8253784179688 961.7692260742188
564.0026245117188 797.5006713867188 608.03173828125 697.363525390625
188.06129455566406 941.9734497070312 281.650390625 768.75390625
960.8799438476562 843.9962768554688 955.5863037109375 803.9396362304688
1081.354248046875 698.3173828125 1123.4866943359375 680.165283203125
972.3464965820312 664.2843627929688 1021.2487182617188 628.8749389648438
1048.390625 778.9130249023438 1062.6097412109375 755.4562377929688
448.2394104003906 887.1178588867188 491.20855712890625 761.3447875976562
909.701171875 324.4610900878906 1059.2711181640625 268.7687072753906
781.1561889648438 334.32891845703125 927.1459350585938 271.4347229003906
579.0558471679688 786.4744262695312 624.3917846679688 688.9393310546875
1203.1510009765625 1051.4664306640625 1135.0255126953125 1052.14013671875
1055.52587890625 957.3175659179688 1014.8025512695312 930.0720825195312
665.7117309570312 633.6356201171875 739.0025024414062 557.867431640625
972.3464965820312 664.2843627929688 1021.2487182617188 628.8749389648438
961.1143798828125 719.0975341796875 993.184814453125 681.9212646484375
658.114501953125 858.0833740234375 672.1119995117188 765.4037475585938
1081.037353515625 764.30078125 1102.0802001953125 745.5137939453125
897.67724609375 643.1087036132812 953.2559814453125 597.2696533203125
669.9334716796875 820.9417114257812 693.2486572265625 734.6785278320312
695.2182006835938 956.020263671875 681.2789306640625 861.7393798828125
667.7054443359375 852.55908203125 682.742919921875 763.1298828125
1068.08837890625 994.282470703125 1016.1348266601562 967.4235229492188
1007.7760009765625 843.727294921875 1001.564453125 811.9070434570312
631.8260498046875 647.2235107421875 705.1050415039062 566.8912353515625
1236.659912109375 1028.5440673828125 1176.7882080078125 1037.7030029296875
1148.02880859375 935.2100830078125 1115.2840576171875 928.2941284179688
1104.8046875 716.3148193359375 1140.91015625 702.2030029296875
257.5697937011719 921.8250732421875 336.7323303222656 761.7269287109375
505.4151611328125 735.846923828125 574.005859375 633.2007446289062
1112.0592041015625 869.2465209960938 1100.0369873046875 855.8856201171875
341.54998779296875 821.2717895507812 421.9041442871094 687.3977661132812
564.0026245117188 797.5006713867188 608.03173828125 697.363525390625
327.755615234375 839.2987670898438 407.0022277832031 701.4036865234375
664.4254760742188 814.19384765625 690.6414794921875 727.42333984375
1053.11865234375 753.5101928710938 1076.1204833984375 731.103515625
487.1528625488281 857.6671752929688 529.9133911132812 738.6399536132812
1243.1156005859375 1009.3408203125 1190.69140625 1020.559326171875
463.8989562988281 870.54052734375 508.0896911621094 748.2546997070312
882.7674560546875 632.0674438476562 942.45849609375 584.3626098632812
1058.8084716796875 978.0242309570312 1011.696533203125 950.6179809570312
1229.8826904296875 914.5555419921875 1208.0166015625 923.5985107421875
743.108642578125 890.4207153320312 738.7911376953125 810.4859619140625
976.1766357421875 683.1848754882812 1019.1361694335938 648.8602294921875
579.0558471679688 786.4744262695312 624.3917846679688 688.9393310546875
440.4021301269531 860.8959350585938 492.29833984375 736.7197875976562
683.6549682617188 711.92041015625 734.2982177734375 634.7776489257812
1223.1158447265625 1001.7158813476562 1172.2183837890625 1008.7094116210938
691.5010375976562 853.354736328125 703.8828735351562 767.6737060546875
987.7094116210938 818.6124267578125 989.7459716796875 783.8297729492188
727.80419921875 672.1784057617188 784.818115234375 603.3801879882812
1051.5369873046875 657.525634765625 1103.6568603515625 631.167236328125
440.7564392089844 756.137939453125 516.4524536132812 642.8705444335938
878.0250244140625 645.0305786132812 933.6107177734375 597.219970703125
664.0606079101562 627.8724365234375 739.4154052734375 552.1993408203125
724.431396484375 646.4498901367188 790.1251220703125 578.0226440429688
494.7469482421875 729.38916015625 567.5396728515625 625.4232177734375
572.146484375 665.275390625 648.7396850585938 576.1964721679688
1059.991455078125 785.3636474609375 1072.7127685546875 764.2807006835938
434.79595947265625 1052.0655517578125 443.58660888671875 901.6563110351562
748.055908203125 335.8924560546875 894.4299926757812 270.78204345703125
969.9336547851562 924.5841674804688 940.6250610351562 882.537841796875
791.3612060546875 625.3646850585938 856.7017211914062 565.5624389648438
793.9177856445312 608.214599609375 864.0296630859375 549.1851806640625
715.447998046875 586.29150390625 797.5165405273438 518.2608642578125
703.3881225585938 607.80712890625 779.6683349609375 537.4450073242188
592.8638916015625 689.8055419921875 661.2389526367188 601.584716796875
731.8408813476562 668.3291625976562 789.6168212890625 599.5488891601562
592.2537231445312 781.9088745117188 636.8074340820312 686.92919921875
507.94451904296875 950.1702880859375 524.8639526367188 825.6161499023438
647.5331420898438 638.9405517578125 722.6436767578125 560.8626098632812
1099.709716796875 721.5377807617188 1134.2889404296875 706.1919555664062
901.3003540039062 636.7203369140625 959.3270263671875 591.5071411132812
584.581298828125 687.5806274414062 654.0806274414062 598.6848754882812
949.0133056640625 968.5817260742188 907.530517578125 920.4151611328125
805.990966796875 620.428955078125 871.9535522460938 562.702880859375
649.9872436523438 821.7205810546875 677.2031860351562 733.92236328125
697.8939208984375 1039.80126953125 660.9696655273438 938.022216796875
1222.3719482421875 1028.7142333984375 1162.1982421875 1035.333740234375
1233.830322265625 891.0422973632812 1220.835693359375 901.7952880859375
767.7257690429688 619.4410400390625 836.4320678710938 557.1221923828125
1254.43212890625 902.9413452148438 1238.8851318359375 917.681396484375
965.70947265625 812.03466796875 969.3809814453125 774.126953125
939.3876953125 976.3740234375 896.3296508789062 925.31591796875
694.8661499023438 833.9853515625 711.1900634765625 750.6510620117188
974.8070678710938 670.2156372070312 1022.0933837890625 635.3592529296875
462.6920166015625 1044.1571044921875 467.52838134765625 900.0038452148438
244.786376953125 915.9169921875 327.7065124511719 755.2587890625
1243.1156005859375 1009.3408203125 1190.69140625 1020.559326171875
721.5618896484375 650.1923828125 785.8973388671875 581.3799438476562
463.6576232910156 759.1701049804688 533.8380737304688 650.7588500976562
694.8661499023438 833.9853515625 711.1900634765625 750.6510620117188
877.2308349609375 653.358154296875 930.9275512695312 604.4849853515625
580.0642700195312 775.178955078125 627.3472290039062 679.0346069335938
579.2223510742188 766.089111328125 629.1826782226562 670.4769897460938
391.60308837890625 805.85498046875 465.0335388183594 680.5275268554688
809.2368774414062 977.9061279296875 775.7802124023438 906.5540161132812
452.6688232421875 757.1318969726562 524.9387817382812 645.4349975585938
1075.234130859375 689.1357421875 1119.165283203125 669.3243408203125
641.1925659179688 676.0020751953125 707.274169921875 593.3889770507812
572.1571044921875 790.7807006835938 616.6740112304688 691.9971313476562
538.3635864257812 950.1270751953125 549.940673828125 830.4578247070312
551.187744140625 950.3291015625 560.8241577148438 833.3773193359375
947.8136596679688 723.778564453125 978.811279296875 684.4219360351562
653.7879638671875 729.79150390625 702.3951416015625 647.8197631835938
322.8982238769531 952.0068359375 380.1617126464844 798.5617065429688
665.0302734375 631.9176025390625 739.0332641601562 556.09423828125
450.6276550292969 878.5560302734375 495.19317626953125 753.4982299804688
200.0093994140625 923.9942626953125 293.1137390136719 755.0631103515625
813.7827758789062 1052.69970703125 760.0159301757812 971.8837890625
440.7564392089844 756.137939453125 516.4524536132812 642.8705444335938
802.3367309570312 606.5533447265625 872.9238891601562 548.867919921875
506.2686462402344 853.6634521484375 546.970703125 738.7507934570312
670.2766723632812 734.868408203125 716.451904296875 654.49072265625
475.8450012207031 758.027587890625 544.586669921875 649.1666870117188
734.0048217773438 882.4102783203125 732.6328735351562 801.8387451171875
338.06805419921875 976.4885864257812 385.2093200683594 821.3124389648438
1239.6556396484375 912.76904296875 1219.4776611328125 924.2673950195312
1045.487548828125 814.422119140625 1049.0191650390625 787.0003662109375
752.3583374023438 670.1911010742188 808.0609130859375 603.7708740234375
740.709716796875 678.09130859375 795.6007690429688 610.37744140625
680.634521484375 716.8579711914062 730.4246826171875 638.9287719726562
351.4809265136719 833.2509155273438 426.57122802734375 699.0526123046875
362.365234375 804.4879150390625 441.4457702636719 674.8780517578125
641.1925659179688 676.0020751953125 707.274169921875 593.3889770507812
476.52032470703125 749.0276489257812 547.3803100585938 641.0060424804688
551.187744140625 950.3291015625 560.8241577148438 833.3773193359375
777.0547485351562 1003.6817626953125 740.7493286132812 920.3355102539062
661.157958984375 1000.6724243164062 640.1591186523438 896.470458984375
475.8450012207031 758.027587890625 544.586669921875 649.1666870117188
558.9260864257812 690.62060546875 629.7109375 597.9403686523438
520.7299194335938 952.9909057617188 534.2600708007812 830.2951049804688
1218.349853515625 1057.76416015625 1149.3580322265625 1060.685791015625
662.1464233398438 842.4808959960938 681.258056640625 753.271728515625
972.1113891601562 741.9436645507812 997.2711181640625 705.786865234375
572.64990234375 675.5597534179688 646.59814453125 585.8338012695312
447.96173095703125 960.7999267578125 474.6340637207031 825.4105224609375
1208.51318359375 261.45440673828125 1406.394775390625 221.88043212890625
944.6197509765625 955.73583984375 906.0018920898438 906.6687622070312
580.8678588867188 684.3753051757812 651.3948364257812 595.1228637695312
1192.478759765625 1012.8692626953125 1135.25634765625 1012.7715454101562
460.45947265625 1060.8951416015625 461.6646728515625 913.7114868164062
702.5875244140625 593.47607421875 783.0618286132812 523.0696411132812
955.6201171875 830.1583862304688 954.101318359375 790.1127319335938
