980.77490234375 850.6727294921875 501.82806396484375 971.9252319335938
961.9521484375 836.6050415039062 535.5492553710938 971.2379150390625
999.0486450195312 815.94140625 511.0777282714844 1036.642578125
954.1146850585938 816.4752197265625 566.3003540039062 988.3888549804688
996.91357421875 839.040283203125 492.65673828125 1001.9685668945312
994.1105346679688 822.1900634765625 509.75067138671875 1021.898681640625
965.1993408203125 910.76318359375 471.47174072265625 897.6410522460938
996.77197265625 861.0608520507812 474.24530029296875 974.9768676757812
1002.755126953125 832.4761352539062 490.2913513183594 1016.2297973632812
995.5015869140625 847.212890625 487.2201232910156 990.6273803710938
978.0732421875 907.5662231445312 460.5206604003906 909.6089477539062
967.778564453125 853.4003295898438 513.2257690429688 957.13720703125
960.8799438476562 843.9962768554688 530.0902709960938 961.2568969726562
979.2081298828125 821.2763671875 530.2875366210938 1007.8099365234375
1038.4791259765625 933.6114501953125 377.398681640625 930.5729370117188
969.9336547851562 924.5841674804688 457.56201171875 888.3466186523438
537.8670654296875 922.5951538085938 911.4891967773438 566.4154052734375
537.8670654296875 922.5951538085938 911.4891967773438 566.4154052734375
954.1146850585938 816.4752197265625 566.3003540039062 988.3888549804688
1055.52587890625 957.3175659179688 344.82025146484375 924.06884765625
973.4361572265625 814.0049438476562 543.8641357421875 1011.3475952148438
965.1993408203125 910.76318359375 471.47174072265625 897.6410522460938
965.70947265625 812.03466796875 556.0584716796875 1004.9203491210938
1023.1448364257812 949.2026977539062 387.07513427734375 906.6677856445312
965.70947265625 812.03466796875 556.0584716796875 1004.9203491210938
1060.176025390625 986.4911499023438 326.7325744628906 901.9788818359375
955.6201171875 830.1583862304688 549.6561889648438 972.438232421875
