1075.6824951171875 754.2818603515625 1052.9124755859375 1018.825927734375
1075.6824951171875 754.2818603515625 1052.9124755859375 1018.825927734375
1055.249267578125 747.90380859375 1045.2960205078125 995.1096801757812
1071.5733642578125 783.17333984375 996.2322387695312 1044.800048828125
1072.7850341796875 759.7467651367188 1040.3548583984375 1021.0676879882812
1071.5733642578125 783.17333984375 996.2322387695312 1044.800048828125
1085.77783203125 689.3538208007812 1188.875244140625 968.2743530273438
950.0927124023438 733.7227172851562 972.9549560546875 876.2067260742188
994.1105346679688 822.1900634765625 869.440185546875 998.4313354492188
987.7094116210938 818.6124267578125 869.9224243164062 986.3422241210938
960.8799438476562 843.9962768554688 814.0162963867188 983.2001342773438
1060.9439697265625 699.7966918945312 1137.76416015625 952.467529296875
1048.65478515625 764.6113891601562 1008.7567749023438 1000.8807983398438
1081.037353515625 764.30078125 1044.489013671875 1036.7015380859375
1003.091796875 682.5465087890625 1109.0181884765625 873.3403930664062
1048.65478515625 764.6113891601562 1008.7567749023438 1000.8807983398438
