1243.1156005859375 1009.3408203125 1118.7149658203125 709.3800659179688
1069.35791015625 827.4967651367188 1001.299560546875 611.847900390625
1075.822021484375 843.0065307617188 1006.3058471679688 624.0000610351562
1075.822021484375 843.0065307617188 1006.3058471679688 624.0000610351562
506.2686462402344 853.6634521484375 364.650390625 750.33740234375
523.846435546875 938.4456176757812 517.3812255859375 804.7185668945312
1089.0091552734375 834.6087036132812 1017.2333984375 617.9244384765625
1243.1156005859375 1009.3408203125 1118.7149658203125 709.3800659179688
506.2686462402344 853.6634521484375 364.650390625 750.33740234375
1084.818603515625 846.3413696289062 1013.937255859375 626.6287231445312
1095.6392822265625 849.9739379882812 1021.8740234375 629.6258544921875
1084.818603515625 846.3413696289062 1013.937255859375 626.6287231445312
