40.64480209350586
42.296573638916016
46.335731506347656
47.71792221069336
49.52777099609375
50.08992004394531
52.905574798583984
57.74945831298828
59.430633544921875
60.860496520996094
61.04096984863281
61.147361755371094
61.155540466308594
61.530479431152344
62.82515335083008
63.2613639831543
64.88451385498047
64.97692108154297
65.78753662109375
65.91661071777344
66.18912506103516
67.00746154785156
67.42403411865234
67.5129623413086
68.55654907226562
68.79679870605469
69.3108901977539
69.46221923828125
69.46942138671875
69.78538513183594
70.4272689819336
71.54019927978516
71.67984008789062
71.74259185791016
72.01388549804688
72.16647338867188
72.24956512451172
72.27032470703125
72.56720733642578
72.58787536621094
73.16419982910156
73.1983642578125
73.39618682861328
73.97296905517578
74.04052734375
74.14175415039062
74.17546844482422
74.39086151123047
74.44461059570312
74.69270324707031
74.78636169433594
74.8064193725586
74.91328430175781
75.1797866821289
76.216796875
76.4133529663086
76.73982238769531
76.87652587890625
77.38862609863281
77.45320892333984
77.84600067138672
78.14089965820312
78.30070495605469
78.48566436767578
78.64476776123047
78.74008178710938
79.27168273925781
79.55501556396484
79.65550994873047
79.79975128173828
79.89994049072266
80.26206970214844
80.343017578125
80.41765594482422
80.55432891845703
80.74032592773438
80.77747344970703
80.78366088867188
80.91971588134766
81.25884246826172
81.26499938964844
81.28960418701172
81.35108947753906
81.44322967529297
81.6333236694336
81.94510650634766
81.9695053100586
81.99390411376953
82.14620971679688
82.35897064208984
82.77076721191406
83.4385986328125
83.5822982788086
83.6480712890625
83.76156616210938
83.76753234863281
83.9404525756836
84.10112762451172
84.11302185058594
84.27336120605469
84.30895233154297
84.38601684570312
84.4393310546875
84.49851989746094
84.69356536865234
84.81745147705078
84.9470443725586
85.04704284667969
85.27015686035156
85.43418884277344
85.62126159667969
85.64461517333984
85.80792236328125
85.8603515625
85.8836441040039
85.95347595214844
85.9709243774414
86.1045913696289
86.27861785888672
86.41758728027344
86.7063980102539
86.7352294921875
86.8274154663086
86.9885025024414
87.06893920898438
87.10912322998047
87.10912322998047
87.24677276611328
87.66983795166016
87.68694305419922
87.78952026367188
88.0340805053711
88.05680084228516
88.14192962646484
88.43641662597656
88.62279510498047
89.1964111328125
89.20762634277344
89.3028564453125
89.68277740478516
89.8109130859375
89.90550231933594
90.31057739257812
90.37699127197266
90.5317611694336
90.58697509765625
90.60353088378906
90.71934509277344
90.9560317993164
90.96153259277344
90.98351287841797
91.10982513427734
91.14274597167969
91.28527069091797
91.3509750366211
91.4111557006836
91.51502227783203
91.54234313964844
91.94020080566406
91.97282409667969
92.09777069091797
92.73079681396484
92.78469848632812
92.81702423095703
93.04837799072266
93.12894439697266
93.4398193359375
93.75499725341797
93.88290405273438
94.06912231445312
94.13819885253906
94.3080062866211
94.40868377685547
94.46692657470703
94.47750854492188
94.57801055908203
94.58858489990234
94.82088470458984
94.84197235107422
95.15251159667969
95.18402862548828
95.33100128173828
95.5615005493164
95.6817626953125
95.8957748413086
96.13011932373047
96.61262512207031
96.98453521728516
97.1545181274414
97.35501861572266
97.60122680664062
97.6370849609375
98.10198974609375
98.15803527832031
98.3005599975586
98.3361587524414
98.41748046875
98.51903533935547
98.56977081298828
98.61034393310547
98.63062286376953
98.68130493164062
98.71170043945312
98.72183227539062
98.81295776367188
99.00505065917969
99.06563568115234
99.10095977783203
99.27235412597656
99.57911682128906
99.7196044921875
99.73966217041016
99.76973724365234
99.79479217529297
99.80982208251953
99.8298568725586
99.98500061035156
100.05998229980469
100.46392059326172
100.5932388305664
100.59821319580078
100.61312103271484
100.68267059326172
100.95543670654297
101.10884857177734
101.3114013671875
101.45442199707031
101.4593505859375
101.46920776367188
101.56278991699219
101.68087005615234
102.23013305664062
102.6547622680664
102.8299560546875
102.90772247314453
103.20368194580078
103.21821594238281
103.31505584716797
103.35859680175781
103.40213012695312
103.66773986816406
103.71113586425781
103.9855728149414
104.0672836303711
104.21611785888672
104.30723571777344
104.4222183227539
104.67091369628906
104.69479370117188
104.76640319824219
104.78549194335938
104.83319854736328
104.89995574951172
105.25682830810547
105.48933410644531
105.56988525390625
105.7969741821289
106.03301239013672
106.05658721923828
106.32027435302734
106.47534942626953
106.81291961669922
106.94390869140625
107.42439270019531
107.82856750488281
108.05091094970703
108.23123168945312
108.27742004394531
108.3143539428711
108.37896728515625
108.39741516113281
108.4112548828125
108.42047882080078
108.46197509765625
108.47119140625
108.53570556640625
108.66001892089844
108.67842102050781
108.76580047607422
109.1512680053711
109.50342559814453
109.53994750976562
109.66312408447266
109.8134765625
109.8407974243164
109.8635482788086
109.9408950805664
109.96363067626953
110.00454711914062
110.19074249267578
110.4671859741211
110.80162811279297
110.8106460571289
111.0360336303711
111.09455108642578
111.14405059814453
111.21600341796875
111.2834243774414
111.61988830566406
111.8704605102539
111.91067504882812
112.33877563476562
112.34322357177734
112.48555755615234
112.50777435302734
112.93803405761719
113.04866027832031
113.28282928466797
113.32254791259766
113.42839050292969
113.78488159179688
114.07891845703125
114.3547134399414
114.45523071289062
114.51637268066406
114.5556640625
114.7998275756836
115.21284484863281
115.29093933105469
115.31695556640625
115.53787231445312
115.77996063232422
116.15506744384766
116.20671081542969
116.24542999267578
117.0469970703125
117.11532592773438
117.17081451416016
118.0
118.05931091308594
118.33427429199219
118.61702728271484
118.63810729980469
118.76026153564453
118.8864974975586
118.9621810913086
118.96638488769531
119.22667694091797
119.8165283203125
119.89161682128906
119.92498016357422
120.29962921142578
120.38687896728516
120.55703735351562
120.55703735351562
120.80562591552734
120.85115051269531
120.88838195800781
120.9090576171875
121.70455932617188
121.91800689697266
122.02049255371094
122.43773651123047
122.48265075683594
123.3369369506836
123.36531066894531
123.89915466308594
124.14910125732422
124.37443542480469
124.79984283447266
124.80785369873047
125.28367614746094
125.57865905761719
125.8848648071289
125.9007568359375
125.96824645996094
125.98412322998047
126.42784881591797
126.64912414550781
126.92911529541016
126.94093322753906
126.94880676269531
127.08658599853516
127.41271209716797
127.45195007324219
127.60093688964844
128.37445068359375
128.4484405517578
128.5106964111328
128.56515502929688
128.58071899414062
128.74392700195312
128.76722717285156
129.0697479248047
129.24008178710938
129.81910705566406
129.83450317382812
129.83836364746094
129.87301635742188
130.21136474609375
130.23825073242188
130.27279663085938
130.3341827392578
130.38787841796875
130.6751708984375
130.7707977294922
130.8319549560547
131.18307495117188
131.1868896484375
131.35447692871094
131.47622680664062
131.5750732421875
131.80667114257812
132.02272033691406
132.11358642578125
132.2006072998047
132.27244567871094
132.416015625
132.4499969482422
132.73281860351562
133.39414978027344
133.6749725341797
133.72360229492188
133.8618621826172
134.13426208496094
134.43585205078125
134.83694458007812
135.1295623779297
135.42526245117188
135.65028381347656
136.10658264160156
136.4734344482422
136.6162567138672
137.00364685058594
137.00364685058594
137.11309814453125
138.41964721679688
139.04315185546875
139.52418518066406
139.8141632080078
139.95713806152344
140.02499389648438
140.0928192138672
140.37094116210938
140.53469848632812
140.79061889648438
140.8119354248047
140.8687286376953
141.2055206298828
141.40367126464844
142.09152221679688
142.1126251220703
142.9860076904297
143.4015350341797
144.0763702392578
144.48875427246094
144.5233612060547
144.79986572265625
145.68115234375
146.22927856445312
146.45477294921875
146.51620483398438
146.56739807128906
146.6458282470703
146.85707092285156
147.01361083984375
147.03060913085938
147.4754180908203
147.55337524414062
147.81407165527344
148.060791015625
148.28013610839844
148.93287658691406
149.26486206054688
149.58609008789062
150.3795166015625
150.54566955566406
150.6154022216797
150.70501708984375
150.84097290039062
151.2349090576172
151.92103576660156
151.9572296142578
152.11837768554688
152.76124572753906
153.5871124267578
153.6066436767578
153.8115692138672
153.8180694580078
154.88059997558594
155.38339233398438
156.06088256835938
156.43528747558594
157.87969970703125
158.21188354492188
158.76397705078125
159.31729125976562
159.4490509033203
160.0187530517578
160.3527374267578
161.24205017089844
161.37843322753906
161.74671936035156
161.9259033203125
161.96295166015625
162.84349060058594
162.92022705078125
163.1471710205078
163.36769104003906
164.15237426757812
164.21023559570312
165.39346313476562
165.77394104003906
166.0963592529297
166.15354919433594
167.6573944091797
168.03868103027344
168.7601776123047
169.41073608398438
170.42593383789062
170.95028686523438
171.17535400390625
171.6682891845703
171.69158935546875
172.54275512695312
173.60011291503906
173.72967529296875
175.47933959960938
176.39161682128906
176.6804962158203
179.424072265625
181.24844360351562
183.2893829345703
184.9729766845703
186.18002319335938
186.2659454345703
187.44332885742188
188.3427734375
188.55503845214844
189.59165954589844
189.89471435546875
190.19464111328125
192.34085083007812
192.63436889648438
193.7008056640625
193.912353515625
194.1648712158203
194.2704315185547
195.0743408203125
198.19183349609375
202.99014282226562
207.39334106445312
213.398681640625
213.71710205078125
217.23489379882812
217.87152099609375
221.9369354248047
230.03477478027344
235.99575805664062
244.88568115234375
253.70849609375
