55.05451965332031
57.93962478637695
61.757591247558594
79.20858764648438
79.64923095703125
79.88116455078125
80.78984832763672
83.41462707519531
85.66796112060547
93.37023162841797
94.0584945678711
95.41488647460938
95.70266723632812
98.10708618164062
100.0
103.7545166015625
107.93053436279297
109.23827362060547
117.97881317138672
128.557373046875
142.49913024902344
147.08160400390625
147.62452697753906
148.77499389648438
149.53929138183594
153.1437225341797
153.61965942382812
154.28221130371094
163.7467498779297
164.07315063476562
166.66732788085938
166.93411254882812
168.19927978515625
171.01461791992188
171.88949584960938
181.51583862304688
183.53201293945312
185.57208251953125
189.5283660888672
193.9639129638672
203.5313262939453
220.42686462402344
224.21641540527344
224.96221923828125
233.46734619140625
239.21328735351562
