994.9347534179688 788.87548828125 509.75067138671875 1021.898681640625
1000.021728515625 800.0421142578125 490.2913513183594 1016.2297973632812
953.541015625 867.6268920898438 460.5206604003906 909.6089477539062
1000.021728515625 800.0421142578125 490.2913513183594 1016.2297973632812
973.1283569335938 814.04541015625 501.82806396484375 971.9252319335938
955.5863037109375 803.9396362304688 530.0902709960938 961.2568969726562
1001.3639526367188 783.2017822265625 511.0777282714844 1036.642578125
980.686767578125 785.35693359375 530.2875366210938 1007.8099365234375
959.6192016601562 814.6636962890625 513.2257690429688 957.13720703125
985.248779296875 826.8738403320312 474.24530029296875 974.9768676757812
1001.3639526367188 783.2017822265625 511.0777282714844 1036.642578125
946.8440551757812 798.3034057617188 545.6607666015625 955.9190063476562
940.6250610351562 882.537841796875 457.56201171875 888.3466186523438
988.5900268554688 813.0394287109375 487.2201232910156 990.6273803710938
964.33837890625 766.2562255859375 572.6212158203125 1007.5206298828125
969.9114990234375 798.164794921875 523.97216796875 982.5870971679688
954.101318359375 790.1127319335938 549.6561889648438 972.438232421875
985.248779296875 826.8738403320312 474.24530029296875 974.9768676757812
1004.8461303710938 904.3427734375 377.398681640625 930.5729370117188
969.3809814453125 774.126953125 556.0584716796875 1004.9203491210938
939.8558349609375 868.15673828125 471.47174072265625 897.6410522460938
983.6058959960938 940.5205078125 370.72314453125 889.1217041015625
942.8270263671875 804.0673217773438 542.843994140625 947.6837768554688
980.7073974609375 768.30224609375 551.5097045898438 1027.0662841796875
985.1053466796875 916.1363525390625 387.07513427734375 906.6677856445312
1045.1373291015625 927.2219848632812 314.6019287109375 956.1393432617188
939.8558349609375 868.15673828125 471.47174072265625 897.6410522460938
969.3809814453125 774.126953125 556.0584716796875 1004.9203491210938
944.4758911132812 787.7678833007812 560.9828491210938 961.8742065429688
929.93603515625 862.133056640625 489.039306640625 891.5147094726562
977.0706787109375 777.2853393554688 543.8641357421875 1011.3475952148438
925.3546752929688 849.7244262695312 504.5863342285156 895.8306884765625
1001.3639526367188 783.2017822265625 511.0777282714844 1036.642578125
946.8440551757812 798.3034057617188 545.6607666015625 955.9190063476562
1014.8025512695312 930.0720825195312 344.82025146484375 924.06884765625
995.5533447265625 940.023681640625 355.0140380859375 900.9345092773438
944.4758911132812 787.7678833007812 560.9828491210938 961.8742065429688
1012.381591796875 916.86474609375 359.72503662109375 929.8215942382812
922.269775390625 887.193115234375 468.80511474609375 870.311767578125
1023.0118408203125 943.755859375 325.19281005859375 923.6937255859375
937.0394897460938 1036.2623291015625 341.5810241699219 808.0658569335938
1011.1909790039062 958.9060668945312 326.7325744628906 901.9788818359375
1067.378662109375 841.111083984375 366.06353759765625 1060.5185546875
1162.1982421875 1035.333740234375 108.70748138427734 988.5479736328125
1040.73974609375 941.981201171875 308.4522399902344 941.5902709960938
1162.1982421875 1035.333740234375 108.70748138427734 988.5479736328125
