1122.068115234375 759.8606567382812 1052.9124755859375 1018.825927734375
1122.068115234375 759.8606567382812 1052.9124755859375 1018.825927734375
1105.7681884765625 746.9930419921875 1045.2960205078125 995.1096801757812
1081.181640625 776.8289184570312 987.847412109375 1018.342529296875
1179.351318359375 695.8907470703125 1188.875244140625 968.2743530273438
1098.15478515625 789.5045776367188 996.2322387695312 1044.800048828125
1037.0880126953125 685.4608154296875 1017.6907348632812 879.3095703125
948.0823974609375 807.0448608398438 814.0162963867188 983.2001342773438
994.1199951171875 798.7255859375 869.440185546875 998.4313354492188
1101.6707763671875 659.0982666015625 1118.776611328125 878.1226196289062
1006.4921875 694.9269409179688 972.9549560546875 876.2067260742188
951.06201171875 792.1414794921875 828.6398315429688 967.5933837890625
887.9373779296875 847.1414794921875 720.12060546875 999.4064331054688
1098.6781005859375 763.3810424804688 1021.8145751953125 1010.8706665039062
1063.7462158203125 653.188720703125 1075.3966064453125 852.1431884765625
993.0115356445312 674.1466674804688 974.6142578125 844.8934936523438
1123.5616455078125 772.2279052734375 1044.489013671875 1036.7015380859375
958.3903198242188 632.2461547851562 973.4591064453125 778.5264892578125
858.2508544921875 485.0072021484375 984.8032836914062 577.0093383789062
1157.4029541015625 699.9227905273438 1153.6964111328125 961.76318359375
896.1187133789062 855.28173828125 720.9599609375 1014.5215454101562
858.2508544921875 485.0072021484375 984.8032836914062 577.0093383789062
1157.4029541015625 699.9227905273438 1153.6964111328125 961.76318359375
949.3375244140625 819.5088500976562 803.9127807617188 997.6763305664062
1043.9609375 642.6892700195312 1062.2208251953125 833.802734375
1022.62744140625 674.5458984375 1010.260986328125 858.357177734375
1092.2418212890625 755.4453125 1021.1544799804688 998.225830078125
990.1819458007812 605.98388671875 1029.58154296875 761.80859375
1024.2508544921875 601.803955078125 1072.229736328125 770.8392944335938
1086.8367919921875 760.9822998046875 1008.7567749023438 1000.8807983398438
932.69384765625 792.2998046875 810.4421997070312 958.019775390625
1160.174072265625 733.1552124023438 1125.80517578125 1007.4981689453125
989.0618896484375 791.7200317382812 869.9224243164062 986.3422241210938
1002.450927734375 793.6458129882812 883.1189575195312 996.0303955078125
1065.9547119140625 662.2730102539062 1070.19775390625 864.7822265625
923.9487915039062 635.9667358398438 932.0205688476562 769.724365234375
1005.8961791992188 603.8821411132812 1049.255859375 764.3096923828125
1089.8978271484375 640.407470703125 1121.656494140625 850.5703735351562
927.3464965820312 542.8487548828125 1012.8233642578125 664.1893920898438
914.0452270507812 617.8555297851562 936.1168212890625 745.221923828125
948.0823974609375 807.0448608398438 814.0162963867188 983.2001342773438
992.4077758789062 703.2230224609375 949.779296875 879.5376586914062
1087.315185546875 649.1105346679688 1108.5721435546875 856.697509765625
1099.6031494140625 751.8727416992188 1033.6942138671875 999.7157592773438
680.4244384765625 640.9070434570312 699.8023071289062 688.2926025390625
723.996337890625 542.6990356445312 811.5313720703125 600.017578125
830.1326904296875 563.7134399414062 894.116943359375 655.0352172851562
1098.15478515625 789.5045776367188 996.2322387695312 1044.800048828125
787.5574340820312 523.6211547851562 884.3812866210938 598.4694213867188
842.7079467773438 471.87115478515625 975.7345581054688 557.7328491210938
922.3828735351562 623.7529296875 939.361083984375 756.3882446289062
1055.4207763671875 640.2150268554688 1076.5443115234375 832.0101928710938
917.8463745117188 497.07568359375 1043.606689453125 608.9659423828125
905.619384765625 520.0975952148438 1005.4536743164062 631.6224975585938
921.731689453125 520.28369140625 1021.62255859375 637.392822265625
537.341796875 650.0084838867188 576.3436279296875 655.0365600585938
914.0452270507812 617.8555297851562 936.1168212890625 745.221923828125
919.7579956054688 615.7305297851562 944.5027465820312 744.5733032226562
938.8673706054688 538.2872924804688 1028.559326171875 662.9349975585938
995.848876953125 712.281982421875 944.7297973632812 891.3846435546875
999.0238037109375 606.6038818359375 1039.9315185546875 766.7057495117188
976.0405883789062 589.0133666992188 1028.517333984375 740.2703247070312
1007.0603637695312 714.533447265625 956.5540771484375 900.4967041015625
923.9487915039062 635.9667358398438 932.0205688476562 769.724365234375
949.81103515625 618.59765625 974.25390625 758.9864501953125
1091.5130615234375 744.7141723632812 1028.9498291015625 982.7522583007812
905.6951904296875 534.1705932617188 995.3944091796875 646.9779052734375
926.4798583984375 620.205322265625 948.15087890625 752.3199462890625
986.824951171875 697.1641845703125 950.0050659179688 869.3375854492188
924.36669921875 532.24072265625 1018.6609497070312 652.4705200195312
980.1458740234375 792.204833984375 860.1143798828125 981.5316772460938
1077.2000732421875 644.1119995117188 1102.2076416015625 847.0446166992188
1086.8367919921875 760.9822998046875 1008.7567749023438 1000.8807983398438
870.5261840820312 481.8736877441406 999.5654907226562 578.2699584960938
1075.326904296875 663.4415283203125 1081.6285400390625 871.0048217773438
1079.284423828125 636.1142578125 1110.60986328125 838.763916015625
948.0823974609375 807.0448608398438 814.0162963867188 983.2001342773438
886.5887451171875 484.9029846191406 1015.9513549804688 586.3570556640625
661.0853271484375 615.2061157226562 698.6452026367188 657.5276489257812
868.6090087890625 554.3160400390625 940.952880859375 657.100341796875
990.3900146484375 584.10791015625 1048.2530517578125 736.8632202148438
839.0477905273438 568.6737670898438 898.5057983398438 662.9979858398438
663.9329833984375 621.7785034179688 698.6939086914062 663.7362060546875
832.2256469726562 556.2886352539062 902.401123046875 647.1389770507812
1100.7205810546875 775.2332153320312 1015.2241821289062 1026.937744140625
1014.14111328125 701.16845703125 976.1632690429688 887.3637084960938
667.8972778320312 626.74951171875 699.1154174804688 670.3716430664062
574.3893432617188 746.492431640625 535.1553955078125 761.7296142578125
751.3101196289062 597.7911987304688 794.724853515625 665.1317138671875
617.158447265625 577.03125 695.3646240234375 605.805908203125
711.7362060546875 548.1456909179688 796.0321655273438 602.1865234375
1089.8978271484375 640.407470703125 1121.656494140625 850.5703735351562
852.248779296875 558.8480834960938 921.5869750976562 657.3833618164062
987.3873291015625 687.995361328125 956.543212890625 857.2976684570312
606.3103637695312 572.6880493164062 687.412353515625 598.303466796875
1017.2765502929688 753.4984741210938 932.8892211914062 952.19677734375
927.3255615234375 516.0380859375 1033.60693359375 633.254638671875
932.0614624023438 616.50390625 957.3541259765625 751.2510986328125
940.1929931640625 632.05517578125 954.9986572265625 771.3218994140625
483.0176696777344 600.3583984375 574.3027954101562 593.1781005859375
681.8361206054688 627.7806396484375 709.1885986328125 675.874755859375
