960.3054809570312 777.4556274414062 655.3168334960938 835.9193115234375
960.3054809570312 777.4556274414062 655.3168334960938 835.9193115234375
932.69384765625 792.2998046875 679.2031860351562 806.1921997070312
902.9440307617188 849.4142456054688 686.229248046875 742.0589599609375
949.3375244140625 819.5088500976562 651.791015625 785.6563720703125
971.1599731445312 756.9603881835938 649.4192504882812 868.0281372070312
934.797119140625 804.7736206054688 672.2256469726562 794.1636352539062
970.6726684570312 767.7471923828125 646.0802612304688 854.1942138671875
995.01513671875 788.7733764648438 612.3071899414062 839.1695556640625
887.9373779296875 847.1414794921875 700.4235229492188 738.6805419921875
995.01513671875 788.7733764648438 612.3071899414062 839.1695556640625
951.06201171875 792.1414794921875 659.9218139648438 814.8825073242188
1086.1822509765625 781.6649169921875 497.0582580566406 898.0254516601562
940.8174438476562 799.3692626953125 667.248779296875 802.7677001953125
907.8842163085938 721.344970703125 741.4409790039062 878.3355712890625
980.1458740234375 792.204833984375 627.6155395507812 828.1323852539062
971.7423706054688 837.0811157226562 624.0120849609375 778.0971069335938
971.95751953125 777.9237670898438 641.9532470703125 840.1017456054688
971.7423706054688 837.0811157226562 624.0120849609375 778.0971069335938
891.2186889648438 886.1949462890625 682.2974853515625 711.1635131835938
993.5745239257812 824.2496948242188 604.3507690429688 798.9828491210938
1081.181640625 776.8289184570312 504.3248596191406 902.6744384765625
950.7813110351562 970.279541015625 610.8248901367188 674.0361938476562
993.0115356445312 674.1466674804688 658.2176513671875 1020.61083984375
1002.450927734375 793.6458129882812 601.2724609375 837.3715209960938
971.95751953125 777.9237670898438 641.9532470703125 840.1017456054688
881.682373046875 840.7154541015625 708.7181396484375 742.09765625
968.53076171875 924.2786254882812 604.6021728515625 708.1646728515625
946.4152221679688 960.1406860351562 616.2003784179688 679.0444946289062
1079.6668701171875 866.101318359375 499.9617919921875 794.7704467773438
901.6129150390625 877.1405029296875 677.467529296875 720.6726684570312
994.1199951171875 798.7255859375 608.8526000976562 826.3287353515625
980.5322265625 947.1255493164062 590.6005249023438 696.3107299804688
948.0823974609375 807.0448608398438 657.4138793945312 797.6544799804688
1055.859130859375 842.3417358398438 528.4519653320312 808.8466186523438
969.549560546875 954.3539428710938 598.05078125 688.5146484375
969.549560546875 954.3539428710938 598.05078125 688.5146484375
879.5130615234375 880.544189453125 694.111328125 712.2196655273438
1072.6070556640625 871.8796997070312 507.2312927246094 786.5171508789062
948.0823974609375 807.0448608398438 657.4138793945312 797.6544799804688
1098.6781005859375 763.3810424804688 478.34185791015625 939.66455078125
1099.6031494140625 751.8727416992188 472.2845458984375 955.7350463867188
1065.9652099609375 877.5267944335938 514.4342651367188 777.0610961914062
