76.40026092529297
94.2602767944336
94.90521240234375
100.62306213378906
105.08092498779297
108.48502349853516
113.51211547851562
113.77169799804688
118.15667724609375
126.38037872314453
129.66110229492188
129.92689514160156
132.02272033691406
136.0551300048828
136.48443603515625
139.2731170654297
142.6709442138672
151.5816650390625
151.62783813476562
152.01644897460938
156.38414001464844
156.89805603027344
159.79360961914062
160.92544555664062
164.0365753173828
164.2406768798828
165.22711181640625
166.1023712158203
166.42115783691406
167.07781982421875
168.6090087890625
169.29855346679688
170.44061279296875
170.54324340820312
171.82550048828125
172.69915771484375
173.0057830810547
184.38275146484375
187.97605895996094
188.13824462890625
189.4175262451172
189.55474853515625
197.36767578125
198.29270935058594
198.4817352294922
201.98019409179688
220.34518432617188
225.78086853027344
225.9070587158203
238.76138305664062
