1113.0128173828125 765.5674438476562 982.459716796875 1011.8677978515625
1113.0128173828125 765.5674438476562 982.459716796875 1011.8677978515625
1099.4124755859375 750.2406005859375 982.0582885742188 988.8257446289062
669.095947265625 123.38316345214844 1065.9654541015625 258.5591735839844
988.0718383789062 682.0470581054688 926.3673095703125 851.3928833007812
1075.429443359375 761.9569702148438 944.3212280273438 984.825439453125
1075.429443359375 761.9569702148438 944.3212280273438 984.825439453125
1073.078857421875 584.6344604492188 1107.642578125 797.0569458007812
1087.34521484375 778.1980590820312 942.6201171875 1010.03125
1068.343994140625 753.131103515625 944.6776733398438 971.1133422851562
1017.352783203125 855.2476196289062 797.8524169921875 1045.5361328125
1061.947509765625 770.4803466796875 921.9800415039062 985.1851806640625
991.7586059570312 689.36376953125 923.017333984375 860.7150268554688
1195.2015380859375 715.5338745117188 1131.5042724609375 1015.2347412109375
1111.8677978515625 778.4022216796875 969.4583129882812 1026.36865234375
1102.0816650390625 780.9273681640625 956.941162109375 1022.2162475585938
1153.438232421875 703.9140625 1089.8006591796875 972.80908203125
1087.12939453125 765.73046875 954.3229370117188 997.1448974609375
919.4269409179688 803.5736694335938 753.455078125 932.4103393554688
1111.95654296875 641.6586303710938 1099.1329345703125 878.6423950195312
1079.0709228515625 655.8300170898438 1047.4525146484375 874.1126708984375
1043.0435791015625 675.8345336914062 989.9924926757812 876.276611328125
1022.0296020507812 842.6649780273438 812.7471923828125 1035.8074951171875
1027.825439453125 851.6769409179688 811.1969604492188 1048.3050537109375
1194.5892333984375 733.8663330078125 1112.2894287109375 1035.556396484375
1092.089599609375 755.0317993164062 969.1312255859375 989.9485473632812
1077.7947998046875 750.8133544921875 957.1805419921875 974.0203857421875
1065.978515625 789.9657592773438 907.4137573242188 1007.4820556640625
1036.4539794921875 845.6729125976562 825.481201171875 1048.052001953125
1062.5263671875 582.631591796875 1098.3172607421875 789.8678588867188
1173.3131103515625 746.8262329101562 1071.980712890625 1034.1859130859375
1079.6126708984375 793.4605712890625 918.4083251953125 1021.2958984375
1079.6126708984375 793.4605712890625 918.4083251953125 1021.2958984375
866.800048828125 827.2550048828125 686.6095581054688 931.0328979492188
1004.1402587890625 703.0467529296875 923.2998657226562 880.9859619140625
1166.880126953125 707.0020141601562 1103.5950927734375 985.8614501953125
1026.89404296875 681.2802734375 968.2775268554688 870.8734741210938
1188.7330322265625 729.8742065429688 1107.9859619140625 1025.2579345703125
1205.9947509765625 729.7730712890625 1131.5943603515625 1037.90478515625
1104.6722412109375 769.7616577148438 969.0799560546875 1010.8089599609375
1084.201416015625 628.94189453125 1077.6688232421875 850.1929321289062
1014.8121948242188 658.2550659179688 975.2215576171875 842.0507202148438
949.4539794921875 811.201416015625 773.48828125 959.1857299804688
1004.1402587890625 703.0467529296875 923.2998657226562 880.9859619140625
1144.9481201171875 717.1925659179688 1066.8768310546875 982.3384399414062
978.6246337890625 509.7179260253906 1068.408203125 677.6206665039062
966.0157470703125 513.3292846679688 1052.2425537109375 675.7946166992188
847.835205078125 861.8628540039062 642.2258911132812 951.3846435546875
975.24560546875 610.441650390625 977.2963256835938 773.635986328125
671.2818603515625 555.6665649414062 750.2926025390625 606.1019287109375
1087.34521484375 778.1980590820312 942.6201171875 1010.03125
1062.055908203125 633.092041015625 1049.0992431640625 843.6242065429688
1111.95654296875 641.6586303710938 1099.1329345703125 878.6423950195312
981.7796020507812 685.9041137695312 915.7537231445312 850.1426391601562
969.76220703125 788.6383056640625 812.55029296875 948.3576049804688
945.8163452148438 599.3692626953125 956.1395874023438 749.7887573242188
1159.4735107421875 719.071044921875 1082.746337890625 994.2835693359375
956.7535400390625 608.051025390625 961.8782958984375 763.5339965820312
1117.5809326171875 656.0352783203125 1093.9615478515625 897.74658203125
1079.5892333984375 637.1009521484375 1066.4779052734375 855.1959228515625
1014.4437866210938 586.8445434570312 1038.3812255859375 769.1665649414062
979.6954345703125 784.3416748046875 825.859375 949.9157104492188
1078.5413818359375 645.71142578125 1056.28369140625 863.6917114257812
863.6741943359375 865.0421752929688 654.5157470703125 963.3034057617188
1078.3724365234375 805.5901489257812 905.8526000976562 1032.431640625
1183.6363525390625 718.4114990234375 1112.8956298828125 1006.4100952148438
754.5591430664062 502.3160705566406 859.7062377929688 587.784423828125
1031.155029296875 586.1997680664062 1057.6195068359375 776.76904296875
1084.54638671875 745.6150512695312 969.3652954101562 973.4100341796875
908.25732421875 786.6439208984375 757.7786865234375 909.8064575195312
1167.9990234375 738.1179809570312 1073.916015625 1020.8917236328125
1160.6971435546875 727.806396484375 1075.31494140625 1002.7198486328125
957.2766723632812 779.8270263671875 809.0010986328125 930.16650390625
1089.61083984375 635.1102905273438 1079.6014404296875 858.7453002929688
1117.5809326171875 656.0352783203125 1093.9615478515625 897.74658203125
1017.352783203125 855.2476196289062 797.8524169921875 1045.5361328125
945.838623046875 495.0111999511719 1045.7301025390625 650.1962280273438
945.8163452148438 599.3692626953125 956.1395874023438 749.7887573242188
996.6690063476562 668.556884765625 946.5584716796875 842.6514282226562
1100.3753662109375 629.401611328125 1097.421630859375 859.841552734375
898.1228637695312 690.317626953125 831.5809326171875 814.016845703125
1046.0101318359375 594.0489501953125 1067.9808349609375 792.282470703125
948.5140380859375 487.42462158203125 1054.8897705078125 643.8703002929688
991.7586059570312 689.36376953125 923.017333984375 860.7150268554688
831.6948852539062 881.182861328125 615.157470703125 960.9203491210938
810.25048828125 892.2096557617188 588.5098876953125 959.9114990234375
850.40966796875 820.2697143554688 679.1722412109375 915.7285766601562
1045.746337890625 577.586669921875 1079.77880859375 775.4049072265625
967.7822265625 801.1245727539062 799.0430297851562 958.52978515625
1073.471923828125 630.8541870117188 1063.7835693359375 845.4088134765625
945.7068481445312 594.6053466796875 959.9451904296875 744.693115234375
752.671630859375 475.9939270019531 878.7275390625 564.9288940429688
936.9071044921875 619.6099853515625 929.769287109375 764.6243286132812
1041.6187744140625 568.9631958007812 1084.6217041015625 764.821044921875
1017.9592895507812 679.87353515625 958.6375122070312 864.9024658203125
1166.880126953125 707.0020141601562 1103.5950927734375 985.8614501953125
1104.6722412109375 769.7616577148438 969.0799560546875 1010.8089599609375
1181.10595703125 709.8062744140625 1118.8460693359375 998.2883911132812
1186.715576171875 744.048583984375 1094.94580078125 1040.142822265625
1091.3924560546875 617.7453002929688 1096.4482421875 842.2938842773438
963.3449096679688 814.019775390625 784.284912109375 970.283935546875
1087.7864990234375 697.73876953125 1021.1704711914062 927.6913452148438
1160.6971435546875 727.806396484375 1075.31494140625 1002.7198486328125
1088.78564453125 657.8488159179688 1057.3675537109375 883.7727661132812
1111.4141845703125 635.5804443359375 1105.4886474609375 873.306884765625
882.9617919921875 944.765380859375 599.6226196289062 1051.072509765625
1014.2075805664062 870.5921630859375 781.0570678710938 1058.9324951171875
1096.139892578125 637.113525390625 1085.96875 865.422119140625
952.0003662109375 764.4313354492188 816.4715576171875 914.372802734375
779.8810424804688 537.4105224609375 853.0316772460938 627.3592529296875
1042.53466796875 589.0204467773438 1068.18896484375 786.2413940429688
1092.8282470703125 631.1144409179688 1087.14453125 857.922119140625
901.3873901367188 697.624755859375 828.0322265625 822.9391479492188
644.7935791015625 517.4637451171875 761.0453491210938 567.101806640625
698.87841796875 570.0916748046875 762.0401611328125 628.0731811523438
739.7374877929688 497.3877258300781 852.3092651367188 579.359619140625
750.2235717773438 497.7846374511719 860.6089477539062 582.6022338867188
905.575927734375 914.9800415039062 644.3117065429688 1035.61474609375
763.6043701171875 493.2465515136719 875.8881225585938 583.0387573242188
857.7647705078125 853.6390380859375 657.30029296875 949.6119995117188
874.16796875 708.3226318359375 795.508056640625 820.4020385742188
1111.4141845703125 635.5804443359375 1105.4886474609375 873.306884765625
688.0405883789062 568.2386474609375 754.9193115234375 621.5170288085938
671.6258544921875 576.44970703125 736.0873413085938 623.3468627929688
836.21142578125 818.9273071289062 669.3895874023438 905.5402221679688
899.7706298828125 706.7286376953125 818.2073364257812 829.4093627929688
1078.5413818359375 645.71142578125 1056.28369140625 863.6917114257812
905.0206298828125 440.3482360839844 1049.99951171875 583.5474243164062
1097.601806640625 646.0791015625 1078.7188720703125 876.0626831054688
874.16796875 708.3226318359375 795.508056640625 820.4020385742188
886.0623168945312 522.6874389648438 963.1373901367188 652.974365234375
1031.87255859375 566.2355346679688 1075.4681396484375 758.244140625
686.1845092773438 561.78125 756.5226440429688 616.3639526367188
948.1286010742188 622.24658203125 938.6973266601562 773.4873657226562
641.7591552734375 508.06585693359375 764.8973999023438 558.1815185546875
