65.69627380371094
76.216796875
84.71127319335938
87.30406951904297
89.90550231933594
94.68896484375
95.6765365600586
101.5283203125
101.78899383544922
102.7667236328125
102.85912322998047
105.13800811767578
107.25669860839844
109.10545349121094
109.18791198730469
109.91815185546875
118.53269958496094
119.64112854003906
119.79983520507812
120.63166809082031
120.71039581298828
123.67295837402344
124.44275665283203
125.2796859741211
125.7696304321289
129.81524658203125
130.0076904296875
130.54884338378906
132.42356872558594
133.06765747070312
133.93655395507812
137.0146026611328
137.1531982421875
137.1896514892578
139.64239501953125
141.3435516357422
142.4499969482422
142.51666259765625
143.1712188720703
144.2428436279297
146.6492462158203
148.6808624267578
149.29501342773438
150.63864135742188
150.7149658203125
154.04220581054688
157.38487243652344
158.31298828125
158.60643005371094
159.3769073486328
159.40200805664062
159.82177734375
160.71092224121094
168.56155395507812
168.73944091796875
169.7292022705078
174.06895446777344
182.86607360839844
183.283935546875
183.65728759765625
184.42071533203125
186.07257080078125
186.77793884277344
191.8358612060547
192.865234375
198.10855102539062
198.71084594726562
200.29977416992188
201.6605987548828
202.02474975585938
202.4425811767578
203.08865356445312
211.3007354736328
215.51565551757812
217.2924346923828
220.8257293701172
221.5468292236328
221.9752197265625
225.36859130859375
225.59033203125
275.67010498046875
