59.21992874145508
66.61080932617188
69.17369079589844
69.48381042480469
73.77668762207031
74.15524291992188
80.51087188720703
85.20563507080078
86.21485137939453
86.7352294921875
89.54886627197266
91.07140350341797
92.79008483886719
93.31130981445312
93.75499725341797
95.7757797241211
98.04590606689453
98.45811462402344
99.54396057128906
100.58827209472656
101.52339935302734
101.53816986083984
102.31813049316406
103.07279205322266
104.47966003417969
105.2948226928711
105.71187591552734
106.60675048828125
107.29399108886719
107.3638687133789
107.73114776611328
108.56334686279297
108.89444732666016
110.48529052734375
110.616455078125
111.45402526855469
111.8659896850586
112.20071411132812
113.19010925292969
113.2298583984375
113.83321380615234
113.86395263671875
113.89469146728516
115.05651092529297
115.60276794433594
115.8792495727539
116.08617401123047
116.76471710205078
117.35842895507812
117.66902923583984
117.83038330078125
118.88229370117188
118.941162109375
118.9621810913086
119.14696502685547
119.53660583496094
119.64949035644531
120.07913970947266
120.63581848144531
120.66482543945312
121.5730209350586
121.87288665771484
122.11470031738281
122.2170181274414
123.09346008300781
123.90319061279297
124.86792755126953
125.09196472167969
125.68213653564453
125.72986602783203
126.47134399414062
126.69254302978516
126.70043182373047
126.82270812988281
127.42056274414062
128.1756591796875
129.7998504638672
130.9312744140625
131.19070434570312
131.4229736328125
131.9545440673828
133.06765747070312
133.23663330078125
133.37916564941406
133.91041564941406
134.1379852294922
134.65882873535156
134.69224548339844
135.26271057128906
135.5507354736328
135.9705810546875
136.143310546875
136.42947387695312
136.68577575683594
137.30987548828125
137.41543579101562
137.47726440429688
138.08692932128906
138.27508544921875
138.3509979248047
138.520751953125
139.05393981933594
139.12583923339844
139.244384765625
139.4596710205078
139.892822265625
140.04998779296875
140.2711639404297
140.3851776123047
141.4849853515625
142.8285675048828
142.97203063964844
143.16773986816406
143.54441833496094
143.92706298828125
143.94442749023438
144.6720428466797
144.88616943359375
146.41038513183594
146.45477294921875
146.85366821289062
147.0578155517578
147.55337524414062
147.80392456054688
147.9290313720703
148.18907165527344
148.27676391601562
148.323974609375
148.46548461914062
148.4789581298828
148.49578857421875
148.64723205566406
148.66404724121094
148.795166015625
149.2213134765625
149.7598114013672
150.30967712402344
150.72491455078125
150.73486328125
150.88406372070312
151.45956420898438
152.3253173828125
152.633544921875
153.22532653808594
153.52850341796875
153.60012817382812
153.77255249023438
153.82781982421875
154.67384338378906
155.00645446777344
155.3093719482422
155.44773864746094
155.68557739257812
155.85891723632812
157.13052368164062
157.28318786621094
157.47698974609375
158.43295288085938
158.60012817382812
158.63479614257812
158.84898376464844
160.0031280517578
160.06874084472656
160.69224548339844
161.72508239746094
163.11651611328125
163.17169189453125
163.30340576171875
163.33094787597656
163.47171020507812
164.3015594482422
164.74525451660156
165.51132202148438
165.74981689453125
165.94577026367188
166.30694580078125
166.7123260498047
167.579833984375
168.02975463867188
168.03273010253906
168.0922393798828
168.57638549804688
168.58529663085938
168.6564483642578
168.659423828125
169.06211853027344
169.18333435058594
169.31036376953125
169.36056518554688
169.59657287597656
169.6407928466797
169.66436767578125
170.6575469970703
170.7161407470703
170.85081481933594
171.105224609375
171.79348754882812
172.1888427734375
172.69915771484375
172.8004608154297
174.0517120361328
174.96856689453125
175.12281799316406
175.1542205810547
176.35191345214844
176.51345825195312
176.64654541015625
178.13197326660156
178.3675994873047
178.52171325683594
179.2010040283203
179.2205352783203
179.26516723632812
180.5768585205078
180.734619140625
180.78993225097656
181.1270294189453
181.19326782226562
181.36151123046875
181.4138946533203
181.44972229003906
181.81309509277344
182.18946838378906
182.4198455810547
182.83599853515625
183.43663024902344
184.79989624023438
185.24578857421875
185.54244995117188
185.54513549804688
185.7525177001953
186.4939727783203
187.15234375
187.88560485839844
188.364013671875
188.78028869628906
189.1613006591797
190.52821350097656
191.80979919433594
192.13015747070312
192.2134246826172
192.61878967285156
193.08547973632812
194.38877868652344
194.93844604492188
195.76260375976562
199.10801696777344
202.29928588867188
204.2938995361328
204.428466796875
205.63803100585938
206.08978271484375
206.2571258544922
206.87677001953125
207.01931762695312
207.0386505126953
207.6294708251953
208.91624450683594
209.568603515625
212.1933135986328
220.27255249023438
222.28810119628906
223.6358642578125
224.40811157226562
228.6897430419922
228.8929901123047
234.08544921875
234.2605438232422
234.95106506347656
243.15016174316406
244.94081115722656
251.00796508789062
253.56063842773438
261.419189453125
