113.35784149169922
114.29785919189453
130.7554931640625
141.2763214111328
144.1839141845703
146.66287231445312
148.7111358642578
150.77134704589844
153.36557006835938
154.1817169189453
155.3286895751953
157.44522094726562
160.13743591308594
162.99386596679688
164.08229064941406
164.34414672851562
164.76953125
165.98193359375
170.26449584960938
171.2541961669922
171.68576049804688
171.71487426757812
171.83131408691406
171.88076782226562
172.4818878173828
172.7049560546875
177.56689453125
178.7540283203125
180.23318481445312
182.21690368652344
183.2348175048828
184.9324188232422
188.1090087890625
188.4887237548828
188.53912353515625
190.31027221679688
191.4027099609375
194.6946258544922
195.5070343017578
196.5858612060547
202.0272216796875
205.6015625
211.75929260253906
219.4174041748047
221.51974487304688
223.3226318359375
226.66494750976562
231.63333129882812
232.652099609375
233.77767944335938
237.71832275390625
242.8312225341797
243.47279357910156
245.1142578125
250.2119140625
260.107666015625
