849.4335327148438 822.8268432617188 788.6358642578125 822.559326171875
860.0386962890625 830.3336791992188 775.6432495117188 819.7557373046875
931.5761108398438 844.087158203125 697.5174560546875 829.7652587890625
870.0310668945312 877.674072265625 750.3416748046875 781.93896484375
870.0310668945312 877.674072265625 750.3416748046875 781.93896484375
938.3902587890625 791.8718872070312 701.3533325195312 889.7369384765625
933.3388061523438 777.8429565429688 712.3271484375 904.9299926757812
948.6001586914062 910.6837158203125 668.3250122070312 777.2083740234375
849.8221435546875 831.7295532226562 783.9775390625 814.3641967773438
974.6142578125 844.8934936523438 650.7630004882812 843.1798095703125
849.4335327148438 822.8268432617188 788.6358642578125 822.559326171875
933.3388061523438 777.8429565429688 712.3271484375 904.9299926757812
843.62255859375 862.7352294921875 779.2354736328125 785.5807495117188
925.6918334960938 779.0496826171875 721.3295288085938 900.5428466796875
972.9549560546875 876.2067260742188 647.9240112304688 813.191650390625
944.5027465820312 744.5733032226562 706.8583374023438 959.8466796875
949.779296875 879.5376586914062 672.5498657226562 802.7194213867188
949.779296875 879.5376586914062 672.5498657226562 802.7194213867188
946.2811889648438 758.2277221679688 701.1071166992188 938.68212890625
939.361083984375 756.3882446289062 710.482177734375 938.9189453125
946.2811889648438 758.2277221679688 701.1071166992188 938.68212890625
844.444580078125 852.667236328125 782.0711669921875 793.8837890625
936.1168212890625 745.221923828125 719.7181396484375 952.6428833007812
950.0050659179688 869.3375854492188 673.227294921875 811.9138793945312
912.1891479492188 747.4641723632812 749.0615234375 939.779296875
936.1168212890625 745.221923828125 719.7181396484375 952.6428833007812
1017.6907348632812 879.3095703125 597.4384155273438 824.63427734375
958.422119140625 843.361328125 668.6253662109375 839.5657348632812
993.3182373046875 848.4363403320312 624.46630859375 849.1470947265625
955.3788452148438 889.0252685546875 664.9205322265625 796.1614990234375
973.4591064453125 778.5264892578125 659.815185546875 924.3175659179688
840.1858520507812 837.2908325195312 792.04248046875 806.8200073242188
996.1578369140625 879.4478759765625 622.3994750976562 818.35986328125
932.0205688476562 769.724365234375 715.8167114257812 915.5322875976562
883.6709594726562 967.9982299804688 716.606201171875 724.9956665039062
1062.2208251953125 833.802734375 542.6304931640625 891.75146484375
1023.3501586914062 746.0584106445312 593.9306030273438 1005.5208740234375
820.66845703125 866.5707397460938 798.86083984375 776.4844970703125
925.6918334960938 779.0496826171875 721.3295288085938 900.5428466796875
820.0733642578125 853.7673950195312 803.9676513671875 786.5936889648438
860.1143798828125 981.5316772460938 732.0534057617188 709.791259765625
1063.9000244140625 777.9104614257812 530.8641967773438 972.4044799804688
994.487060546875 873.3374633789062 624.913330078125 823.2084350585938
948.15087890625 752.3199462890625 700.783447265625 949.123779296875
817.2706298828125 1008.42724609375 758.1707763671875 689.6098022460938
836.81982421875 872.7671508789062 781.7791748046875 775.4557495117188
828.6398315429688 967.5933837890625 760.7523193359375 713.015869140625
948.15087890625 752.3199462890625 700.783447265625 949.123779296875
860.1143798828125 981.5316772460938 732.0534057617188 709.791259765625
334.8146667480469 795.404296875 1159.6346435546875 718.0814208984375
867.4234008789062 970.234619140625 728.2922973632812 717.6964721679688
867.4234008789062 970.234619140625 728.2922973632812 717.6964721679688
1081.88671875 841.2877197265625 516.3616943359375 890.3033447265625
957.3541259765625 751.2510986328125 687.8161010742188 954.8218994140625
835.2681884765625 990.7470703125 749.9194946289062 702.1151733398438
1039.4083251953125 742.6611938476562 566.5025024414062 1018.251953125
1062.8699951171875 773.8915405273438 533.7173461914062 979.8328857421875
840.1858520507812 837.2908325195312 792.04248046875 806.8200073242188
