1010.260986328125 858.357177734375 921.0672607421875 990.4199829101562
1017.6907348632812 879.3095703125 910.2651977539062 1016.6271362304688
1024.0770263671875 898.8095092773438 899.874755859375 1040.06298828125
1002.0704956054688 853.6715698242188 918.0963134765625 978.96728515625
984.9783935546875 875.909423828125 881.436279296875 990.055419921875
1075.3966064453125 852.1431884765625 997.9319458007812 1027.015869140625
988.9700927734375 886.7382202148438 876.9631958007812 1002.6553344726562
972.9549560546875 876.2067260742188 869.2384643554688 982.5770874023438
896.8950805664062 575.8116455078125 1046.29443359375 653.9043579101562
954.9986572265625 771.3218994140625 942.3827514648438 870.83251953125
1005.8905029296875 871.9054565429688 905.8241577148438 999.6866455078125
1081.88671875 841.2877197265625 1015.20751953125 1020.3178100585938
1063.9000244140625 777.9104614257812 1053.38916015625 942.4775390625
1039.9315185546875 766.7057495117188 1036.1878662109375 914.8236694335938
984.0714721679688 883.9933471679688 874.4376220703125 997.1544189453125
938.3902587890625 791.8718872070312 908.388916015625 881.0903930664062
1081.88671875 841.2877197265625 1015.20751953125 1020.3178100585938
1012.8233642578125 664.1893920898438 1097.918212890625 794.7424926757812
1029.58154296875 761.80859375 1029.2830810546875 901.52880859375
939.361083984375 756.3882446289062 938.4725341796875 846.0692138671875
915.4342041015625 780.2943115234375 896.888427734375 854.3097534179688
894.116943359375 655.0352172851562 979.29931640625 727.0419921875
986.92578125 786.3741455078125 960.6194458007812 903.50537109375
1072.229736328125 770.8392944335938 1068.95166015625 939.8858642578125
1053.2857666015625 774.2257690429688 1045.0443115234375 930.8328857421875
1023.3501586914062 746.0584106445312 1036.7333984375 881.325439453125
993.3182373046875 848.4363403320312 913.3944091796875 967.1437377929688
994.487060546875 873.3374633789062 893.497802734375 992.6318359375
1075.3966064453125 852.1431884765625 997.9319458007812 1027.015869140625
1110.60986328125 838.763916015625 1051.3907470703125 1038.1138916015625
1062.2208251953125 833.802734375 1000.0947875976562 998.08984375
949.779296875 879.5376586914062 844.93115234375 971.52197265625
946.2811889648438 758.2277221679688 943.9857177734375 852.0684814453125
926.3746948242188 787.7410278320312 899.8006591796875 869.0848388671875
1039.9315185546875 766.7057495117188 1036.1878662109375 914.8236694335938
966.3055419921875 855.2235107421875 881.182373046875 958.4013671875
939.4478149414062 871.086669921875 842.4202880859375 956.3757934570312
1018.6609497070312 652.4705200195312 1115.1339111328125 785.7763671875
1101.2685546875 840.1350708007812 1039.2181396484375 1031.971923828125
1064.0123291015625 732.4443969726562 1095.2423095703125 894.1061401367188
944.7297973632812 891.3846435546875 831.4420776367188 978.5965576171875
1049.255859375 764.3096923828125 1048.17578125 919.1412353515625
1049.255859375 764.3096923828125 1048.17578125 919.1412353515625
907.076171875 666.1853637695312 982.6945190429688 743.15185546875
1070.750244140625 747.5863647460938 1088.623291015625 913.7799682617188
924.1004638671875 674.23291015625 993.19921875 760.4656372070312
946.2811889648438 758.2277221679688 943.9857177734375 852.0684814453125
849.4335327148438 822.8268432617188 800.4146728515625 860.4912719726562
974.6142578125 844.8934936523438 897.7617797851562 952.774169921875
1081.6285400390625 871.0048217773438 987.8480834960938 1051.607421875
985.2305297851562 701.2462158203125 1036.6243896484375 818.6144409179688
907.076171875 666.1853637695312 982.6945190429688 743.15185546875
910.56005859375 595.8963012695312 1044.713134765625 678.871826171875
973.4591064453125 778.5264892578125 954.0603637695312 886.499267578125
1092.1015625 841.3621215820312 1027.054931640625 1027.4716796875
1081.6285400390625 871.0048217773438 987.8480834960938 1051.607421875
925.6918334960938 779.0496826171875 905.844970703125 860.1810913085938
1002.60205078125 643.7845458984375 1104.502197265625 768.8916625976562
1022.330810546875 668.44921875 1104.569091796875 804.0758056640625
1035.0482177734375 698.1517333984375 1096.9866943359375 843.6593627929688
841.814697265625 663.1532592773438 921.3067626953125 713.7119750976562
1002.735595703125 661.868896484375 1088.3377685546875 787.3735961914062
932.0205688476562 769.724365234375 920.324951171875 854.9728393554688
1008.1083374023438 655.2238159179688 1100.0582275390625 782.7864990234375
1028.559326171875 662.9349975585938 1117.0172119140625 801.8771362304688
426.82806396484375 596.4555053710938 662.8104858398438 521.8516845703125
898.5057983398438 662.9979858398438 977.924072265625 734.3334350585938
719.349609375 662.4773559570312 817.8414916992188 662.6368408203125
869.440185546875 998.4313354492188 679.2080078125 1032.6676025390625
913.4609375 604.60888671875 1041.1165771484375 688.583251953125
903.486572265625 653.6705932617188 989.3834838867188 730.1629028320312
948.15087890625 752.3199462890625 950.6476440429688 846.6136474609375
986.7669067382812 568.7671508789062 1151.738037109375 686.13818359375
948.15087890625 752.3199462890625 950.6476440429688 846.6136474609375
1060.2882080078125 742.7996215820312 1080.8685302734375 901.64501953125
1028.517333984375 740.2703247070312 1047.1053466796875 880.7305908203125
688.2006225585938 647.6842041015625 804.54248046875 638.90185546875
932.0205688476562 769.724365234375 920.324951171875 854.9728393554688
705.8857421875 599.82177734375 853.31396484375 605.8668823242188
884.3812866210938 598.4694213867188 1016.1434326171875 670.682861328125
832.2659301757812 655.803955078125 919.0770263671875 701.633056640625
1032.910888671875 655.1707153320312 1130.42529296875 797.5574951171875
1090.444091796875 833.4374389648438 1031.2379150390625 1017.6697387695312
1005.4536743164062 631.6224975585938 1117.7125244140625 757.5557861328125
1048.2530517578125 736.8632202148438 1072.344970703125 888.5999755859375
1108.5721435546875 856.697509765625 1031.66455078125 1056.9566650390625
794.037109375 579.3065185546875 944.902587890625 617.6009521484375
807.5576782226562 848.5453491210938 746.6868286132812 862.5444946289062
976.1632690429688 887.3637084960938 863.8659057617188 995.6519165039062
906.5130004882812 659.8754272460938 987.28955078125 737.07177734375
708.1622314453125 663.0297241210938 809.25390625 659.04736328125
931.79296875 655.288818359375 1016.8984985351562 744.2736206054688
1028.48291015625 640.3884887695312 1136.6868896484375 777.5668334960938
930.857666015625 707.5052490234375 975.0231323242188 795.5364379882812
678.177978515625 604.4848022460938 828.6056518554688 600.1111450195312
798.21142578125 869.7396850585938 721.8668823242188 878.0216674804688
810.238525390625 609.81494140625 936.7667846679688 651.6917114257812
812.1045532226562 594.2286376953125 948.046875 639.9053344726562
796.0321655273438 602.1865234375 929.0838012695312 638.9042358398438
1127.7860107421875 834.4988403320312 1075.7598876953125 1048.9178466796875
930.857666015625 707.5052490234375 975.0231323242188 795.5364379882812
968.698974609375 577.40283203125 1123.6796875 685.01171875
901.2447509765625 600.7577514648438 1031.8804931640625 680.5223388671875
911.6903686523438 639.831298828125 1008.6783447265625 720.9330444335938
786.1176147460938 600.17724609375 921.772216796875 633.5899658203125
451.97705078125 682.0314331054688 618.6610107421875 594.437744140625
709.1885986328125 675.874755859375 799.6293334960938 670.7250366210938
1092.3350830078125 868.5731201171875 1001.4465942382812 1058.0999755859375
921.5869750976562 657.3833618164062 1003.4003295898438 744.4049072265625
956.543212890625 857.2976684570312 868.750244140625 954.2262573242188
441.7322998046875 674.4009399414062 618.5787353515625 583.9852294921875
1092.3350830078125 868.5731201171875 1001.4465942382812 1058.0999755859375
479.57867431640625 612.3154296875 682.9937744140625 547.1004028320312
892.5636596679688 584.6976318359375 1035.8104248046875 660.7526245117188
1028.517333984375 740.2703247070312 1047.1053466796875 880.7305908203125
1102.2076416015625 847.0446166992188 1032.96044921875 1043.5491943359375
999.5654907226562 578.2699584960938 1158.4912109375 701.6433715820312
824.6521606445312 662.9488525390625 906.9746704101562 705.0660400390625
685.8106079101562 603.1105346679688 835.9098510742188 602.1444091796875
794.724853515625 665.1317138671875 879.0039672851562 694.4019165039062
461.1731262207031 601.3896484375 678.8477172851562 535.2034301757812
584.2048950195312 595.5440673828125 765.8292846679688 565.2297973632812
698.6939086914062 663.7362060546875 800.6968383789062 656.7203369140625
