69.48381042480469
74.1687240600586
76.35443878173828
78.98734283447266
83.05419921875
86.31338500976562
89.14033508300781
90.23857116699219
94.65727996826172
97.77525329589844
98.5393295288086
98.61541748046875
98.72689819335938
100.0849609375
101.32127380371094
101.395263671875
101.80864715576172
103.65808868408203
103.98076629638672
105.6503677368164
107.72650909423828
108.25894927978516
110.57576751708984
111.05403900146484
111.14405059814453
112.32096862792969
112.41441345214844
113.06635284423828
114.00877380371094
114.20157623291016
114.43338775634766
114.45523071289062
114.52947235107422
115.11299133300781
115.25189971923828
115.7540512084961
116.26263427734375
116.73902893066406
117.0213623046875
117.14947509765625
117.36268615722656
117.56275177001953
118.20321655273438
119.1679458618164
119.39430236816406
119.67037963867188
120.69796752929688
121.88519287109375
122.66621398925781
123.04876708984375
123.35720825195312
123.37747192382812
123.47469329833984
123.55970001220703
124.65552520751953
125.12793731689453
125.21981048583984
125.26771545410156
125.98412322998047
126.54248046875
126.57013702392578
126.79116821289062
126.9724349975586
128.40171813964844
128.46011352539062
128.47567749023438
129.40634155273438
129.65338134765625
130.59861755371094
130.78225708007812
131.10301208496094
131.52186584472656
132.27622985839844
132.4122314453125
132.55941772460938
133.07516479492188
133.4053955078125
133.40914916992188
133.5327606201172
133.89175415039062
134.95184326171875
136.29379272460938
136.7881622314453
136.92333984375
137.065673828125
137.47000122070312
139.27670288085938
139.7211456298828
139.892822265625
140.03570556640625
140.3068084716797
140.80128479003906
141.67568969726562
142.43243408203125
143.14328002929688
143.58273315429688
143.58969116210938
144.51296997070312
145.01724243164062
145.19297790527344
145.5094451904297
145.83895874023438
146.30105590820312
146.4615936279297
146.5025634765625
146.58103942871094
146.78555297851562
146.97279357910156
147.3702850341797
147.49575805664062
147.5635528564453
147.5669403076172
148.38800048828125
148.53282165527344
149.3385467529297
149.85659790039062
149.93666076660156
150.38616943359375
150.48919677734375
150.68177795410156
151.76626586914062
152.9051971435547
153.29710388183594
154.259521484375
154.55743408203125
154.57037353515625
155.1160888671875
155.17410278320312
155.18698120117188
155.54098510742188
155.80116271972656
156.336181640625
156.9777069091797
157.31497192382812
157.86703491210938
158.32876586914062
158.48974609375
158.71043395996094
158.83009338378906
158.9779815673828
159.81552124023438
160.377685546875
161.30096435546875
161.4403839111328
161.44967651367188
161.48065185546875
162.7451934814453
163.3646240234375
163.4380645751953
163.60012817382812
164.1432342529297
164.3289337158203
165.0605926513672
165.08482360839844
165.4599609375
165.81918334960938
166.35203552246094
166.94610595703125
167.0
167.98214721679688
168.46067810058594
168.47848510742188
169.2276611328125
169.9235076904297
170.05880737304688
170.6048126220703
170.8712921142578
171.86331176757812
172.00291442871094
172.090087890625
172.29916381835938
172.4934844970703
172.7744140625
173.05490112304688
173.17620849609375
173.23394775390625
173.24838256835938
173.45028686523438
173.8159942626953
174.81419372558594
176.30654907226562
176.41429138183594
176.82760620117188
178.21334838867188
178.30592346191406
178.56651306152344
178.7036590576172
179.04190063476562
179.13682556152344
179.15914916992188
179.95555114746094
180.77334594726562
180.78163146972656
180.9779052734375
181.344970703125
181.73057556152344
182.24159240722656
183.66818237304688
183.9483642578125
184.82423400878906
185.03512573242188
185.1890869140625
186.2981414794922
186.32498168945312
187.26718139648438
187.93350219726562
187.96009826660156
188.9100341796875
188.91796875
189.28814697265625
189.74192810058594
190.27085876464844
190.41270446777344
190.71707153320312
190.76162719726562
191.03402709960938
191.32171630859375
191.6220245361328
191.84889221191406
192.08071899414062
192.39022827148438
193.5458526611328
193.5665283203125
193.79885864257812
193.88914489746094
194.23439025878906
194.2472686767578
194.83583068847656
196.87559509277344
199.23855590820312
199.35646057128906
199.38404846191406
201.36036682128906
201.6506805419922
202.11135864257812
202.11630249023438
202.15341186523438
202.2176971435547
203.88722229003906
204.58982849121094
204.6044921875
205.03414916992188
206.3468017578125
206.9927520751953
207.25828552246094
208.4202423095703
208.82049560546875
209.6568603515625
210.79136657714844
212.02830505371094
212.03536987304688
214.16348266601562
214.20083618164062
215.04417419433594
220.03636169433594
220.50396728515625
221.3007049560547
226.9823760986328
227.60491943359375
227.84423828125
228.25205993652344
229.10696411132812
230.8636016845703
230.9134063720703
242.26844787597656
247.58433532714844
265.11883544921875
