847.2848510742188 747.736328125 921.7321166992188 699.03662109375
861.9871826171875 724.6293334960938 906.7076416015625 713.2201538085938
869.96435546875 733.6422729492188 903.3713989257812 704.9871826171875
864.3615112304688 730.9776000976562 906.7568969726562 707.8939819335938
861.9871826171875 724.6293334960938 906.7076416015625 713.2201538085938
881.7622680664062 730.5970458984375 894.1790771484375 705.0186767578125
767.9232177734375 704.9234008789062 980.9505004882812 749.8241577148438
887.9534301757812 732.6657104492188 889.5175170898438 702.3964233398438
879.6608276367188 754.2566528320312 900.5759887695312 689.8247680664062
842.8646240234375 813.9046020507812 933.1890869140625 663.99951171875
868.9392700195312 747.900390625 907.00732421875 695.2962646484375
801.7488403320312 801.310791015625 957.5367431640625 675.2716674804688
775.6641235351562 730.606201171875 973.3442993164062 725.2049560546875
828.7014770507812 805.7763061523438 940.9979248046875 669.4205932617188
777.9186401367188 710.1775512695312 972.4515991210938 742.0037231445312
882.1974487304688 740.6229858398438 896.01123046875 697.6140747070312
