683.3416137695312 458.5860900878906 1621.310546875 569.1741943359375
674.1856079101562 448.93109130859375 1619.1368408203125 552.0960083007812
690.3395385742188 457.9443054199219 1632.71142578125 575.6578369140625
691.9151000976562 467.9820556640625 1623.8521728515625 587.1627807617188
695.6904296875 453.3463134765625 1645.6558837890625 577.1798095703125
727.4534912109375 454.1202087402344 1690.7391357421875 610.053466796875
687.3438720703125 498.9141540527344 1585.31787109375 610.3109741210938
704.76806640625 473.2493591308594 1635.001220703125 603.515625
686.3954467773438 493.8514099121094 1588.9710693359375 605.343994140625
719.3772583007812 481.0404357910156 1646.90625 627.7892456054688
681.4066772460938 486.3809814453125 1589.861328125 593.588623046875
660.00390625 438.2541198730469 1608.98291015625 528.3553466796875
674.2944946289062 507.60528564453125 1561.728759765625 606.1141357421875
719.225830078125 494.9307556152344 1633.2353515625 639.6019287109375
668.0167846679688 488.886474609375 1570.49169921875 583.0645751953125
727.4534912109375 454.1202087402344 1690.7391357421875 610.053466796875
711.368896484375 487.96844482421875 1628.2589111328125 624.3460083007812
706.5930786132812 468.8619079589844 1642.719970703125 601.8169555664062
