64.44377136230469
65.48281860351562
81.00617218017578
84.62268829345703
91.3564453125
92.33634185791016
95.33100128173828
97.48846435546875
99.14131164550781
102.27413940429688
102.97087097167969
108.37896728515625
115.58546447753906
119.09239959716797
119.674560546875
120.39933776855469
120.65238952636719
122.95934295654297
123.61634063720703
125.97222137451172
128.15615844726562
134.46560668945312
134.89625549316406
135.48431396484375
136.52471923828125
148.7010498046875
151.1456298828125
152.02630615234375
155.29971313476562
156.275390625
159.2702178955078
159.7654571533203
165.79806518554688
167.97023010253906
172.13656616210938
173.2108612060547
174.5451202392578
180.0888671875
181.81309509277344
186.0537567138672
186.2552032470703
186.68154907226562
190.64102172851562
194.04638671875
194.4659423828125
198.41371154785156
198.90701293945312
204.43824768066406
228.70068359375
234.7317657470703
248.66041564941406
278.8404541015625
