82.76472473144531
129.6803741455078
130.33802795410156
131.0648651123047
133.214111328125
133.60763549804688
139.3843536376953
139.60658264160156
144.7169647216797
148.8992919921875
149.16769409179688
149.21461486816406
162.9907989501953
173.48199462890625
175.2113037109375
176.3349151611328
178.92176818847656
180.79547119140625
181.95054626464844
182.4746551513672
182.62530517578125
183.74166870117188
193.9922637939453
195.77027893066406
210.24984741210938
210.5160369873047
227.29275512695312
232.57257080078125
