89.73851013183594
99.40824890136719
100.11992645263672
104.163330078125
106.6208267211914
109.60382843017578
109.60382843017578
110.04998779296875
112.06248474121094
114.33721923828125
117.73274993896484
121.05370330810547
121.07435607910156
125.89281463623047
127.58918762207031
127.9921875
129.02325439453125
132.7478790283203
135.16656494140625
136.33047485351562
136.98175048828125
140.8119354248047
142.9405517578125
143.11184692382812
144.7825927734375
149.2112579345703
149.2849578857422
153.36231994628906
155.57313537597656
158.3256072998047
160.8850555419922
161.0714111328125
162.6068878173828
170.96783447265625
172.1278533935547
176.96044921875
179.52993774414062
181.16290283203125
183.4011993408203
184.3312225341797
184.9729766845703
186.879638671875
190.8009490966797
192.32264709472656
192.4681854248047
194.94100952148438
195.16915893554688
200.25233459472656
210.216552734375
210.959716796875
223.28680419921875
227.67959594726562
233.02789306640625
