927.9183349609375 772.4790649414062 765.6878051757812 1019.2298583984375
957.4680786132812 834.7529296875 658.2176513671875 1020.61083984375
958.4270629882812 844.9903564453125 644.0604248046875 1015.7741088867188
958.4270629882812 844.9903564453125 644.0604248046875 1015.7741088867188
925.718017578125 835.82373046875 676.5581665039062 979.9205322265625
923.017333984375 860.7150268554688 645.4213256835938 963.9601440429688
918.5413208007812 777.6857299804688 761.2461547851562 1003.1503295898438
937.658203125 765.2521362304688 772.3693237304688 1037.6783447265625
923.017333984375 860.7150268554688 645.4213256835938 963.9601440429688
925.421630859375 870.741455078125 631.5037231445312 961.8544921875
920.01513671875 763.0039672851562 784.9185791015625 1014.6187744140625
978.2365112304688 875.8106079101562 590.9013061523438 1023.1312866210938
946.0999145507812 775.8050537109375 751.1193237304688 1042.354736328125
854.5768432617188 782.95654296875 785.3704223632812 922.2818603515625
932.1260986328125 861.6140747070312 639.3381958007812 974.537353515625
946.5545043945312 862.8463745117188 628.2708740234375 991.1030883789062
938.8958740234375 779.0043334960938 749.1920166015625 1029.90478515625
937.658203125 765.2521362304688 772.3693237304688 1037.6783447265625
980.095703125 885.8161010742188 576.2369995117188 1021.167236328125
959.1997680664062 875.6141967773438 604.0208129882812 999.7377319335938
932.1260986328125 861.6140747070312 639.3381958007812 974.537353515625
926.3673095703125 851.3928833007812 654.8491821289062 972.2321166992188
933.703369140625 849.9959716796875 652.44775390625 982.080078125
946.0999145507812 775.8050537109375 751.1193237304688 1042.354736328125
990.3255615234375 895.3375244140625 558.5442504882812 1028.264404296875
968.9578857421875 884.826171875 586.7216796875 1006.2645263671875
980.095703125 885.8161010742188 576.2369995117188 1021.167236328125
854.5768432617188 782.95654296875 785.3704223632812 922.2818603515625
825.859375 949.9157104492188 601.2724609375 837.3715209960938
929.769287109375 764.6243286132812 777.4231567382812 1026.4935302734375
845.1309814453125 788.517333984375 780.4203491210938 907.9601440429688
852.6132202148438 798.046875 764.6842651367188 913.873779296875
956.941162109375 1022.2162475585938 453.87567138671875 930.1272583007812
828.0322265625 822.9391479492188 741.4409790039062 878.3355712890625
923.2998657226562 880.9859619140625 620.41650390625 954.6148071289062
822.5271606445312 811.8607788085938 755.9414672851562 876.0741577148438
929.769287109375 764.6243286132812 777.4231567382812 1026.4935302734375
969.1312255859375 989.9485473632812 472.2845458984375 955.7350463867188
830.7112426757812 904.1853637695312 646.0802612304688 854.1942138671875
923.2998657226562 880.9859619140625 620.41650390625 954.6148071289062
968.5745849609375 864.4152221679688 611.7290649414062 1017.6770629882812
942.6201171875 1010.03125 471.6392822265625 922.7869262695312
693.0712280273438 891.043212890625 722.196044921875 752.8971557617188
969.3652954101562 973.4100341796875 488.36041259765625 963.59130859375
780.0863647460938 902.9093017578125 671.83642578125 813.6354370117188
812.55029296875 948.3576049804688 608.8526000976562 826.3287353515625
942.6201171875 1010.03125 471.6392822265625 922.7869262695312
777.1666259765625 921.4852294921875 654.505859375 806.3859252929688
944.3212280273438 984.825439453125 495.1788330078125 932.76611328125
969.4583129882812 1026.36865234375 438.1150207519531 942.3343505859375
946.9799194335938 757.1235961914062 781.6746826171875 1056.373291015625
818.2073364257812 829.4093627929688 735.848876953125 866.009033203125
785.8945922851562 799.2957763671875 786.7896118164062 846.2352905273438
809.0010986328125 930.16650390625 627.6155395507812 828.1323852539062
766.47705078125 922.757080078125 657.4138793945312 797.6544799804688
982.0582885742188 988.8257446289062 462.57794189453125 969.4828491210938
954.3229370117188 997.1448974609375 478.34185791015625 939.66455078125
982.0582885742188 988.8257446289062 462.57794189453125 969.4828491210938
1071.980712890625 1034.1859130859375 345.45745849609375 1052.0794677734375
816.4715576171875 914.372802734375 641.9532470703125 840.1017456054688
927.889404296875 992.29052734375 500.1332092285156 914.2966918945312
944.3212280273438 984.825439453125 495.1788330078125 932.76611328125
656.9564819335938 904.9065551757812 719.228759765625 726.4614868164062
969.0799560546875 1010.8089599609375 453.8744201660156 948.276123046875
831.5809326171875 814.016845703125 751.2654418945312 884.2540283203125
944.3212280273438 984.825439453125 495.1788330078125 932.76611328125
809.9530639648438 798.5133056640625 784.0247192382812 870.2748413085938
805.4476318359375 821.697265625 752.9111328125 857.4222412109375
982.459716796875 1011.8677978515625 443.6629943847656 961.7888793945312
822.1240844726562 789.72705078125 788.5975952148438 885.5090942382812
