81.69454956054688
81.8657455444336
88.78063201904297
90.42123413085938
90.7303695678711
91.54779815673828
91.67878723144531
95.67131042480469
100.87615966796875
104.65180206298828
110.89183807373047
112.80071258544922
115.40797424316406
117.5074462890625
118.89911651611328
119.43617248535156
122.91053771972656
123.94757080078125
124.84790802001953
126.98031616210938
130.52969360351562
134.57711791992188
141.0531768798828
142.67796325683594
144.61672973632812
145.32720947265625
151.8749542236328
154.25303649902344
160.18426513671875
161.52398681640625
162.8404083251953
163.65512084960938
168.46363830566406
168.70388793945312
170.42300415039062
200.7784881591797
216.36080932617188
