916.2680053710938 766.0281372070312 625.4454956054688 947.4468383789062
916.2680053710938 766.0281372070312 625.4454956054688 947.4468383789062
914.9403686523438 805.9727783203125 606.3285522460938 899.2125244140625
937.0162963867188 760.9515991210938 599.584228515625 968.7630615234375
898.8841552734375 785.5487060546875 636.24267578125 913.329345703125
879.498046875 850.8450317382812 627.9849243164062 836.1232299804688
920.4011840820312 868.5341186523438 577.7453002929688 840.2991333007812
911.218017578125 776.0494384765625 626.4909057617188 931.8458251953125
805.789794921875 821.0641479492188 716.8775024414062 829.2988891601562
801.6041870117188 861.1387939453125 698.1033935546875 798.5219116210938
916.9915161132812 791.078125 611.4144897460938 917.1744384765625
947.3255004882812 763.4214477539062 584.7450561523438 973.3463134765625
795.070556640625 849.8402099609375 710.4356689453125 802.7393798828125
941.1091918945312 777.1687622070312 586.7140502929688 949.710205078125
801.6041870117188 861.1387939453125 698.1033935546875 798.5219116210938
920.5256958007812 782.7757568359375 610.9819946289062 928.8202514648438
812.9674072265625 803.2301025390625 720.6162719726562 847.92529296875
900.6784057617188 797.6851806640625 630.2305297851562 901.5611572265625
962.8511962890625 799.9896240234375 548.5687255859375 933.9609375
946.1401977539062 771.7887573242188 583.5328979492188 960.5658569335938
905.7340698242188 860.4890747070312 597.2164916992188 839.8609619140625
946.1401977539062 771.7887573242188 583.5328979492188 960.5658569335938
957.8739624023438 805.4151611328125 552.3193969726562 925.98486328125
937.6721801757812 906.2882690429688 545.8926391601562 817.4027099609375
919.01513671875 879.7544555664062 574.4161376953125 830.8451538085938
866.0629272460938 899.8812866210938 622.1865844726562 794.0174560546875
941.1091918945312 777.1687622070312 586.7140502929688 949.710205078125
937.6721801757812 906.2882690429688 545.8926391601562 817.4027099609375
949.4388427734375 896.2559814453125 535.5592651367188 829.4533081054688
792.1468505859375 828.3764038085938 725.0901489257812 816.8272705078125
894.4332885742188 886.2650146484375 599.1796875 814.0094604492188
824.0155029296875 798.468994140625 712.8328247070312 858.8463745117188
929.2614135742188 782.9916381835938 599.5958862304688 933.1959838867188
882.7547607421875 881.9583129882812 611.318359375 813.619873046875
876.678466796875 902.8821411132812 609.4365234375 796.0364990234375
1053.619140625 838.5110473632812 409.6466064453125 946.8359985351562
943.88330078125 793.03955078125 573.4813232421875 933.6971435546875
