1062.129150390625 635.17333984375 1189.6546630859375 1037.4857177734375
923.9322509765625 803.1310424804688 813.3966064453125 1052.6387939453125
893.4512939453125 801.7980346679688 791.7974853515625 1020.4087524414062
893.4512939453125 801.7980346679688 791.7974853515625 1020.4087524414062
929.2614135742188 782.9916381835938 842.87109375 1038.05712890625
1004.0283813476562 622.8475341796875 1138.028076171875 958.1742553710938
991.778076171875 593.184326171875 1167.971923828125 914.9417724609375
727.3128662109375 814.139404296875 676.4058227539062 886.88916015625
985.2029418945312 588.9149780273438 1166.607666015625 903.1998901367188
881.926513671875 637.423828125 994.5411376953125 855.2804565429688
920.5256958007812 782.7757568359375 836.7976684570312 1028.909423828125
768.6088256835938 607.8756103515625 938.5908813476562 744.1162719726562
904.5499877929688 599.2518920898438 1064.4879150390625 839.8907470703125
904.5499877929688 599.2518920898438 1064.4879150390625 839.8907470703125
788.2369384765625 613.0350952148438 946.8967895507812 760.9107055664062
896.14892578125 638.40771484375 1007.0211181640625 866.8675537109375
896.14892578125 638.40771484375 1007.0211181640625 866.8675537109375
640.4678955078125 512.6372680664062 952.8228149414062 590.5670166015625
920.5256958007812 782.7757568359375 836.7976684570312 1028.909423828125
985.54345703125 662.6212768554688 1061.408203125 978.5772705078125
1008.121826171875 599.6693115234375 1175.941650390625 936.2380981445312
975.218505859375 600.2513427734375 1138.5457763671875 905.6160278320312
971.9375 656.3192138671875 1055.1322021484375 956.174072265625
1072.1551513671875 629.0159301757812 1211.8232421875 1043.5208740234375
714.9164428710938 533.5187377929688 983.6942749023438 647.0779418945312
614.4763793945312 514.4739379882812 931.2857666015625 579.3671264648438
975.8020629882812 592.3182373046875 1150.775146484375 899.0660400390625
881.9869384765625 591.118408203125 1054.7664794921875 812.6896362304688
916.2449340820312 799.4287719726562 811.7327270507812 1040.2520751953125
839.7992553710938 754.1534423828125 814.0599365234375 926.8008422851562
405.3979187011719 302.79119873046875 997.22705078125 351.7351379394531
967.9766235351562 610.8078002929688 1115.1588134765625 909.42236328125
788.2369384765625 613.0350952148438 946.8967895507812 760.9107055664062
985.54345703125 662.6212768554688 1061.408203125 978.5772705078125
946.6085815429688 665.450439453125 1018.8024291992188 941.5265502929688
824.0155029296875 798.468994140625 750.8841552734375 949.9711303710938
908.744384765625 789.2119140625 820.2849731445312 1023.75732421875
1072.1551513671875 629.0159301757812 1211.8232421875 1043.5208740234375
941.1091918945312 777.1687622070312 860.6477661132812 1044.822265625
1003.5293579101562 617.1421508789062 1146.1697998046875 951.5901489257812
1083.5157470703125 618.4163208007812 1245.14501953125 1043.91796875
762.6943359375 603.7271728515625 939.0697631835938 735.4380493164062
888.8816528320312 593.0328979492188 1059.402099609375 820.9860229492188
866.7569580078125 639.1296997070312 980.2843017578125 843.25390625
761.4873046875 812.6182861328125 698.476318359375 911.4683227539062
966.6690673828125 668.5365600585938 1032.25048828125 964.7704467773438
1083.5157470703125 618.4163208007812 1245.14501953125 1043.91796875
805.789794921875 821.0641479492188 712.07373046875 955.9853515625
773.9483032226562 808.0872192382812 710.8021850585938 917.1862182617188
829.6392822265625 753.3209228515625 807.2357177734375 914.6587524414062
1090.6416015625 610.85888671875 1264.9586181640625 1044.4976806640625
865.8883056640625 651.0845947265625 962.2254028320312 855.68310546875
906.05322265625 590.8902587890625 1078.5975341796875 833.2877807617188
776.0033569335938 616.7533569335938 932.80810546875 756.9905395507812
891.0560913085938 587.737060546875 1068.2181396484375 817.4384155273438
972.5599975585938 606.3959350585938 1127.789794921875 908.8684692382812
761.4873046875 812.6182861328125 698.476318359375 911.4683227539062
891.0560913085938 587.737060546875 1068.2181396484375 817.4384155273438
972.5599975585938 606.3959350585938 1127.789794921875 908.8684692382812
1065.1212158203125 613.6270141601562 1230.49169921875 1017.1984252929688
857.5960083007812 647.9595947265625 957.841552734375 846.3131103515625
857.5960083007812 647.9595947265625 957.841552734375 846.3131103515625
873.9212036132812 587.0169067382812 1051.9110107421875 804.20361328125
744.0961303710938 620.2459716796875 903.4470825195312 738.5553588867188
792.1468505859375 828.3764038085938 694.4137573242188 950.3568115234375
956.1305541992188 774.3538208007812 876.6591796875 1057.5872802734375
778.0787963867188 629.6024169921875 919.6636962890625 769.172607421875
787.4865112304688 561.9655151367188 1007.8812866210938 717.1452026367188
788.3207397460938 787.96728515625 739.7742919921875 913.474365234375
