1104.362548828125 711.2178344726562 1175.995361328125 1029.974853515625
1058.69287109375 695.5126342773438 1137.8563232421875 971.6990966796875
842.2562866210938 811.1565551757812 814.0599365234375 926.8008422851562
971.7196044921875 626.9098510742188 1111.423828125 828.7388916015625
955.2615966796875 658.9323120117188 1060.8221435546875 851.78759765625
917.18603515625 688.5588989257812 994.5411376953125 855.2804565429688
998.8497924804688 673.6061401367188 1092.707763671875 899.8117065429688
1062.267333984375 663.0696411132812 1175.941650390625 936.2380981445312
859.9342041015625 621.857666015625 1003.0895385742188 751.7749633789062
876.3492431640625 600.1034545898438 1040.3050537109375 739.137451171875
907.9894409179688 637.9125366210938 1035.03662109375 798.4849853515625
544.230224609375 938.1676025390625 514.5236206054688 859.4030151367188
955.2615966796875 658.9323120117188 1060.8221435546875 851.78759765625
839.585205078125 801.4188232421875 819.5040283203125 915.3598022460938
921.772216796875 633.5899658203125 1051.9110107421875 804.20361328125
1022.3823852539062 729.892822265625 1061.408203125 978.5772705078125
1016.1434326171875 670.682861328125 1115.1588134765625 909.42236328125
883.7899780273438 591.1495361328125 1056.1781005859375 734.8428344726562
883.7899780273438 591.1495361328125 1056.1781005859375 734.8428344726562
1040.236572265625 648.4999389648438 1166.607666015625 903.1998901367188
1046.29443359375 653.9043579101562 1167.971923828125 914.9417724609375
929.0838012695312 638.9042358398438 1054.7664794921875 812.6896362304688
1008.6783447265625 720.9330444335938 1055.1322021484375 956.174072265625
979.29931640625 727.0419921875 1018.8024291992188 941.5265502929688
927.7191162109375 705.3466796875 990.6281127929688 879.4164428710938
951.1468505859375 650.2427978515625 1064.4879150390625 839.8907470703125
835.18017578125 575.7802734375 1023.493896484375 692.673828125
842.2562866210938 811.1565551757812 814.0599365234375 926.8008422851562
932.1350708007812 645.9208374023438 1050.9732666015625 822.632568359375
804.54248046875 638.90185546875 939.0697631835938 735.4380493164062
1022.3823852539062 729.892822265625 1061.408203125 978.5772705078125
817.8414916992188 662.6368408203125 928.4346923828125 766.5889892578125
695.9486694335938 528.4035034179688 945.038818359375 580.2561645507812
896.5991821289062 702.1098022460938 962.2254028320312 855.68310546875
576.3273315429688 940.45458984375 530.2260131835938 878.4212036132812
810.9339599609375 602.3793334960938 976.80810546875 706.1177978515625
939.9689331054688 636.51904296875 1068.2181396484375 817.4384155273438
576.3273315429688 940.45458984375 530.2260131835938 878.4212036132812
921.772216796875 633.5899658203125 1051.9110107421875 804.20361328125
775.7193603515625 561.2578735351562 983.6942749023438 647.0779418945312
989.3834838867188 730.1629028320312 1025.305419921875 952.5155029296875
828.6056518554688 600.1111450195312 995.2927856445312 712.6212768554688
1067.554443359375 673.8289794921875 1170.3662109375 955.243408203125
929.0838012695312 638.9042358398438 1054.7664794921875 812.6896362304688
705.841064453125 634.4375 862.8137817382812 680.0682373046875
994.5992431640625 739.89208984375 1020.7554321289062 966.7833251953125
746.6868286132812 862.5444946289062 698.476318359375 911.4683227539062
709.9871215820312 533.1507568359375 952.8228149414062 590.5670166015625
987.28955078125 737.07177734375 1016.247314453125 958.39794921875
791.5516357421875 667.1173095703125 902.8724365234375 755.8052368164062
939.9689331054688 636.51904296875 1068.2181396484375 817.4384155273438
810.9339599609375 602.3793334960938 976.80810546875 706.1177978515625
874.760009765625 689.1686401367188 954.3792114257812 827.841064453125
1127.1776123046875 704.2492065429688 1211.8232421875 1043.5208740234375
868.7346801757812 693.7889404296875 944.8351440429688 829.1336059570312
909.57373046875 849.4395751953125 831.1864013671875 1015.569580078125
705.841064453125 634.4375 862.8137817382812 680.0682373046875
1012.445556640625 753.8914184570312 1024.0675048828125 996.197021484375
678.1202392578125 630.064208984375 844.1624145507812 663.5969848632812
893.2671508789062 687.8367919921875 972.7015380859375 839.0062866210938
789.8798828125 562.7199096679688 996.123779296875 655.5648803710938
984.7344970703125 720.574951171875 1031.091796875 939.2049560546875
1062.3291015625 686.35400390625 1152.574951171875 963.61474609375
594.5590209960938 926.0787353515625 552.5797729492188 876.4708251953125
566.1432495117188 952.0113525390625 514.5733642578125 883.1596069335938
861.6080932617188 595.1437377929688 1029.2774658203125 726.3419799804688
954.42236328125 629.2575073242188 1090.463623046875 819.8751831054688
812.6226806640625 667.8048095703125 919.6636962890625 769.172607421875
1039.15283203125 656.794677734375 1155.8291015625 911.7681884765625
962.2415161132812 645.6107788085938 1081.381591796875 842.48974609375
984.7344970703125 720.574951171875 1031.091796875 939.2049560546875
802.9635620117188 874.264892578125 727.9044799804688 960.6474609375
896.5991821289062 702.1098022460938 962.2254028320312 855.68310546875
823.7453002929688 585.2067260742188 1004.3070678710938 696.53125
921.3067626953125 713.7119750976562 973.664306640625 884.1918334960938
1127.1776123046875 704.2492065429688 1211.8232421875 1043.5208740234375
987.28955078125 737.07177734375 1016.247314453125 958.39794921875
889.2422485351562 697.289306640625 957.841552734375 846.3131103515625
870.0433349609375 596.4261474609375 1037.717041015625 732.8453369140625
780.937255859375 654.8492431640625 903.4470825195312 738.5553588867188
943.4806518554688 649.39794921875 1058.5870361328125 832.9354248046875
812.6226806640625 667.8048095703125 919.6636962890625 769.172607421875
313.8189697265625 1030.1505126953125 344.4191589355469 816.042724609375
548.1458129882812 975.0872802734375 489.039306640625 891.5147094726562
786.80615234375 672.8970336914062 893.5640258789062 758.566162109375
742.4204711914062 576.2671508789062 941.0652465820312 644.6145629882812
840.3245849609375 597.9883422851562 1007.8812866210938 717.1452026367188
944.902587890625 617.6009521484375 1092.8555908203125 801.4055786132812
889.2422485351562 697.289306640625 957.841552734375 846.3131103515625
706.988525390625 615.2301635742188 880.1907348632812 663.4293823242188
780.937255859375 654.8492431640625 903.4470825195312 738.5553588867188
487.2117004394531 631.5040893554688 716.3087158203125 583.742919921875
924.9209594726562 625.4801025390625 1063.159423828125 796.4115600585938
584.7807006835938 586.12744140625 815.6041870117188 583.9194946289062
814.5530395507812 654.727783203125 932.80810546875 756.9905395507812
880.6199951171875 711.2933959960938 938.4734497070312 854.6356201171875
831.8475341796875 808.076171875 807.2357177734375 914.6587524414062
772.4365844726562 885.3225708007812 694.4137573242188 950.3568115234375
1123.6796875 685.01171875 1230.49169921875 1017.1984252929688
1053.706298828125 681.9122924804688 1146.1697998046875 951.5901489257812
821.0955200195312 656.46533203125 937.2972412109375 762.9222412109375
544.230224609375 938.1676025390625 514.5236206054688 859.4030151367188
1151.738037109375 686.13818359375 1264.9586181640625 1044.4976806640625
994.5992431640625 739.89208984375 1020.7554321289062 966.7833251953125
1045.1527099609375 659.9026489257812 1159.8197021484375 920.3900756835938
765.3108520507812 895.1649169921875 681.4437255859375 954.2715454101562
793.1636352539062 653.2882690429688 916.0953369140625 743.4959106445312
585.336669921875 578.2144165039062 821.4263916015625 578.2674560546875
760.180419921875 858.537109375 710.8021850585938 917.1862182617188
1026.2705078125 659.6288452148438 1138.5457763671875 905.6160278320312
906.9746704101562 705.0660400390625 967.2351684570312 866.8427734375
847.9718017578125 601.575439453125 1010.5223388671875 725.047119140625
814.5530395507812 654.727783203125 932.80810546875 756.9905395507812
552.6981201171875 931.6847534179688 523.6701049804688 858.0911865234375
1123.6796875 685.01171875 1230.49169921875 1017.1984252929688
813.5523071289062 855.992919921875 750.8841552734375 949.9711303710938
936.7667846679688 651.6917114257812 1049.7471923828125 830.8162841796875
800.4146728515625 860.4912719726562 736.479736328125 945.121337890625
627.3059692382812 575.6641235351562 854.0778198242188 592.6156616210938
999.7953491210938 733.9268188476562 1032.25048828125 964.7704467773438
831.8084106445312 583.30419921875 1013.7269287109375 698.5318603515625
604.6471557617188 598.2877807617188 818.9113159179688 602.3875122070312
829.9557495117188 588.590576171875 1006.814697265625 701.9591064453125
649.7562255859375 548.5809326171875 891.8385620117188 579.2542724609375
470.5177917480469 956.1181640625 462.40826416015625 835.9855346679688
662.8448486328125 548.6858520507812 900.8823852539062 584.8346557617188
671.8309326171875 542.0139770507812 915.5883178710938 582.6458740234375
663.774169921875 532.65234375 916.02490234375 570.6686401367188
595.0751342773438 584.601806640625 823.9967651367188 586.566650390625
794.4130859375 676.3313598632812 896.60302734375 766.9379272460938
776.140625 853.6529541015625 726.1104125976562 922.8423461914062
690.5286865234375 602.898681640625 878.8462524414062 644.325927734375
793.1636352539062 653.2882690429688 916.0953369140625 743.4959106445312
969.5339965820312 683.5264892578125 1056.36962890625 887.5240478515625
760.180419921875 858.537109375 710.8021850585938 917.1862182617188
847.9887084960938 588.518798828125 1023.4497680664062 712.593994140625
690.5286865234375 602.898681640625 878.8462524414062 644.325927734375
835.7694702148438 798.4608764648438 818.8433837890625 909.785888671875
606.562255859375 579.6640014648438 835.2205810546875 588.669677734375
692.0736694335938 623.6419067382812 860.6282958984375 664.1869506835938
760.8172607421875 569.7504272460938 961.1890258789062 647.3052978515625
760.8172607421875 569.7504272460938 961.1890258789062 647.3052978515625
522.0438232421875 947.9572143554688 495.453369140625 855.2750854492188
891.873779296875 709.9436645507812 950.421630859375 860.1344604492188
780.0529174804688 839.942138671875 739.7742919921875 913.474365234375
750.9513549804688 875.621826171875 688.3806762695312 927.2388305664062
692.0736694335938 623.6419067382812 860.6282958984375 664.1869506835938
911.8859252929688 695.6146240234375 984.1112060546875 858.6061401367188
605.4454956054688 587.15869140625 829.1256103515625 593.7660522460938
618.5787353515625 583.9852294921875 839.543212890625 595.821533203125
