44.92215347290039
50.8428955078125
51.03919982910156
51.759056091308594
53.61902618408203
55.50675582885742
55.71355438232422
55.81218338012695
56.19608688354492
59.514705657958984
59.74947738647461
60.074954986572266
60.69596481323242
62.417945861816406
62.88084030151367
64.7688217163086
65.91661071777344
66.12110137939453
66.17401123046875
68.69497680664062
68.7677230834961
68.97100830078125
69.0941390991211
69.30368041992188
70.84490203857422
71.21095275878906
71.63099670410156
71.91661834716797
72.84915924072266
72.92462158203125
73.74957275390625
73.93240356445312
74.81978607177734
75.11990356445312
75.69676208496094
75.95393371582031
75.96709442138672
76.96102905273438
77.3175277709961
78.06407928466797
78.37728881835938
78.49203491210938
78.65748596191406
79.88116455078125
79.88742065429688
80.23715209960938
80.318115234375
80.54191589355469
80.90735626220703
81.74349975585938
83.19255065917969
83.44459533691406
83.7914047241211
83.85105895996094
84.35045623779297
84.69356536865234
84.97647094726562
85.08818817138672
85.68547058105469
85.93601989746094
86.31917572021484
86.66602325439453
86.78133392333984
86.87347412109375
87.0746841430664
87.177978515625
88.08518981933594
88.12490844726562
88.9662857055664
89.1235122680664
89.79977416992188
89.94442749023438
90.17205810546875
90.43229675292969
90.58145141601562
91.4986343383789
91.60785675048828
91.94020080566406
91.95651245117188
92.11405944824219
92.28759765625
93.34345245361328
93.471923828125
93.72833251953125
93.8349609375
93.85626983642578
94.66783905029297
94.71536254882812
94.80506134033203
94.81561279296875
94.91048431396484
95.02631378173828
95.11045837402344
95.21554565429688
95.22079467773438
95.6765365600586
95.87491607666016
95.95310974121094
96.09370422363281
96.27564239501953
96.32237243652344
96.36907958984375
96.99484252929688
97.6166000366211
98.23441314697266
98.5393295288086
98.6204833984375
98.85342407226562
98.8736572265625
98.90904998779297
99.09591674804688
99.39315795898438
99.57911682128906
99.61927795410156
99.89994812011719
100.48383331298828
100.49378204345703
100.553466796875
100.61312103271484
101.3607406616211
101.7791748046875
102.02450561523438
102.1175765991211
102.12737274169922
102.19589233398438
102.22035217285156
102.34255981445312
102.61091613769531
102.78618621826172
102.89315032958984
103.15037536621094
103.46497344970703
103.67256164550781
103.79788208007812
104.41743469238281
104.55620574951172
105.37551879882812
105.4798583984375
105.90089416503906
105.91978454589844
106.14141845703125
106.50352478027344
106.65833282470703
106.8503646850586
107.0513916015625
107.52208709716797
107.57323455810547
107.60111236572266
107.65221405029297
107.6754379272461
107.74042510986328
107.82856750488281
107.87956237792969
108.30050659179688
108.40203094482422
108.64160919189453
108.67382049560547
109.3663558959961
109.4897232055664
109.57189178466797
109.85444641113281
110.19074249267578
110.28145599365234
110.69326782226562
110.76551818847656
110.91889190673828
111.3283462524414
111.91067504882812
112.3877182006836
112.39217376708984
112.77410888671875
112.80514526367188
112.9513168334961
113.10614776611328
113.32254791259766
113.75411987304688
113.75851440429688
113.9868392944336
114.25410461425781
114.36345672607422
114.53820037841797
114.69525146484375
115.45561981201172
116.00862121582031
116.63189697265625
116.66619110107422
116.70046997070312
116.7261734008789
116.7775650024414
116.86744689941406
116.97863006591797
117.11959838867188
117.78369903564453
118.1778335571289
118.8570556640625
119.95415496826172
120.08747100830078
120.22062683105469
120.42840576171875
120.53630065917969
120.9462661743164
120.99586486816406
121.00826263427734
121.09500122070312
121.43310546875
121.58124542236328
121.79490661621094
121.89339447021484
121.92620849609375
122.62952423095703
123.11376953125
123.40583801269531
123.81437683105469
124.01612854003906
124.10076904296875
124.14910125732422
124.32215881347656
124.46686553955078
125.2038345336914
125.96427917480469
126.047607421875
126.15070343017578
126.55433654785156
126.98031616210938
127.05904388427734
127.35383605957031
127.58526611328125
127.82801055908203
127.86711883544922
128.63125610351562
128.87591552734375
128.97674560546875
129.17042541503906
129.44883728027344
129.9730682373047
130.6636962890625
131.0686798095703
131.11827087402344
131.1602020263672
131.17164611816406
131.51425170898438
131.71560668945312
132.2535400390625
132.943603515625
134.0895233154297
134.1603546142578
134.52508544921875
134.6699676513672
135.01852416992188
135.92645263671875
136.4477996826172
136.7259979248047
137.01824951171875
137.39723205566406
138.1050262451172
138.25338745117188
138.34738159179688
138.46299743652344
138.58570861816406
138.7803955078125
139.2048797607422
139.8356170654297
139.892822265625
140.08212280273438
140.09996032714844
140.68759155273438
141.2303009033203
141.65451049804688
142.21463012695312
142.9055633544922
143.12582397460938
143.34573364257812
143.64540100097656
143.96180725097656
144.8758087158203
144.95172119140625
145.1860809326172
145.92807006835938
146.48890686035156
146.5025634765625
147.5635528564453
148.0270233154297
148.33071899414062
148.90936279296875
148.9563751220703
149.14422607421875
149.80987548828125
150.31300354003906
150.74813842773438
150.86749267578125
151.54537963867188
152.14794921875
152.7219696044922
152.75469970703125
152.9771270751953
153.04248046875
153.66522216796875
153.8180694580078
154.41502380371094
154.60919189453125
155.1354217529297
155.56991577148438
156.185791015625
156.58224487304688
157.0127410888672
157.19732666015625
157.80050659179688
158.18028259277344
159.2984619140625
159.39259338378906
159.4051513671875
159.55563354492188
159.56503295898438
159.8686981201172
160.3433837890625
161.41871643066406
161.74362182617188
162.52691650390625
162.6222686767578
162.8158416748047
164.24676513671875
164.49620056152344
164.790771484375
164.8453826904297
164.98484802246094
165.94276428222656
166.0602264404297
166.42115783691406
166.58030700683594
167.2692413330078
170.1234893798828
171.40887451171875
172.94508361816406
172.95663452148438
173.3406982421875
173.49639892578125
174.02011108398438
174.11203002929688
174.37603759765625
177.00282287597656
177.2145538330078
177.31610107421875
177.55844116210938
177.7779541015625
177.78639221191406
178.0140380859375
178.90499877929688
179.04190063476562
179.25401306152344
179.593994140625
179.79710388183594
180.92539978027344
181.24017333984375
182.36502075195312
182.67457580566406
183.12290954589844
183.36575317382812
183.6736297607422
184.2823944091797
185.01351928710938
185.5666961669922
186.7484893798828
186.93582153320312
187.19775390625
188.14622497558594
189.3964080810547
189.84994506835938
195.2767333984375
196.70028686523438
197.2840576171875
198.7510986328125
199.077880859375
199.60711669921875
200.07498168945312
200.66888427734375
200.70376586914062
201.3777618408203
201.7845458984375
201.9207763671875
204.63870239257812
209.39198303222656
212.14381408691406
214.543701171875
215.3810577392578
219.86814880371094
221.94143676757812
222.0
223.84593200683594
223.85040283203125
225.28204345703125
227.57196044921875
232.46505737304688
240.42047119140625
240.53482055664062
240.71975708007812
241.1348114013672
241.42286682128906
248.4693145751953
256.618408203125
274.1988220214844
