1104.569091796875 804.0758056640625 1138.7071533203125 944.4971923828125
1126.824951171875 717.9237670898438 1204.8671875 856.2843017578125
925.1193237304688 644.0599975585938 1014.9446411132812 712.9195556640625
1151.634521484375 798.5283813476562 1196.2176513671875 955.46826171875
1052.5196533203125 688.3756103515625 1132.159423828125 798.0313110351562
746.6868286132812 862.5444946289062 752.6734008789062 882.2086181640625
1104.502197265625 768.8916625976562 1154.68701171875 904.8478393554688
1098.775146484375 916.3770141601562 1080.2520751953125 1067.2689208984375
1100.0582275390625 782.7864990234375 1143.1328125 918.209716796875
1098.775146484375 916.3770141601562 1080.2520751953125 1067.2689208984375
1149.8096923828125 773.7783203125 1205.5828857421875 927.0181884765625
737.3174438476562 862.8494873046875 743.3717041015625 880.2750854492188
1117.0172119140625 801.8771362304688 1153.733642578125 946.289794921875
1082.21337890625 773.168701171875 1127.276611328125 901.2770385742188
999.7953491210938 733.9268188476562 1053.9171142578125 830.2510375976562
1064.3822021484375 874.3739624023438 1061.142333984375 1006.0847778320312
1144.8243408203125 779.6510009765625 1196.9666748046875 931.7473754882812
1016.1434326171875 670.682861328125 1099.6776123046875 767.6386108398438
1040.236572265625 648.4999389648438 1136.452880859375 750.472900390625
1162.1649169921875 726.385498046875 1242.4112548828125 877.9132080078125
1122.1953125 711.6260375976562 1201.9888916015625 847.009033203125
1092.36962890625 776.037353515625 1137.432861328125 908.2696533203125
960.6194458007812 903.50537109375 937.35205078125 998.4160766601562
918.0528564453125 878.8746948242188 906.2342529296875 956.7794189453125
1144.8243408203125 779.6510009765625 1196.9666748046875 931.7473754882812
980.88232421875 705.9566650390625 1046.4248046875 794.2454223632812
1093.295166015625 904.2957153320312 1079.4742431640625 1051.4683837890625
765.2546997070312 849.0552368164062 773.9170532226562 875.4065551757812
982.6945190429688 743.15185546875 1031.8983154296875 834.5753173828125
737.3174438476562 862.8494873046875 743.3717041015625 880.2750854492188
1104.376708984375 763.2533569335938 1157.2030029296875 898.2413330078125
917.18603515625 688.5588989257812 987.5191040039062 756.8967895507812
1007.8710327148438 760.644775390625 1050.7353515625 861.8025512695312
760.180419921875 858.537109375 766.0540771484375 881.7449951171875
749.9578247070312 839.6351928710938 760.7740478515625 861.6093139648438
1123.6796875 685.01171875 1216.5174560546875 817.2794799804688
706.6637573242188 650.9246215820312 803.9337158203125 664.294921875
905.844970703125 860.1810913085938 902.0726318359375 932.9165649414062
760.180419921875 858.537109375 766.0540771484375 881.7449951171875
1067.554443359375 673.8289794921875 1155.3681640625 787.0621337890625
905.844970703125 860.1810913085938 902.0726318359375 932.9165649414062
778.0372924804688 670.025390625 860.703369140625 700.60498046875
1056.994384765625 890.515625 1045.76318359375 1020.3248901367188
891.873779296875 709.9436645507812 952.8662719726562 771.78564453125
907.9894409179688 637.9125366210938 1000.2461547851562 702.1815185546875
1058.8675537109375 758.6326904296875 1107.3939208984375 877.9674072265625
1036.7333984375 881.325439453125 1027.0322265625 1003.65478515625
1095.2423095703125 894.1061401367188 1087.0155029296875 1041.328125
1117.7125244140625 757.5557861328125 1174.9415283203125 896.5093383789062
927.7191162109375 705.3466796875 991.979736328125 776.7987060546875
883.7899780273438 591.1495361328125 995.9835205078125 647.543212890625
1127.1776123046875 704.2492065429688 1210.831787109375 840.7159423828125
1160.415283203125 692.5645751953125 1255.953857421875 838.6842041015625
1164.1619873046875 716.9592895507812 1249.2200927734375 868.0001831054688
1088.3377685546875 787.3735961914062 1127.5789794921875 919.1616821289062
823.7453002929688 585.2067260742188 939.1900024414062 627.8921508789062
954.0603637695312 886.499267578125 938.3771362304688 978.322509765625
1143.186279296875 706.5075073242188 1228.61669921875 848.4790649414062
921.772216796875 633.5899658203125 1016.06884765625 701.9697265625
810.9339599609375 602.3793334960938 919.7021484375 642.0284423828125
817.8414916992188 662.6368408203125 901.012451171875 703.2924194335938
817.8414916992188 662.6368408203125 901.012451171875 703.2924194335938
901.9877319335938 841.1240844726562 906.104248046875 911.6173095703125
961.9410400390625 881.1727294921875 949.477294921875 974.66796875
1103.1875 899.0538940429688 1093.31201171875 1050.0810546875
687.7808837890625 849.1004028320312 702.1907348632812 851.8045654296875
1104.376708984375 763.2533569335938 1157.2030029296875 898.2413330078125
1016.1094970703125 649.1719970703125 1108.5445556640625 744.7615966796875
1149.8096923828125 773.7783203125 1205.5828857421875 927.0181884765625
1141.7906494140625 794.3596801757812 1186.1806640625 947.3692626953125
702.5033569335938 601.8477172851562 820.4207153320312 616.1348266601562
789.8798828125 562.7199096679688 917.261474609375 596.8096923828125
1036.1878662109375 914.8236694335938 1012.3795166015625 1039.7147216796875
835.18017578125 575.7802734375 954.1018676757812 620.7127685546875
1035.8104248046875 660.7526245117188 1125.8551025390625 762.345703125
828.0416870117188 660.5585327148438 912.1236572265625 703.3912353515625
987.7642211914062 648.5208129882812 1078.701171875 735.1024780273438
1036.1878662109375 914.8236694335938 1012.3795166015625 1039.7147216796875
678.179443359375 850.8373413085938 692.4566650390625 850.728759765625
835.9098510742188 602.1444091796875 943.881591796875 647.11962890625
864.8170166015625 967.8673095703125 816.1319580078125 1030.4857177734375
705.841064453125 634.4375 809.9696044921875 648.1446533203125
943.9857177734375 852.0684814453125 943.9909057617188 937.2278442382812
1114.276611328125 709.8585205078125 1193.037109375 842.130615234375
576.3273315429688 940.45458984375 577.778076171875 905.9276123046875
896.888427734375 854.3097534179688 894.8199462890625 924.3723754882812
921.772216796875 633.5899658203125 1016.06884765625 701.9697265625
566.1432495117188 952.0113525390625 564.3588256835938 914.6763305664062
324.359619140625 1021.3799438476562 361.3656921386719 907.58349609375
861.6080932617188 595.1437377929688 971.013916015625 646.685791015625
1142.5126953125 693.8474731445312 1233.770751953125 834.053955078125
911.013427734375 716.4603271484375 969.076416015625 783.8162231445312
548.1458129882812 975.0872802734375 542.1069946289062 930.0159301757812
1153.4393310546875 690.8758544921875 1248.0899658203125 834.2573852539062
912.8463134765625 839.3602294921875 918.1653442382812 913.1640014648438
1167.6356201171875 708.2343139648438 1257.1978759765625 858.7687377929688
839.585205078125 801.4188232421875 862.95703125 849.89697265625
782.3995361328125 629.9480590820312 881.5995483398438 662.0701293945312
696.049072265625 544.9539184570312 838.0712280273438 560.200439453125
744.399658203125 985.5322875976562 699.8990478515625 1003.5238037109375
998.8497924804688 673.6061401367188 1079.3453369140625 765.9348754882812
742.4204711914062 576.2671508789062 866.4735717773438 600.0099487304688
1044.713134765625 678.871826171875 1127.839599609375 785.2462158203125
780.937255859375 654.8492431640625 868.9948120117188 686.62841796875
914.2974243164062 625.01171875 1011.4594116210938 691.2393798828125
844.7551879882812 582.3915405273438 961.0999755859375 629.3421630859375
960.1423950195312 872.7890625 950.1878051757812 965.6764526367188
1031.666748046875 662.635009765625 1120.5810546875 763.5830078125
1016.8984985351562 744.2736206054688 1067.6478271484375 848.655029296875
842.4202880859375 956.3757934570312 801.0633544921875 1011.7169189453125
1127.1776123046875 704.2492065429688 1210.831787109375 840.7159423828125
707.3343505859375 638.3307495117188 809.8577880859375 652.423583984375
605.4779663085938 570.4601440429688 749.4996948242188 566.0761108398438
810.9339599609375 602.3793334960938 919.7021484375 642.0284423828125
979.29931640625 727.0419921875 1035.91650390625 815.9403076171875
885.978271484375 940.5297241210938 849.6971435546875 1009.8475952148438
641.1603393554688 541.9064331054688 790.7947998046875 547.0703125
1151.738037109375 686.13818359375 1247.861328125 827.9080200195312
1025.34130859375 751.1732177734375 1073.599365234375 857.048828125
576.3273315429688 940.45458984375 577.778076171875 905.9276123046875
1046.29443359375 653.9043579101562 1140.62451171875 758.6862182617188
1164.1619873046875 716.9592895507812 1249.2200927734375 868.0001831054688
874.760009765625 689.1686401367188 944.9932861328125 745.8253173828125
856.04052734375 583.2623291015625 971.8472290039062 633.1405639648438
1144.5303955078125 787.6882934570312 1192.592041015625 940.7391357421875
674.0462036132812 555.9710083007812 814.5935668945312 566.8732299804688
516.8845825195312 918.5265502929688 536.6592407226562 869.7039794921875
1044.713134765625 678.871826171875 1127.839599609375 785.2462158203125
876.3492431640625 600.1034545898438 984.8006591796875 654.9961547851562
921.28955078125 607.1827392578125 1027.3154296875 673.696044921875
1031.8804931640625 680.5223388671875 1112.3720703125 783.9700927734375
994.5992431640625 739.89208984375 1045.74560546875 834.9894409179688
975.0231323242188 795.5364379882812 1002.767333984375 887.7446899414062
868.6577758789062 601.773681640625 976.1143798828125 654.5748901367188
1029.2830810546875 901.52880859375 1011.12744140625 1022.1280517578125
1041.1165771484375 688.583251953125 1119.095947265625 794.7826538085938
1171.57763671875 696.7672729492188 1267.6514892578125 847.3825073242188
794.8297729492188 639.4510498046875 888.748046875 674.1287231445312
1050.252685546875 670.6807250976562 1138.52197265625 777.3663330078125
1169.3385009765625 734.0413818359375 1247.4735107421875 889.4237670898438
847.9718017578125 601.575439453125 954.9019165039062 649.9362182617188
1130.42529296875 797.5574951171875 1169.2945556640625 943.591552734375
552.6981201171875 931.6847534179688 562.06103515625 891.17919921875
631.2840576171875 583.2003173828125 766.9588623046875 583.0933837890625
804.54248046875 638.90185546875 898.4471435546875 675.79638671875
975.0231323242188 795.5364379882812 1002.767333984375 887.7446899414062
627.3059692382812 575.6641235351562 766.2274780273438 575.5681762695312
1158.4912109375 701.6433715820312 1249.3609619140625 848.3763427734375
849.2423095703125 938.2478637695312 814.4323120117188 994.3760375976562
594.5590209960938 926.0787353515625 598.6202392578125 897.102783203125
891.873779296875 709.9436645507812 952.8662719726562 771.78564453125
1095.209228515625 752.3671264648438 1151.1083984375 882.551513671875
994.5992431640625 739.89208984375 1045.74560546875 834.9894409179688
659.9256591796875 629.0017700195312 771.2006225585938 633.4344482421875
604.6471557617188 598.2877807617188 737.8167114257812 592.030517578125
721.2302856445312 571.8565673828125 849.1412963867188 591.8318481445312
977.7249145507812 848.4052734375 980.4706420898438 942.6604614257812
1062.3291015625 686.35400390625 1144.1697998046875 798.572998046875
1141.7906494140625 794.3596801757812 1186.1806640625 947.3692626953125
682.9937744140625 547.1004028320312 825.917236328125 559.3194580078125
750.9513549804688 875.621826171875 750.0685424804688 897.4633178710938
906.9746704101562 705.0660400390625 969.5571899414062 771.930419921875
943.9857177734375 852.0684814453125 943.9909057617188 937.2278442382812
572.1123046875 595.2951049804688 711.735107421875 583.1487426757812
993.19921875 760.4656372070312 1034.1917724609375 856.3602294921875
743.8726806640625 641.33740234375 841.6455078125 663.88671875
1072.344970703125 888.5999755859375 1063.791015625 1025.2996826171875
828.6056518554688 600.1111450195312 937.623779296875 643.4262084960938
904.83984375 721.151611328125 961.1116943359375 787.1197509765625
1053.706298828125 681.9122924804688 1136.226806640625 791.2979125976562
821.0955200195312 656.46533203125 906.9403076171875 697.9483642578125
911.8859252929688 695.6146240234375 979.74658203125 762.3409423828125
1053.706298828125 681.9122924804688 1136.226806640625 791.2979125976562
742.0237426757812 886.4381713867188 737.7799072265625 905.3735961914062
868.7346801757812 693.7889404296875 937.2986450195312 748.9803466796875
881.182373046875 958.4013671875 835.793701171875 1026.532470703125
924.4110717773438 613.1726684570312 1027.926025390625 680.8519287109375
932.1350708007812 645.9208374023438 1022.0140380859375 717.3462524414062
912.8463134765625 839.3602294921875 918.1653442382812 913.1640014648438
552.6981201171875 931.6847534179688 562.06103515625 891.17919921875
951.1468505859375 650.2427978515625 1039.125244140625 726.035888671875
692.0736694335938 623.6419067382812 802.1627197265625 634.8424072265625
705.841064453125 634.4375 809.9696044921875 648.1446533203125
913.3047485351562 709.9142456054688 973.7361450195312 777.6424560546875
1039.15283203125 656.794677734375 1130.8800048828125 759.2411499023438
831.8475341796875 808.076171875 852.0586547851562 853.5068969726562
1025.34130859375 751.1732177734375 1073.599365234375 857.048828125
978.2033081054688 753.01025390625 1022.2454223632812 843.9395751953125
1045.1527099609375 659.9026489257812 1136.5252685546875 764.689453125
993.3359985351562 723.6865234375 1051.4716796875 817.1142578125
692.0736694335938 623.6419067382812 802.1627197265625 634.8424072265625
840.3245849609375 597.9883422851562 949.9803466796875 644.159423828125
641.1603393554688 541.9064331054688 790.7947998046875 547.0703125
992.58056640625 747.2759399414062 1040.35498046875 842.0343627929688
1025.262939453125 743.2827758789062 1076.6119384765625 849.1234130859375
960.1423950195312 872.7890625 950.1878051757812 965.6764526367188
870.0433349609375 596.4261474609375 979.8889770507812 649.7228393554688
565.817626953125 969.114501953125 558.23291015625 929.5503540039062
766.3580322265625 855.8735961914062 772.74169921875 881.96923828125
1080.8685302734375 901.64501953125 1067.0775146484375 1043.54345703125
780.0529174804688 839.942138671875 791.4597778320312 871.2118530273438
733.7728271484375 881.034912109375 733.4032592773438 896.8107299804688
780.937255859375 654.8492431640625 868.9948120117188 686.62841796875
509.1984558105469 974.7565307617188 511.5387878417969 918.6829223632812
1176.8485107421875 705.4972534179688 1270.3409423828125 859.1683959960938
892.5541381835938 965.4368896484375 843.141845703125 1037.9322509765625
1062.267333984375 663.0696411132812 1153.6109619140625 772.631103515625
1075.2965087890625 791.5927124023438 1110.7559814453125 920.0035400390625
770.2659301757812 646.6111450195312 862.9449462890625 676.0037231445312
863.5707397460938 938.8731689453125 827.2843017578125 999.5956420898438
544.230224609375 938.1676025390625 553.8141479492188 894.3277587890625
1048.17578125 919.1412353515625 1022.0540771484375 1049.66015625
847.9887084960938 588.518798828125 961.2911376953125 636.6260375976562
585.336669921875 578.2144165039062 729.4713134765625 569.7348022460938
1058.8675537109375 758.6326904296875 1107.3939208984375 877.9674072265625
742.0237426757812 886.4381713867188 737.7799072265625 905.3735961914062
868.750244140625 954.2262573242188 825.0702514648438 1018.1126098632812
817.901123046875 1001.820068359375 757.078857421875 1048.7564697265625
942.3827514648438 870.83251953125 933.2868041992188 958.0838623046875
831.8084106445312 583.30419921875 947.9638671875 627.7388916015625
929.0838012695312 638.9042358398438 1021.23583984375 708.6517333984375
962.2415161132812 645.6107788085938 1052.82373046875 724.7014770507812
880.6199951171875 711.2933959960938 941.1395263671875 770.7059326171875
713.4204711914062 616.3840942382812 824.189208984375 632.3661499023438
470.5177917480469 956.1181640625 489.0771789550781 890.631103515625
946.3999633789062 719.4794311523438 1005.8065795898438 796.9228515625
844.93115234375 971.52197265625 795.7096557617188 1026.9991455078125
1171.144287109375 719.5244140625 1256.0537109375 873.58642578125
1139.713623046875 802.08740234375 1180.305419921875 955.3250732421875
669.5441284179688 618.9635009765625 784.57763671875 625.4287109375
649.7562255859375 548.5809326171875 796.0179443359375 554.764892578125
868.9088134765625 609.8828735351562 973.2168579101562 662.5858764648438
522.0438232421875 947.9572143554688 531.666259765625 897.5027465820312
908.388916015625 881.0903930664062 894.8084716796875 955.8507690429688
939.9689331054688 636.51904296875 1033.6077880859375 709.1923828125
1043.6483154296875 666.0266723632812 1132.243408203125 770.7050170898438
721.2302856445312 571.8565673828125 849.1412963867188 591.8318481445312
462.26507568359375 970.2255249023438 478.0186462402344 901.2210083007812
847.9887084960938 588.518798828125 961.2911376953125 636.6260375976562
939.9689331054688 636.51904296875 1033.6077880859375 709.1923828125
1022.3823852539062 729.892822265625 1081.1502685546875 832.3602294921875
817.901123046875 1001.820068359375 757.078857421875 1048.7564697265625
772.4365844726562 885.3225708007812 765.4837646484375 913.38818359375
667.6839599609375 536.8011474609375 816.4152221679688 547.54248046875
662.7042846679688 539.4832763671875 810.9134521484375 548.4500122070312
306.43450927734375 1002.8236083984375 354.0437927246094 887.2474365234375
896.5991821289062 702.1098022460938 960.3616333007812 765.6561279296875
1168.302490234375 701.797607421875 1260.6282958984375 851.4325561523438
655.207763671875 857.0384521484375 671.739501953125 850.0922241210938
874.760009765625 689.1686401367188 944.9932861328125 745.8253173828125
604.6471557617188 598.2877807617188 737.8167114257812 592.030517578125
799.6293334960938 670.7250366210938 880.2998657226562 706.9129028320312
1057.719482421875 676.8573608398438 1143.08837890625 786.8597412109375
893.2671508789062 687.8367919921875 963.3701171875 749.805419921875
746.597900390625 549.0335693359375 881.654052734375 574.8165283203125
765.2546997070312 849.0552368164062 773.9170532226562 875.4065551757812
589.705810546875 596.293212890625 726.3873901367188 587.451416015625
705.694091796875 643.6806640625 805.71435546875 656.9302978515625
814.5530395507812 654.727783203125 901.2354736328125 694.3260498046875
936.7667846679688 651.6917114257812 1023.447265625 724.0797729492188
721.8668823242188 878.0216674804688 723.6094970703125 890.821533203125
829.9557495117188 588.590576171875 943.9434814453125 632.3821411132812
872.52587890625 704.1888427734375 936.5274047851562 760.0213012695312
695.2481689453125 575.5114135742188 823.4083251953125 591.3416748046875
1043.5625 895.3499755859375 1029.006591796875 1021.4906005859375
928.715576171875 634.0113525390625 1022.9923706054688 703.561767578125
1074.3275146484375 721.221923828125 1142.434814453125 840.6188354492188
687.0145263671875 1025.55517578125 632.4049682617188 1024.7529296875
220.26783752441406 1025.8243408203125 289.5764465332031 884.2477416992188
765.8292846679688 565.2297973632812 892.6380615234375 594.9608764648438
776.140625 853.6529541015625 782.3450927734375 882.2623901367188
904.83984375 721.151611328125 961.1116943359375 787.1197509765625
867.0555419921875 590.2809448242188 980.1988525390625 642.9091186523438
897.5150756835938 717.6188354492188 953.9556884765625 781.8886108398438
629.56982421875 1012.044189453125 591.5260620117188 991.7050170898438
1022.3823852539062 729.892822265625 1081.1502685546875 832.3602294921875
984.7344970703125 720.574951171875 1043.8197021484375 811.01904296875
644.4354248046875 584.8329467773438 777.7161865234375 587.1156616210938
823.59130859375 604.86962890625 931.297607421875 647.4564208984375
492.3897705078125 634.6614379882812 632.6375122070312 602.9385986328125
766.1267700195312 551.61572265625 899.0810546875 581.4881591796875
1045.1527099609375 659.9026489257812 1136.5252685546875 764.689453125
1123.6796875 685.01171875 1216.5174560546875 817.2794799804688
1171.57763671875 696.7672729492188 1267.6514892578125 847.3825073242188
921.3067626953125 713.7119750976562 980.8142700195312 784.512939453125
688.7569580078125 637.0792846679688 794.1925048828125 646.8817749023438
622.9010009765625 599.862060546875 751.9786987304688 596.6845703125
840.5447998046875 983.7763671875 786.8036499023438 1037.6024169921875
700.0130615234375 613.8158569335938 813.654296875 627.3499145507812
828.6056518554688 600.1111450195312 937.623779296875 643.4262084960938
690.5286865234375 602.898681640625 809.588134765625 614.2857666015625
794.4130859375 676.3313598632812 873.4714965820312 711.2080078125
1003.4551391601562 744.943115234375 1055.3651123046875 844.0548706054688
485.4893798828125 979.7867431640625 490.9049987792969 916.0182495117188
962.6358032226562 747.1972045898438 1009.6187744140625 832.7593383789062
768.4371337890625 831.2919921875 779.2909545898438 858.6768798828125
889.2422485351562 697.289306640625 954.0543212890625 759.1956176757812
279.81976318359375 806.9686279296875 410.9456481933594 710.1913452148438
809.25390625 659.04736328125 894.8909301757812 697.3939208984375
760.8172607421875 569.7504272460938 885.2034301757812 597.6474609375
781.7870483398438 887.0787353515625 773.5337524414062 918.9034423828125
302.5904846191406 805.6288452148438 428.1882019042969 713.6582641601562
681.4202270507812 604.9169311523438 799.9178466796875 615.0276489257812
1191.1148681640625 714.04541015625 1285.68896484375 872.5021362304688
296.5325012207031 829.8780517578125 414.7376403808594 733.34228515625
678.1202392578125 630.064208984375 786.5047607421875 638.5996704101562
678.8477172851562 535.2034301757812 825.742919921875 546.9369506835938
671.8309326171875 542.0139770507812 818.684814453125 552.7073974609375
680.1966552734375 613.0474243164062 797.0606689453125 622.4193115234375
455.458984375 957.6837158203125 477.9085693359375 887.10205078125
1048.17578125 919.1412353515625 1022.0540771484375 1049.66015625
765.90185546875 880.4827880859375 761.6058349609375 907.1911010742188
765.3108520507812 895.1649169921875 755.3936157226562 921.3235473632812
608.7559814453125 602.07421875 740.1178588867188 596.674560546875
595.0751342773438 584.601806640625 736.468994140625 577.4183959960938
788.9871826171875 879.19677734375 783.1027221679688 912.4918212890625
671.805908203125 581.8848266601562 803.9896240234375 588.9569702148438
296.5325012207031 829.8780517578125 414.7376403808594 733.34228515625
737.4139404296875 562.7777099609375 868.0441284179688 586.197509765625
507.2973937988281 623.2306518554688 649.3533935546875 595.2225952148438
955.4126586914062 641.636474609375 1047.129150390625 718.7590942382812
774.3397827148438 841.5961303710938 784.4564208984375 870.4048461914062
662.8448486328125 548.6858520507812 806.2501220703125 557.7852172851562
662.8448486328125 548.6858520507812 806.2501220703125 557.7852172851562
279.81976318359375 806.9686279296875 410.9456481933594 710.1913452148438
781.4061889648438 565.3556518554688 908.1468505859375 597.8606567382812
872.52587890625 704.1888427734375 936.5274047851562 760.0213012695312
705.0924072265625 630.114501953125 811.6898803710938 643.908447265625
632.220458984375 1032.183349609375 585.3781127929688 1011.9679565429688
673.1016235351562 525.0828247070312 826.7577514648438 537.6981811523438
944.902587890625 617.6009521484375 1047.2867431640625 690.80078125
605.4454956054688 587.15869140625 743.4071044921875 581.9737548828125
578.1881103515625 898.644775390625 596.7588500976562 865.7952880859375
616.9490966796875 577.3165893554688 756.4703369140625 575.080322265625
679.2080078125 1032.6676025390625 622.421630859375 1028.633056640625
510.5880432128906 631.5030517578125 648.9500122070312 603.2225341796875
783.1865844726562 897.9086303710938 770.1920776367188 928.8991088867188
531.2066650390625 973.0825805664062 525.1923828125 921.138916015625
969.5339965820312 683.5264892578125 1044.986083984375 766.0113525390625
880.670654296875 676.3626708984375 956.7998657226562 734.1607055664062
920.324951171875 854.9728393554688 918.9000854492188 932.2510986328125
479.8303527832031 962.8412475585938 493.7147521972656 899.3318481445312
802.9635620117188 874.264892578125 797.3596801757812 911.4570922851562
1003.4003295898438 744.4049072265625 1053.005859375 842.5358276367188
286.0889892578125 797.330810546875 419.8606872558594 702.9126586914062
943.4806518554688 649.39794921875 1032.0819091796875 723.5137329101562
909.57373046875 849.4395751953125 909.6400146484375 923.3596801757812
920.5578002929688 821.9602661132812 935.2977905273438 897.2535400390625
605.4454956054688 587.15869140625 743.4071044921875 581.9737548828125
611.517578125 597.392333984375 744.2908325195312 593.0728759765625
984.7344970703125 720.574951171875 1043.8197021484375 811.01904296875
896.5991821289062 702.1098022460938 960.3616333007812 765.6561279296875
923.4271240234375 963.5743408203125 875.910400390625 1047.79150390625
781.7870483398438 887.0787353515625 773.5337524414062 918.9034423828125
783.0824584960938 867.2039184570312 784.3674926757812 898.1519165039062
808.1268920898438 674.3406372070312 887.9299926757812 711.8886108398438
618.5787353515625 583.9852294921875 755.3076782226562 581.6282958984375
255.6433868408203 826.23779296875 388.411865234375 720.8245239257812
842.99658203125 802.9357299804688 865.39794921875 851.0902709960938
618.6610107421875 594.437744140625 750.8309326171875 591.881591796875
1096.9866943359375 843.6593627929688 1113.0130615234375 985.3869018554688
527.4199829101562 981.8457641601562 522.4664306640625 930.7232666015625
973.9553833007812 738.5499267578125 1023.5055541992188 827.622802734375
302.28662109375 1026.220703125 344.4322204589844 905.473876953125
319.494384765625 799.405029296875 442.0342712402344 712.0726318359375
577.7677612304688 910.8812866210938 590.868408203125 879.3495483398438
663.774169921875 532.65234375 814.5171508789062 542.3032836914062
850.0162353515625 785.2078857421875 880.0072021484375 836.3623046875
254.24658203125 1023.9426879882812 314.1059265136719 891.7918090820312
1104.5762939453125 909.02783203125 1090.0430908203125 1061.528076171875
544.230224609375 938.1676025390625 553.8141479492188 894.3277587890625
800.6968383789062 656.7203369140625 886.80078125 693.2383422851562
881.7564697265625 692.2496337890625 951.7789306640625 750.0621948242188
987.28955078125 737.07177734375 1039.57861328125 829.6856689453125
793.1636352539062 653.2882690429688 881.69775390625 687.7001953125
1096.9866943359375 843.6593627929688 1113.0130615234375 985.3869018554688
744.790771484375 565.5577392578125 872.8912963867188 590.0977172851562
880.6199951171875 711.2933959960938 941.1395263671875 770.7059326171875
262.4705810546875 1037.72216796875 316.3339538574219 900.5294799804688
844.6303100585938 792.8200073242188 869.9818725585938 841.3587646484375
1088.623291015625 913.7799682617188 1070.020263671875 1060.4820556640625
786.80615234375 672.8970336914062 867.939453125 705.5348510742188
760.8172607421875 569.7504272460938 885.2034301757812 597.6474609375
656.6419067382812 1042.3270263671875 600.0046997070312 1031.079833984375
667.936279296875 981.4869384765625 636.848876953125 975.650146484375
744.6467895507812 901.4814453125 733.5339965820312 920.7159423828125
750.4791870117188 894.8695068359375 743.0238647460938 912.857666015625
1088.623291015625 913.7799682617188 1070.020263671875 1060.4820556640625
1036.6243896484375 818.6144409179688 1058.978759765625 935.9194946289062
791.5516357421875 667.1173095703125 874.5498657226562 701.1387939453125
263.9916076660156 986.8389282226562 333.3846740722656 862.1132202148438
683.1748657226562 1012.8323974609375 635.249755859375 1011.2196044921875
649.8053588867188 1020.497314453125 604.4281616210938 1006.8506469726562
267.5638732910156 1056.35546875 309.67376708984375 921.8792114257812
772.9993896484375 575.0372314453125 895.41162109375 605.7520141601562
235.50892639160156 1039.4910888671875 296.1628723144531 898.8511962890625
853.31396484375 605.8668823242188 957.2357177734375 656.3449096679688
992.58056640625 747.2759399414062 1040.35498046875 842.0343627929688
853.31396484375 605.8668823242188 957.2357177734375 656.3449096679688
1036.6243896484375 818.6144409179688 1058.978759765625 935.9194946289062
