52.60227966308594
93.95211791992188
112.92918395996094
114.26285552978516
114.6996078491211
127.09051513671875
128.96511840820312
140.16775512695312
141.63333129882812
148.25990295410156
148.4014892578125
153.92205810546875
156.1217498779297
157.1496124267578
158.57174682617188
162.19432067871094
162.3268280029297
164.02134704589844
165.8824920654297
166.3159637451172
167.66036987304688
174.2727813720703
175.17990112304688
178.70086669921875
182.51026916503906
182.71836853027344
189.6154022216797
193.04920959472656
194.63555908203125
196.20907592773438
198.8441619873047
200.07247924804688
208.7510528564453
213.91119384765625
226.76199340820312
