82.01219177246094
87.09190368652344
90.34378814697266
93.3595199584961
95.2470474243164
99.2118911743164
99.4032211303711
102.96601104736328
104.91425323486328
106.13199615478516
107.24271392822266
110.86027526855469
112.04463195800781
112.56109619140625
113.02654266357422
113.1635971069336
114.12712097167969
120.61094665527344
120.8014907836914
122.82508087158203
124.86392974853516
125.55078887939453
126.33685302734375
127.07084655761719
128.8953094482422
129.560791015625
131.18307495117188
132.43865966796875
132.54811096191406
133.30416870117188
135.25901794433594
136.4734344482422
138.4088134765625
138.520751953125
139.61734008789062
141.71450805664062
143.65931701660156
144.61672973632812
144.7169647216797
145.00689697265625
145.36849975585938
145.41664123535156
146.14376831054688
147.49237060546875
148.12156677246094
148.1553192138672
148.59677124023438
149.77650451660156
150.1199493408203
151.2183837890625
153.2187957763672
155.27073669433594
156.49600219726562
157.04776000976562
157.57855224609375
158.3729705810547
158.94338989257812
160.53660583496094
161.35055541992188
162.49615478515625
162.55152893066406
164.25894165039062
164.38369750976562
165.21803283691406
165.2301483154297
165.2573699951172
166.294921875
166.42416381835938
169.48451232910156
170.02647399902344
170.97076416015625
171.1665802001953
172.6383514404297
173.10401916503906
173.54537963867188
174.10916137695312
174.2899932861328
175.78395080566406
176.37460327148438
176.61822509765625
179.70809936523438
179.76930236816406
180.02777099609375
181.97802734375
182.10711669921875
182.4993133544922
185.8063507080078
186.20687866210938
186.4242401123047
186.812744140625
187.0427703857422
187.36328125
187.60064697265625
188.0372314453125
192.79263305664062
193.65174865722656
199.6647186279297
201.13427734375
201.4571990966797
203.75230407714844
205.65261840820312
207.7763214111328
208.8875274658203
210.48277282714844
210.68934631347656
211.74513244628906
212.61231994628906
214.1891632080078
217.85545349121094
218.13986206054688
219.5745849609375
220.79627990722656
222.82504272460938
224.49053955078125
226.28521728515625
226.58331298828125
226.8016815185547
227.6576385498047
227.82229614257812
229.29893493652344
231.1774139404297
234.0897216796875
236.75303649902344
238.32540893554688
251.95237731933594
