91.48223876953125
104.53707122802734
109.65856170654297
115.39064025878906
116.56328582763672
118.40185546875
125.46712493896484
127.5264663696289
130.02691650390625
132.7215118408203
134.2087860107422
135.17396545410156
137.3389892578125
137.63720703125
140.6058349609375
141.42489624023438
142.0211181640625
142.15484619140625
144.0520782470703
147.5194854736328
150.7149658203125
152.1512451171875
152.2399444580078
152.9705810546875
153.407958984375
153.62290954589844
158.09490966796875
159.0597381591797
160.54283142089844
161.72816467285156
163.00306701660156
164.62684631347656
164.6481170654297
165.70455932617188
167.51417541503906
171.68284606933594
175.30259704589844
176.3207244873047
177.31610107421875
178.21055603027344
178.54690551757812
179.01116943359375
181.80484008789062
182.46095275878906
184.64019775390625
185.210693359375
188.9973602294922
189.8209686279297
191.14915466308594
196.39755249023438
198.5371551513672
198.5421905517578
200.8681182861328
202.38330078125
207.01690673828125
213.8270263671875
214.12379455566406
214.99069213867188
216.62179565429688
225.96017456054688
230.1369171142578
230.2628936767578
231.94395446777344
233.42665100097656
233.48019409179688
239.31150817871094
254.4877166748047
255.72640991210938
263.4008483886719
