127.72627258300781
136.31214904785156
141.42489624023438
142.81455993652344
142.8530731201172
143.805419921875
144.72732543945312
149.91664123535156
153.65545654296875
154.4344482421875
154.6221160888672
155.09674072265625
156.9872589111328
159.33612060546875
161.15830993652344
161.9104766845703
162.5699920654297
162.68374633789062
164.29241943359375
165.51132202148438
165.52944946289062
169.27197265625
169.37828063964844
169.7292022705078
172.3948974609375
172.5108642578125
173.2570343017578
176.4341278076172
176.83607482910156
177.79483032226562
179.96388244628906
182.20867919921875
183.16932678222656
183.8042449951172
184.60227966308594
184.8648223876953
186.16122436523438
187.36595153808594
189.1798095703125
190.3496856689453
191.4392852783203
192.81597900390625
192.9818572998047
195.5095977783203
197.23590087890625
197.27899169921875
197.3778076171875
200.65892028808594
202.622802734375
203.50430297851562
206.40736389160156
206.59381103515625
207.44879150390625
208.90428161621094
209.5614471435547
210.29502868652344
210.95733642578125
211.08055114746094
211.08055114746094
214.3641815185547
215.45765686035156
215.7799835205078
218.58407592773438
219.06163024902344
219.20538330078125
224.64639282226562
224.7554168701172
231.15362548828125
239.44309997558594
251.19314575195312
255.5934295654297
