97.01546478271484
97.86214447021484
99.52889251708984
99.6242904663086
102.53292083740234
105.63616943359375
111.58404541015625
112.52999877929688
115.16944122314453
118.56643676757812
120.21646881103516
128.53404235839844
130.64837646484375
133.2666473388672
139.9857177734375
143.24105834960938
151.02317810058594
152.35812377929688
155.73695373535156
159.24822998046875
159.35494995117188
161.328857421875
162.10182189941406
167.37681579589844
168.05653381347656
168.2230682373047
170.81861877441406
175.41380310058594
176.18455505371094
178.22738647460938
179.6719207763672
181.7113037109375
182.6389923095703
190.0315704345703
191.2014617919922
192.53311157226562
194.1288299560547
195.5530548095703
196.9923858642578
198.09088134765625
204.51895141601562
205.2681121826172
213.02581787109375
213.18301391601562
218.9063720703125
254.95489501953125
256.86962890625
