919.9439697265625 342.6109924316406 216.10281372070312 419.0133056640625
837.9695434570312 474.04461669921875 101.27267456054688 607.1171264648438
919.9439697265625 342.6109924316406 216.10281372070312 419.0133056640625
804.1339721679688 466.80517578125 38.988338470458984 605.8592529296875
793.813720703125 478.8876037597656 21.640525817871094 626.6447143554688
834.6721801757812 490.59918212890625 97.86103057861328 630.8076782226562
839.159423828125 468.8389587402344 102.63967895507812 599.3772583007812
809.12646484375 454.08984375 46.40068435668945 586.13818359375
1264.0467529296875 267.90716552734375 597.71337890625 332.530517578125
802.0391235351562 455.1618957519531 32.267189025878906 590.537353515625
788.7914428710938 480.0285339355469 12.980010032653809 629.4603271484375
836.4164428710938 471.39251708984375 97.82537841796875 603.9248046875
797.5067749023438 457.63214111328125 25.44974136352539 594.462158203125
792.667236328125 457.51104736328125 15.77204704284668 595.9703369140625
846.0011596679688 483.1268615722656 115.92605590820312 618.600341796875
1270.094970703125 245.25025939941406 601.8295288085938 310.4772644042969
826.8147583007812 450.9094543457031 78.14187622070312 577.7413330078125
817.5932006835938 493.0499572753906 67.82795715332031 639.4470825195312
803.535888671875 488.16497802734375 41.20400619506836 636.8439331054688
798.2744140625 453.9556579589844 25.99295425415039 589.3515625
829.3435668945312 472.6702575683594 86.03773498535156 607.40625
821.7117919921875 469.24334716796875 70.46044158935547 604.0550537109375
839.159423828125 468.8389587402344 102.63967895507812 599.3772583007812
814.7183837890625 450.1007995605469 56.94261169433594 578.7886962890625
803.535888671875 488.16497802734375 41.20400619506836 636.8439331054688
837.7706298828125 452.58160400390625 96.97351837158203 577.7337646484375
807.8527221679688 475.809814453125 47.44005584716797 617.7093505859375
1176.6953125 333.32421875 524.9089965820312 395.7705078125
827.5301513671875 460.91571044921875 80.75659942626953 591.3447265625
814.1359252929688 478.0972900390625 59.06118392944336 619.1815795898438
844.6554565429688 476.640869140625 113.33931732177734 608.4833374023438
820.4647216796875 473.8408203125 69.66947937011719 611.9384155273438
827.5301513671875 460.91571044921875 80.75659942626953 591.3447265625
824.4993896484375 454.6353759765625 73.10787200927734 584.00048828125
965.65771484375 354.1408996582031 283.2913513183594 429.5522155761719
810.3955688476562 463.50439453125 51.138938903808594 599.0635986328125
867.0060424804688 467.009765625 150.20335388183594 589.8867797851562
787.0089721679688 459.19903564453125 5.836208820343018 599.7964477539062
818.850341796875 456.29339599609375 64.26842498779297 587.080322265625
840.3079223632812 449.9367980957031 101.93312072753906 571.8689575195312
806.8046264648438 485.5030822753906 46.831443786621094 631.5347900390625
814.7183837890625 450.1007995605469 56.94261169433594 578.7886962890625
845.1192016601562 459.3327941894531 111.5942611694336 584.6675415039062
787.0089721679688 459.19903564453125 5.836208820343018 599.7964477539062
792.8504638671875 438.8559265136719 13.49282455444336 568.6618041992188
811.3018188476562 487.84686279296875 56.1983757019043 634.6085205078125
807.8527221679688 475.809814453125 47.44005584716797 617.7093505859375
