1228.2591552734375 758.0878295898438 319.5346374511719 931.2323608398438
1371.7947998046875 819.2841796875 162.32821655273438 970.5218505859375
1215.729248046875 807.8063354492188 289.5764465332031 884.2477416992188
1248.33642578125 674.47705078125 400.1627502441406 1041.657470703125
1355.7498779296875 827.4352416992188 171.09434509277344 953.9931640625
1384.22998046875 838.9089965820312 142.03477478027344 962.4288330078125
1213.979248046875 799.3619384765625 296.7255554199219 888.8932495117188
1251.04248046875 761.5715942382812 299.3894348144531 942.6800537109375
1185.6827392578125 750.7073974609375 361.3656921386719 907.58349609375
1251.04248046875 761.5715942382812 299.3894348144531 942.6800537109375
1406.0533447265625 806.4264526367188 141.7322998046875 1005.9566040039062
1248.33642578125 674.47705078125 400.1627502441406 1041.657470703125
1245.0670166015625 804.3182373046875 269.93603515625 904.7203369140625
1381.494873046875 823.4002075195312 152.7215576171875 973.2284545898438
1302.9320068359375 792.7666625976562 233.79173278808594 950.0123901367188
1424.4703369140625 799.7818603515625 129.43736267089844 1025.2794189453125
1275.4619140625 713.6300048828125 325.598876953125 1010.9746704101562
1374.2052001953125 792.8697509765625 175.31182861328125 999.1135864257812
1302.9320068359375 792.7666625976562 233.79173278808594 950.0123901367188
1275.4619140625 713.6300048828125 325.598876953125 1010.9746704101562
1245.0670166015625 804.3182373046875 269.93603515625 904.7203369140625
1424.4703369140625 799.7818603515625 129.43736267089844 1025.2794189453125
1408.4681396484375 792.148681640625 147.65985107421875 1023.0283203125
1359.1943359375 780.6521606445312 194.6937713623047 1000.9775390625
1359.1943359375 780.6521606445312 194.6937713623047 1000.9775390625
1171.5833740234375 768.3610229492188 354.0437927246094 887.2474365234375
1238.580322265625 690.2791748046875 386.8711242675781 1011.169189453125
1221.6370849609375 792.3110961914062 296.1628723144531 898.8511962890625
1405.1900634765625 825.9320068359375 133.7580108642578 985.4710693359375
1221.34619140625 684.9257202148438 407.20269775390625 1004.6192626953125
1236.948486328125 787.8171997070312 289.8885192871094 911.9867553710938
