1387.488037109375 653.6673583984375 1421.7225341796875 683.4644165039062
1387.488037109375 653.6673583984375 1421.7225341796875 683.4644165039062
698.0073852539062 392.880126953125 826.6566162109375 374.6389465332031
753.9446411132812 701.9779052734375 767.8428955078125 672.3232421875
1185.6827392578125 750.7073974609375 1161.14208984375 762.6427001953125
810.7681274414062 658.6943359375 834.4746704101562 637.0680541992188
1136.9749755859375 607.2031860351562 1170.1849365234375 612.7474365234375
1187.513671875 563.3109741210938 1241.646728515625 571.3125610351562
759.82080078125 614.1593627929688 804.6880493164062 590.0452880859375
1185.6827392578125 750.7073974609375 1161.14208984375 762.6427001953125
861.8310546875 645.9940795898438 880.5050659179688 629.0061645507812
493.1181640625 658.0560913085938 562.0733032226562 611.9248046875
550.24658203125 739.1721801757812 581.8447265625 689.7787475585938
810.0639038085938 814.311279296875 777.957763671875 784.2615356445312
850.0057983398438 656.1387939453125 871.3004150390625 637.8029174804688
641.9945678710938 680.4744873046875 678.3095092773438 643.8753662109375
678.24755859375 853.841796875 650.033447265625 808.9147338867188
645.8197631835938 785.4466552734375 644.6209716796875 740.1763305664062
678.24755859375 853.841796875 650.033447265625 808.9147338867188
990.7972412109375 729.8819580078125 974.4345092773438 722.0120239257812
1403.2606201171875 729.6702880859375 1405.195068359375 765.9412841796875
327.7188720703125 744.7329711914062 403.8190612792969 677.3076171875
327.7188720703125 744.7329711914062 403.8190612792969 677.3076171875
1411.004638671875 649.8901977539062 1450.094970703125 681.7745361328125
823.2189331054688 810.313232421875 790.013427734375 781.6979370117188
679.6422119140625 629.85107421875 728.4302368164062 599.741943359375
415.22833251953125 728.7218017578125 476.52203369140625 669.2714233398438
428.0328369140625 769.8699951171875 472.54339599609375 708.0106201171875
822.3306884765625 755.3678588867188 809.3721313476562 731.0045776367188
1234.989501953125 532.958984375 1305.5394287109375 543.0506591796875
1384.22998046875 838.9089965820312 1338.19482421875 878.2249755859375
516.2113647460938 820.907470703125 526.77294921875 762.0372924804688
1142.61962890625 607.5751953125 1175.562255859375 613.3648681640625
664.896728515625 722.4176635742188 682.4733276367188 685.0536499023438
889.39111328125 668.5845336914062 902.54248046875 653.7237548828125
443.30499267578125 714.624267578125 504.1235656738281 658.4690551757812
1390.42041015625 780.0632934570312 1367.0032958984375 816.6809692382812
1411.004638671875 649.8901977539062 1450.094970703125 681.7745361328125
443.30499267578125 714.624267578125 504.1235656738281 658.4690551757812
740.4923095703125 626.0686645507812 783.271484375 599.9943237304688
635.8988647460938 805.0946655273438 629.6079711914062 757.956787109375
1424.4703369140625 799.7818603515625 1396.9295654296875 841.6226196289062
743.0468139648438 537.0888061523438 817.2965087890625 515.7997436523438
721.3388671875 739.49072265625 724.07275390625 705.818603515625
802.1041870117188 626.6310424804688 838.4910888671875 605.7233276367188
729.7609252929688 724.1599731445312 738.1449584960938 691.6984252929688
544.0358276367188 800.4190063476562 553.4376220703125 746.47900390625
961.0232543945312 771.0464477539062 931.7269897460938 759.1567993164062
1031.7589111328125 768.6095581054688 1000.4052734375 764.1135864257812
550.24658203125 739.1721801757812 581.8447265625 689.7787475585938
596.1708374023438 608.241943359375 664.0072631835938 573.9900512695312
672.6238403320312 730.417236328125 687.098388671875 693.5562133789062
649.3361206054688 682.4891967773438 684.0205078125 645.9773559570312
744.1543579101562 699.2758178710938 759.909912109375 670.1504516601562
768.307861328125 654.099609375 798.6343994140625 629.6489868164062
803.5892944335938 659.8094482421875 827.5385131835938 637.6920776367188
349.4500732421875 748.0781860351562 419.8210144042969 681.5310668945312
580.0132446289062 781.1669311523438 590.2535400390625 731.6569213867188
742.8798828125 722.1881103515625 750.7529296875 691.0774536132812
1407.163818359375 638.4915161132812 1450.636474609375 669.0487060546875
760.3934936523438 879.63720703125 709.4636840820312 841.3544311523438
961.0232543945312 771.0464477539062 931.7269897460938 759.1567993164062
1130.705322265625 621.932373046875 1156.3990478515625 626.5362548828125
729.7609252929688 724.1599731445312 738.1449584960938 691.6984252929688
1412.2578125 838.21875 1366.5462646484375 879.9994506835938
1434.7364501953125 823.631591796875 1399.02294921875 867.788330078125
1264.7109375 619.8177490234375 1300.05615234375 636.4182739257812
1456.4378662109375 729.9569091796875 1464.6109619140625 772.1591186523438
1366.1358642578125 804.2647094726562 1331.6595458984375 839.159912109375
653.5429077148438 664.0092163085938 691.4915771484375 628.9091796875
937.7249755859375 844.94140625 884.1549072265625 827.82470703125
1428.8812255859375 711.2225952148438 1443.2022705078125 748.9562377929688
823.2189331054688 810.313232421875 790.013427734375 781.6979370117188
745.8787841796875 703.3451538085938 760.4921875 673.7743530273438
1199.5772705078125 528.142822265625 1269.5509033203125 535.4249267578125
629.999267578125 602.0859985351562 696.1233520507812 569.700927734375
887.6578369140625 841.4310913085938 838.1398315429688 819.4784545898438
585.8245849609375 617.2620239257812 652.9509887695312 580.9744873046875
1202.3216552734375 540.9973754882812 1267.800537109375 549.1519165039062
1266.1685791015625 640.0597534179688 1292.96923828125 657.6279907226562
1112.45556640625 528.5188598632812 1176.7586669921875 529.8597412109375
386.5351867675781 747.6810913085938 448.01092529296875 683.7544555664062
551.9425048828125 828.9994506835938 552.164794921875 772.84765625
1233.4613037109375 702.3435668945312 1231.682373046875 718.8807983398438
1443.1502685546875 821.3314819335938 1408.20947265625 866.6505126953125
526.3069458007812 647.4327392578125 591.8731079101562 603.7903442382812
1037.192626953125 743.3156127929688 1015.8895263671875 740.2845458984375
951.8125610351562 903.4097900390625 873.6646118164062 884.7747192382812
593.5521240234375 840.3876953125 581.424560546875 786.6015014648438
927.960205078125 863.1714477539062 868.1741333007812 845.1889038085938
713.2586059570312 818.541748046875 689.9932861328125 781.5001831054688
780.8900756835938 534.794189453125 852.7526245117188 515.4918212890625
1412.2578125 838.21875 1366.5462646484375 879.9994506835938
967.8555297851562 723.8175659179688 954.7625122070312 713.1172485351562
927.5733032226562 919.1532592773438 846.484619140625 899.2052001953125
858.0069580078125 659.3248901367188 876.8432006835938 640.1219482421875
755.3060302734375 796.7095947265625 734.2632446289062 761.7907104492188
362.78955078125 736.270751953125 433.75018310546875 671.6365356445312
1245.743896484375 711.7596435546875 1241.8470458984375 730.0645751953125
713.4133911132812 690.4270629882812 736.9501342773438 658.5146484375
752.8589477539062 545.8358764648438 823.6162109375 524.7223510742188
1213.605224609375 764.1231079101562 1185.2489013671875 779.6334228515625
900.1383666992188 824.4340209960938 856.0274658203125 804.0796508789062
776.9758911132812 810.7247924804688 749.1127319335938 778.3546142578125
598.3046875 669.5095825195312 643.903076171875 630.74658203125
465.34967041015625 673.9871826171875 534.6672973632812 624.5771484375
1190.0965576171875 695.914794921875 1189.6195068359375 708.3745727539062
929.5931396484375 885.2088623046875 862.2012939453125 865.929443359375
1037.192626953125 743.3156127929688 1015.8895263671875 740.2845458984375
629.999267578125 602.0859985351562 696.1233520507812 569.700927734375
785.1448974609375 748.9006958007812 778.5554809570312 721.2767333984375
910.154541015625 718.801025390625 903.580078125 702.5626220703125
911.3922729492188 852.7260131835938 854.9028930664062 832.6371459960938
1186.1876220703125 786.434326171875 1147.8858642578125 801.2933959960938
1171.2774658203125 572.6232299804688 1220.4312744140625 579.6153564453125
728.1670532226562 823.7919921875 701.2394409179688 785.7579956054688
1404.0687255859375 649.1279907226562 1442.06884765625 680.3104858398438
1211.3365478515625 568.6972045898438 1264.791015625 578.5881958007812
782.0635986328125 802.5191040039062 756.3731689453125 770.1500854492188
1070.243896484375 744.2649536132812 1047.46923828125 743.690673828125
532.187744140625 699.4533081054688 579.0548095703125 654.9924926757812
1378.53271484375 640.8834838867188 1417.6240234375 669.5439453125
1423.453369140625 653.6234741210938 1463.2913818359375 687.1405639648438
1202.3216552734375 540.9973754882812 1267.800537109375 549.1519165039062
876.0681762695312 731.1486206054688 867.5552368164062 712.2261352539062
680.8204956054688 727.2578125 695.0436401367188 690.8685302734375
905.9430541992188 887.6060180664062 837.848388671875 865.89599609375
1262.4510498046875 612.7294311523438 1299.8775634765625 628.6464233398438
1108.34716796875 744.4093627929688 1087.1883544921875 746.5836181640625
1226.5623779296875 685.6404418945312 1231.8291015625 700.9016723632812
590.2698364257812 691.6323852539062 630.3237915039062 650.2265625
728.6597900390625 625.2008056640625 772.9664916992188 598.7179565429688
1382.2978515625 790.8427734375 1354.3099365234375 827.146728515625
1213.605224609375 764.1231079101562 1185.2489013671875 779.6334228515625
725.7053833007812 628.6409912109375 769.0457153320312 601.7150268554688
577.2262573242188 689.2647705078125 620.2852783203125 648.206298828125
1379.6572265625 654.6444702148438 1413.4720458984375 684.104248046875
580.0132446289062 781.1669311523438 590.2535400390625 731.6569213867188
1456.4378662109375 729.9569091796875 1464.6109619140625 772.1591186523438
1366.1358642578125 804.2647094726562 1331.6595458984375 839.159912109375
992.3606567382812 749.127685546875 971.2393798828125 740.9312133789062
958.1952514648438 862.0267333984375 893.3866577148438 845.8323364257812
682.6649780273438 575.6318359375 750.471435546875 549.9747314453125
589.9561767578125 624.0599365234375 654.4960327148438 587.8832397460938
983.127197265625 734.1526489257812 967.6546630859375 725.703857421875
787.5379028320312 592.0890502929688 838.0021362304688 571.3775634765625
1271.1583251953125 691.1138916015625 1276.321044921875 711.1658935546875
1422.0867919921875 724.9913940429688 1427.2677001953125 762.550537109375
697.1564331054688 395.4249267578125 825.70556640625 377.1262512207031
1212.50048828125 630.1454467773438 1241.450439453125 642.8728637695312
1097.138916015625 692.0789184570312 1091.321533203125 693.9613037109375
975.63623046875 767.1085815429688 946.1563720703125 757.1451416015625
789.0220947265625 585.097412109375 841.0676879882812 564.5003662109375
926.8946533203125 831.4841918945312 876.7709350585938 813.094482421875
1429.2518310546875 816.4567260742188 1395.02294921875 860.0787353515625
902.2063598632812 786.9637451171875 872.85791015625 770.2506103515625
732.9661865234375 868.4271240234375 691.2557983398438 828.6181640625
1136.0091552734375 526.376220703125 1202.8453369140625 528.5247802734375
1408.4681396484375 792.148681640625 1382.113037109375 831.5070190429688
1406.0533447265625 806.4264526367188 1374.2266845703125 846.327392578125
750.2019653320312 756.5294799804688 746.2518920898438 727.5902709960938
1106.125244140625 530.8493041992188 1169.6961669921875 532.0420532226562
706.3070678710938 565.39892578125 774.9789428710938 540.1778564453125
631.0328369140625 681.9486083984375 669.426513671875 642.9127807617188
760.3934936523438 879.63720703125 709.4636840820312 841.3544311523438
839.100341796875 735.2731323242188 832.5466918945312 712.9195556640625
686.3812255859375 726.40478515625 700.2550048828125 690.4281616210938
609.9027099609375 680.9636840820312 652.4052124023438 642.048828125
838.5874633789062 747.782470703125 826.3397216796875 724.1124267578125
1301.4249267578125 618.384521484375 1340.7235107421875 637.98388671875
750.3756103515625 539.052734375 824.1511840820312 517.5885620117188
786.7874145507812 835.5560302734375 747.98828125 803.0238647460938
1380.0673828125 806.7195434570312 1345.4105224609375 845.2400512695312
959.2147827148438 928.22998046875 870.9232788085938 911.8142700195312
968.5537719726562 858.935302734375 906.3329467773438 845.202880859375
728.1670532226562 823.7919921875 701.2394409179688 785.7579956054688
1090.1412353515625 569.5039672851562 1137.54345703125 570.552978515625
1425.0399169921875 737.2938232421875 1427.737548828125 776.8659057617188
1137.2591552734375 633.2536010742188 1160.4022216796875 639.4837036132812
812.548828125 640.9906005859375 842.8720092773438 620.33447265625
802.7355346679688 642.4826049804688 832.965576171875 621.1376342773438
1211.266357421875 694.4017333984375 1211.14794921875 708.4849853515625
789.0220947265625 585.097412109375 841.0676879882812 564.5003662109375
1092.4996337890625 573.23193359375 1138.414794921875 574.2974853515625
1238.580322265625 690.2791748046875 1242.9560546875 707.1474609375
818.5003662109375 646.9383544921875 844.9580688476562 626.1141967773438
463.8498229980469 750.7484741210938 505.9681701660156 693.9700317382812
1408.7633056640625 719.5880737304688 1414.15087890625 754.983642578125
696.8822021484375 561.5834350585938 767.68310546875 536.080078125
1235.2236328125 544.165283203125 1300.7213134765625 554.6594848632812
590.2698364257812 691.6323852539062 630.3237915039062 650.2265625
750.2019653320312 756.5294799804688 746.2518920898438 727.5902709960938
707.13818359375 633.010009765625 751.298828125 604.2352905273438
1219.80859375 564.0411376953125 1275.327880859375 574.3834228515625
759.8169555664062 585.6206665039062 816.3233642578125 563.6815185546875
1455.4010009765625 714.887939453125 1470.2574462890625 755.8206176757812
818.5003662109375 646.9383544921875 844.9580688476562 626.1141967773438
868.225341796875 872.5963134765625 811.2593994140625 844.5989379882812
1217.492919921875 566.0380249023438 1272.906494140625 576.4523315429688
873.8284912109375 712.8397216796875 871.7283935546875 693.7874755859375
394.9082336425781 740.7914428710938 458.2414245605469 677.7882080078125
1215.9200439453125 610.7283325195312 1251.9246826171875 622.7406005859375
782.5429077148438 647.9908447265625 812.41455078125 624.4441528320312
1245.0670166015625 804.3182373046875 1200.8031005859375 825.2492065429688
900.1383666992188 824.4340209960938 856.0274658203125 804.0796508789062
977.5557861328125 886.3536376953125 901.0062866210938 869.63916015625
705.70703125 849.9000244140625 673.479248046875 806.9620971679688
1455.4010009765625 714.887939453125 1470.2574462890625 755.8206176757812
1196.8133544921875 533.114501953125 1264.06689453125 540.4346923828125
1255.8658447265625 673.7421264648438 1266.54150390625 691.27001953125
1205.0361328125 697.7864379882812 1203.3876953125 711.2875366210938
1465.59228515625 738.677490234375 1471.9429931640625 782.5673217773438
1199.5772705078125 528.142822265625 1269.5509033203125 535.4249267578125
673.760986328125 578.1063842773438 742.2674560546875 550.5297241210938
502.7348327636719 758.8375244140625 535.4058837890625 703.8230590820312
907.427978515625 836.5427856445312 857.2662353515625 816.7040405273438
1283.70703125 629.3365478515625 1316.049560546875 648.341552734375
809.0502319335938 727.0281982421875 808.1682739257812 702.7200927734375
959.9293823242188 764.0139770507812 934.5370483398438 752.48681640625
885.996337890625 891.590576171875 818.1876220703125 868.2626953125
747.179931640625 860.2012329101562 706.072265625 821.0918579101562
576.7987060546875 807.8519287109375 578.5299072265625 754.9642333984375
850.4037475585938 721.326416015625 846.455810546875 701.070068359375
1445.905029296875 714.6521606445312 1460.3153076171875 754.6161499023438
902.9349975585938 839.6295776367188 856.0030517578125 816.1407470703125
1444.7901611328125 721.0874633789062 1455.9051513671875 761.167724609375
1419.7579345703125 710.00732421875 1431.95947265625 747.12451171875
1240.077880859375 531.724365234375 1311.2894287109375 542.0326538085938
858.025146484375 745.867919921875 844.2588500976562 724.5590209960938
873.568115234375 726.2214965820312 866.048583984375 707.802490234375
475.8950500488281 741.9363403320312 520.145751953125 687.0614624023438
693.9805908203125 570.909423828125 763.0438232421875 544.6593627929688
1186.009521484375 535.3515014648438 1251.58642578125 542.0387573242188
612.3892211914062 822.9177856445312 604.0204467773438 771.6611938476562
800.9100952148438 650.3016967773438 829.023681640625 628.3471069335938
593.5521240234375 840.3876953125 581.424560546875 786.6015014648438
829.632568359375 724.4821166992188 826.7360229492188 702.0328369140625
842.3832397460938 648.7401733398438 865.8380737304688 629.8232421875
1405.1900634765625 825.9320068359375 1363.43701171875 866.2833862304688
820.984375 637.4222412109375 850.8690185546875 616.9579467773438
1411.63330078125 644.3618774414062 1452.81787109375 675.2783203125
762.8467407226562 534.0563354492188 836.4595947265625 513.6365356445312
1103.7091064453125 622.1214599609375 1129.871826171875 625.2779541015625
770.2420654296875 839.2286987304688 732.89013671875 803.9654541015625
697.1604614257812 715.5717163085938 713.544189453125 680.5343017578125
800.9100952148438 650.3016967773438 829.023681640625 628.3471069335938
587.5728149414062 788.4266357421875 594.6314697265625 738.2734375
626.300537109375 614.4921264648438 688.5375366210938 579.4844360351562
719.5037231445312 726.5718994140625 732.2523193359375 692.247314453125
509.9624938964844 681.8101196289062 565.4978637695312 635.7168579101562
1208.18115234375 684.1414184570312 1213.2872314453125 699.045166015625
1152.271484375 784.0216064453125 1113.9775390625 793.1260986328125
1221.34619140625 684.9257202148438 1226.7457275390625 699.9376831054688
617.9193115234375 699.8701171875 648.0219116210938 659.1153564453125
1357.91650390625 724.26806640625 1357.62744140625 754.669677734375
1157.4920654296875 761.832275390625 1129.9002685546875 770.8203735351562
372.45648193359375 731.3342895507812 441.6798400878906 668.4129028320312
696.1845703125 620.5759887695312 746.38671875 591.5795288085938
1464.126220703125 723.479736328125 1476.7403564453125 766.1178588867188
782.4857177734375 541.7877807617188 852.1488647460938 521.8418579101562
1090.1412353515625 569.5039672851562 1137.54345703125 570.552978515625
1186.009521484375 535.3515014648438 1251.58642578125 542.0387573242188
1136.0091552734375 526.376220703125 1202.8453369140625 528.5247802734375
703.9645385742188 624.9050903320312 751.3763427734375 596.6594848632812
622.9972534179688 598.7023315429688 691.1910400390625 565.7599487304688
1186.9613037109375 607.3594970703125 1223.0849609375 614.6620483398438
612.3519897460938 771.42236328125 621.6556396484375 724.011474609375
688.6824340820312 699.6236572265625 710.781982421875 665.9683227539062
930.771728515625 881.665283203125 864.1519775390625 861.8509521484375
1470.8428955078125 834.2749633789062 1434.7149658203125 884.290771484375
864.668701171875 723.1056518554688 860.717529296875 703.454345703125
719.2869873046875 635.6536254882812 762.0697021484375 606.2060546875
703.9645385742188 624.9050903320312 751.3763427734375 596.6594848632812
499.55230712890625 740.1773681640625 538.9617309570312 686.3187866210938
967.742919921875 746.3042602539062 946.812744140625 736.5617065429688
622.8528442382812 791.4022216796875 623.854248046875 744.835693359375
593.037353515625 683.7290649414062 635.4258422851562 642.68603515625
742.2607421875 691.733154296875 761.107421875 662.4407958984375
756.1737670898438 850.7557983398438 716.0065307617188 813.1643676757812
716.9683227539062 839.9393310546875 686.6435546875 798.8785400390625
826.4772338867188 662.528076171875 847.9884643554688 641.8389282226562
1199.8277587890625 673.0849609375 1207.98046875 685.929931640625
719.3923950195312 562.342529296875 787.3751831054688 537.9498291015625
883.49169921875 734.5655517578125 871.7182006835938 716.8595581054688
1075.0115966796875 704.4998779296875 1063.802734375 705.6525268554688
1444.7901611328125 721.0874633789062 1455.9051513671875 761.167724609375
707.732666015625 616.48583984375 757.6234741210938 589.41015625
1245.0670166015625 804.3182373046875 1200.8031005859375 825.2492065429688
1011.4061279296875 762.1131591796875 982.2478637695312 756.3817749023438
1439.3880615234375 709.399169921875 1454.2554931640625 747.9923095703125
756.7822265625 536.77490234375 830.298583984375 516.0120849609375
720.242431640625 809.746826171875 702.3602905273438 770.306396484375
850.4037475585938 721.326416015625 846.455810546875 701.070068359375
1377.899658203125 705.2218017578125 1387.8194580078125 736.9414672851562
593.037353515625 683.7290649414062 635.4258422851562 642.68603515625
380.2325744628906 739.808349609375 445.70343017578125 676.4080810546875
1175.6119384765625 565.8236694335938 1227.815673828125 573.0720825195312
1448.6881103515625 827.7301635742188 1413.929443359375 873.6104125976562
1372.635986328125 694.9156494140625 1385.845703125 725.7374877929688
356.41552734375 746.263427734375 425.68548583984375 681.2625732421875
380.2325744628906 739.808349609375 445.70343017578125 676.4080810546875
900.010498046875 693.74609375 903.1568603515625 678.4174194335938
958.1952514648438 862.0267333984375 893.3866577148438 845.8323364257812
1148.35595703125 616.5325317382812 1177.7266845703125 622.9734497070312
525.8190307617188 745.4295654296875 558.2421875 694.1754760742188
889.4743041992188 882.8506469726562 825.8989868164062 857.7755126953125
766.4468994140625 805.80078125 743.33056640625 771.8003540039062
1095.18896484375 555.2266845703125 1148.0887451171875 555.9920043945312
1238.580322265625 690.2791748046875 1242.9560546875 707.1474609375
937.8583984375 894.278564453125 865.0211791992188 875.932861328125
704.0116577148438 691.3500366210938 726.08203125 660.2037963867188
783.5164184570312 581.4906005859375 838.2840576171875 560.7301025390625
1223.1778564453125 583.7613525390625 1270.2357177734375 596.2698974609375
850.593017578125 681.0477905273438 863.2194213867188 662.962646484375
982.5232543945312 757.7528686523438 956.320068359375 749.504638671875
597.6847534179688 796.9088745117188 600.4891357421875 746.7796630859375
560.8567504882812 817.2367553710938 563.1199340820312 762.1864013671875
898.9560546875 869.9307861328125 836.942138671875 848.04443359375
1160.76220703125 572.3781127929688 1210.1815185546875 579.7650146484375
942.7283935546875 729.5252075195312 930.9030151367188 714.9595336914062
1207.8099365234375 576.0421142578125 1257.6806640625 585.6621704101562
944.6585083007812 856.88818359375 884.6660766601562 840.6149291992188
1411.63330078125 644.3618774414062 1452.81787109375 675.2783203125
560.8567504882812 817.2367553710938 563.1199340820312 762.1864013671875
1255.2088623046875 685.959228515625 1261.511962890625 703.9646606445312
345.9891052246094 740.6535034179688 418.4100341796875 675.0465698242188
1193.296630859375 576.2259521484375 1243.7568359375 583.8161010742188
1201.8582763671875 582.1275634765625 1248.204345703125 593.0185546875
827.96240234375 638.4860229492188 857.0001220703125 618.9526977539062
992.305419921875 766.1005859375 960.2470703125 759.7655639648438
1373.4530029296875 715.8368530273438 1378.224609375 747.4625854492188
