76.01315307617188
88.22698211669922
98.37682342529297
106.4048843383789
117.73699188232422
118.87808990478516
119.01260375976562
123.06095886230469
123.65274047851562
124.3462905883789
126.39620208740234
130.50286865234375
130.51437377929688
131.56747436523438
132.92855834960938
142.3903045654297
145.1171875
148.81532287597656
149.72308349609375
158.3192901611328
161.35675048828125
164.45364379882812
164.9211883544922
173.23683166503906
174.01437377929688
186.02957153320312
188.84649658203125
209.10284423828125
210.6300048828125
213.35182189941406
230.73577880859375
