922.177490234375 872.4287109375 1349.286865234375 537.4935913085938
96.81649780273438 365.63092041015625 915.1229858398438 232.103271484375
685.3883666992188 257.72784423828125 1394.7772216796875 165.54525756835938
338.0569152832031 296.36260986328125 1089.951904296875 190.60169982910156
679.5062255859375 258.1515197753906 1387.24462890625 165.82373046875
408.0487976074219 282.8167724609375 1142.4342041015625 181.42108154296875
679.7797241210938 271.3422546386719 1382.9317626953125 182.0840301513672
679.1499633789062 263.9521179199219 1384.985595703125 173.02882385253906
682.7507934570312 261.49951171875 1389.8018798828125 170.109130859375
686.6206665039062 263.75830078125 1394.4517822265625 172.78701782226562
