833.4686889648438 221.6312713623047 1095.2945556640625 199.08021545410156
484.6224060058594 168.36326599121094 776.3231811523438 149.07907104492188
1119.1669921875 388.03509521484375 1385.958984375 395.135009765625
1098.3009033203125 191.6857452392578 1412.636962890625 166.11990356445312
555.1468505859375 286.1226501464844 824.038818359375 257.59442138671875
555.1468505859375 286.1226501464844 824.038818359375 257.59442138671875
830.90185546875 253.78866577148438 1088.3883056640625 232.50856018066406
408.0487976074219 282.8167724609375 708.4631958007812 250.5012664794922
505.4873352050781 279.4393615722656 783.6192016601562 251.11492919921875
412.9670104980469 142.3115234375 724.3528442382812 126.24689483642578
389.8092956542969 134.91455078125 707.5287475585938 120.69501495361328
1119.1669921875 388.03509521484375 1385.958984375 395.135009765625
1102.8966064453125 197.51046752929688 1418.29248046875 173.47088623046875
1098.3009033203125 191.6857452392578 1412.636962890625 166.11990356445312
1363.1942138671875 280.141357421875 1774.91796875 283.1108093261719
370.34930419921875 143.93711853027344 692.0411376953125 128.2895050048828
1024.654052734375 231.13333129882812 1307.6878662109375 210.77415466308594
531.4842529296875 247.4068603515625 807.5657348632812 223.28311157226562
629.9860229492188 197.51979064941406 899.6432495117188 175.654052734375
1350.66259765625 280.163818359375 1751.9913330078125 281.89031982421875
382.8596496582031 139.66455078125 702.0765380859375 124.72232818603516
847.5343627929688 178.79563903808594 1114.0980224609375 154.666015625
519.9071655273438 193.1724853515625 802.2547607421875 167.93441772460938
1030.1492919921875 244.80580139160156 1313.1925048828125 226.35650634765625
816.5804443359375 174.3138885498047 1083.8704833984375 149.7982635498047
508.06402587890625 150.90023803710938 799.2603149414062 132.314208984375
534.8357543945312 292.86273193359375 806.970458984375 266.7919616699219
878.2101440429688 174.21275329589844 1146.2994384765625 149.33351135253906
818.1817016601562 255.71507263183594 1074.7921142578125 233.81092834472656
750.1304931640625 225.2340850830078 1005.164794921875 204.35397338867188
534.8357543945312 292.86273193359375 806.970458984375 266.7919616699219
820.861083984375 178.4473876953125 1088.2147216796875 153.54486083984375
843.1405029296875 253.00048828125 1099.328369140625 232.9235076904297
538.3111572265625 161.4132843017578 822.6073608398438 138.789306640625
1052.50146484375 239.6193084716797 1344.0484619140625 225.94337463378906
829.4578247070312 243.3147735595703 1087.74365234375 222.8120880126953
578.3954467773438 278.431396484375 842.3220825195312 255.10023498535156
1107.8499755859375 187.03968811035156 1424.32275390625 160.41075134277344
311.85577392578125 297.3247375488281 638.5908203125 260.1819763183594
863.60791015625 177.63975524902344 1131.406494140625 153.32127380371094
1026.477294921875 191.6783447265625 1321.4951171875 168.2196807861328
1109.7113037109375 182.57489013671875 1426.904541015625 155.4904327392578
