1135.2962646484375 748.53466796875 459.96099853515625 743.2410278320312
1153.805908203125 792.1508178710938 438.73486328125 709.2640380859375
1122.430908203125 809.0174560546875 457.9556884765625 689.2705688476562
1160.19921875 813.7958984375 431.4574890136719 694.0948486328125
1142.0977783203125 757.976318359375 453.4641418457031 735.2600708007812
1150.1922607421875 775.364501953125 446.1080627441406 721.6249389648438
1153.805908203125 792.1508178710938 438.73486328125 709.2640380859375
1178.88916015625 762.94384765625 421.9854431152344 740.1781005859375
1147.8858642578125 801.2933959960938 441.1394958496094 701.3494873046875
1382.113037109375 831.5070190429688 277.006591796875 730.0733032226562
1231.682373046875 718.8807983398438 383.74945068359375 805.3010864257812
1231.682373046875 718.8807983398438 383.74945068359375 805.3010864257812
1107.457275390625 704.1560668945312 498.1741638183594 782.472412109375
1374.2266845703125 846.327392578125 286.78521728515625 714.5889892578125
1185.2489013671875 779.6334228515625 420.38677978515625 726.4020385742188
1100.63037109375 696.0707397460938 507.3634948730469 790.0399169921875
1185.2489013671875 779.6334228515625 420.38677978515625 726.4020385742188
1242.9560546875 707.1474609375 375.75335693359375 821.3884887695312
