93.39164733886719
115.43396759033203
118.21167755126953
128.23416137695312
132.49151611328125
138.19912719726562
138.7407684326172
140.06069946289062
140.10353088378906
140.75865173339844
142.66744995117188
145.1171875
148.22955322265625
153.22532653808594
154.99354553222656
156.6365203857422
157.2291259765625
158.1739501953125
167.9761962890625
168.97337341308594
169.40484619140625
170.8800811767578
172.56593322753906
175.1913299560547
177.70481872558594
185.5666961669922
186.49664306640625
197.9292755126953
205.31439208984375
209.31077575683594
209.4325714111328
221.95269775390625
236.19906616210938
