830.90185546875 253.78866577148438 1245.32470703125 99.67340087890625
1098.3009033203125 191.6857452392578 1658.28076171875 101.58045196533203
1098.3009033203125 191.6857452392578 1658.28076171875 101.58045196533203
1205.6553955078125 841.6002807617188 1324.5050048828125 450.8880615234375
1205.6553955078125 841.6002807617188 1324.5050048828125 450.8880615234375
682.7507934570312 261.49951171875 1060.307861328125 77.99451446533203
685.3883666992188 257.72784423828125 1064.8050537109375 74.25977325439453
679.5062255859375 258.1515197753906 1057.540771484375 73.38282012939453
679.1499633789062 263.9521179199219 1056.2783203125 79.94456481933594
818.1817016601562 255.71507263183594 1229.084716796875 97.65772247314453
819.5631103515625 260.6855163574219 1225.76513671875 102.83782958984375
679.7797241210938 271.3422546386719 1054.9906005859375 88.0062026977539
686.6206665039062 263.75830078125 1064.0543212890625 81.1684341430664
674.40625 262.353515625 1052.0517578125 76.8504867553711
