532.39697265625 739.3981323242188 508.74951171875 736.04931640625
514.4234008789062 744.521240234375 493.6562805175781 739.8029174804688
1061.9271240234375 833.2314453125 957.5227661132812 849.1966552734375
1045.988037109375 709.1963500976562 1020.5384521484375 758.4862060546875
1375.3741455078125 843.5143432617188 1395.706298828125 921.0313720703125
514.4234008789062 744.521240234375 493.6562805175781 739.8029174804688
502.0088806152344 744.0007934570312 482.84686279296875 738.2083740234375
891.3394775390625 380.75299072265625 1080.9110107421875 138.30728149414062
517.85498046875 738.1367797851562 495.70318603515625 734.0623779296875
532.1677856445312 732.6596069335938 507.990966796875 729.6734008789062
