1242.7301025390625 902.0360107421875 147.0248260498047 847.0717163085938
1292.040771484375 816.9796142578125 154.65243530273438 939.1702880859375
1232.2137451171875 884.4175415039062 163.7596893310547 851.9014892578125
1314.381103515625 819.8486328125 134.5988006591797 951.03515625
1268.6912841796875 899.6943359375 129.9928436279297 861.6768188476562
1336.6142578125 817.7089233398438 117.10458374023438 967.9513549804688
1149.1842041015625 751.56201171875 326.7325744628906 901.9788818359375
1232.1822509765625 895.9035034179688 157.62831115722656 845.8047485351562
1215.6907958984375 935.580322265625 148.1715087890625 816.5973510742188
1142.190185546875 740.6250610351562 344.0285339355469 906.1612548828125
1199.3560791015625 747.4481201171875 290.27655029296875 941.1177978515625
1095.8721923828125 808.11962890625 312.2700500488281 825.4642944335938
1142.190185546875 740.6250610351562 344.0285339355469 906.1612548828125
1342.824462890625 833.7803955078125 102.71942138671875 956.4232177734375
1169.614501953125 912.1775512695312 192.37728881835938 807.2156982421875
1255.425048828125 919.0584716796875 130.46826171875 843.888671875
1169.614501953125 912.1775512695312 192.37728881835938 807.2156982421875
1179.7130126953125 773.4186401367188 281.0380554199219 903.0196533203125
1196.710205078125 913.5413818359375 172.33871459960938 818.3731079101562
1113.5155029296875 815.6973876953125 292.6819152832031 830.7586059570312
1182.968505859375 759.6416015625 292.0714416503906 916.7498168945312
1298.849365234375 928.6796264648438 97.61166381835938 858.580322265625
1221.07958984375 921.6090087890625 153.11729431152344 825.1835327148438
1166.7938232421875 740.6412353515625 325.19281005859375 923.6937255859375
1166.7938232421875 740.6412353515625 325.19281005859375 923.6937255859375
1157.810791015625 765.238525390625 306.6429443359375 894.4531860351562
1210.1732177734375 897.8675537109375 172.58128356933594 833.5598754882812
1197.4332275390625 740.1690673828125 297.62835693359375 949.0518798828125
1216.950439453125 861.3530883789062 188.60711669921875 857.3856201171875
1272.3360595703125 933.829345703125 113.31991577148438 842.9295043945312
1375.3741455078125 843.5143432617188 73.61087799072266 967.8597412109375
1351.722900390625 808.1571655273438 108.70748138427734 988.5479736328125
1305.3974609375 785.771240234375 164.038818359375 979.7109375
1353.6912841796875 829.412109375 97.67170715332031 967.9739990234375
1351.722900390625 808.1571655273438 108.70748138427734 988.5479736328125
1216.950439453125 861.3530883789062 188.60711669921875 857.3856201171875
1216.950439453125 861.3530883789062 188.60711669921875 857.3856201171875
1040.755615234375 715.8920288085938 452.771484375 858.3584594726562
1186.2464599609375 737.3251342773438 308.4522399902344 941.5902709960938
1088.3739013671875 818.0375366210938 309.0068054199219 814.4915161132812
1309.3245849609375 774.393310546875 163.4014892578125 998.166748046875
1165.046142578125 726.4141235351562 342.9751281738281 937.2635498046875
1215.6907958984375 935.580322265625 148.1715087890625 816.5973510742188
1372.4659423828125 804.5845947265625 93.4454574584961 1008.11328125
1060.7801513671875 804.5092163085938 341.5810241699219 808.0658569335938
