90.1580810546875 763.2868041992188 1185.410888671875 574.3872680664062
1084.6683349609375 802.5191040039062 674.0335693359375 563.2373046875
1156.6600341796875 758.1754760742188 615.0806274414062 592.6837158203125
1112.6365966796875 831.744140625 662.330810546875 546.2615966796875
1156.6600341796875 758.1754760742188 615.0806274414062 592.6837158203125
1084.6683349609375 802.5191040039062 674.0335693359375 563.2373046875
896.3561401367188 434.05450439453125 738.6464233398438 841.9879150390625
1073.438720703125 809.7330322265625 681.4129028320312 559.4050903320312
1092.2523193359375 831.1898803710938 673.9595947265625 546.1593017578125
1073.438720703125 809.7330322265625 681.4129028320312 559.4050903320312
1088.3739013671875 818.0375366210938 672.7559814453125 553.617431640625
