1079.5367431640625 690.9132080078125 513.4752807617188 691.3682861328125
1079.5367431640625 690.9132080078125 513.4752807617188 691.3682861328125
1062.90185546875 701.351806640625 524.780029296875 677.4193115234375
1149.1842041015625 751.56201171875 424.9006652832031 661.7699584960938
1134.5047607421875 655.7267456054688 464.8597412109375 749.8072509765625
1138.204833984375 703.775634765625 445.48046875 695.7081909179688
1090.27783203125 656.419189453125 521.2244262695312 732.4577026367188
1138.8363037109375 715.3988647460938 440.8903503417969 686.3749389648438
1149.1842041015625 751.56201171875 424.9006652832031 661.7699584960938
1151.2415771484375 640.5711059570312 445.3174743652344 781.2025756835938
1099.578857421875 630.6427612304688 526.90234375 772.92529296875
1186.2464599609375 737.3251342773438 392.7144470214844 681.486572265625
441.3169860839844 625.38232421875 1119.7037353515625 582.6802978515625
1166.7938232421875 740.6412353515625 409.4939270019531 672.5971069335938
1081.3619384765625 642.7075805664062 543.0342407226562 750.0260620117188
1166.7938232421875 740.6412353515625 409.4939270019531 672.5971069335938
1096.5751953125 646.4591674804688 518.73583984375 747.8258056640625
