1227.0157470703125 668.58154296875 203.44090270996094 864.043212890625
1245.6639404296875 661.9920654296875 173.33787536621094 892.5176391601562
1227.0157470703125 668.58154296875 203.44090270996094 864.043212890625
1235.7325439453125 621.6002197265625 229.9510955810547 978.4501342773438
1242.876708984375 671.4883422851562 173.13072204589844 872.1441650390625
1235.7325439453125 621.6002197265625 229.9510955810547 978.4501342773438
1132.83642578125 738.2122802734375 281.6764831542969 726.2957153320312
1245.5069580078125 667.3945922851562 170.72537231445312 881.54541015625
1227.8056640625 663.10791015625 206.21377563476562 874.146728515625
1206.3133544921875 614.6912841796875 304.1483154296875 960.9334716796875
1251.988525390625 675.713623046875 153.43373107910156 872.3353881835938
1222.9002685546875 622.0493774414062 258.9021301269531 960.1826782226562
1217.9560546875 649.3806762695312 238.67433166503906 890.0228881835938
1283.17333984375 676.26953125 94.6571044921875 898.7579345703125
1238.1435546875 656.3843994140625 193.2379913330078 896.394287109375
1249.852294921875 609.4085083007812 209.24180603027344 1040.62548828125
1266.3953857421875 679.4669189453125 125.49284362792969 878.2254638671875
1266.3953857421875 679.4669189453125 125.49284362792969 878.2254638671875
1217.9560546875 649.3806762695312 238.67433166503906 890.0228881835938
1260.7034912109375 694.7135009765625 129.09548950195312 848.2411499023438
1210.08984375 663.5531005859375 238.44012451171875 857.5103149414062
1260.7034912109375 694.7135009765625 129.09548950195312 848.2411499023438
1246.48876953125 607.0751342773438 223.39779663085938 1041.0357666015625
1149.1842041015625 751.56201171875 253.54156494140625 724.7447509765625
1149.1842041015625 751.56201171875 253.54156494140625 724.7447509765625
1215.515380859375 608.4078979492188 296.6753845214844 990.2833862304688
1278.6788330078125 691.0655517578125 100.69515991210938 866.5444946289062
1215.515380859375 608.4078979492188 296.6753845214844 990.2833862304688
1221.574951171875 655.193603515625 224.12583923339844 883.4037475585938
1142.190185546875 740.6250610351562 267.5207214355469 729.4713134765625
1252.3741455078125 688.67626953125 147.3656463623047 849.7750854492188
1225.1568603515625 609.3572387695312 271.6950988769531 1004.0076293945312
