42.778499603271484
44.55333709716797
49.264591217041016
52.77309799194336
60.39039611816406
66.87301635742188
66.99253845214844
71.05631256103516
71.07742309570312
76.25614929199219
78.36453247070312
78.77182006835938
79.8248062133789
82.134033203125
86.00581359863281
87.37848663330078
88.0965347290039
89.58236694335938
90.75791931152344
101.31633758544922
102.18121337890625
103.29084777832031
106.56453704833984
108.95411682128906
109.20164489746094
111.88833618164062
112.44109344482422
115.0
120.67311096191406
122.38463592529297
126.37641906738281
126.43971252441406
128.9573516845703
130.0076904296875
130.3917236328125
130.4722137451172
132.683837890625
135.48431396484375
135.97425842285156
136.3341522216797
138.25338745117188
139.39512634277344
139.87136840820312
142.30601501464844
142.70248413085938
144.7169647216797
145.6056365966797
148.5429229736328
148.69432067871094
149.2481231689453
154.89996337890625
157.1527862548828
157.59759521484375
159.05030822753906
159.9718780517578
167.53506469726562
168.6356964111328
171.35635375976562
176.3604278564453
177.46548461914062
178.52171325683594
179.51602172851562
179.5243682861328
179.68026733398438
184.63206481933594
185.43463134765625
188.8597412109375
190.33128356933594
191.25375366210938
192.2810516357422
194.7845001220703
201.982666015625
202.09898376464844
205.958740234375
217.20497131347656
218.3162841796875
227.1123046875
227.8113250732422
229.12660217285156
232.1637420654297
233.2852325439453
240.8568115234375
242.34066772460938
