592.3153076171875 274.9255065917969 1320.192626953125 219.15232849121094
553.6589965820312 562.621826171875 1184.7877197265625 534.9808349609375
319.8201599121094 285.0003356933594 1093.8414306640625 216.11705017089844
311.3954772949219 284.9105529785156 1086.2696533203125 215.66061401367188
291.251708984375 295.7506103515625 1069.803466796875 224.521240234375
827.04052734375 256.23406982421875 1626.03955078125 209.0716094970703
271.273681640625 302.5450439453125 1052.3828125 229.5457000732422
257.7220764160156 304.0276184082031 1043.3154296875 230.23890686035156
1039.237548828125 430.7021484375 1900.793212890625 537.5733642578125
1043.6614990234375 450.79998779296875 1897.1920166015625 574.2841796875
1039.237548828125 430.7021484375 1900.793212890625 537.5733642578125
1038.4722900390625 451.4132080078125 1885.359130859375 571.895263671875
1040.936279296875 453.9541320800781 1889.3653564453125 577.6064453125
1036.893798828125 433.04876708984375 1894.256103515625 540.63525390625
1048.6968994140625 453.9067687988281 1908.0352783203125 582.1815795898438
279.6253662109375 283.48052978515625 1060.38916015625 213.59323120117188
843.472412109375 242.5943145751953 1655.577880859375 189.81097412109375
834.4998168945312 246.2129364013672 1637.573974609375 193.83692932128906
