61.20457458496094
66.18912506103516
78.9620132446289
93.28987121582031
95.83319091796875
109.25657653808594
114.83030700683594
118.54534912109375
120.21646881103516
120.37857055664062
125.19185638427734
126.69254302978516
134.4842071533203
141.2303009033203
142.72000122070312
143.4677734375
144.5994415283203
146.97279357910156
149.65293884277344
164.07925415039062
167.2871856689453
169.77926635742188
170.226318359375
181.94505310058594
198.35069274902344
200.5666961669922
211.05686950683594
226.51931762695312
