727.9429931640625 260.805908203125 975.9995727539062 258.5093078613281
590.6424560546875 123.80980682373047 866.852783203125 129.87388610839844
675.5095825195312 149.25869750976562 936.60791015625 151.011962890625
1166.113037109375 421.54168701171875 1433.889892578125 444.6183166503906
932.8555297851562 258.9176940917969 1180.76123046875 255.4899139404297
636.074462890625 143.4619903564453 903.34912109375 146.93495178222656
639.0814819335938 373.58270263671875 874.7530517578125 365.3233947753906
1168.643798828125 396.0950622558594 1439.736572265625 415.1824951171875
1168.643798828125 396.0950622558594 1439.736572265625 415.1824951171875
746.71728515625 257.0439758300781 994.5195922851562 255.5605010986328
569.08544921875 143.14163208007812 844.5142211914062 149.35940551757812
1277.2835693359375 388.5368347167969 1589.8531494140625 413.85015869140625
1036.8145751953125 405.78271484375 1273.220458984375 417.1861267089844
1073.2978515625 444.68359375 1313.4337158203125 462.9107666015625
1292.4783935546875 164.8350830078125 1658.1593017578125 138.9235382080078
1098.8814697265625 443.9732666015625 1345.681884765625 464.5614929199219
827.04052734375 256.23406982421875 1069.52099609375 253.8534698486328
598.6046142578125 119.37916564941406 871.9340209960938 127.14693450927734
956.7750244140625 156.40826416015625 1225.728515625 144.76168823242188
843.4442749023438 237.0858917236328 1084.91015625 233.79026794433594
840.035400390625 240.8027801513672 1081.294677734375 237.63766479492188
398.99591064453125 229.4438934326172 693.802734375 231.40943908691406
1094.1727294921875 433.7992858886719 1340.4622802734375 452.6592712402344
1168.643798828125 396.0950622558594 1439.736572265625 415.1824951171875
843.4442749023438 237.0858917236328 1084.91015625 233.79026794433594
394.5681457519531 180.68939208984375 694.856689453125 188.1702117919922
569.08544921875 143.14163208007812 844.5142211914062 149.35940551757812
811.30029296875 258.8219299316406 1056.701171875 259.530517578125
1092.0264892578125 430.1922912597656 1338.5350341796875 448.1002502441406
1156.3055419921875 418.812744140625 1421.5615234375 440.6848449707031
709.440673828125 226.8702850341797 961.6085205078125 223.60955810546875
1121.8109130859375 448.3245544433594 1374.195556640625 471.45989990234375
1156.2933349609375 422.9646911621094 1421.104736328125 444.6123352050781
709.440673828125 226.8702850341797 961.6085205078125 223.60955810546875
721.90673828125 188.3556671142578 976.1177978515625 188.3441925048828
990.4261474609375 226.86122131347656 1254.3946533203125 220.24456787109375
702.081787109375 169.59307861328125 960.453125 169.06918334960938
925.1917724609375 224.36802673339844 1175.3653564453125 219.08319091796875
268.22576904296875 115.245849609375 612.6475219726562 134.91989135742188
216.03781127929688 62.11517333984375 580.3992919921875 90.85126495361328
1211.2916259765625 216.52249145507812 1530.5374755859375 205.1023712158203
286.5492248535156 100.76103973388672 626.4930419921875 123.15702819824219
843.472412109375 242.5943145751953 1085.429443359375 239.4681854248047
1043.431396484375 158.30458068847656 1321.9036865234375 143.3423614501953
978.1663818359375 238.30337524414062 1239.0572509765625 232.89671325683594
1044.2821044921875 441.6148681640625 1279.3643798828125 457.6971740722656
1099.13671875 438.120361328125 1346.45263671875 457.67327880859375
1033.6719970703125 442.30718994140625 1266.3389892578125 457.4493713378906
1091.504150390625 437.97802734375 1337.1727294921875 456.806640625
666.9468383789062 168.9766845703125 927.4090576171875 168.93414306640625
935.7805786132812 185.9635467529297 1199.78759765625 178.8958282470703
237.24349975585938 120.9511489868164 591.009521484375 140.9327850341797
956.7750244140625 156.40826416015625 1225.728515625 144.76168823242188
411.2069091796875 193.55560302734375 708.7669067382812 198.2793731689453
988.462646484375 160.64358520507812 1259.7235107421875 149.38003540039062
675.5095825195312 149.25869750976562 936.60791015625 151.011962890625
268.2553405761719 104.40460205078125 614.0018920898438 126.40863037109375
1195.8726806640625 216.82913208007812 1510.5208740234375 205.4583282470703
1052.2022705078125 466.11822509765625 1286.24462890625 484.9151611328125
1080.568603515625 437.32965087890625 1322.849853515625 455.0965270996094
1201.4515380859375 230.83128356933594 1514.538330078125 222.6024932861328
1012.6808471679688 160.22604370117188 1286.6796875 147.85325622558594
281.3631286621094 38.63203811645508 626.9613037109375 69.11785888671875
1167.8995361328125 450.6426696777344 1432.6263427734375 478.0600891113281
1080.568603515625 437.32965087890625 1322.849853515625 455.0965270996094
1049.580810546875 438.67132568359375 1285.2861328125 454.1302185058594
1260.03515625 342.547607421875 1571.4588623046875 356.8807678222656
237.24349975585938 120.9511489868164 591.009521484375 140.9327850341797
1001.5733032226562 237.12200927734375 1266.2064208984375 231.0890350341797
920.067626953125 235.17921447753906 1167.27294921875 230.9441375732422
260.7330017089844 119.9970474243164 607.148681640625 139.2524871826172
919.9010620117188 219.23712158203125 1175.04443359375 215.16677856445312
1049.8624267578125 430.1048278808594 1286.27685546875 444.8874206542969
1060.28515625 462.0354309082031 1296.402587890625 481.8256530761719
832.6595458984375 241.3996124267578 1073.407470703125 238.2670135498047
1085.9727783203125 465.00286865234375 1327.3284912109375 487.02099609375
1075.2091064453125 467.9574279785156 1313.9696044921875 489.5238037109375
1091.504150390625 437.97802734375 1337.1727294921875 456.806640625
1135.78662109375 418.03106689453125 1395.00146484375 437.9761657714844
930.7404174804688 222.64926147460938 1181.1414794921875 216.885009765625
242.0849151611328 117.0438003540039 595.1278076171875 137.158203125
488.9358215332031 152.24093627929688 775.1807250976562 158.8961944580078
978.5169677734375 149.9534454345703 1248.9195556640625 138.12893676757812
1252.6031494140625 355.8236083984375 1560.2244873046875 372.92816162109375
1075.57763671875 440.429931640625 1317.3687744140625 459.00115966796875
1051.3084716796875 426.8515319824219 1288.8341064453125 441.7920837402344
441.7691345214844 204.67733764648438 732.1026000976562 208.1362762451172
1215.6708984375 314.75213623046875 1516.057861328125 323.150634765625
1202.4090576171875 211.7183380126953 1519.3109130859375 199.38043212890625
1054.4036865234375 428.9248046875 1294.08642578125 442.7370910644531
1132.2354736328125 421.92095947265625 1390.89990234375 441.86602783203125
1083.397705078125 467.8836364746094 1324.5938720703125 489.8814697265625
283.990478515625 34.244659423828125 629.286376953125 65.4117431640625
247.9032745361328 83.0641098022461 600.250244140625 109.13700866699219
832.8897094726562 250.04135131835938 1074.17333984375 247.59014892578125
848.9802856445312 241.784423828125 1090.8931884765625 238.1636505126953
1053.84814453125 453.3780822753906 1289.2158203125 470.6087341308594
834.4998168945312 246.2129364013672 1075.1839599609375 242.4999542236328
843.472412109375 242.5943145751953 1085.429443359375 239.4681854248047
249.852783203125 110.1916275024414 600.8948364257812 130.96730041503906
