1556.9173583984375 749.748779296875 1503.4296875 826.2509155273438
1037.4652099609375 495.7509460449219 1061.8121337890625 503.8969421386719
1233.827880859375 596.20458984375 1218.0047607421875 623.9508666992188
1302.3773193359375 561.0349731445312 1309.4576416015625 589.0764770507812
1140.1201171875 521.058349609375 1155.0516357421875 535.7631225585938
1340.9931640625 570.73193359375 1347.268310546875 602.219970703125
1340.9931640625 570.73193359375 1347.268310546875 602.219970703125
1361.0321044921875 740.2546997070312 1282.68896484375 793.7350463867188
1244.719482421875 696.3394775390625 1179.3629150390625 734.4903564453125
1140.1201171875 521.058349609375 1155.0516357421875 535.7631225585938
1037.4652099609375 495.7509460449219 1061.8121337890625 503.8969421386719
1244.719482421875 696.3394775390625 1179.3629150390625 734.4903564453125
1092.1644287109375 517.1875610351562 1106.5792236328125 529.9313354492188
1315.2135009765625 876.0397338867188 1161.190185546875 942.8429565429688
1375.34521484375 571.3333129882812 1386.256591796875 600.6004638671875
1101.85302734375 526.88623046875 1111.7200927734375 540.48193359375
1031.072021484375 498.74908447265625 1053.0174560546875 506.92938232421875
1080.165771484375 517.9974975585938 1092.5318603515625 530.1244506835938
1468.811767578125 743.6621704101562 1404.7816162109375 806.7806396484375
1053.280029296875 643.825439453125 1003.9691772460938 663.90087890625
1059.953857421875 635.6561889648438 1014.7166137695312 654.9111938476562
1205.2122802734375 813.4694213867188 1079.2716064453125 864.7395629882812
1076.8211669921875 573.093017578125 1064.10888671875 589.34423828125
1273.635498046875 607.25341796875 1254.584716796875 637.3656616210938
1251.153564453125 606.189208984375 1229.6214599609375 635.2379760742188
1076.8211669921875 573.093017578125 1064.10888671875 589.34423828125
463.1177062988281 602.83642578125 474.3756408691406 585.5488891601562
1205.2122802734375 813.4694213867188 1079.2716064453125 864.7395629882812
984.058837890625 604.25732421875 953.3793334960938 616.2661743164062
523.0511474609375 675.0473022460938 491.5841369628906 660.2036743164062
1251.153564453125 606.189208984375 1229.6214599609375 635.2379760742188
1080.165771484375 517.9974975585938 1092.5318603515625 530.1244506835938
1402.2261962890625 719.1813354492188 1337.673583984375 772.8665161132812
707.447265625 531.5786743164062 724.91064453125 526.480224609375
534.6531982421875 669.413818359375 505.39984130859375 654.88525390625
1042.1312255859375 736.1281127929688 947.5040893554688 762.9636840820312
1408.054443359375 740.241455078125 1335.6846923828125 798.1055908203125
1256.1422119140625 569.9735107421875 1252.8270263671875 597.2625732421875
907.082763671875 746.2969360351562 810.2061157226562 760.6069946289062
1105.707763671875 700.8788452148438 1032.407470703125 728.3168334960938
1105.634765625 758.06103515625 1002.8905029296875 791.19580078125
1006.0131225585938 491.5430603027344 1031.213134765625 498.3075866699219
1015.1126098632812 591.8255004882812 991.56298828125 604.20263671875
1259.610107421875 609.5634765625 1239.194580078125 639.6737060546875
1258.3448486328125 802.0089111328125 1140.5570068359375 854.1384887695312
1297.5228271484375 576.9537963867188 1295.736328125 606.1863403320312
483.7955627441406 713.43505859375 440.7514343261719 695.0469360351562
1234.695068359375 621.2576904296875 1203.53857421875 651.84716796875
1297.5228271484375 576.9537963867188 1295.736328125 606.1863403320312
1117.3699951171875 529.23388671875 1127.181884765625 543.3932495117188
1254.3350830078125 669.2056274414062 1201.8184814453125 704.3591918945312
992.915283203125 502.98248291015625 1011.7119140625 510.2117919921875
1349.0311279296875 844.5153198242188 1216.006103515625 909.0789184570312
1161.5111083984375 547.8958740234375 1162.922607421875 566.7325439453125
990.9216918945312 600.35009765625 961.8949584960938 612.391845703125
984.058837890625 604.25732421875 953.3793334960938 616.2661743164062
1145.9368896484375 567.7078247070312 1136.93408203125 586.2918090820312
1319.25830078125 735.739990234375 1239.1842041015625 787.4536743164062
1013.6138305664062 693.4139404296875 941.6683349609375 712.442138671875
825.9501342773438 766.1607055664062 719.3892211914062 774.38232421875
1260.279296875 349.1803894042969 1370.1451416015625 352.69171142578125
572.7972412109375 743.8563232421875 501.2154541015625 731.9348754882812
1304.94091796875 842.9356689453125 1169.051513671875 903.46337890625
1319.25830078125 735.739990234375 1239.1842041015625 787.4536743164062
1420.8597412109375 738.2836303710938 1352.4669189453125 798.839599609375
725.5228271484375 566.7656860351562 724.2293090820312 563.09130859375
1297.1290283203125 583.9432373046875 1292.639404296875 614.9425048828125
1112.7694091796875 888.3380737304688 945.4379272460938 933.7509765625
1187.6483154296875 605.0048828125 1162.0357666015625 631.9590454101562
1088.3564453125 618.6713256835938 1052.119384765625 638.2042846679688
1323.871337890625 581.9700927734375 1325.7813720703125 612.605224609375
1105.634765625 758.06103515625 1002.8905029296875 791.19580078125
374.963623046875 594.7074584960938 404.3375549316406 572.2266235351562
1260.03515625 342.547607421875 1370.072998046875 345.78729248046875
1005.8068237304688 745.1654052734375 907.9872436523438 771.5921630859375
1160.8822021484375 541.6212158203125 1165.5281982421875 559.8435668945312
1311.771484375 569.7667846679688 1315.869140625 600.23046875
550.1461791992188 740.3419189453125 482.8724060058594 727.5958251953125
1215.1197509765625 960.4487915039062 1014.819091796875 1023.487060546875
1182.2545166015625 543.3517456054688 1187.0870361328125 563.63525390625
1224.4720458984375 570.2893676757812 1220.8123779296875 596.204833984375
1227.6353759765625 544.2908935546875 1237.38818359375 565.5851440429688
1294.078369140625 563.7467041015625 1298.4930419921875 591.458984375
1234.695068359375 621.2576904296875 1203.53857421875 651.84716796875
1256.73974609375 694.5597534179688 1192.9193115234375 732.5297241210938
876.7763671875 744.3787231445312 780.358154296875 755.727783203125
834.1727905273438 704.1632080078125 755.921630859375 712.0115966796875
1034.23583984375 557.3522338867188 1028.199462890625 568.7725219726562
1264.671142578125 848.9302368164062 1122.710693359375 908.2910766601562
514.0215454101562 637.0889892578125 502.6759338378906 621.781982421875
1306.7259521484375 577.1349487304688 1307.178955078125 607.3434448242188
1013.6138305664062 693.4139404296875 941.6683349609375 712.442138671875
581.2645263671875 569.573974609375 591.6375732421875 559.8853759765625
449.7246398925781 605.9381713867188 462.8722839355469 588.4765014648438
907.8369140625 741.21240234375 812.5731201171875 755.672119140625
1284.7879638671875 813.5298461914062 1161.19384765625 867.883544921875
1086.482421875 567.1575317382812 1075.9967041015625 584.0139770507812
1554.7904052734375 744.720703125 1503.5272216796875 818.6144409179688
1197.385986328125 654.8411865234375 1148.5286865234375 686.4256591796875
1193.1556396484375 533.5753784179688 1204.1307373046875 552.1429443359375
1275.7493896484375 831.8428344726562 1144.4940185546875 888.7938232421875
997.2504272460938 792.0303344726562 876.4209594726562 818.371826171875
897.7182006835938 746.2703247070312 800.7575073242188 758.5390625
1106.47314453125 945.83740234375 908.4577026367188 996.091796875
1229.729736328125 691.2158813476562 1163.7880859375 727.2239990234375
1030.576171875 554.7708129882812 1024.5950927734375 566.938720703125
531.8948974609375 691.820556640625 491.3797607421875 677.48046875
664.5922241210938 544.3914794921875 678.9143676757812 537.4583129882812
1086.7181396484375 736.2272338867188 993.250732421875 764.84033203125
1120.19921875 641.9818115234375 1072.9578857421875 665.3702392578125
805.0852661132812 742.287109375 713.27734375 748.934814453125
1393.3328857421875 751.8704833984375 1313.3740234375 810.1527709960938
1250.6649169921875 350.1319580078125 1358.2384033203125 353.95587158203125
1187.6483154296875 605.0048828125 1162.0357666015625 631.9590454101562
968.9224853515625 719.4444580078125 883.4758911132812 738.3829956054688
1251.343017578125 929.48291015625 1069.3868408203125 992.4187622070312
1229.729736328125 691.2158813476562 1163.7880859375 727.2239990234375
1239.717529296875 785.3717041015625 1127.1187744140625 834.420654296875
962.6729125976562 828.2776489257812 821.7743530273438 854.2584228515625
825.9501342773438 766.1607055664062 719.3892211914062 774.38232421875
667.7017822265625 849.7392578125 534.447998046875 847.90771484375
1180.779052734375 546.2322998046875 1185.2093505859375 565.73779296875
616.0991821289062 860.3782348632812 485.853515625 853.2241821289062
581.2645263671875 569.573974609375 591.6375732421875 559.8853759765625
593.7410278320312 729.3514404296875 527.5839233398438 719.3881225585938
981.4022827148438 766.8607788085938 874.2900390625 790.2637939453125
1182.2545166015625 543.3517456054688 1187.0870361328125 563.63525390625
1253.0631103515625 795.7919921875 1138.697265625 845.5908203125
614.80419921875 811.4171752929688 507.8397216796875 805.2186279296875
1096.4078369140625 659.31103515625 1040.5184326171875 682.707275390625
1127.9600830078125 562.8411865234375 1121.208740234375 580.0462036132812
567.0258178710938 758.6870727539062 488.92352294921875 746.8621826171875
522.322509765625 682.909912109375 486.9560852050781 668.0392456054688
1099.54931640625 332.2746276855469 1208.1063232421875 331.8829650878906
1004.0021362304688 497.90386962890625 1025.47119140625 505.4036865234375
573.2376708984375 726.1640625 511.1065673828125 714.4583129882812
605.7550048828125 740.0252685546875 532.7111206054688 731.0866088867188
1004.3406982421875 610.0763549804688 973.6322631835938 622.8956909179688
681.907470703125 537.0143432617188 697.2723999023438 531.1004638671875
872.674560546875 757.8045654296875 771.1416015625 769.2216186523438
1185.4632568359375 536.248046875 1195.033935546875 554.853271484375
657.1508178710938 824.9404907226562 537.2283935546875 822.1281127929688
694.8058471679688 547.6188354492188 706.4251708984375 541.76708984375
669.1774291992188 652.0616455078125 632.3304443359375 645.4296875
1367.383544921875 744.351806640625 1289.620849609375 800.1775512695312
1251.2271728515625 832.7850341796875 1116.8026123046875 887.1542358398438
440.99139404296875 614.6807250976562 452.1008605957031 595.3294677734375
703.064697265625 688.4371948242188 644.8422241210938 685.73828125
1220.5999755859375 621.5181884765625 1189.7581787109375 651.3272094726562
1127.577392578125 578.2022705078125 1114.1676025390625 597.2319946289062
1227.532470703125 607.2885131835938 1204.3077392578125 634.009765625
1087.4263916015625 546.1010131835938 1087.8304443359375 558.6704711914062
1247.4814453125 614.1065673828125 1224.4029541015625 642.9676513671875
1174.6124267578125 532.7238159179688 1184.697265625 551.1303100585938
1029.4678955078125 546.358154296875 1029.542236328125 557.1932983398438
980.1572265625 827.25390625 838.0741577148438 853.7920532226562
1218.868408203125 596.732177734375 1200.4140625 622.9656372070312
982.6227416992188 706.5774536132812 901.7901611328125 724.5809326171875
733.9568481445312 564.3422241210938 733.591552734375 560.9566040039062
592.66845703125 560.4063110351562 608.6376953125 549.9133911132812
756.9242553710938 672.5689086914062 703.8922119140625 672.1231079101562
1438.64453125 752.876708984375 1362.79248046875 815.5789184570312
1130.8863525390625 760.7469482421875 1024.4698486328125 794.0631713867188
664.5922241210938 544.3914794921875 678.9143676757812 537.4583129882812
1168.4659423828125 947.6226806640625 973.6529541015625 1004.1347045898438
1273.705078125 796.6241455078125 1161.2105712890625 849.7564697265625
994.289306640625 604.0574340820312 963.3460083007812 617.0942993164062
515.6176147460938 691.1514892578125 477.3934020996094 675.4033203125
587.1550903320312 755.00732421875 511.0599060058594 744.1930541992188
1118.102294921875 932.4380493164062 929.3233642578125 984.093505859375
821.4788818359375 750.6231689453125 724.9512939453125 758.270263671875
1130.8863525390625 760.7469482421875 1024.4698486328125 794.0631713867188
1003.685302734375 638.6203002929688 958.1146850585938 658.5885009765625
686.6034545898438 638.96435546875 655.0071411132812 633.442626953125
1212.2330322265625 693.98583984375 1142.6632080078125 728.6742553710938
1234.7149658203125 613.2903442382812 1211.8056640625 641.4743041992188
483.1290283203125 700.9883422851562 445.3439025878906 683.0764770507812
587.1550903320312 755.00732421875 511.0599060058594 744.1930541992188
608.0772705078125 563.4027099609375 622.5187377929688 552.6373291015625
458.2628173828125 596.4503173828125 474.1849670410156 578.6732177734375
944.3566284179688 830.2062377929688 803.1381225585938 856.0306396484375
1234.7149658203125 613.2903442382812 1211.8056640625 641.4743041992188
1327.5904541015625 844.1245727539062 1191.7548828125 907.042236328125
680.3289794921875 824.4820556640625 560.930908203125 822.8614501953125
1112.091552734375 730.9136962890625 1021.9228515625 761.574951171875
849.0728759765625 756.9249267578125 751.4656372070312 766.3432006835938
751.0270385742188 568.3948364257812 746.8710327148438 566.008544921875
619.4630126953125 840.5188598632812 496.60052490234375 834.4891967773438
616.0991821289062 860.3782348632812 485.853515625 853.2241821289062
619.4630126953125 840.5188598632812 496.60052490234375 834.4891967773438
867.5451049804688 727.5044555664062 778.0230712890625 739.9168701171875
876.7763671875 744.3787231445312 780.358154296875 755.727783203125
