590.6424560546875 123.80980682373047 945.1753540039062 113.99403381347656
636.074462890625 143.4619903564453 981.1975708007812 131.4673309326172
675.5095825195312 149.25869750976562 1014.9722290039062 135.28536987304688
1052.19140625 461.32135009765625 1366.5506591796875 492.4716796875
1033.6719970703125 442.30718994140625 1345.39013671875 466.641845703125
598.6046142578125 119.37916564941406 950.7694702148438 110.4005355834961
972.9049682617188 246.3999786376953 1323.1153564453125 235.46054077148438
827.04052734375 256.23406982421875 1146.193115234375 244.69552612304688
1094.1727294921875 433.7992858886719 1428.1376953125 465.9287414550781
1054.4036865234375 428.9248046875 1375.634765625 453.6282958984375
1121.8109130859375 448.3245544433594 1465.3626708984375 488.16497802734375
929.218505859375 230.90626525878906 1266.17431640625 217.44747924804688
1052.19140625 461.32135009765625 1366.5506591796875 492.4716796875
378.6308898925781 181.35057067871094 757.7011108398438 171.94723510742188
1156.2933349609375 422.9646911621094 1520.199951171875 461.6800537109375
840.035400390625 240.8027801513672 1159.197509765625 227.83261108398438
1166.113037109375 421.54168701171875 1535.069091796875 461.9426574707031
378.6308898925781 181.35057067871094 757.7011108398438 171.94723510742188
394.5681457519531 180.68939208984375 768.9325561523438 171.80191040039062
401.079345703125 186.00514221191406 773.9230346679688 176.11895751953125
1084.947265625 432.2984619140625 1415.1875 462.35247802734375
398.99591064453125 229.4438934326172 765.33056640625 214.93836975097656
569.08544921875 143.14163208007812 920.907958984375 133.54296875
1051.5594482421875 456.1376953125 1366.58837890625 485.5768127441406
1116.59716796875 450.1487731933594 1457.41845703125 489.5623474121094
919.2752075195312 224.44387817382812 1254.397705078125 210.2414093017578
975.458984375 151.9332275390625 1345.0418701171875 125.6976089477539
1093.9361572265625 442.15252685546875 1426.407958984375 476.14971923828125
1049.8624267578125 430.1048278808594 1368.2943115234375 454.9781494140625
1091.504150390625 437.97802734375 1424.2314453125 470.49072265625
702.081787109375 169.59307861328125 1038.5523681640625 153.788818359375
394.01678466796875 195.17660522460938 767.35107421875 183.83560180664062
1195.8726806640625 216.82913208007812 1643.1661376953125 200.97744750976562
1068.5599365234375 424.85223388671875 1395.108154296875 451.2906188964844
268.22576904296875 115.245849609375 694.2783203125 117.12785339355469
990.4261474609375 226.86122131347656 1350.37841796875 212.93698120117188
1051.5594482421875 456.1376953125 1366.58837890625 485.5768127441406
1121.511474609375 444.0781555175781 1463.998046875 482.5032958984375
721.90673828125 188.3556671142578 1053.6661376953125 173.80384826660156
286.5492248535156 100.76103973388672 707.6314697265625 105.06768798828125
216.03781127929688 62.11517333984375 665.5225830078125 72.29837799072266
988.462646484375 160.64358520507812 1360.682861328125 136.93783569335938
1135.78662109375 418.03106689453125 1490.646240234375 452.90960693359375
832.6595458984375 241.3996124267578 1151.017578125 228.6121826171875
1195.8726806640625 216.82913208007812 1643.1661376953125 200.97744750976562
1077.021484375 459.9840087890625 1399.996337890625 494.74310302734375
1201.4515380859375 230.83128356933594 1647.0816650390625 219.89012145996094
281.3631286621094 38.63203811645508 710.5570678710938 51.16770935058594
1033.6719970703125 442.30718994140625 1345.39013671875 466.641845703125
1132.2354736328125 421.92095947265625 1484.984130859375 456.7249755859375
1052.2022705078125 466.11822509765625 1365.93798828125 497.2249450683594
1091.504150390625 437.97802734375 1424.2314453125 470.49072265625
1078.0299072265625 438.90838623046875 1404.7667236328125 469.3876037597656
1049.8624267578125 430.1048278808594 1368.2943115234375 454.9781494140625
1075.57763671875 440.429931640625 1401.868408203125 471.7315673828125
1137.9422607421875 438.38232421875 1489.9354248046875 478.63189697265625
1051.3084716796875 426.8515319824219 1371.009521484375 450.6219787597656
199.21937561035156 67.47126007080078 653.3751220703125 80.85810089111328
957.6383666992188 154.3987274169922 1325.021728515625 129.80419921875
220.6849822998047 38.85744857788086 670.5443115234375 54.005409240722656
1080.568603515625 437.32965087890625 1408.3603515625 467.6867370605469
1137.9422607421875 438.38232421875 1489.9354248046875 478.63189697265625
930.7404174804688 222.64926147460938 1268.4312744140625 207.7654571533203
1083.397705078125 467.8836364746094 1408.644775390625 505.5086669921875
441.7691345214844 204.67733764648438 804.8872680664062 192.64320373535156
919.4669189453125 210.47987365722656 1261.9918212890625 193.9398193359375
834.4998168945312 246.2129364013672 1152.7022705078125 233.66030883789062
832.8897094726562 250.04135131835938 1151.28173828125 238.1444549560547
848.9802856445312 241.784423828125 1169.5765380859375 228.54989624023438
919.9010620117188 219.23712158203125 1263.408447265625 208.06448364257812
