71.92356872558594
90.29396057128906
103.84122467041016
105.46089172363281
107.14942932128906
107.25203704833984
107.9212646484375
110.32225799560547
116.52896881103516
117.59251403808594
121.05370330810547
121.88519287109375
134.18270874023438
137.2042236328125
138.39797973632812
147.16317749023438
149.1475830078125
151.77944946289062
162.40382385253906
163.10426330566406
166.43617248535156
171.1811981201172
201.91830444335938
206.392822265625
209.2629852294922
215.1790008544922
226.3868408203125
228.88206481933594
237.11178588867188
