1052.19140625 461.32135009765625 1209.286376953125 392.6197509765625
1051.5594482421875 456.1376953125 1210.5455322265625 386.9926452636719
1052.19140625 461.32135009765625 1209.286376953125 392.6197509765625
1051.5594482421875 456.1376953125 1210.5455322265625 386.9926452636719
1091.504150390625 437.97802734375 1261.0364990234375 381.0121765136719
1168.643798828125 396.0950622558594 1365.94580078125 360.55364990234375
1049.580810546875 438.67132568359375 1214.0311279296875 368.96160888671875
1031.093994140625 400.05908203125 1207.2003173828125 323.3739013671875
1044.2821044921875 441.6148681640625 1207.644287109375 370.4443359375
1168.643798828125 396.0950622558594 1365.94580078125 360.55364990234375
1044.2821044921875 441.6148681640625 1207.644287109375 370.4443359375
1036.8145751953125 405.78271484375 1212.3544921875 331.440673828125
1121.8109130859375 448.3245544433594 1291.3402099609375 401.0551452636719
1091.504150390625 437.97802734375 1261.0364990234375 381.0121765136719
1049.580810546875 438.67132568359375 1214.0311279296875 368.96160888671875
843.4442749023438 237.0858917236328 1064.8050537109375 74.25977325439453
840.035400390625 240.8027801513672 1060.307861328125 77.99451446533203
1051.3084716796875 426.8515319824219 1220.13427734375 357.59808349609375
1069.9774169921875 428.8619384765625 1239.4051513671875 365.069091796875
1073.2978515625 444.68359375 1237.9437255859375 382.29888916015625
1166.113037109375 421.54168701171875 1352.567626953125 386.9892883300781
1080.568603515625 437.32965087890625 1248.5833740234375 377.1015930175781
1085.9727783203125 465.00286865234375 1245.0982666015625 406.44384765625
1098.8814697265625 443.9732666015625 1267.1234130859375 389.5506591796875
1080.926025390625 449.0730285644531 1245.1754150390625 389.29913330078125
1094.1727294921875 433.7992858886719 1265.2696533203125 377.5426940917969
843.4442749023438 237.0858917236328 1064.8050537109375 74.25977325439453
1156.2933349609375 422.9646911621094 1340.213623046875 385.8317565917969
1137.9422607421875 438.38232421875 1313.4063720703125 396.04010009765625
1080.568603515625 437.32965087890625 1248.5833740234375 377.1015930175781
1171.8575439453125 392.6275329589844 1370.671630859375 358.2301330566406
1156.3055419921875 418.812744140625 1342.263916015625 381.3631896972656
1068.5599365234375 424.85223388671875 1239.9415283203125 360.39141845703125
1054.4036865234375 428.9248046875 1223.8076171875 359.8037109375
1085.9727783203125 465.00286865234375 1245.0982666015625 406.44384765625
1063.2977294921875 431.87457275390625 1231.7373046875 365.9160461425781
1039.237548828125 430.7021484375 1205.5447998046875 357.5779724121094
1033.6719970703125 442.30718994140625 1196.1185302734375 366.4173583984375
1132.2354736328125 421.92095947265625 1313.62255859375 376.6587219238281
1095.4749755859375 427.2525634765625 1269.03466796875 370.8602294921875
1069.9774169921875 428.8619384765625 1239.4051513671875 365.069091796875
1047.899658203125 410.9533386230469 1221.7010498046875 340.12750244140625
1099.13671875 438.120361328125 1269.6983642578125 383.1385192871094
832.8897094726562 250.04135131835938 1050.18701171875 86.95487213134766
1135.78662109375 418.03106689453125 1319.0194091796875 374.15863037109375
1075.2091064453125 467.9574279785156 1232.120849609375 406.43072509765625
1077.2288818359375 450.0521240234375 1240.1510009765625 388.7296447753906
1091.4998779296875 446.5744323730469 1257.771240234375 389.76507568359375
848.9802856445312 241.784423828125 1070.9427490234375 79.92186737060547
1048.6968994140625 453.9067687988281 1208.0078125 384.1697082519531
834.4998168945312 246.2129364013672 1052.8699951171875 81.56484985351562
1252.6031494140625 355.8236083984375 1486.6541748046875 343.6704406738281
1260.279296875 349.1803894042969 1499.2330322265625 337.77801513671875
1049.8624267578125 430.1048278808594 1217.2037353515625 360.2619323730469
1136.406494140625 442.1396179199219 1310.07275390625 398.82867431640625
1064.3250732421875 452.7693176269531 1225.185546875 387.5771179199219
1060.28515625 462.0354309082031 1217.7666015625 396.2875061035156
1050.061767578125 450.4659729003906 1210.998046875 381.4964599609375
1052.2022705078125 466.11822509765625 1207.7220458984375 397.3910827636719
1092.0264892578125 430.1922912597656 1265.2235107421875 373.2150573730469
1155.62744140625 429.7250061035156 1336.861328125 393.26617431640625
1055.83544921875 459.3770446777344 1214.110595703125 391.0856628417969
1038.4722900390625 451.4132080078125 1197.172119140625 378.607666015625
1083.397705078125 467.8836364746094 1241.4893798828125 408.97174072265625
1045.2169189453125 429.409912109375 1212.886474609375 358.3695373535156
1040.936279296875 453.9541320800781 1199.5328369140625 381.3973388671875
851.6693115234375 256.9072570800781 1069.625732421875 98.36595153808594
1068.05615234375 470.5813903808594 1223.583984375 406.87457275390625
832.6595458984375 241.3996124267578 1052.0517578125 76.8504867553711
1055.83544921875 459.3770446777344 1214.110595703125 391.0856628417969
1036.893798828125 433.04876708984375 1202.4302978515625 359.7618713378906
832.6595458984375 241.3996124267578 1052.0517578125 76.8504867553711
1072.0911865234375 431.55938720703125 1241.4910888671875 368.2391357421875
843.472412109375 242.5943145751953 1064.0543212890625 81.1684341430664
836.376953125 242.9337615966797 1056.2783203125 79.94456481933594
1260.03515625 342.547607421875 1501.3433837890625 331.2625427246094
1068.05615234375 470.5813903808594 1223.583984375 406.87457275390625
1033.6719970703125 442.30718994140625 1196.1185302734375 366.4173583984375
836.376953125 242.9337615966797 1056.2783203125 79.94456481933594
