101.06928253173828
117.82614135742188
119.63694763183594
133.71986389160156
135.0703582763672
135.2442169189453
136.44046020507812
138.23892211914062
140.71957397460938
141.7356719970703
147.7362518310547
151.2349090576172
151.7465057373047
155.35121154785156
157.2704620361328
158.707275390625
163.77728271484375
168.13685607910156
177.56407165527344
180.51593017578125
185.1728973388672
187.5260009765625
194.47622680664062
196.20907592773438
198.0454559326172
207.1255645751953
211.57504272460938
211.5963134765625
215.15110778808594
