1147.231689453125 441.5753479003906 1310.357666015625 441.5767517089844
784.8721313476562 252.75921630859375 991.9746704101562 98.10604095458984
708.4631958007812 250.5012664794922 913.598388671875 74.60462188720703
1194.10693359375 449.99798583984375 1361.0343017578125 466.6308288574219
1159.0843505859375 453.9482116699219 1319.56591796875 458.46697998046875
1187.590576171875 434.7384948730469 1358.8829345703125 448.80621337890625
932.5855712890625 237.06527709960938 1151.0452880859375 130.75796508789062
1150.4737548828125 435.0973205566406 1316.6251220703125 436.1753845214844
784.8721313476562 252.75921630859375 991.9746704101562 98.10604095458984
914.709716796875 238.3400115966797 1133.348388671875 126.18145751953125
1133.81689453125 419.72998046875 1303.2158203125 414.48736572265625
1154.6031494140625 454.02764892578125 1314.156005859375 456.8101501464844
1145.1002197265625 467.00054931640625 1297.8519287109375 467.1529846191406
920.0975341796875 234.7865447998047 1137.9979248046875 124.08250427246094
925.4345703125 247.36138916015625 1140.9307861328125 140.6030731201172
1169.9581298828125 306.4129333496094 1392.436279296875 303.3688659667969
1186.8248291015625 449.6613464355469 1352.14990234375 464.0648498535156
1181.9613037109375 438.071044921875 1349.232177734375 449.8880615234375
1149.5816650390625 454.0912780761719 1308.29931640625 455.126220703125
1170.177490234375 336.00537109375 1378.7340087890625 336.8660888671875
1184.878662109375 312.7427673339844 1407.1864013671875 315.8954772949219
931.9998168945312 242.03353881835938 1148.6624755859375 136.1839599609375
1152.4805908203125 466.6392517089844 1307.6483154296875 467.6264953613281
1145.6414794921875 472.6485595703125 1296.396728515625 473.1076965332031
