728.7565307617188 304.459716796875 1033.3260498046875 268.218017578125
1024.7274169921875 255.9085693359375 1390.21630859375 222.76551818847656
504.4283142089844 183.1263885498047 857.81298828125 143.32334899902344
504.4283142089844 183.1263885498047 857.81298828125 143.32334899902344
1135.8040771484375 425.58502197265625 1491.869140625 443.79638671875
1155.220458984375 427.9668273925781 1519.493408203125 449.68402099609375
1211.0245361328125 449.6965026855469 1600.6358642578125 487.6129150390625
919.136962890625 253.43067932128906 1255.8681640625 217.6644744873047
768.4293823242188 240.71383666992188 1095.9879150390625 198.82083129882812
857.4845581054688 176.5452117919922 1208.99853515625 129.95361328125
414.8880310058594 122.85649871826172 801.3533325195312 88.27152252197266
517.9767456054688 196.29957580566406 866.5155029296875 155.48367309570312
447.8431701660156 114.15445709228516 826.73095703125 80.5590591430664
159.9472198486328 29.754268646240234 633.3663940429688 15.34217357635498
1123.1226806640625 407.6435546875 1475.5352783203125 418.3552551269531
1034.5780029296875 182.3092041015625 1429.3157958984375 134.0096435546875
915.4747924804688 243.94329833984375 1253.3343505859375 206.54122924804688
1152.4805908203125 466.6392517089844 1507.683837890625 496.396240234375
136.59237670898438 35.45060729980469 617.2180786132812 20.119176864624023
447.8431701660156 114.15445709228516 826.73095703125 80.5590591430664
802.2547607421875 167.93441772460938 1147.3507080078125 120.94002532958984
372.3387145996094 74.46471405029297 776.5785522460938 43.993404388427734
430.6699523925781 110.51370239257812 814.3370971679688 75.94412231445312
899.6432495117188 175.654052734375 1255.9527587890625 128.27499389648438
513.7681884765625 250.00201416015625 853.9895629882812 206.63099670410156
357.1031799316406 81.16732788085938 763.9828491210938 52.54790496826172
1313.1925048828125 226.35650634765625 1851.6083984375 192.52020263671875
1145.1002197265625 467.00054931640625 1496.2420654296875 496.95440673828125
799.2603149414062 132.314208984375 1151.798583984375 82.86972045898438
991.4583129882812 243.651611328125 1354.0435791015625 210.13272094726562
1023.3065185546875 218.78005981445312 1394.5758056640625 177.7142791748047
1117.453857421875 445.19219970703125 1459.8775634765625 465.635498046875
