58.85575485229492
73.56629943847656
95.82797241210938
110.30412292480469
112.3877182006836
116.7861328125
117.38398742675781
119.93331146240234
124.07659149169922
138.32569885253906
140.2747344970703
140.37449645996094
140.91131591796875
142.06687927246094
143.12582397460938
149.3787078857422
150.6851043701172
156.35536193847656
160.29348754882812
160.88194274902344
161.81161499023438
166.5532989501953
167.2064666748047
168.55859375
181.46624755859375
183.33575439453125
185.92471313476562
188.4754638671875
193.97938537597656
201.03233337402344
229.2095184326172
264.5486755371094
