65.74952697753906
68.4689712524414
69.27481842041016
70.9718246459961
71.67286682128906
71.9027099609375
72.46378326416016
75.30604553222656
77.91020202636719
79.65550994873047
81.09870910644531
83.71379852294922
86.05230712890625
87.00574493408203
90.97801971435547
94.09038543701172
94.45633697509766
95.75489807128906
98.71676635742188
103.18914794921875
105.21406555175781
105.33755493164062
116.38728332519531
119.27279663085938
121.03305053710938
122.77214813232422
130.21136474609375
143.94790649414062
145.92807006835938
154.25628662109375
156.00640869140625
157.53094482421875
158.13917541503906
158.32876586914062
163.2329559326172
164.22850036621094
164.80897521972656
166.80528259277344
167.9970245361328
169.5435028076172
172.2701416015625
172.8583221435547
173.27723693847656
183.66273498535156
191.03665161132812
191.68724060058594
191.71853637695312
192.0182342529297
196.8425750732422
198.29270935058594
202.22265625
202.7855987548828
205.3655242919922
215.5736541748047
245.36911010742188
250.179931640625
255.7459716796875
