93.46121978759766
104.74253845214844
109.49885559082031
114.80853271484375
115.18680572509766
117.30302429199219
122.9837417602539
133.21035766601562
138.4665985107422
139.2012939453125
140.03927612304688
143.68020629882812
143.86451721191406
143.88189697265625
145.31346130371094
147.2718505859375
151.98355102539062
152.61717224121094
153.8700714111328
154.86769104003906
158.71987915039062
160.51791381835938
165.0060577392578
165.4901885986328
167.3559112548828
171.79930114746094
184.01358032226562
184.26339721679688
186.7110137939453
198.2447967529297
199.09043884277344
203.03201293945312
213.21820068359375
218.5108642578125
226.64288330078125
256.025390625
