95.4096450805664
107.4709243774414
107.86102294921875
112.6277084350586
121.59769439697266
154.83216857910156
157.43252563476562
158.08226013183594
158.60643005371094
163.5145263671875
164.9545440673828
168.0029754638672
175.47364807128906
181.14910888671875
182.19769287109375
183.65184020996094
186.19882202148438
190.69346618652344
191.91404724121094
192.87042236328125
193.82208251953125
201.01243591308594
209.59722900390625
212.23806762695312
216.1295928955078
223.4994354248047
224.53953552246094
224.66641235351562
225.1155242919922
225.15550231933594
227.4664764404297
241.93800354003906
263.49761962890625
268.8717041015625
272.290283203125
