1431.4346923828125 585.4935302734375 189.6644744873047 726.3389282226562
711.9569091796875 680.5899047851562 959.2291259765625 761.5903930664062
730.6738891601562 763.9235229492188 951.4380493164062 688.1373901367188
702.2709350585938 742.9755859375 967.8262329101562 706.4525756835938
702.2709350585938 742.9755859375 967.8262329101562 706.4525756835938
712.3654174804688 747.1167602539062 962.8541259765625 701.8030395507812
709.3643188476562 753.2967529296875 964.0934448242188 697.64111328125
724.69873046875 752.8829956054688 955.4090576171875 695.7667236328125
757.385986328125 864.428955078125 942.8160400390625 640.5249633789062
722.4716186523438 741.5972290039062 954.6489868164062 704.4039306640625
739.3152465820312 734.6844482421875 943.8037719726562 706.23779296875
706.4778442382812 682.723388671875 965.4215087890625 760.1351318359375
693.28759765625 776.2275390625 973.9609375 686.2560424804688
689.4876098632812 749.6520385742188 976.8230590820312 703.3013916015625
664.7682495117188 689.9002075195312 1000.2236328125 760.207275390625
739.0545043945312 864.185791015625 951.7178344726562 642.3236694335938
706.4778442382812 682.723388671875 965.4215087890625 760.1351318359375
683.0911254882812 670.5169067382812 985.7688598632812 781.1380615234375
683.0911254882812 670.5169067382812 985.7688598632812 781.1380615234375
