1266.3389892578125 457.4493713378906 688.0839233398438 447.438232421875
1313.4337158203125 462.9107666015625 729.127685546875 447.42059326171875
1345.681884765625 464.5614929199219 754.9971923828125 445.59722900390625
1305.0609130859375 480.6175537109375 724.219482421875 464.3753967285156
1346.45263671875 457.67327880859375 755.044677734375 439.2946472167969
1291.3299560546875 476.9603576660156 712.1477661132812 461.9602355957031
1437.2078857421875 473.6080322265625 822.17041015625 444.4864807128906
1324.054443359375 444.0734558105469 736.2979125976562 429.846435546875
1294.8482666015625 498.5202941894531 717.4349975585938 480.0189208984375
1352.86376953125 453.1620178222656 760.0079345703125 434.50372314453125
1341.8763427734375 483.64300537109375 754.0693969726562 462.693603515625
1428.11962890625 495.7602844238281 817.1065063476562 462.79266357421875
1285.6656494140625 501.15814208984375 709.6931762695312 483.6777648925781
1328.5377197265625 475.9397277832031 742.71533203125 456.40093994140625
1424.6934814453125 518.256103515625 816.3781127929688 480.8229064941406
1314.36767578125 496.2060241699219 733.442138671875 475.52716064453125
1439.84375 454.4134826660156 822.465576171875 427.8440246582031
1288.8341064453125 441.7920837402344 705.9373779296875 430.914306640625
1296.402587890625 481.8256530761719 716.8749389648438 464.78424072265625
1291.35986328125 502.0675964355469 714.8355712890625 484.4176940917969
1286.24462890625 484.9151611328125 708.5721435546875 469.993896484375
1296.720458984375 486.54205322265625 717.7626342773438 470.9151916503906
1282.470703125 456.17376708984375 702.0227661132812 444.2339782714844
1282.470703125 456.17376708984375 702.0227661132812 444.2339782714844
1328.2867431640625 448.85064697265625 740.58935546875 433.6541442871094
1302.2774658203125 443.6233825683594 717.4756469726562 431.66290283203125
1266.6143798828125 495.2145080566406 692.6981811523438 481.6199035644531
1433.889892578125 444.6183166503906 817.5960083007812 420.7319030761719
1273.4798583984375 496.88641357421875 699.2042236328125 482.25433349609375
1341.595458984375 476.87042236328125 753.2643432617188 456.44775390625
1290.1708984375 510.57244873046875 714.5450439453125 491.930419921875
1327.3284912109375 487.02099609375 742.8212280273438 466.71221923828125
1433.861572265625 468.1289367675781 819.36083984375 442.1436767578125
1302.6484375 447.6647644042969 718.7928466796875 434.65240478515625
1374.195556640625 471.45989990234375 777.464111328125 448.3013000488281
1273.4798583984375 496.88641357421875 699.2042236328125 482.25433349609375
1081.294677734375 237.63766479492188 424.71661376953125 212.8912353515625
1338.5350341796875 448.1002502441406 747.9861450195312 431.9983825683594
1269.5521240234375 493.0925598144531 695.4542236328125 478.77099609375
1307.768310546875 447.6556701660156 722.9180297851562 434.27972412109375
1351.031982421875 462.72467041015625 759.5277099609375 443.5333251953125
1273.220458984375 417.1861267089844 691.2039794921875 409.71875
1279.7166748046875 480.61419677734375 702.2974853515625 466.3428955078125
1084.5770263671875 246.82630920410156 430.0594787597656 223.45501708984375
1294.5023193359375 470.55303955078125 714.35107421875 455.97271728515625
1297.0428466796875 468.7864990234375 716.1033935546875 454.0519714355469
1421.104736328125 444.6123352050781 808.5551147460938 423.0694885253906
1337.1727294921875 456.806640625 747.901611328125 439.93719482421875
1421.5615234375 440.6848449707031 808.7615356445312 418.4963073730469
1293.291015625 493.5278015136719 715.3131713867188 476.5751953125
1322.849853515625 455.0965270996094 736.2467041015625 439.2200622558594
1285.66259765625 508.58355712890625 710.5918579101562 490.5633239746094
1322.849853515625 455.0965270996094 736.2467041015625 439.2200622558594
1316.5782470703125 509.90838623046875 736.8211669921875 487.3336486816406
1271.642333984375 423.1588439941406 688.8097534179688 415.4874267578125
1297.8818359375 494.0568542480469 720.7440185546875 476.7329406738281
1282.9013671875 477.0476379394531 704.8234252929688 462.27496337890625
