742.0298461914062 268.4732360839844 1264.0467529296875 267.90716552734375
296.54705810546875 499.80218505859375 809.12646484375 454.08984375
302.65216064453125 493.2823181152344 814.7183837890625 450.1007995605469
392.68572998046875 186.85487365722656 952.4271850585938 207.54705810546875
302.65216064453125 493.2823181152344 814.7183837890625 450.1007995605469
299.15277099609375 513.0037231445312 810.3955688476562 463.50439453125
318.38232421875 517.83740234375 821.7117919921875 469.24334716796875
405.5258483886719 177.94400024414062 965.2847290039062 196.77499389648438
472.1725769042969 374.0870056152344 964.1596069335938 364.2197570800781
514.0945434570312 407.1756591796875 989.511474609375 395.96759033203125
