838.92333984375 782.5335693359375 813.6813354492188 643.1307373046875
872.7747802734375 778.3162231445312 795.2343139648438 640.53857421875
849.9876098632812 828.2503662109375 813.070068359375 613.6755981445312
868.8701171875 832.0088500976562 804.2875366210938 609.4609375
885.6065063476562 820.567138671875 794.96728515625 612.869140625
820.20458984375 716.412353515625 815.3385009765625 698.1703491210938
1007.034912109375 748.3876953125 713.405517578125 640.05029296875
845.0027465820312 805.3333740234375 813.081787109375 626.1064453125
793.9051513671875 839.7213134765625 839.9952392578125 615.6676025390625
833.582275390625 839.1671752929688 821.6055297851562 610.5045166015625
830.3452758789062 809.7999267578125 822.0555419921875 625.9447021484375
976.623291015625 753.2970581054688 732.7201538085938 640.5106811523438
783.4971923828125 819.782470703125 842.5161743164062 627.4835815429688
861.3529052734375 804.4267578125 804.4639892578125 625.4029541015625
808.666259765625 726.7850341796875 823.9833374023438 690.1524658203125
813.6512451171875 829.36572265625 830.6318969726562 618.1417236328125
846.959228515625 692.8748779296875 795.5774536132812 721.5718994140625
809.098876953125 715.670654296875 823.5424194335938 701.955078125
856.3345947265625 785.6620483398438 804.451416015625 637.7214965820312
818.7213745117188 780.4068603515625 825.3409423828125 647.5245971679688
841.4937133789062 795.3836669921875 814.1377563476562 632.9086303710938
830.6751098632812 702.26025390625 808.67041015625 710.5805053710938
831.6302490234375 820.1550903320312 821.7901000976562 620.1949462890625
830.3452758789062 809.7999267578125 822.0555419921875 625.9447021484375
983.5743408203125 761.9779052734375 732.321044921875 633.9287109375
