630.3447265625 846.2637329101562 1262.34716796875 817.1378784179688
630.3447265625 846.2637329101562 1262.34716796875 817.1378784179688
596.5985717773438 852.2740478515625 1278.130615234375 831.7955932617188
443.0841979980469 882.3143310546875 1348.031005859375 896.6824340820312
820.20458984375 716.412353515625 1099.3629150390625 773.1524047851562
637.7821655273438 814.039306640625 1241.1846923828125 828.9149780273438
567.8153686523438 823.2915649414062 1273.1353759765625 861.4046630859375
634.4103393554688 735.9437255859375 1181.841552734375 880.027587890625
601.6036376953125 823.5145874023438 1259.521240234375 844.5866088867188
780.5977172851562 851.0066528320312 1219.9033203125 746.6656494140625
645.9043579101562 736.2108154296875 1176.563232421875 871.9434814453125
583.5262451171875 814.3391723632812 1260.450439453125 858.0952758789062
849.9876098632812 828.2503662109375 1186.76806640625 723.7860717773438
581.7193603515625 834.4885864257812 1273.2642822265625 848.2725219726562
655.7149658203125 815.8721923828125 1237.8070068359375 818.0153198242188
653.5440063476562 721.4785766601562 1160.448486328125 879.1032104492188
441.3105773925781 865.8306884765625 1340.4228515625 907.3819580078125
810.5618286132812 793.916748046875 1174.1810302734375 750.3211669921875
634.0540161132812 724.9746704101562 1169.199951171875 888.4326171875
423.8667297363281 881.4236450195312 1355.9205322265625 909.5051879882812
830.3452758789062 809.7999267578125 1180.9715576171875 737.075927734375
441.3105773925781 865.8306884765625 1340.4228515625 907.3819580078125
423.8667297363281 881.4236450195312 1355.9205322265625 909.5051879882812
614.6434936523438 828.4907836914062 1255.3565673828125 833.1842041015625
