1275.513427734375 626.04638671875 315.5333251953125 835.7952270507812
1283.7574462890625 631.3495483398438 297.0490417480469 832.3408813476562
1256.90625 611.8773193359375 365.739501953125 845.8399658203125
1274.2777099609375 629.346435546875 314.36492919921875 829.0718383789062
1283.7574462890625 631.3495483398438 297.0490417480469 832.3408813476562
1278.471435546875 615.3192749023438 321.200439453125 859.3745727539062
1278.4222412109375 606.9992065429688 329.6981506347656 877.3059692382812
1223.209228515625 612.7568359375 423.73046875 813.5974731445312
499.640625 658.8191528320312 922.7177124023438 487.3296813964844
1253.6080322265625 627.0155639648438 355.7584228515625 815.8119506835938
1253.6080322265625 627.0155639648438 355.7584228515625 815.8119506835938
1266.997802734375 606.1312255859375 355.5740661621094 866.8416748046875
697.8182983398438 577.9805908203125 1044.7322998046875 538.2210693359375
