734.0926513671875 352.9134826660156 828.9619750976562 325.83721923828125
1441.7213134765625 699.0808715820312 1445.8740234375 747.4945068359375
288.94671630859375 279.51446533203125 454.777587890625 247.02304077148438
542.8430786132812 338.9873046875 654.1600952148438 308.7943115234375
937.4526977539062 623.8923950195312 914.5691528320312 623.4237670898438
1082.4783935546875 576.1771850585938 1090.72900390625 578.705078125
1441.7213134765625 699.0808715820312 1445.8740234375 747.4945068359375
1253.847412109375 363.5118103027344 1364.1109619140625 348.7556457519531
734.0926513671875 352.9134826660156 828.9619750976562 325.83721923828125
1089.6407470703125 573.0963745117188 1098.7320556640625 575.70751953125
928.465087890625 640.1177978515625 900.786865234375 640.0479736328125
1136.2984619140625 532.56494140625 1167.036376953125 533.1602172851562
1148.6917724609375 525.1034545898438 1183.9708251953125 525.4276733398438
624.3099975585938 860.7859497070312 509.6991271972656 856.1113891601562
1406.4171142578125 688.2410888671875 1406.2705078125 732.1448974609375
195.67982482910156 309.68170166015625 373.1396179199219 274.3994140625
1258.5413818359375 615.9873657226562 1267.347900390625 635.7233276367188
602.1790161132812 690.4150390625 563.54833984375 671.4647216796875
452.31854248046875 634.619384765625 451.06353759765625 603.4520874023438
288.91064453125 301.0364074707031 454.8526306152344 267.1876220703125
1175.3636474609375 528.696533203125 1211.9996337890625 530.8701782226562
288.94671630859375 279.51446533203125 454.777587890625 247.02304077148438
1077.8948974609375 506.83203125 1115.4998779296875 501.572021484375
1285.0865478515625 671.989990234375 1270.7822265625 704.2393798828125
606.0232543945312 770.9524536132812 533.0999145507812 757.599609375
624.3099975585938 860.7859497070312 509.6991271972656 856.1113891601562
1056.3876953125 540.5316162109375 1077.8087158203125 537.5833740234375
1129.59765625 500.87567138671875 1172.7239990234375 496.8836364746094
1701.75341796875 380.3295593261719 1900.2633056640625 381.44134521484375
629.9075927734375 779.0357055664062 550.23193359375 767.6923217773438
1120.7681884765625 590.7173461914062 1126.871337890625 597.5438232421875
1421.3631591796875 676.6568603515625 1430.8013916015625 719.4727783203125
1143.5758056640625 504.3717041015625 1188.24853515625 500.85455322265625
376.8388977050781 785.9027709960938 318.7105712890625 754.134765625
863.1656494140625 754.78955078125 787.4205322265625 761.2577514648438
1236.72216796875 723.26611328125 1197.2454833984375 758.1730346679688
1339.485107421875 630.3008422851562 1354.693603515625 658.0377197265625
1358.87939453125 672.838134765625 1357.771484375 710.0205078125
1199.3717041015625 578.229248046875 1216.6680908203125 588.1021728515625
544.6190795898438 581.4722900390625 557.2697143554688 553.6935424804688
1202.91015625 704.591552734375 1167.5484619140625 733.60205078125
1285.586181640625 611.5567016601562 1300.2728271484375 633.1754760742188
1149.0614013671875 791.251953125 1072.8739013671875 829.0478515625
404.1383972167969 821.3150634765625 328.7786560058594 793.241943359375
994.0846557617188 636.78173828125 971.674072265625 640.5964965820312
1200.539794921875 611.30712890625 1203.0928955078125 627.8521728515625
1574.365234375 338.6434020996094 1744.4776611328125 328.9908447265625
1167.37890625 547.517578125 1191.6951904296875 551.43017578125
1192.2310791015625 582.011962890625 1207.5975341796875 592.5733642578125
1090.561767578125 494.7464599609375 1133.2698974609375 488.85260009765625
1281.3216552734375 616.6375122070312 1292.869384765625 638.4057006835938
1071.517578125 498.4336242675781 1109.8463134765625 492.03216552734375
1235.9705810546875 569.1690673828125 1262.355712890625 580.2974853515625
1089.9569091796875 577.9005737304688 1097.8741455078125 581.51416015625
528.0579223632812 591.96630859375 538.5713500976562 563.69189453125
1207.5799560546875 583.3523559570312 1224.931640625 594.8626098632812
1129.59765625 500.87567138671875 1172.7239990234375 496.8836364746094
1177.38916015625 649.3636474609375 1162.072021484375 668.1442260742188
1281.3216552734375 616.6375122070312 1292.869384765625 638.4057006835938
1168.427734375 508.736572265625 1210.115966796875 507.4479064941406
1133.8128662109375 772.2945556640625 1063.4150390625 805.4381103515625
1192.0606689453125 638.1463012695312 1184.061279296875 655.9943237304688
1262.6693115234375 718.1322021484375 1227.5966796875 753.5301513671875
1168.091552734375 618.2294921875 1165.94580078125 632.3809814453125
1130.726318359375 526.9273071289062 1163.2799072265625 526.7838134765625
1002.4075927734375 510.3223876953125 1032.521484375 502.0886535644531
1089.498046875 490.3148193359375 1133.876708984375 483.8800964355469
1214.466064453125 578.0477294921875 1233.583984375 589.198974609375
1081.8607177734375 774.2901611328125 1003.2091674804688 803.39794921875
377.0779113769531 824.427490234375 304.40948486328125 793.4595947265625
594.5698852539062 746.3213500976562 532.0762329101562 730.1842651367188
1275.5787353515625 609.4905395507812 1288.8673095703125 629.2351684570312
976.9673461914062 653.9303588867188 947.8888549804688 658.2601928710938
1121.2840576171875 808.052490234375 1034.710693359375 845.413330078125
983.25537109375 710.8403930664062 929.3296508789062 722.264892578125
1218.505615234375 563.0003051757812 1244.347900390625 572.6502685546875
1023.5513305664062 544.3419799804688 1042.7259521484375 540.1865844726562
704.3856811523438 905.4927978515625 565.8910522460938 914.7645874023438
1208.193115234375 530.7493896484375 1246.6295166015625 533.5900268554688
839.4560546875 758.1416625976562 762.7280883789062 763.1097412109375
1016.423095703125 730.0783081054688 957.1927490234375 746.728759765625
1121.2840576171875 808.052490234375 1034.710693359375 845.413330078125
837.6536865234375 738.3983154296875 769.9254150390625 741.3688354492188
1111.7041015625 498.99664306640625 1154.9437255859375 494.5390319824219
647.0778198242188 786.2616577148438 565.4713134765625 778.1087036132812
1266.0635986328125 363.930419921875 1376.454833984375 348.9223937988281
484.1579895019531 687.7943725585938 458.3941955566406 660.0150146484375
1292.8203125 563.27587890625 1329.522705078125 577.0330810546875
546.0200805664062 570.6744995117188 563.4519653320312 542.8279418945312
1108.518798828125 497.39501953125 1151.23486328125 493.0299987792969
1035.3670654296875 695.2305297851562 990.3734741210938 709.1109008789062
1155.3262939453125 516.000732421875 1194.5885009765625 515.3850708007812
1233.989990234375 709.96337890625 1200.5513916015625 743.5117797851562
1062.040283203125 726.3576049804688 1006.6835327148438 745.4056396484375
1325.6956787109375 676.0255737304688 1316.22509765625 711.0546875
1214.466064453125 578.0477294921875 1233.583984375 589.198974609375
538.006103515625 582.1240234375 552.681884765625 553.9551391601562
827.0950927734375 765.3417358398438 748.3917236328125 771.157470703125
1200.539794921875 611.30712890625 1203.0928955078125 627.8521728515625
1202.28759765625 566.1181030273438 1224.12158203125 574.8463745117188
1118.1202392578125 498.1247863769531 1164.26123046875 493.2037658691406
984.0221557617188 703.2337646484375 932.7395629882812 713.731201171875
1079.3885498046875 504.477783203125 1117.1627197265625 498.9479064941406
1122.5926513671875 517.753662109375 1158.576904296875 515.8147583007812
1193.2769775390625 647.2734375 1181.8470458984375 666.8246459960938
794.111083984375 771.6884765625 712.8530883789062 774.3394165039062
1077.361083984375 582.7720947265625 1082.055419921875 585.7300415039062
1233.989990234375 709.96337890625 1200.5513916015625 743.5117797851562
1043.02587890625 541.9423217773438 1063.8653564453125 537.9812622070312
1068.211669921875 594.6738891601562 1067.7257080078125 598.5783081054688
479.7322692871094 647.966796875 471.3665466308594 618.5391845703125
1060.86376953125 494.9637145996094 1101.6734619140625 487.9923400878906
1251.731689453125 622.6539916992188 1255.3240966796875 642.8364868164062
1366.3717041015625 707.1942749023438 1351.2305908203125 751.2308349609375
1012.1338500976562 504.37109375 1046.33349609375 495.4305725097656
1089.5509033203125 504.9727783203125 1127.9307861328125 499.96435546875
1020.7391357421875 499.26251220703125 1057.4427490234375 490.2058410644531
1235.6807861328125 614.2962036132812 1241.29541015625 632.8250732421875
1127.6058349609375 649.9808349609375 1107.543701171875 664.8883056640625
880.679443359375 722.71142578125 819.4891967773438 727.1610107421875
1103.294189453125 836.05419921875 1003.2796630859375 875.9010620117188
1366.5467529296875 686.3473510742188 1361.833251953125 726.3172607421875
432.2449645996094 771.3905639648438 373.902587890625 743.0217895507812
1128.37158203125 719.0746459960938 1083.0538330078125 747.8450317382812
1094.63720703125 547.886474609375 1118.8946533203125 547.275146484375
1291.768310546875 631.7910766601562 1297.9420166015625 655.3048706054688
949.0625610351562 627.6619873046875 928.9381103515625 627.21923828125
468.7672119140625 646.4344482421875 460.9757385253906 616.4514770507812
1221.58056640625 690.4818725585938 1191.772705078125 718.807373046875
1158.3253173828125 630.7763061523438 1150.592041015625 643.6589965820312
1066.2398681640625 591.317626953125 1066.522216796875 594.4838256835938
1141.732421875 528.90283203125 1173.6651611328125 529.466064453125
1114.4334716796875 768.9150390625 1041.755859375 799.7909545898438
1060.26171875 575.8397827148438 1066.394287109375 577.0703125
658.3513793945312 920.6564331054688 515.8612670898438 925.3412475585938
954.0037231445312 625.9902954101562 934.854736328125 625.997802734375
873.3118286132812 690.1442260742188 824.4349975585938 691.818359375
993.9755249023438 507.9743347167969 1025.6280517578125 498.6922912597656
992.5827026367188 642.093505859375 968.2756958007812 646.5938110351562
864.1134643554688 713.2897338867188 805.9854125976562 715.6320190429688
928.465087890625 640.1177978515625 900.786865234375 640.0479736328125
1128.37158203125 719.0746459960938 1083.0538330078125 747.8450317382812
1305.2860107421875 607.6580810546875 1323.92529296875 629.0526733398438
913.1460571289062 864.9117431640625 790.7040405273438 890.0640258789062
1179.8155517578125 580.8444213867188 1194.4949951171875 590.8561401367188
665.5804443359375 773.0928955078125 587.3148803710938 764.7266235351562
1015.1044921875 535.3080444335938 1036.4381103515625 529.7274169921875
1084.5390625 500.041259765625 1124.4810791015625 494.35028076171875
1236.72216796875 723.26611328125 1197.2454833984375 758.1730346679688
532.3219604492188 552.632568359375 560.3566284179688 523.2477416992188
1035.3670654296875 695.2305297851562 990.3734741210938 709.1109008789062
474.7823791503906 623.7485961914062 474.58367919921875 593.0109252929688
423.6304931640625 724.2923583984375 388.7521057128906 693.8779907226562
1308.01513671875 618.002197265625 1325.673583984375 641.8836059570312
992.5827026367188 642.093505859375 968.2756958007812 646.5938110351562
960.3563232421875 606.4658813476562 949.8840942382812 602.4635620117188
809.9923706054688 761.0568237304688 732.0575561523438 764.124267578125
825.79931640625 755.791015625 749.2881469726562 758.768798828125
897.3212280273438 882.6206665039062 769.1560668945312 908.74560546875
1079.9547119140625 501.7868347167969 1119.2685546875 495.9900207519531
1079.9547119140625 501.7868347167969 1119.2685546875 495.9900207519531
1039.556884765625 710.3793334960938 986.7435913085938 724.5037841796875
442.3195495605469 686.70849609375 421.6126708984375 654.4303588867188
1081.7088623046875 599.8761596679688 1080.8807373046875 605.3966064453125
946.054443359375 645.2322998046875 915.48681640625 648.329833984375
942.1162719726562 833.8563842773438 834.8933715820312 857.231201171875
611.2055053710938 752.6627807617188 545.014404296875 738.2543334960938
1170.5843505859375 627.4466552734375 1163.88916015625 642.0177612304688
1393.63134765625 613.7764892578125 1424.072021484375 642.5238647460938
1208.2354736328125 745.0480346679688 1155.4169921875 780.21044921875
1325.6956787109375 676.0255737304688 1316.22509765625 711.0546875
658.8716430664062 855.6443481445312 543.818115234375 852.78955078125
1178.6063232421875 627.4869995117188 1173.3153076171875 642.7817993164062
1460.9573974609375 352.8534240722656 1604.34765625 342.045654296875
1086.78515625 579.7630004882812 1093.5086669921875 583.0330810546875
417.1392822265625 804.6342163085938 346.88250732421875 776.4041748046875
1275.5787353515625 609.4905395507812 1288.8673095703125 629.2351684570312
1270.782470703125 618.8328247070312 1280.240966796875 640.1885375976562
850.0156860351562 720.4953002929688 788.681396484375 723.2625122070312
642.9210205078125 882.2726440429688 517.426025390625 881.572998046875
1249.9793701171875 687.5341186523438 1227.0712890625 717.7217407226562
1249.9793701171875 687.5341186523438 1227.0712890625 717.7217407226562
521.8121948242188 574.4833374023438 539.9802856445312 544.654296875
681.2826538085938 881.5621948242188 555.8324584960938 883.3511962890625
513.136474609375 625.3199462890625 510.38201904296875 597.6302490234375
1204.301025390625 715.2041015625 1165.88818359375 745.8073120117188
1209.519287109375 577.2200927734375 1228.060302734375 587.2564697265625
901.14453125 834.158203125 792.1175537109375 853.6577758789062
515.9090576171875 590.9072875976562 529.2352294921875 562.126953125
478.1918029785156 700.6585083007812 447.3558349609375 673.0708618164062
492.3949279785156 638.9409790039062 487.1441650390625 609.949951171875
1095.7310791015625 580.2578125 1103.7933349609375 583.6614990234375
837.6536865234375 738.3983154296875 769.9254150390625 741.3688354492188
1262.6693115234375 718.1322021484375 1227.5966796875 753.5301513671875
888.2244873046875 708.1925659179688 832.2371215820312 712.6163330078125
995.8137817382812 720.0901489257812 937.519775390625 733.1792602539062
1266.210693359375 372.2730407714844 1375.6942138671875 357.18634033203125
1033.0506591796875 732.341552734375 973.9511108398438 750.7525024414062
861.7772216796875 841.6529541015625 749.8761596679688 858.3112182617188
979.995849609375 507.00677490234375 1011.3905029296875 497.0365905761719
942.1162719726562 833.8563842773438 834.8933715820312 857.231201171875
611.482666015625 901.8975219726562 480.58135986328125 899.8016357421875
1094.63720703125 547.886474609375 1118.8946533203125 547.275146484375
674.32568359375 757.5285034179688 598.7644653320312 750.26708984375
875.86572265625 707.6072998046875 818.8310546875 710.4287719726562
590.0418701171875 685.1920166015625 554.7689208984375 664.7406005859375
968.15234375 646.1346435546875 941.30029296875 649.1148681640625
890.4661254882812 746.469482421875 819.1522827148438 754.359375
995.626953125 725.260009765625 934.9757080078125 739.5992431640625
704.0625 853.0111083984375 588.8082885742188 855.8539428710938
1047.5281982421875 705.1224975585938 999.1851806640625 720.816162109375
1081.4105224609375 591.0497436523438 1085.51416015625 595.9072265625
864.1134643554688 713.2897338867188 805.9854125976562 715.6320190429688
556.0914916992188 575.47705078125 571.4176025390625 548.84228515625
1193.7000732421875 566.4266357421875 1215.3450927734375 575.3765869140625
1044.0045166015625 532.6318969726562 1066.8060302734375 526.951416015625
407.8514404296875 719.40087890625 374.8177490234375 688.3906860351562
1073.5177001953125 593.3945922851562 1074.8963623046875 597.8539428710938
1015.1495971679688 714.1724243164062 961.5239868164062 729.23291015625
1169.471923828125 631.9026489257812 1161.9564208984375 647.7396240234375
1106.914794921875 637.759765625 1087.7545166015625 653.3041381835938
1090.3681640625 792.2492065429688 1008.3224487304688 825.60546875
1179.1806640625 573.5416259765625 1195.4005126953125 581.9342651367188
401.6603698730469 710.4230346679688 373.7050476074219 677.3306884765625
1144.55859375 630.2122192382812 1135.5885009765625 643.8894653320312
1178.451904296875 702.93994140625 1138.405517578125 729.317626953125
971.6563110351562 628.4035034179688 951.3164672851562 629.8988037109375
424.8011779785156 692.0457763671875 401.6871643066406 660.8944702148438
953.934814453125 616.7606201171875 938.017578125 615.3753662109375
642.9210205078125 882.2726440429688 517.426025390625 881.572998046875
1123.0791015625 784.6365356445312 1046.3817138671875 818.7836303710938
437.47607421875 696.1148681640625 411.5535888671875 666.212158203125
527.856689453125 583.47509765625 543.4319458007812 555.2792358398438
1111.2921142578125 490.7636413574219 1157.3468017578125 485.07989501953125
1238.910400390625 697.0596313476562 1211.5267333984375 728.0248413085938
949.7305297851562 631.697021484375 927.29638671875 631.3600463867188
1282.268310546875 624.3892822265625 1290.3701171875 647.5183715820312
872.7699584960938 669.6046752929688 833.1395874023438 667.5833740234375
987.8548583984375 510.21734619140625 1020.878662109375 501.3106994628906
885.4203491210938 813.8884887695312 786.0209350585938 828.1435546875
1028.154541015625 534.1028442382812 1051.2264404296875 529.109619140625
1052.6397705078125 716.0344848632812 1000.5266723632812 734.4390869140625
