1401.3828125 529.6085815429688 101.35728454589844 659.2103271484375
1421.066162109375 505.3765563964844 111.86661529541016 624.8045043945312
1401.3828125 529.6085815429688 101.35728454589844 659.2103271484375
1442.2520751953125 466.998779296875 117.25704956054688 577.7532958984375
1368.749267578125 525.9518432617188 60.953033447265625 672.0399169921875
1396.6419677734375 510.8663635253906 87.35444641113281 642.360595703125
1407.7802734375 500.3242492675781 94.9342041015625 625.6537475585938
1336.3829345703125 521.2815551757812 17.081058502197266 685.4981079101562
1336.3829345703125 521.2815551757812 17.081058502197266 685.4981079101562
1373.347412109375 529.864501953125 68.08940124511719 674.0602416992188
1514.1351318359375 529.3818359375 210.16395568847656 610.7373046875
1514.1351318359375 529.3818359375 210.16395568847656 610.7373046875
1395.108154296875 451.2906188964844 56.94261169433594 578.7886962890625
1382.6820068359375 531.34619140625 80.03136444091797 670.8487548828125
1408.3603515625 467.6867370605469 80.75659942626953 591.3447265625
1521.046630859375 542.4450073242188 221.07278442382812 618.8386840820312
1536.264404296875 478.0667419433594 211.0587158203125 556.3907470703125
1344.880859375 523.9268188476562 29.116775512695312 682.7590942382812
1408.3603515625 467.6867370605469 80.75659942626953 591.3447265625
1428.1376953125 465.9287414550781 101.84878540039062 581.6361694335938
1522.8460693359375 545.5321655273438 224.34619140625 620.9481811523438
1375.634765625 453.6282958984375 32.267189025878906 590.537353515625
1390.18603515625 525.9313354492188 86.68855285644531 660.551513671875
1370.6578369140625 516.7806396484375 58.7535514831543 661.7852783203125
1543.0328369140625 430.7296447753906 197.6706085205078 511.2520751953125
1408.644775390625 505.5086669921875 97.86103057861328 630.8076782226562
1394.924560546875 456.1918029785156 59.326316833496094 584.3126220703125
1386.090576171875 458.4852294921875 49.15659713745117 590.7005615234375
1366.5506591796875 492.4716796875 41.20400619506836 636.8439331054688
1465.3626708984375 488.16497802734375 150.20335388183594 589.8867797851562
1414.955810546875 505.52484130859375 105.56838989257812 627.7471923828125
1387.7437744140625 528.50244140625 83.94507598876953 665.166015625
1520.199951171875 461.6800537109375 190.2760009765625 546.2738647460938
1439.64404296875 477.78839111328125 119.69568634033203 589.47265625
1409.4012451171875 494.84381103515625 94.4295654296875 619.4605102539062
1392.937255859375 506.93359375 80.78986358642578 639.87451171875
1400.5615234375 463.63946533203125 68.82403564453125 588.9102783203125
1535.069091796875 461.9426574707031 202.86474609375 541.7272338867188
1426.407958984375 476.14971923828125 104.77195739746094 592.6914672851562
1411.0765380859375 455.965576171875 78.14187622070312 577.7413330078125
1396.3931884765625 504.32110595703125 83.57967376708984 634.6437377929688
1520.199951171875 461.6800537109375 190.2760009765625 546.2738647460938
1383.505859375 502.4256591796875 67.82795715332031 639.4470825195312
1520.990966796875 457.2610168457031 189.12005615234375 541.6767578125
1515.47265625 458.5412292480469 185.199462890625 545.0047607421875
1409.4012451171875 494.84381103515625 94.4295654296875 619.4605102539062
1392.937255859375 506.93359375 80.78986358642578 639.87451171875
1366.566650390625 464.8382568359375 27.46843147277832 606.2123413085938
1341.0584716796875 504.9150085449219 14.501076698303223 664.5087280273438
1366.5506591796875 492.4716796875 41.20400619506836 636.8439331054688
1398.4024658203125 526.48681640625 95.96849822998047 657.357177734375
1388.8740234375 509.43182373046875 77.5772705078125 644.8382568359375
1401.752685546875 457.5355529785156 68.02891540527344 583.0502319335938
1527.7958984375 515.388427734375 216.7563018798828 592.6371459960938
1401.1697998046875 504.8656005859375 89.677490234375 633.3612060546875
1349.907470703125 478.5154113769531 12.980010032653809 629.4603271484375
1343.5045166015625 508.0694274902344 20.110952377319336 668.1268920898438
1371.009521484375 450.6219787597656 25.99295425415039 589.3515625
1520.990966796875 457.2610168457031 189.12005615234375 541.6767578125
1346.6978759765625 505.6015930175781 23.110774993896484 662.3687744140625
1374.5908203125 513.8106079101562 61.81187057495117 655.078125
1380.6512451171875 457.9066467285156 42.32503128051758 592.5674438476562
1406.105224609375 459.6396179199219 73.10787200927734 584.00048828125
1346.8104248046875 502.6158752441406 20.902353286743164 658.2131958007812
1384.3194580078125 466.34765625 51.138938903808594 599.0635986328125
1377.1043701171875 475.23046875 45.90595245361328 612.4486694335938
1358.733154296875 492.8546142578125 31.885746002197266 641.2073364257812
1424.5615234375 487.4565124511719 107.73358917236328 604.7427978515625
1338.650634765625 523.8199462890625 20.985506057739258 686.8309326171875
1401.868408203125 471.7315673828125 73.8945541381836 598.2755126953125
1368.778564453125 432.6044616699219 13.49282455444336 568.6618041992188
1407.15771484375 482.474853515625 86.03773498535156 607.40625
1356.62109375 524.8551635742188 45.02555465698242 676.9373779296875
1378.3687744140625 527.5093383789062 74.4156494140625 668.8939819335938
1338.48583984375 527.8685302734375 21.985271453857422 692.298095703125
1389.938232421875 474.5513610839844 61.779205322265625 606.8519897460938
1373.5823974609375 520.2863159179688 64.33378601074219 664.0772094726562
1382.541259765625 518.6740112304688 73.89446258544922 657.7518920898438
1339.0064697265625 496.80279541015625 8.02934741973877 655.9788818359375
1394.0699462890625 481.4071350097656 69.66947937011719 611.9384155273438
1395.108154296875 451.2906188964844 56.94261169433594 578.7886962890625
1372.0203857421875 488.84002685546875 46.831443786621094 631.5347900390625
1363.456787109375 501.86468505859375 42.75890350341797 648.6990966796875
1369.6962890625 440.3498840332031 19.693416595458984 578.4093627929688
1420.8228759765625 465.130859375 93.89710235595703 585.2005615234375
1361.4134521484375 510.8515930175781 43.608154296875 659.7553100585938
1372.0888671875 467.58209228515625 36.01011276245117 607.08984375
1339.0064697265625 496.80279541015625 8.02934741973877 655.9788818359375
1380.05615234375 477.6761474609375 50.83266067504883 613.9973754882812
1431.529052734375 456.96630859375 101.93312072753906 571.8689575195312
1375.9149169921875 483.05804443359375 48.357666015625 622.5516357421875
1351.8658447265625 505.5102233886719 29.93256378173828 658.8733520507812
1368.2943115234375 454.9781494140625 25.44974136352539 594.462158203125
