72.82170104980469
76.82447814941406
81.6700668334961
85.38150024414062
85.87199401855469
86.97700500488281
88.56636047363281
90.65318298339844
92.73079681396484
94.7734146118164
95.97916412353516
96.8245849609375
98.3208999633789
99.73464965820312
102.85912322998047
104.3311996459961
104.67091369628906
107.45697021484375
107.66150665283203
109.88175201416016
110.29052734375
111.3013916015625
112.94246673583984
114.38968658447266
115.45561981201172
117.43083190917969
118.4229736328125
120.78079223632812
122.82914733886719
122.88612365722656
123.49089050292969
124.3181381225586
124.42266845703125
124.90396118164062
125.09196472167969
125.22380065917969
125.2557373046875
126.54248046875
126.55433654785156
128.4678955078125
129.10073852539062
129.34063720703125
131.04197692871094
131.20594787597656
132.55564880371094
132.6423797607422
132.94735717773438
133.58892822265625
133.72360229492188
134.17526245117188
134.89254760742188
136.4514617919922
136.68211364746094
136.91603088378906
136.95619201660156
137.82960510253906
138.27870178222656
139.60301208496094
139.70326232910156
139.88209533691406
140.40298461914062
140.66983032226562
140.7124786376953
141.33294677734375
141.4814453125
142.1126251220703
142.53070068359375
142.97552490234375
143.02447509765625
143.57228088378906
143.71151733398438
143.89927673339844
144.0208282470703
144.0520782470703
145.40975952148438
145.77037048339844
147.43812561035156
147.6211395263672
147.62791442871094
147.78024291992188
147.82083129882812
147.95945739746094
148.2194366455078
148.44190979003906
148.8623504638672
149.0838623046875
149.35528564453125
150.23980712890625
150.51910400390625
150.73486328125
151.52557373046875
151.578369140625
151.80580139160156
151.87823486328125
152.04605102539062
152.5155792236328
152.6466522216797
152.99673461914062
153.1012725830078
153.17311096191406
153.22532653808594
153.3818817138672
153.44053649902344
154.3891143798828
154.65121459960938
154.68031311035156
155.1450958251953
155.38983154296875
155.4638214111328
155.56671142578125
155.8268280029297
155.8749542236328
156.67800903320312
156.7737274169922
156.79605102539062
156.83111572265625
157.2482147216797
157.33721923828125
157.78782653808594
158.6915283203125
161.66014099121094
161.84561157226562
161.96295166015625
162.44076538085938
162.46231079101562
162.52076721191406
162.70526123046875
163.11346435546875
163.8230743408203
163.98475646972656
163.99085998535156
164.07620239257812
164.9818115234375
165.1151123046875
165.43276977539062
167.01795959472656
167.1825408935547
167.27821350097656
167.50521850585938
168.18441772460938
168.2319793701172
168.8372039794922
168.8905029296875
169.04141235351562
169.23947143554688
169.2483367919922
169.54940795898438
170.19400024414062
171.0233917236328
171.64207458496094
171.720703125
171.77601623535156
172.4470977783203
172.53695678710938
173.45028686523438
173.59722900390625
173.62026977539062
173.66346740722656
173.8763885498047
173.8792724609375
174.63104248046875
174.76556396484375
175.46510314941406
175.75836181640625
175.7953338623047
176.16754150390625
176.2271270751953
176.56443786621094
176.82760620117188
176.88414001464844
178.11793518066406
178.3479766845703
180.15826416015625
180.65159606933594
182.7101593017578
182.712890625
184.36105346679688
184.6483154296875
185.2943572998047
185.38607788085938
185.4319305419922
185.7471466064453
186.32766723632812
186.367919921875
186.4001007080078
186.5690155029297
187.32058715820312
187.400634765625
188.08773803710938
188.22592163085938
188.44361877441406
189.3594512939453
189.98947143554688
190.06051635742188
190.33128356933594
190.71969604492188
191.1072998046875
191.59071350097656
191.8775634765625
192.23683166503906
194.8666229248047
195.84176635742188
196.34153747558594
196.41282653808594
197.37020874023438
197.40060424804688
197.85348510742188
197.9545440673828
198.03030395507812
198.47921752929688
198.99246215820312
200.41456604003906
202.8102569580078
203.00985717773438
203.6074676513672
204.3991241455078
206.24984741210938
206.5671844482422
210.1547088623047
211.723876953125
212.11553955078125
213.2088165283203
213.3658905029297
216.35850524902344
216.5987091064453
216.89859008789062
217.6786651611328
218.826416015625
220.111328125
220.19082641601562
221.5558624267578
223.5106201171875
226.4265899658203
227.35214233398438
229.1004180908203
229.69110107421875
230.1434326171875
230.24769592285156
230.38446044921875
231.6117401123047
232.40481567382812
266.26678466796875
