42.57933807373047
48.559242248535156
63.17436218261719
64.56779479980469
65.12296295166016
65.26101684570312
66.76825714111328
71.11258697509766
71.87489318847656
72.2634048461914
74.24958038330078
75.02666473388672
77.80745697021484
78.42193603515625
79.10120391845703
79.8122787475586
81.1541748046875
81.16033172607422
81.90848541259766
82.78888702392578
82.93973541259766
82.95781707763672
84.16650390625
85.0
85.28775024414062
88.14192962646484
88.831298828125
91.72785949707031
92.29301452636719
92.49324035644531
96.50906372070312
96.8813705444336
96.9123306274414
97.52947998046875
98.76740264892578
100.37928009033203
100.68763732910156
102.10289001464844
102.37187194824219
105.11422729492188
107.36852264404297
107.76363372802734
108.53570556640625
108.82095336914062
111.36426544189453
112.21853637695312
112.51222229003906
112.73863220214844
112.93803405761719
113.23426818847656
113.94735717773438
114.02192687988281
114.2716064453125
114.28472900390625
114.90866088867188
115.84903717041016
116.25833129882812
116.57615661621094
118.22013092041016
118.38496398925781
119.72050476074219
120.01249694824219
120.63166809082031
120.64824676513672
121.1239013671875
123.0
123.86686706542969
124.35433197021484
126.64912414550781
126.90941619873047
127.77715301513672
129.35609436035156
131.94317626953125
132.03030395507812
133.55523681640625
134.219970703125
135.65765380859375
136.34881591796875
136.41847229003906
137.1531982421875
138.3943634033203
138.41964721679688
140.03927612304688
140.2640380859375
140.31393432617188
140.7053680419922
142.70948791503906
142.98251342773438
144.01736450195312
145.64340209960938
145.7223358154297
145.79437255859375
145.83895874023438
151.93748474121094
152.01315307617188
152.2793426513672
152.64337158203125
152.91500854492188
154.40855407714844
158.15182495117188
158.52444458007812
162.8465576171875
164.5691375732422
164.79684448242188
168.0238037109375
169.8175506591797
175.81524658203125
181.23741149902344
184.1249542236328
191.68724060058594
198.1312713623047
203.1058807373047
207.49217224121094
228.3068084716797
