68.53466033935547
70.65408325195312
100.06497955322266
103.21821594238281
109.63575744628906
115.22586822509766
118.28778839111328
124.10076904296875
126.90547943115234
133.55148315429688
141.50265502929688
143.8193359375
151.09930419921875
153.7920684814453
160.1998748779297
162.88645935058594
169.54940795898438
173.72679138183594
174.59095764160156
175.68153381347656
176.94349670410156
181.3890838623047
191.0915985107422
195.49679565429688
211.54904174804688
213.67498779296875
220.37921142578125
226.42437744140625
261.9694519042969
