1373.347412109375 529.864501953125 1446.492919921875 571.9364013671875
1516.407470703125 550.0294189453125 1586.20263671875 640.6597290039062
1351.392578125 516.9844970703125 1428.861572265625 552.1611328125
1352.5411376953125 438.2413635253906 1457.701904296875 478.3262634277344
1354.404052734375 454.0647277832031 1454.4368896484375 494.08074951171875
1364.3990478515625 515.2151489257812 1442.408935546875 555.4217529296875
1368.749267578125 525.9518432617188 1443.2369384765625 566.444580078125
1399.996337890625 494.74310302734375 1486.3699951171875 548.9332885742188
1384.3194580078125 466.34765625 1481.235107421875 516.1257934570312
1372.0888671875 467.58209228515625 1467.7314453125 513.2645874023438
1420.07373046875 499.9450378417969 1505.568603515625 559.9227294921875
1372.0203857421875 488.84002685546875 1459.9779052734375 533.4060668945312
1337.6998291015625 508.0559387207031 1418.34912109375 539.0906982421875
1352.5411376953125 438.2413635253906 1457.701904296875 478.3262634277344
1424.2314453125 470.49072265625 1520.9605712890625 534.4326782226562
1363.306396484375 482.4848327636719 1453.5958251953125 524.4580078125
1392.7071533203125 466.7400817871094 1489.261962890625 520.2469482421875
1336.3829345703125 521.2815551757812 1412.2230224609375 550.988037109375
1396.6419677734375 510.8663635253906 1476.9095458984375 562.68603515625
1375.634765625 453.6282958984375 1477.142822265625 501.1401672363281
1336.3829345703125 521.2815551757812 1412.2230224609375 550.988037109375
1442.2520751953125 466.998779296875 1541.4266357421875 537.5712280273438
1395.108154296875 451.2906188964844 1498.736083984375 506.352294921875
1428.1376953125 465.9287414550781 1526.725830078125 531.3570556640625
1395.108154296875 451.2906188964844 1498.736083984375 506.352294921875
1408.3603515625 467.6867370605469 1505.2845458984375 526.0634155273438
1413.501708984375 490.6724853515625 1501.8690185546875 549.6713256835938
1394.0699462890625 481.4071350097656 1485.2132568359375 534.1945190429688
1369.6962890625 440.3498840332031 1475.4652099609375 486.5837097167969
1408.644775390625 505.5086669921875 1491.2529296875 561.7742309570312
1390.18603515625 525.9313354492188 1464.9989013671875 574.041259765625
1398.4024658203125 526.48681640625 1473.128662109375 577.5386962890625
1366.5506591796875 492.4716796875 1452.9517822265625 534.987060546875
1343.5045166015625 508.0694274902344 1423.5819091796875 542.1414184570312
1395.663330078125 529.11767578125 1469.0203857421875 578.5663452148438
1465.3626708984375 488.16497802734375 1557.281982421875 565.3700561523438
1382.6820068359375 531.34619140625 1455.0628662109375 576.3591918945312
1387.7437744140625 528.50244140625 1461.161865234375 575.3850708007812
1353.0960693359375 430.9814758300781 1460.8365478515625 471.0758361816406
1373.5823974609375 520.2863159179688 1449.9764404296875 563.2080688476562
1414.298583984375 470.4065246582031 1510.3094482421875 530.8318481445312
1352.97265625 481.2406311035156 1443.0411376953125 520.0110473632812
1362.4136962890625 489.62042236328125 1449.9014892578125 530.8091430664062
1436.01025390625 462.3173828125 1536.27783203125 531.2537841796875
1375.9149169921875 483.05804443359375 1466.3463134765625 529.4949340820312
1574.365234375 338.6434020996094 1743.071044921875 457.9804382324219
1366.5506591796875 492.4716796875 1452.9517822265625 534.987060546875
1484.8912353515625 474.304931640625 1583.4959716796875 559.4923706054688
1493.9525146484375 444.2899475097656 1605.6077880859375 533.8955078125
1404.1007080078125 485.0317687988281 1494.8804931640625 541.3950805664062
1377.1043701171875 475.23046875 1470.1641845703125 522.1720581054688
1345.39013671875 466.641845703125 1440.06005859375 503.2193603515625
1344.880859375 523.9268188476562 1420.31884765625 556.0137939453125
1382.6820068359375 531.34619140625 1455.0628662109375 576.3591918945312
1377.1043701171875 475.23046875 1470.1641845703125 522.1720581054688
1543.0328369140625 430.7296447753906 1665.67138671875 538.0115356445312
1462.869873046875 344.0878601074219 1613.948974609375 423.22747802734375
1345.39013671875 466.641845703125 1440.06005859375 503.2193603515625
1410.73095703125 480.4562683105469 1502.71533203125 539.1179809570312
1346.6978759765625 505.6015930175781 1428.554443359375 540.3574829101562
1364.3990478515625 515.2151489257812 1442.408935546875 555.4217529296875
1543.0328369140625 430.7296447753906 1665.67138671875 538.0115356445312
1366.566650390625 464.8382568359375 1462.9561767578125 508.50927734375
1354.58203125 489.4867248535156 1441.7467041015625 528.476806640625
1354.58203125 489.4867248535156 1441.7467041015625 528.476806640625
1349.907470703125 478.5154113769531 1441.118408203125 515.9529418945312
1701.75341796875 380.3295593261719 1869.932373046875 546.0899047851562
1511.0712890625 472.2336120605469 1613.768798828125 566.787353515625
1403.335693359375 480.1388244628906 1495.53857421875 536.32421875
1536.9583740234375 494.5340576171875 1630.3258056640625 597.3555908203125
1358.733154296875 492.8546142578125 1444.978759765625 532.1398315429688
1535.069091796875 461.9426574707031 1642.8189697265625 565.4393310546875
1370.487548828125 500.28961181640625 1455.213134765625 541.7435913085938
1406.105224609375 459.6396179199219 1506.1033935546875 517.8116455078125
1383.505859375 502.4256591796875 1467.0267333984375 549.6427612304688
1427.12548828125 460.9975280761719 1526.9898681640625 526.1931762695312
1388.8740234375 509.43182373046875 1469.829833984375 558.579833984375
1520.199951171875 461.6800537109375 1625.818603515625 560.8510131835938
1401.868408203125 471.7315673828125 1496.8663330078125 527.94921875
1358.6837158203125 451.24420166015625 1459.6409912109375 492.98724365234375
1520.199951171875 461.6800537109375 1625.818603515625 560.8510131835938
1371.009521484375 450.6219787597656 1472.794677734375 497.3067932128906
1389.6077880859375 503.2182922363281 1472.70947265625 553.1653442382812
1401.3828125 529.6085815429688 1474.0399169921875 580.992919921875
1474.039794921875 346.07598876953125 1626.6339111328125 429.52685546875
1426.407958984375 476.14971923828125 1520.8592529296875 540.5383911132812
1371.354248046875 457.6495361328125 1471.4508056640625 503.89031982421875
1382.541259765625 518.6740112304688 1459.182861328125 564.37841796875
1345.9466552734375 480.47857666015625 1436.3330078125 516.5515747070312
1407.15771484375 482.474853515625 1498.6768798828125 540.0107421875
1455.920654296875 322.1488952636719 1616.4561767578125 397.8894348144531
1489.9354248046875 478.63189697265625 1587.53955078125 565.6978759765625
1346.777587890625 453.3681945800781 1447.374267578125 490.98480224609375
1373.094482421875 507.57952880859375 1454.5345458984375 551.4285888671875
1386.090576171875 458.4852294921875 1485.77099609375 509.45526123046875
1511.0712890625 472.2336120605469 1613.768798828125 566.787353515625
1401.3828125 529.6085815429688 1474.0399169921875 580.992919921875
1463.998046875 482.5032958984375 1559.208251953125 560.360107421875
1253.847412109375 363.5118103027344 1381.8719482421875 369.93817138671875
1520.990966796875 457.2610168457031 1629.533935546875 556.1949462890625
1431.529052734375 456.96630859375 1533.8037109375 524.6425170898438
1260.1961669921875 377.9252624511719 1382.511962890625 387.5394592285156
1471.0521240234375 326.4009704589844 1629.647216796875 407.4262390136719
1370.6578369140625 516.7806396484375 1448.2113037109375 558.8720703125
1394.0699462890625 481.4071350097656 1485.2132568359375 534.1945190429688
1401.1697998046875 504.8656005859375 1483.4891357421875 558.5287475585938
1389.938232421875 474.5513610839844 1483.4468994140625 526.3548583984375
1396.3931884765625 504.32110595703125 1479.4334716796875 556.8245849609375
1354.12060546875 520.8302001953125 1429.58154296875 556.8961181640625
1404.7667236328125 469.3876037597656 1500.9287109375 526.4114379882812
1378.3687744140625 527.5093383789062 1452.2943115234375 570.9447021484375
1515.47265625 458.5412292480469 1622.790283203125 554.9075317382812
1373.5823974609375 520.2863159179688 1449.9764404296875 563.2080688476562
1494.35107421875 346.7874450683594 1649.249267578125 437.0843811035156
