1003.2796630859375 875.9010620117188 700.2664794921875 631.2865600585938
1003.2796630859375 875.9010620117188 700.2664794921875 631.2865600585938
1008.3224487304688 825.60546875 697.816162109375 655.0276489257812
1062.9315185546875 870.4978637695312 672.7920532226562 635.020751953125
1034.710693359375 845.413330078125 685.053955078125 645.7205810546875
1034.710693359375 845.413330078125 685.053955078125 645.7205810546875
957.1927490234375 746.728759765625 728.7984619140625 701.9041137695312
1010.6655883789062 811.8807373046875 696.460693359375 662.1340942382812
1024.885498046875 808.171142578125 688.5386962890625 664.5759887695312
1057.5345458984375 856.550537109375 674.3104858398438 641.0302124023438
944.260009765625 719.9046630859375 737.8863525390625 723.0709838867188
1057.5345458984375 856.550537109375 674.3104858398438 641.0302124023438
926.238037109375 754.1477661132812 745.724609375 694.9017333984375
980.2708129882812 877.0709228515625 711.7374877929688 629.9603881835938
1056.64453125 843.5235595703125 673.9364013671875 647.1007080078125
1012.1806030273438 832.015625 696.0383911132812 652.0026245117188
1012.6134643554688 1021.3862915039062 698.4432373046875 584.8163452148438
992.4620971679688 988.8900756835938 706.3610229492188 592.6611328125
1046.3817138671875 818.7836303710938 677.3509521484375 659.539794921875
1000.5266723632812 734.4390869140625 700.3658447265625 712.8905029296875
1003.2091674804688 803.39794921875 700.305419921875 666.7072143554688
1072.8739013671875 829.0478515625 664.266357421875 654.8489379882812
1041.755859375 799.7909545898438 679.4326782226562 670.1154174804688
934.9757080078125 739.5992431640625 742.36767578125 706.5610961914062
1041.0247802734375 858.7709350585938 682.6336059570312 639.736572265625
992.4620971679688 988.8900756835938 706.3610229492188 592.6611328125
987.1482543945312 740.2828979492188 709.1950073242188 706.748291015625
987.1482543945312 740.2828979492188 709.1950073242188 706.748291015625
999.5310668945312 859.4284057617188 702.557373046875 639.1505126953125
973.9511108398438 750.7525024414062 717.6524658203125 698.190185546875
999.5310668945312 859.4284057617188 702.557373046875 639.1505126953125
1063.4150390625 805.4381103515625 667.473876953125 667.440185546875
961.5239868164062 729.23291015625 727.9537353515625 717.3575439453125
1012.0372314453125 722.9330444335938 692.781494140625 723.1636962890625
990.3734741210938 709.1109008789062 706.70166015625 735.7191162109375
