1253.53955078125 200.7333221435547 1691.9456787109375 251.77674865722656
1123.0516357421875 102.28643798828125 1577.699462890625 60.60418701171875
1507.683837890625 496.396240234375 1840.6787109375 766.4808349609375
1040.0267333984375 211.5266571044922 1425.345947265625 169.0803985595703
1484.0181884765625 493.4670715332031 1808.9046630859375 748.6063232421875
1259.3724365234375 196.1540069580078 1699.5853271484375 248.92340087890625
1464.94677734375 518.5694580078125 1769.6461181640625 761.7305297851562
1480.058349609375 518.2736206054688 1789.9296875 771.3078002929688
1259.3724365234375 196.1540069580078 1699.5853271484375 248.92340087890625
1480.058349609375 518.2736206054688 1789.9296875 771.3078002929688
1095.9879150390625 198.82083129882812 1496.104248046875 175.23280334472656
1447.6824951171875 522.2120971679688 1743.9298095703125 754.3594360351562
1533.6370849609375 527.3689575195312 1857.253662109375 817.2388305664062
367.67279052734375 347.2917785644531 819.4537353515625 78.7059097290039
1538.612060546875 494.2077941894531 1884.90771484375 784.9501342773438
1261.9361572265625 200.81622314453125 1699.260986328125 254.87220764160156
