1194.86669921875 669.947509765625 382.3177185058594 963.0504150390625
1184.061279296875 655.9943237304688 420.1033630371094 970.9804077148438
1334.8387451171875 720.7484130859375 120.75393676757812 1034.004638671875
1197.2454833984375 758.1730346679688 264.81683349609375 878.6188354492188
1227.5966796875 753.5301513671875 233.65171813964844 903.5892944335938
1370.92529296875 756.35205078125 48.051841735839844 1016.7817993164062
1351.2305908203125 751.2308349609375 78.59732818603516 1004.3676147460938
1227.0712890625 717.7217407226562 275.7952575683594 937.66015625
1227.0712890625 717.7217407226562 275.7952575683594 937.66015625
1197.2454833984375 758.1730346679688 264.81683349609375 878.6188354492188
