1019.3792114257812 232.48428344726562 1320.192626953125 219.15232849121094
867.9774169921875 167.4850311279297 1156.8604736328125 146.56619262695312
1255.8681640625 217.6644744873047 1626.03955078125 209.0716094970703
781.2669067382812 94.65049743652344 1087.249267578125 72.0505599975586
1240.8507080078125 223.41831970214844 1607.0233154296875 216.65713500976562
866.5155029296875 155.48367309570312 1160.137451171875 133.5720672607422
814.3370971679688 75.94412231445312 1122.041015625 51.30581283569336
801.3533325195312 88.27152252197266 1107.9031982421875 64.38248443603516
1025.461181640625 101.33232879638672 1350.7740478515625 70.77483367919922
781.2669067382812 94.65049743652344 1087.249267578125 72.0505599975586
613.4655151367188 250.10525512695312 882.8025512695312 233.4779815673828
1259.3724365234375 196.1540069580078 1634.4569091796875 182.06321716308594
1444.1673583984375 532.87548828125 1838.890869140625 640.7738647460938
1266.554443359375 196.16038513183594 1645.252685546875 181.85968017578125
1447.6824951171875 522.2120971679688 1847.10107421875 626.448974609375
873.5064697265625 147.49551391601562 1167.397705078125 125.50367736816406
1447.6824951171875 522.2120971679688 1847.10107421875 626.448974609375
1253.53955078125 200.7333221435547 1626.028076171875 187.259521484375
1473.1357421875 504.2858581542969 1891.178466796875 609.9080810546875
814.2319946289062 58.05626678466797 1124.5302734375 32.169742584228516
1031.6422119140625 341.8349304199219 1306.9368896484375 345.8803405761719
1123.0516357421875 102.28643798828125 1472.7030029296875 68.20430755615234
1465.1700439453125 512.8704223632812 1876.5802001953125 619.130126953125
1253.3343505859375 206.54122924804688 1624.2291259765625 194.81765747070312
1456.5260009765625 509.69073486328125 1863.2703857421875 613.4554443359375
862.7352905273438 187.21971130371094 1148.302734375 168.0579376220703
1465.1700439453125 512.8704223632812 1876.5802001953125 619.130126953125
1452.6961669921875 502.29046630859375 1859.3397216796875 602.7223510742188
1031.6422119140625 341.8349304199219 1306.9368896484375 345.8803405761719
1457.0313720703125 526.0681762695312 1861.1343994140625 634.7801513671875
788.4094848632812 91.76830291748047 1094.506103515625 68.60906982421875
1477.1622314453125 502.11077880859375 1898.42822265625 607.9805297851562
1261.9361572265625 200.81622314453125 1636.8961181640625 188.29727172851562
606.7384643554688 199.01629638671875 892.4098510742188 181.7456817626953
787.3901977539062 77.99272155761719 1094.846923828125 54.38929748535156
1460.591796875 506.9998474121094 1870.4171142578125 610.7427368164062
1472.3109130859375 450.9804992675781 1900.793212890625 537.5733642578125
784.8238525390625 79.24083709716797 1092.1826171875 55.56767272949219
1259.3724365234375 196.1540069580078 1634.4569091796875 182.06321716308594
795.5894775390625 92.6424789428711 1101.40673828125 69.62675476074219
790.8665161132812 83.87625885009766 1098.092041015625 60.09611511230469
1453.6480712890625 505.7344970703125 1859.6953125 607.1278076171875
1448.207275390625 530.2333984375 1846.2569580078125 638.5224609375
1161.177734375 96.36787414550781 1525.0745849609375 58.56688690185547
1273.4368896484375 210.0311737060547 1651.8270263671875 199.93310546875
1480.7659912109375 503.44976806640625 1903.5101318359375 610.3265380859375
1265.8204345703125 210.21812438964844 1640.644775390625 199.9862518310547
587.8267822265625 203.70687866210938 872.5751953125 185.12884521484375
1272.7032470703125 228.40921020507812 1648.2335205078125 222.99607849121094
589.2119140625 194.70896911621094 875.267822265625 176.03472900390625
1480.7659912109375 503.44976806640625 1903.5101318359375 610.3265380859375
764.6456298828125 73.7821273803711 1074.6011962890625 50.69922637939453
1484.4462890625 529.9146728515625 1904.2291259765625 646.7031860351562
877.6351928710938 141.7014923095703 1179.7071533203125 121.2922134399414
1469.74365234375 486.53399658203125 1889.0242919921875 586.0037841796875
763.9828491210938 52.54790496826172 1076.72021484375 29.886648178100586
1466.0421142578125 477.3963317871094 1885.359130859375 571.895263671875
1270.4600830078125 199.84165954589844 1649.28466796875 186.91419982910156
1147.3507080078125 120.94002532958984 1501.5113525390625 89.93941497802734
1480.7122802734375 482.3310241699219 1908.0352783203125 582.1815795898438
1447.6824951171875 522.2120971679688 1847.10107421875 626.448974609375
1464.94677734375 518.5694580078125 1875.3165283203125 626.1632080078125
1449.9354248046875 509.2957458496094 1852.3740234375 611.3911743164062
1457.68115234375 476.56170654296875 1872.9791259765625 569.14501953125
1466.59033203125 503.2416687011719 1881.021240234375 607.0628051757812
776.5785522460938 43.993404388427734 1089.6456298828125 19.582876205444336
1123.0516357421875 102.28643798828125 1472.7030029296875 68.20430755615234
1449.9354248046875 509.2957458496094 1852.3740234375 611.3911743164062
1274.596435546875 202.33938598632812 1655.577880859375 189.81097412109375
1477.28466796875 465.702880859375 1905.618408203125 558.941650390625
598.8084106445312 192.3928680419922 885.1882934570312 174.87489318847656
772.186279296875 35.352500915527344 1086.4114990234375 11.596392631530762
1467.08251953125 506.7139892578125 1880.7781982421875 611.8714599609375
1167.08935546875 82.56729888916016 1537.59375 42.72822570800781
1253.0914306640625 196.8203125 1625.2451171875 182.57394409179688
1216.2987060546875 175.29806518554688 1578.5615234375 157.10183715820312
1266.4072265625 202.57373046875 1643.4075927734375 191.16053771972656
803.3495483398438 85.99533081054688 1110.5762939453125 61.696144104003906
1480.058349609375 518.2736206054688 1899.4915771484375 630.115234375
