1107.543701171875 664.8883056640625 708.0241088867188 698.0712890625
1107.543701171875 664.8883056640625 708.0241088867188 698.0712890625
515.8612670898438 925.3412475585938 1080.30078125 818.2354125976562
539.5446166992188 935.5126953125 1078.8065185546875 807.8117065429688
551.9161376953125 904.6604614257812 1061.466064453125 814.8138427734375
504.4624328613281 777.755615234375 997.769775390625 891.9561767578125
484.68115234375 938.6522827148438 1094.23974609375 823.0806884765625
495.6571960449219 920.419189453125 1083.407470703125 826.0667114257812
478.18878173828125 915.0673828125 1086.707763671875 833.6270751953125
535.7152099609375 884.045654296875 1056.84716796875 827.1049194335938
502.6618957519531 904.6034545898438 1073.9267578125 830.2141723632812
495.6571960449219 920.419189453125 1083.407470703125 826.0667114257812
461.07708740234375 868.1195068359375 1071.7662353515625 857.7271728515625
517.426025390625 881.572998046875 1061.6123046875 835.0751953125
