987.3373413085938 701.3196411132812 546.6288452148438 736.797119140625
949.3595581054688 739.696044921875 584.982666015625 705.246826171875
1047.4134521484375 869.3909301757812 532.4127197265625 649.3056030273438
771.5880126953125 710.410888671875 826.4932250976562 706.1904907226562
944.260009765625 719.9046630859375 587.1232299804688 718.15869140625
1003.2796630859375 875.9010620117188 557.6351928710938 645.722412109375
1003.2796630859375 875.9010620117188 557.6351928710938 645.722412109375
990.3734741210938 709.1109008789062 545.4067993164062 730.1127319335938
990.3734741210938 709.1109008789062 545.4067993164062 730.1127319335938
999.5310668945312 859.4284057617188 558.2418823242188 651.1727294921875
999.5310668945312 859.4284057617188 558.2418823242188 651.1727294921875
999.1851806640625 720.816162109375 540.0185546875 721.511962890625
