955.4254760742188 834.0176391601562 668.2296752929688 660.8092651367188
1081.5206298828125 792.7744750976562 600.8109130859375 694.2488403320312
955.4254760742188 834.0176391601562 668.2296752929688 660.8092651367188
933.9074096679688 892.11572265625 672.7920532226562 635.020751953125
937.5694580078125 847.380859375 675.7410278320312 653.3377075195312
919.4886474609375 820.280029296875 688.5386962890625 664.5759887695312
937.5694580078125 847.380859375 675.7410278320312 653.3377075195312
960.0657348632812 847.7188720703125 664.266357421875 654.8489379882812
938.4542236328125 833.8196411132812 677.3509521484375 659.539794921875
959.3863525390625 751.5181884765625 678.5374755859375 707.0987548828125
959.3863525390625 751.5181884765625 678.5374755859375 707.0987548828125
937.966552734375 861.76806640625 673.9364013671875 647.1007080078125
937.966552734375 861.76806640625 673.9364013671875 647.1007080078125
870.2527465820312 891.0167846679688 700.2664794921875 631.2865600585938
1077.2442626953125 769.9562377929688 602.5869140625 708.1934204101562
1067.266357421875 801.1566162109375 609.025634765625 688.3944702148438
946.2317504882812 737.6998291015625 688.6218872070312 716.1416015625
934.0619506835938 876.4656982421875 674.3104858398438 641.0302124023438
917.7905883789062 833.8546142578125 687.4061889648438 657.9440307617188
946.2317504882812 737.6998291015625 688.6218872070312 716.1416015625
914.5767211914062 861.337646484375 685.053955078125 645.7205810546875
917.7905883789062 833.8546142578125 687.4061889648438 657.9440307617188
961.5173950195312 697.5025024414062 687.5679321289062 753.7911376953125
1074.0452880859375 672.99658203125 600.5679931640625 796.2586669921875
926.9053344726562 702.0765991210938 708.279541015625 743.7471313476562
877.5625610351562 747.9639892578125 728.7984619140625 701.9041137695312
926.9053344726562 702.0765991210938 708.279541015625 743.7471313476562
910.9549560546875 697.831298828125 722.9827270507812 745.06005859375
1122.2686767578125 782.1602783203125 575.5140380859375 705.2241821289062
1069.9638671875 744.3493041992188 605.5498657226562 728.6470336914062
1114.545654296875 771.0786743164062 579.121826171875 711.8060913085938
926.619873046875 710.6964721679688 706.70166015625 735.7191162109375
939.3400268554688 812.8722534179688 679.4326782226562 670.1154174804688
1122.2032470703125 680.143310546875 560.8607177734375 796.57177734375
898.467529296875 813.1079711914062 700.305419921875 666.7072143554688
1122.2686767578125 782.1602783203125 575.5140380859375 705.2241821289062
914.5767211914062 861.337646484375 685.053955078125 645.7205810546875
1095.3548583984375 765.4321899414062 590.1405639648438 714.1226196289062
1058.0626220703125 647.1242065429688 614.8062744140625 827.998046875
893.5972290039062 753.8851318359375 717.6524658203125 698.190185546875
862.2237548828125 719.591796875 746.778076171875 720.2640380859375
956.5967407226562 870.4633178710938 664.584228515625 645.1376953125
916.7798461914062 876.244873046875 682.6336059570312 639.736572265625
1077.2442626953125 769.9562377929688 602.5869140625 708.1934204101562
929.4288330078125 641.86376953125 725.6719360351562 807.7245483398438
898.28955078125 843.1022338867188 696.0383911132812 652.0026245117188
1112.763671875 760.2385864257812 578.0512084960938 719.3704833984375
871.4013671875 870.3975830078125 702.557373046875 639.1505126953125
1130.1314697265625 749.4981079101562 567.1238403320312 729.5206298828125
1112.763671875 760.2385864257812 578.0512084960938 719.3704833984375
1155.030029296875 777.5858764648438 554.1865844726562 715.59619140625
1062.9454345703125 657.8331909179688 611.318359375 813.619873046875
