57.34108352661133
63.450767517089844
66.31742095947266
66.8879623413086
87.40709686279297
90.43229675292969
90.72486114501953
96.51942443847656
100.6280288696289
101.68087005615234
103.44564056396484
109.53994750976562
111.2249984741211
112.89818572998047
116.7261734008789
117.34564208984375
117.35416412353516
118.19475555419922
122.90239715576172
125.18386840820312
127.81236267089844
128.59237670898438
129.93075561523438
136.919677734375
137.22244262695312
141.05673217773438
143.02447509765625
144.13882446289062
148.1148223876953
149.05032348632812
158.48974609375
159.18228149414062
159.44277954101562
162.03395080566406
162.67144775390625
179.3683319091797
196.45864868164062
240.58470153808594
