287.3985900878906 702.6453247070312 337.6722412109375 658.4956665039062
250.63804626464844 729.9627685546875 297.67156982421875 680.025390625
454.68865966796875 872.275390625 386.92852783203125 848.4840087890625
596.44873046875 863.98095703125 509.7779846191406 864.7635498046875
1158.382080078125 493.9330749511719 1266.8399658203125 538.0138549804688
1079.5926513671875 585.8377075195312 1131.6029052734375 632.1509399414062
454.68865966796875 872.275390625 386.92852783203125 848.4840087890625
1122.2032470703125 680.143310546875 1133.0526123046875 745.336669921875
558.2243041992188 234.0292510986328 784.9400024414062 240.88902282714844
1240.3916015625 645.6761474609375 1288.8226318359375 723.8628540039062
441.3836364746094 729.2932739257812 448.4975891113281 701.8076782226562
188.4348907470703 750.2399291992188 240.30078125 693.656982421875
1250.830078125 652.7221069335938 1298.7171630859375 733.8863525390625
524.3037719726562 237.1187286376953 756.7041625976562 243.5659942626953
1076.565673828125 587.6331176757812 1126.8048095703125 633.3294067382812
922.5166625976562 602.2734375 954.800048828125 629.687255859375
965.0836791992188 531.1669311523438 1033.6307373046875 558.6203002929688
741.1911010742188 685.53271484375 734.2418212890625 695.6163330078125
378.7266845703125 626.4669189453125 448.9515686035156 595.6927490234375
1368.4151611328125 757.080810546875 1394.017822265625 883.5009155273438
616.9859008789062 754.04052734375 585.0562133789062 751.1156005859375
1201.5052490234375 532.6142578125 1298.2464599609375 586.59814453125
299.92047119140625 255.9600067138672 566.861572265625 254.73240661621094
1305.6990966796875 646.6126098632812 1369.7568359375 735.5853881835938
1190.9453125 517.1624755859375 1294.394775390625 567.8472290039062
1240.3916015625 645.6761474609375 1288.8226318359375 723.8628540039062
431.3181457519531 637.1087646484375 487.7791442871094 610.3487548828125
246.9623565673828 725.1074829101562 296.1058044433594 675.8486938476562
1257.8194580078125 594.6752319335938 1337.346435546875 666.6470336914062
1095.259521484375 672.8670654296875 1106.8248291015625 732.7305908203125
1275.6826171875 675.799072265625 1319.135986328125 765.3002319335938
1263.396240234375 649.643798828125 1314.5889892578125 732.3075561523438
1122.2686767578125 782.1602783203125 1081.0413818359375 864.7210083007812
288.4189758300781 707.2496337890625 337.99658203125 663.3665161132812
620.9620361328125 761.211669921875 586.5192260742188 759.866943359375
965.0836791992188 531.1669311523438 1033.6307373046875 558.6203002929688
1387.2015380859375 798.7529296875 1397.855224609375 940.5888671875
1069.468505859375 489.4506530761719 1167.0645751953125 524.0263061523438
246.9623565673828 725.1074829101562 296.1058044433594 675.8486938476562
1069.468505859375 489.4506530761719 1167.0645751953125 524.0263061523438
876.446533203125 640.0498657226562 889.0031127929688 665.3463134765625
1182.7091064453125 512.9002075195312 1286.94580078125 562.1159057617188
1042.310791015625 514.1987915039062 1124.7945556640625 548.1658325195312
1235.6123046875 532.565673828125 1340.4462890625 590.5892944335938
1067.1072998046875 576.8696899414062 1121.462158203125 620.254150390625
1312.2579345703125 685.002197265625 1360.1947021484375 783.0979614257812
1300.9517822265625 683.2999877929688 1345.607421875 779.056640625
1306.128662109375 752.0020751953125 1316.998291015625 863.950927734375
1084.731201171875 577.3590698242188 1141.2979736328125 622.718505859375
1276.190185546875 646.90185546875 1332.92041015625 730.8681030273438
1085.946533203125 582.2274169921875 1140.585693359375 628.6021728515625
1263.396240234375 649.643798828125 1314.5889892578125 732.3075561523438
1076.565673828125 587.6331176757812 1126.8048095703125 633.3294067382812
1259.7540283203125 582.641357421875 1344.6024169921875 652.4542236328125
1172.5843505859375 792.0594482421875 1135.5357666015625 886.8931884765625
1339.5479736328125 684.2797241210938 1395.5025634765625 787.5941162109375
1195.14111328125 492.1543273925781 1310.1131591796875 539.8056030273438
1052.7318115234375 517.6557006835938 1134.6160888671875 553.0436401367188
705.8509521484375 711.302490234375 687.2068481445312 718.7221069335938
1360.8028564453125 742.4624633789062 1387.4708251953125 862.9545288085938
1244.704833984375 587.2600708007812 1323.14794921875 655.7799072265625
921.7720947265625 477.9747009277344 1014.5272216796875 497.96246337890625
1169.6046142578125 476.7815246582031 1287.9058837890625 519.80908203125
1122.2686767578125 782.1602783203125 1081.0413818359375 864.7210083007812
1057.4278564453125 517.936767578125 1139.3599853515625 553.965576171875
1166.8377685546875 486.4853515625 1280.78173828125 530.5736694335938
1066.0615234375 672.1767578125 1073.248779296875 727.1430053710938
1169.6046142578125 476.7815246582031 1287.9058837890625 519.80908203125
1415.6534423828125 800.0777587890625 1435.3743896484375 949.1996459960938
1360.5423583984375 753.4147338867188 1385.61181640625 877.525146484375
926.470947265625 738.8072509765625 891.5883178710938 780.1665649414062
1147.9483642578125 750.2039794921875 1126.184814453125 831.5408935546875
960.5783081054688 493.5044860839844 1048.2623291015625 517.99462890625
1124.833740234375 664.95458984375 1142.896240234375 728.0210571289062
1246.52392578125 678.1658325195312 1280.7061767578125 763.6578979492188
1192.73388671875 529.017822265625 1288.8382568359375 581.6012573242188
1287.236572265625 642.5051879882812 1347.7066650390625 727.7911987304688
1039.5404052734375 479.64434814453125 1138.92431640625 510.36798095703125
1286.44482421875 606.9466552734375 1365.931640625 684.8575439453125
354.7394714355469 709.518798828125 389.4839172363281 671.3050537109375
1059.9525146484375 597.205322265625 1103.931640625 641.995849609375
1224.14111328125 497.0491027832031 1345.13037109375 549.09765625
709.5365600585938 717.5128173828125 689.9280395507812 726.0538330078125
958.4656372070312 891.7150268554688 844.5823974609375 961.9991455078125
1120.3990478515625 651.3353881835938 1144.6697998046875 711.316650390625
1399.2017822265625 761.5770263671875 1433.6502685546875 897.1078491210938
1131.9930419921875 648.2249755859375 1159.6026611328125 709.6260375976562
1321.9842529296875 673.3533325195312 1376.5732421875 769.676513671875
1143.883544921875 680.2880249023438 1158.22021484375 749.0520629882812
729.5460815429688 818.2574462890625 655.4996337890625 836.1532592773438
1147.9483642578125 750.2039794921875 1126.184814453125 831.5408935546875
1073.982177734375 531.3518676757812 1152.066162109375 570.9345703125
1130.1314697265625 749.4981079101562 1106.2415771484375 827.9158935546875
1303.79296875 653.0283813476562 1364.00341796875 743.0896606445312
1094.4903564453125 592.3021850585938 1146.3511962890625 641.7100830078125
1185.09033203125 487.96441650390625 1301.36279296875 534.1942138671875
862.7672729492188 651.9505615234375 871.4901733398438 676.9093627929688
537.9854125976562 750.3892822265625 519.505615234375 736.5971069335938
1072.3663330078125 584.5261840820312 1123.324951171875 629.7116088867188
468.9840393066406 718.9159545898438 475.6724548339844 695.6155395507812
353.2221374511719 631.9854125976562 425.6000671386719 598.327392578125
1246.52392578125 678.1658325195312 1280.7061767578125 763.6578979492188
1162.1630859375 794.770751953125 1122.0838623046875 887.722900390625
1060.4940185546875 528.5311279296875 1138.17578125 565.8716430664062
1387.2015380859375 798.7529296875 1397.855224609375 940.5888671875
720.261474609375 710.3030395507812 701.3441162109375 720.1930541992188
1146.421630859375 492.488037109375 1253.095703125 535.0579833984375
650.1876831054688 747.5659790039062 617.2485961914062 749.9325561523438
217.6482696533203 729.0617065429688 271.2308044433594 677.2511596679688
695.6638793945312 726.9558715820312 669.1748046875 734.5903930664062
1058.0626220703125 647.1242065429688 1077.0550537109375 697.79052734375
1258.822998046875 671.6231079101562 1298.75634765625 757.343505859375
1395.53076171875 777.4903564453125 1420.6214599609375 917.2415161132812
389.574951171875 636.59814453125 452.7916259765625 605.8612670898438
738.5228271484375 743.9199829101562 702.6937866210938 757.542236328125
1061.2535400390625 524.1421508789062 1140.9803466796875 561.48876953125
1277.7115478515625 624.6185913085938 1347.0341796875 704.3805541992188
1075.6259765625 664.9146118164062 1087.2509765625 722.1498413085938
917.7905883789062 833.8546142578125 834.231201171875 887.1177368164062
926.619873046875 710.6964721679688 905.2781982421875 749.7186889648438
650.1876831054688 747.5659790039062 617.2485961914062 749.9325561523438
1113.9293212890625 581.7283325195312 1172.042236328125 632.5609741210938
1140.4320068359375 484.18463134765625 1249.5618896484375 525.3748168945312
1052.0987548828125 532.8154907226562 1128.1968994140625 569.5440063476562
949.5993041992188 481.70538330078125 1041.9974365234375 504.3723449707031
1130.4161376953125 657.8018188476562 1153.3699951171875 720.8726806640625
1193.0460205078125 798.4771118164062 1155.6156005859375 899.9776611328125
933.7610473632812 718.2310180664062 908.7066650390625 758.7249755859375
1221.076416015625 528.8659057617188 1323.3485107421875 584.8397216796875
867.3628540039062 710.5968017578125 845.1622314453125 740.0945434570312
1066.0615234375 672.1767578125 1073.248779296875 727.1430053710938
664.640625 755.9887084960938 628.6043701171875 761.2781982421875
1095.3548583984375 765.4321899414062 1060.6873779296875 840.7721557617188
419.1753845214844 741.0390014648438 421.7044372558594 714.525634765625
1114.545654296875 771.0786743164062 1079.4482421875 850.5194702148438
1204.0594482421875 577.6246948242188 1279.2076416015625 639.373779296875
720.261474609375 710.3030395507812 701.3441162109375 720.1930541992188
1127.90771484375 604.6669921875 1177.1168212890625 659.78076171875
1169.253173828125 765.0689086914062 1144.6533203125 857.1841430664062
929.4288330078125 641.86376953125 942.5542602539062 674.4365844726562
1316.589599609375 649.118896484375 1382.9478759765625 740.93701171875
880.6571044921875 628.9844970703125 898.0693359375 654.6066284179688
468.78369140625 812.8900146484375 426.1568603515625 788.7211303710938
948.6500244140625 486.1935119628906 1038.166015625 508.951416015625
767.6117553710938 701.828125 750.2296142578125 716.3636474609375
1193.0460205078125 798.4771118164062 1155.6156005859375 899.9776611328125
720.261474609375 710.3030395507812 701.3441162109375 720.1930541992188
1203.6220703125 600.7015380859375 1267.398681640625 665.717041015625
1051.8536376953125 597.3302001953125 1094.52001953125 640.6727294921875
960.1981811523438 618.418701171875 987.374755859375 649.6771240234375
1385.3992919921875 786.5147705078125 1399.9923095703125 924.1207275390625
1155.755126953125 487.8376770019531 1265.6114501953125 530.8897094726562
1081.317626953125 519.6904907226562 1165.8787841796875 558.7951049804688
1382.8857421875 765.4491577148438 1409.3067626953125 897.103759765625
1077.2442626953125 769.9562377929688 1037.5889892578125 842.51953125
1382.65673828125 739.8451538085938 1422.232666015625 865.2205810546875
374.1768798828125 633.5177612304688 443.3961181640625 603.0655517578125
1058.3984375 591.5333251953125 1104.90576171875 635.5935668945312
935.879150390625 635.633056640625 951.5480346679688 668.0381469726562
558.3578491210938 798.0948486328125 512.8997192382812 783.9051513671875
895.334716796875 871.158447265625 792.160888671875 927.1494750976562
1232.076171875 607.0609741210938 1299.380126953125 677.171142578125
929.4288330078125 641.86376953125 942.5542602539062 674.4365844726562
1121.6732177734375 320.32220458984375 1306.9368896484375 345.8803405761719
1169.253173828125 765.0689086914062 1144.6533203125 857.1841430664062
1108.8720703125 590.614013671875 1161.5262451171875 640.5232543945312
919.6113891601562 847.1583862304688 829.443603515625 902.2546997070312
756.0889892578125 684.2192993164062 748.5241088867188 697.5467529296875
1058.3984375 591.5333251953125 1104.90576171875 635.5935668945312
1079.5926513671875 585.8377075195312 1131.6029052734375 632.1509399414062
718.5346069335938 756.3496704101562 678.0696411132812 769.5970458984375
904.4226684570312 617.7294311523438 927.8460693359375 644.9196166992188
695.6638793945312 726.9558715820312 669.1748046875 734.5903930664062
934.0619506835938 876.4656982421875 829.943603515625 940.5764770507812
628.7986450195312 902.7752685546875 520.4869384765625 913.3777465820312
941.0065307617188 728.5558471679688 910.4720458984375 772.6353759765625
1303.79296875 653.0283813476562 1364.00341796875 743.0896606445312
1206.3658447265625 481.17083740234375 1330.4171142578125 530.3246459960938
893.5972290039062 753.8851318359375 850.1986694335938 793.9909057617188
1155.030029296875 777.5858764648438 1121.74365234375 863.92724609375
1061.2535400390625 524.1421508789062 1140.9803466796875 561.48876953125
1216.126220703125 533.9627685546875 1315.4471435546875 589.02490234375
1041.2506103515625 525.2017211914062 1118.6964111328125 560.0116577148438
944.6151123046875 639.803466796875 960.0987548828125 673.9375
671.84033203125 888.6871948242188 568.056640625 903.8984985351562
638.61328125 826.197998046875 564.933349609375 830.5186157226562
1058.186279296875 664.8151245117188 1068.774658203125 718.0493774414062
916.7798461914062 876.244873046875 810.6303100585938 935.3972778320312
478.0884704589844 714.9237060546875 486.0398254394531 693.4067993164062
863.696044921875 629.6383666992188 880.7177124023438 651.6264038085938
1112.763671875 760.2385864257812 1083.924560546875 837.7454833984375
1385.3992919921875 786.5147705078125 1399.9923095703125 924.1207275390625
1131.9930419921875 648.2249755859375 1159.6026611328125 709.6260375976562
933.7610473632812 718.2310180664062 908.7066650390625 758.7249755859375
1193.82373046875 483.97332763671875 1313.40869140625 530.4848022460938
932.376708984375 626.3751831054688 952.4093627929688 657.711669921875
1343.1165771484375 755.4717407226562 1362.688232421875 877.5538330078125
623.6784057617188 818.730712890625 560.34814453125 820.2568359375
290.2263488769531 717.6954956054688 332.4430847167969 671.0203857421875
916.4742431640625 723.9125366210938 890.1702270507812 759.9141235351562
421.9950256347656 853.0880737304688 368.2655944824219 824.598388671875
372.0040588378906 648.9086303710938 432.6199035644531 617.02734375
906.3795166015625 629.9901733398438 923.588134765625 658.9109497070312
971.3054809570312 481.8367919921875 1064.01318359375 506.4031066894531
558.3578491210938 798.0948486328125 512.8997192382812 783.9051513671875
1108.8720703125 590.614013671875 1161.5262451171875 640.5232543945312
862.2237548828125 719.591796875 835.8294067382812 749.7911987304688
669.9744262695312 860.7891235351562 577.443115234375 872.6812133789062
888.4141845703125 730.7970581054688 855.5216064453125 764.7719116210938
677.603271484375 819.0791015625 606.2437744140625 829.6381225585938
