81.70067596435547
85.76712799072266
88.06815338134766
89.04492950439453
93.82963562011719
95.36246490478516
97.67292022705078
103.77379608154297
105.6077651977539
106.42838287353516
111.08555603027344
114.45523071289062
114.66472625732422
115.7410888671875
117.78369903564453
117.94914245605469
117.97457122802734
119.05880737304688
120.93386840820312
122.3315200805664
125.75373077392578
128.89918518066406
132.85707092285156
133.973876953125
134.149169921875
135.85653686523438
143.85757446289062
144.38143920898438
144.5890655517578
145.88351440429688
150.7613983154297
162.40382385253906
162.79127502441406
166.5653076171875
167.1765594482422
168.2171173095703
171.869140625
175.085693359375
176.085205078125
176.78518676757812
181.8378448486328
181.92855834960938
184.85400390625
190.67250061035156
191.00262451171875
196.29824829101562
196.4281005859375
200.53428649902344
202.7461395263672
204.14210510253906
207.34994506835938
207.8268585205078
215.24404907226562
217.00921630859375
218.43077087402344
232.8883819580078
233.40309143066406
