85.14105987548828
97.67803955078125
109.64488220214844
114.04385375976562
117.059814453125
118.51582336425781
121.04544830322266
121.42899322509766
125.12393951416016
128.71286010742188
129.32904052734375
133.04135131835938
139.0359649658203
139.3233642578125
139.76766967773438
141.10633850097656
141.95069885253906
143.17820739746094
147.19375610351562
147.45169067382812
150.73155212402344
154.0
154.77725219726562
155.1837615966797
156.64610290527344
156.96177673339844
157.7529754638672
159.871826171875
161.8981170654297
162.03086853027344
162.91409301757812
163.1563720703125
164.70579528808594
165.6200408935547
167.83920288085938
170.03529357910156
172.9768829345703
179.8165740966797
183.86952209472656
190.5413360595703
192.09632873535156
198.1211700439453
203.27320861816406
203.7547607421875
215.227783203125
221.98873901367188
225.44400024414062
