1339.5479736328125 684.2797241210938 208.80255126953125 1043.7113037109375
1716.70068359375 559.8566284179688 585.9096069335938 500.390625
1339.5479736328125 684.2797241210938 208.80255126953125 1043.7113037109375
1709.9658203125 479.4887390136719 565.8045043945312 451.3628845214844
1667.6531982421875 541.6737060546875 563.9776000976562 498.3241271972656
1639.047119140625 471.0269775390625 525.2752075195312 457.77374267578125
1585.1732177734375 484.02789306640625 495.2005615234375 478.0074462890625
1674.865478515625 495.85662841796875 551.32861328125 467.41900634765625
1594.8284912109375 495.16668701171875 506.1156311035156 483.9588928222656
1604.7220458984375 417.1488342285156 495.256103515625 424.656982421875
