1172.5843505859375 792.0594482421875 434.0019226074219 952.2720947265625
1193.0460205078125 798.4771118164062 417.2759704589844 959.95263671875
1122.2686767578125 782.1602783203125 471.6392822265625 922.7869262695312
1122.2686767578125 782.1602783203125 471.6392822265625 922.7869262695312
1081.5206298828125 792.7744750976562 480.33270263671875 894.1505126953125
1193.0460205078125 798.4771118164062 417.2759704589844 959.95263671875
1162.1630859375 794.770751953125 438.1150207519531 942.3343505859375
1169.253173828125 765.0689086914062 462.57794189453125 969.4828491210938
1147.9483642578125 750.2039794921875 488.36041259765625 963.59130859375
1112.763671875 760.2385864257812 495.1788330078125 932.76611328125
1169.253173828125 765.0689086914062 462.57794189453125 969.4828491210938
1112.763671875 760.2385864257812 495.1788330078125 932.76611328125
1155.030029296875 777.5858764648438 453.8744201660156 948.276123046875
914.5767211914062 861.337646484375 498.26861572265625 780.8177490234375
