1630.034423828125 454.51739501953125 1223.8076171875 359.8037109375
1667.6531982421875 541.6737060546875 1242.6741943359375 423.4062805175781
1656.0546875 453.93804931640625 1239.9415283203125 360.39141845703125
1638.30615234375 505.5124816894531 1225.47265625 398.0776062011719
1566.798095703125 529.7713012695312 1178.9107666015625 413.0347900390625
1600.75048828125 543.3809204101562 1200.2880859375 422.87664794921875
1717.70654296875 495.5195617675781 1273.9658203125 391.8450012207031
1566.798095703125 529.7713012695312 1178.9107666015625 413.0347900390625
1720.42041015625 478.91241455078125 1277.070556640625 380.2262268066406
1609.237548828125 505.872802734375 1207.7220458984375 397.3910827636719
1609.237548828125 505.872802734375 1207.7220458984375 397.3910827636719
1610.65576171875 500.9566650390625 1209.286376953125 392.6197509765625
1639.047119140625 471.0269775390625 1229.24609375 371.6828308105469
1568.2935791015625 539.357177734375 1178.8988037109375 419.62249755859375
1610.65576171875 500.9566650390625 1209.286376953125 392.6197509765625
1608.208740234375 517.7442626953125 1206.1842041015625 405.8114013671875
1674.865478515625 495.85662841796875 1247.2401123046875 390.78826904296875
1875.7862548828125 444.3638000488281 1365.94580078125 360.55364990234375
1604.47607421875 527.8158569335938 1203.40625 412.31512451171875
1875.7862548828125 444.3638000488281 1365.94580078125 360.55364990234375
1671.422607421875 516.8388061523438 1245.20947265625 406.1639404296875
1394.7772216796875 165.54525756835938 1064.8050537109375 74.25977325439453
1784.4918212890625 471.49310302734375 1313.62255859375 376.6587219238281
1378.831298828125 170.78598022460938 1052.0517578125 76.8504867553711
1750.6763916015625 508.50372314453125 1291.3402099609375 401.0551452636719
1675.302734375 504.6074523925781 1248.466064453125 397.3638610839844
1622.9517822265625 444.4620361328125 1220.585693359375 353.1810302734375
1394.7772216796875 165.54525756835938 1064.8050537109375 74.25977325439453
1577.618896484375 535.4967041015625 1185.6297607421875 416.8834533691406
1655.09619140625 484.0636291503906 1237.9437255859375 382.29888916015625
1637.913330078125 543.9065551757812 1223.1925048828125 424.06195068359375
1387.24462890625 165.82373046875 1057.540771484375 73.38282012939453
1611.766845703125 494.3543701171875 1210.5455322265625 386.9926452636719
1822.5093994140625 494.4157409667969 1330.93115234375 392.0083923339844
1696.0255126953125 508.43328857421875 1260.3197021484375 400.1682434082031
1604.7220458984375 417.1488342285156 1212.3544921875 331.440673828125
1705.724365234375 464.9933776855469 1269.03466796875 370.8602294921875
1602.6312255859375 537.2092895507812 1201.4813232421875 418.8196105957031
1587.703369140625 520.5736694335938 1193.2303466796875 406.3303527832031
1389.8018798828125 170.109130859375 1060.307861328125 77.99451446533203
1666.6259765625 521.8622436523438 1241.4893798828125 408.97174072265625
1594.8284912109375 495.16668701171875 1199.6689453125 389.39202880859375
1698.56884765625 469.4612731933594 1265.2235107421875 373.2150573730469
1614.5589599609375 541.2230224609375 1208.8516845703125 421.7879333496094
1394.4517822265625 172.78701782226562 1064.0543212890625 81.1684341430664
1670.6181640625 465.570068359375 1248.9959716796875 369.59979248046875
1648.7613525390625 528.3735961914062 1230.916748046875 412.299560546875
1384.985595703125 173.02882385253906 1056.2783203125 79.94456481933594
1568.5616455078125 533.8829345703125 1180.4923095703125 415.9389343261719
