1113.642333984375 650.7005615234375 412.86444091796875 932.3651123046875
1133.0526123046875 745.336669921875 338.2735290527344 834.46435546875
1131.6029052734375 632.1509399414062 402.914794921875 978.815185546875
1122.376708984375 700.3971557617188 369.9187316894531 872.2200317382812
1106.8248291015625 732.7305908203125 369.3036804199219 834.0052490234375
1288.8226318359375 723.8628540039062 147.1529998779297 941.1754150390625
1131.6029052734375 632.1509399414062 402.914794921875 978.815185546875
1122.376708984375 700.3971557617188 369.9187316894531 872.2200317382812
1103.931640625 641.995849609375 433.5894470214844 939.0281372070312
1121.462158203125 620.254150390625 428.1376953125 993.9223022460938
1087.1328125 646.181884765625 451.5784606933594 920.7833251953125
1108.788818359375 813.2640991210938 338.2418518066406 778.889892578125
1073.248779296875 727.1430053710938 406.0664367675781 823.7669677734375
1094.52001953125 640.6727294921875 448.32781982421875 933.990966796875
1288.8226318359375 723.8628540039062 147.1529998779297 941.1754150390625
1114.3040771484375 745.9983520507812 354.4619140625 828.1226196289062
1142.896240234375 728.0210571289062 332.42669677734375 855.5635375976562
1141.2979736328125 622.718505859375 398.57647705078125 1006.4651489257812
1073.248779296875 727.1430053710938 406.0664367675781 823.7669677734375
1153.3699951171875 720.8726806640625 324.1923828125 866.0254516601562
1159.6026611328125 709.6260375976562 320.1161193847656 882.4210205078125
1111.0006103515625 694.1951904296875 385.727294921875 872.8023071289062
1097.792724609375 635.82177734375 449.1602478027344 944.0810546875
1077.0550537109375 697.79052734375 421.3090515136719 851.0886840820312
1087.2509765625 722.1498413085938 395.26605224609375 835.3043212890625
1165.011474609375 652.58154296875 339.9890441894531 968.0017700195312
1068.774658203125 718.0493774414062 417.2834167480469 829.4270629882812
1109.5501708984375 626.394287109375 441.2322082519531 969.6968383789062
1126.184814453125 831.5408935546875 314.29107666015625 776.0635375976562
1146.3511962890625 641.7100830078125 375.20635986328125 974.6976318359375
