968.1649780273438 998.9274291992188 453.87567138671875 930.1272583007812
1032.1483154296875 972.3880004882812 462.57794189453125 969.4828491210938
952.0313720703125 975.5492553710938 471.6392822265625 922.7869262695312
1061.3558349609375 824.9802856445312 604.0208129882812 999.7377319335938
979.6423950195312 926.5361328125 508.0342712402344 938.6148071289062
1032.1483154296875 972.3880004882812 462.57794189453125 969.4828491210938
979.6423950195312 926.5361328125 508.0342712402344 938.6148071289062
1082.7557373046875 822.5332641601562 604.2088623046875 1013.7769165039062
1008.9129028320312 965.8154296875 472.2845458984375 955.7350463867188
996.7445678710938 988.1046752929688 453.8744201660156 948.276123046875
982.2772827148438 963.857177734375 478.34185791015625 939.66455078125
