459.41455078125 1037.826904296875 1056.8507080078125 779.05517578125
475.51068115234375 1021.5792846679688 1048.9765625 778.866455078125
511.9702453613281 975.0936889648438 1026.9912109375 781.9757080078125
508.0972595214844 1003.4721069335938 1036.60888671875 775.7377319335938
521.6075439453125 989.632080078125 1029.148193359375 775.6873168945312
342.81915283203125 910.2090454101562 1044.648681640625 851.5824584960938
527.4685668945312 1031.117919921875 1040.16650390625 764.9314575195312
521.6075439453125 989.632080078125 1029.148193359375 775.6873168945312
555.0728149414062 986.7423706054688 1020.9376220703125 768.1984252929688
491.97784423828125 995.0775146484375 1038.529052734375 781.697265625
700.016357421875 883.8896484375 946.8792724609375 756.0870361328125
281.1833801269531 952.676025390625 1072.3616943359375 851.8297119140625
487.02032470703125 1037.16259765625 1050.613525390625 772.5861206054688
1129.0919189453125 575.81005859375 577.9231567382812 702.507568359375
377.056884765625 869.8323364257812 1017.3313598632812 861.6500854492188
442.7992858886719 1030.4114990234375 1058.438232421875 784.0949096679688
45.830318450927734 1040.177978515625 1158.36083984375 884.759521484375
