79.54244232177734
84.30302429199219
93.79232025146484
99.30760192871094
99.80982208251953
111.5616455078125
112.12938690185547
115.33429718017578
116.10771179199219
122.18019104003906
127.61661529541016
129.4681396484375
137.08026123046875
138.06881713867188
140.1891632080078
143.53048706054688
147.4177703857422
147.95606994628906
153.04901123046875
157.08277893066406
158.36351013183594
159.26707458496094
163.2299041748047
164.10667419433594
164.17369079589844
167.9255828857422
168.0238037109375
169.65847778320312
173.16177368164062
174.63389587402344
176.46530151367188
177.30764770507812
181.7030487060547
183.60556030273438
185.5181884765625
186.95721435546875
188.88092041015625
190.2314453125
190.27610778808594
196.95938110351562
200.96018981933594
201.52171325683594
203.55589294433594
204.52139282226562
214.52272033691406
215.0999755859375
217.1243896484375
237.32888793945312
