977.6768798828125 790.0775756835938 499.17498779296875 804.0785522460938
1123.6806640625 706.6217651367188 360.52288818359375 953.55712890625
1008.4412231445312 770.8861694335938 478.14996337890625 828.32568359375
995.831787109375 776.9204711914062 488.09246826171875 819.2643432617188
1021.3005981445312 791.15625 460.7839660644531 816.9393920898438
983.0617065429688 782.3616333007812 496.42950439453125 812.320068359375
1032.6400146484375 797.3111572265625 447.86871337890625 817.0508422851562
1032.6400146484375 797.3111572265625 447.86871337890625 817.0508422851562
1066.2926025390625 665.0715942382812 455.78125 987.4383544921875
1064.6845703125 801.8427124023438 418.3525085449219 824.0194091796875
1046.6495361328125 663.9830932617188 484.6385498046875 975.8802490234375
1045.728759765625 793.7479248046875 437.2039489746094 824.445068359375
1016.559326171875 758.8704833984375 473.3857421875 842.2217407226562
1025.5050048828125 637.683349609375 531.9574584960938 1012.7344360351562
977.6768798828125 790.0775756835938 499.17498779296875 804.0785522460938
1053.6612548828125 643.6839599609375 485.52001953125 1023.0558471679688
1041.3807373046875 650.6019287109375 500.01007080078125 996.978515625
1044.4241943359375 638.5929565429688 503.1695861816406 1026.817138671875
1083.07861328125 657.0750122070312 433.86004638671875 1016.4757080078125
1043.41455078125 778.639892578125 443.09527587890625 834.9437255859375
996.559326171875 790.500732421875 482.45001220703125 809.27978515625
1008.2318115234375 797.58251953125 469.89849853515625 808.95654296875
1067.9156494140625 655.6556396484375 456.6275634765625 1007.484130859375
1045.2103271484375 646.0626220703125 496.5071716308594 1010.0838012695312
1058.20166015625 802.5396118164062 423.1900329589844 821.7928466796875
1008.2318115234375 797.58251953125 469.89849853515625 808.95654296875
