102.70345306396484
113.00885009765625
115.42963409423828
116.01293182373047
120.36195373535156
127.38916778564453
131.91664123535156
132.54811096191406
135.2664031982422
140.9042205810547
140.90777587890625
154.69970703125
155.65667724609375
160.3340301513672
160.95030212402344
161.72508239746094
168.6534881591797
170.96490478515625
186.93849182128906
188.53646850585938
190.52821350097656
194.19834899902344
212.438232421875
216.4370574951172
218.8721160888672
243.75807189941406
257.0369567871094
