1128.464111328125 782.4530639648438 311.69854736328125 934.81982421875
1022.859375 705.9166259765625 453.3832092285156 976.9962158203125
1022.859375 705.9166259765625 453.3832092285156 976.9962158203125
1111.456787109375 760.3370361328125 332.7311706542969 950.8688354492188
933.5829467773438 811.5368041992188 498.8395690917969 831.7584838867188
1046.0853271484375 679.8276977539062 430.1631164550781 1038.7738037109375
970.512939453125 834.6340942382812 461.9149475097656 827.5775146484375
1040.5306396484375 684.39794921875 435.760009765625 1027.688720703125
1012.7740478515625 675.7600708007812 479.2606201171875 1022.3490600585938
1049.741943359375 699.8959350585938 419.607666015625 1003.1708374023438
945.396728515625 828.3138427734375 484.0191345214844 822.94287109375
1030.2613525390625 719.1403198242188 437.73046875 962.4494018554688
963.8145751953125 849.7734375 462.213623046875 816.7183837890625
1009.9777221679688 695.1593017578125 473.260009765625 986.2489624023438
1032.76611328125 678.0789184570312 449.9631652832031 1034.079345703125
1004.1959228515625 694.0159301757812 483.34051513671875 984.0635375976562
934.0271606445312 820.2413330078125 496.0371398925781 824.8375854492188
1029.0972900390625 686.7391967773438 451.1949157714844 1013.7284545898438
1032.76611328125 678.0789184570312 449.9631652832031 1034.079345703125
975.095458984375 861.6885375976562 450.5038757324219 812.6144409179688
1037.28125 692.9052124023438 437.7901916503906 1008.2680053710938
