1083.7786865234375 803.9683837890625 458.806396484375 949.6091918945312
1069.6527099609375 805.0579223632812 471.00067138671875 939.896728515625
1069.6527099609375 805.0579223632812 471.00067138671875 939.896728515625
1059.2916259765625 777.901123046875 497.7069091796875 958.038818359375
1076.4835205078125 952.975341796875 402.06866455078125 851.7498168945312
1095.7044677734375 818.5013427734375 438.656982421875 944.5113525390625
1043.2222900390625 769.583251953125 520.3427734375 956.1322021484375
1095.7044677734375 818.5013427734375 438.656982421875 944.5113525390625
1032.6741943359375 772.0862426757812 529.8505249023438 947.3256225585938
1049.5013427734375 777.4755859375 508.68359375 952.3217163085938
1045.614013671875 764.5838012695312 521.8787231445312 963.5859375
1071.4521484375 888.9371948242188 426.67169189453125 882.355712890625
1242.538818359375 896.3955078125 268.9112243652344 962.8339233398438
1024.096923828125 808.760498046875 508.42120361328125 910.602783203125
1079.6116943359375 771.1021728515625 484.15704345703125 979.9186401367188
1039.3934326171875 816.5660400390625 490.7080078125 913.6751708984375
1005.9127197265625 711.7183837890625 613.6229858398438 993.2020263671875
1024.096923828125 808.760498046875 508.42120361328125 910.602783203125
1017.9176635742188 772.8283081054688 540.2655639648438 935.8311157226562
1085.4185791015625 881.9609985351562 418.3330078125 892.2693481445312
1196.75341796875 804.0596923828125 336.3318786621094 1027.38818359375
1073.5308837890625 914.8593139648438 418.45184326171875 868.1556396484375
1236.970947265625 822.50732421875 285.34552001953125 1036.4661865234375
1027.161865234375 691.0751342773438 619.567138671875 1041.4794921875
1202.506591796875 816.5347900390625 326.8518981933594 1021.2362060546875
1263.0938720703125 912.23681640625 246.0487823486328 962.531005859375
1089.450439453125 902.5748901367188 406.80194091796875 882.6068115234375
1003.000732421875 695.31640625 637.1968383789062 1013.0546875
1193.4547119140625 791.9635009765625 345.6471862792969 1041.378173828125
1004.9535522460938 775.4708862304688 549.81689453125 927.176513671875
1190.5645751953125 811.7920532226562 342.471435546875 1014.2042236328125
1193.4547119140625 791.9635009765625 345.6471862792969 1041.378173828125
