509.8932800292969 533.319580078125 689.8863525390625 491.0709533691406
506.29937744140625 536.8862915039062 686.3954467773438 493.8514099121094
506.29937744140625 536.8862915039062 686.3954467773438 493.8514099121094
335.8134460449219 195.5714569091797 576.5853271484375 178.35012817382812
490.1397705078125 488.86444091796875 674.1856079101562 448.93109130859375
525.1322631835938 513.0936889648438 704.76806640625 473.2493591308594
550.6888427734375 499.26409912109375 728.9628295898438 461.8615417480469
554.2643432617188 525.11767578125 731.1580200195312 486.0810241699219
485.25714111328125 532.9521484375 668.0167846679688 488.886474609375
324.421875 186.9293975830078 568.1153564453125 171.06048583984375
507.7523498535156 542.8386840820312 687.3438720703125 498.9141540527344
68.307373046875 301.8640441894531 352.2189636230469 271.4521789550781
496.72900390625 512.1126708984375 679.1923828125 470.4879455566406
507.7523498535156 542.8386840820312 687.3438720703125 498.9141540527344
512.2478637695312 519.6170654296875 692.569580078125 478.2834167480469
495.6318359375 498.5782775878906 678.7879028320312 458.2193908691406
515.8313598632812 536.0167236328125 694.8846435546875 493.3049011230469
547.3558959960938 255.72994995117188 756.8621826171875 232.23858642578125
324.421875 186.9293975830078 568.1153564453125 171.06048583984375
344.5286865234375 192.66908264160156 584.0783081054688 176.18878173828125
319.3919677734375 214.50143432617188 563.4009399414062 195.29379272460938
217.7467803955078 285.87896728515625 471.71063232421875 258.99951171875
464.68865966796875 472.879150390625 652.5735473632812 432.8686828613281
476.0113830566406 507.4282531738281 660.5775756835938 465.1037292480469
544.4968872070312 516.6316528320312 722.1878051757812 477.4981689453125
541.7225341796875 520.9485473632812 719.3772583007812 481.0404357910156
530.5172729492188 502.73797607421875 710.4724731445312 463.94000244140625
545.7376708984375 510.41851806640625 723.6730346679688 471.949462890625
533.6326293945312 496.3269958496094 713.649658203125 457.9949951171875
642.1470947265625 50.82842254638672 876.3243408203125 29.470958709716797
81.6151123046875 300.38653564453125 362.8164367675781 270.2720642089844
506.3590087890625 546.7730712890625 685.4404907226562 502.9403076171875
516.8502807617188 518.4517822265625 696.9800415039062 477.26947021484375
554.4214477539062 493.66351318359375 732.5765380859375 457.1555480957031
612.213623046875 225.21664428710938 822.7574462890625 203.39865112304688
617.8748779296875 211.33436584472656 828.7525634765625 188.87167358398438
577.0926513671875 280.2275695800781 784.8174438476562 256.0013427734375
605.9719848632812 441.4925537109375 784.9281005859375 409.5440673828125
225.3863525390625 286.1346435546875 477.10791015625 259.2893981933594
758.6043090820312 220.8248748779297 977.7398071289062 195.19163513183594
487.6158752441406 529.9083862304688 670.155517578125 486.0494079589844
482.6991882324219 505.9770202636719 667.0967407226562 464.07855224609375
503.1390075683594 550.1596069335938 682.5596923828125 505.6593933105469
542.8125610351562 501.0570373535156 721.6569213867188 463.32025146484375
534.2656860351562 516.2076416015625 712.9833374023438 476.3495788574219
506.3590087890625 546.7730712890625 685.4404907226562 502.9403076171875
494.0829162597656 527.8551025390625 675.3869018554688 484.9100646972656
772.1361083984375 249.0909423828125 986.0452880859375 223.40281677246094
526.568115234375 542.8997192382812 704.3744506835938 500.5513916015625
493.9981384277344 552.911376953125 674.2944946289062 507.60528564453125
528.5325317382812 505.300537109375 708.1494140625 466.00592041015625
543.8695068359375 488.8551330566406 723.6486206054688 451.4417724609375
533.1223754882812 528.7022705078125 711.368896484375 487.96844482421875
464.68865966796875 472.879150390625 652.5735473632812 432.8686828613281
63.07786560058594 308.2793884277344 347.91937255859375 276.4709777832031
534.008544921875 295.0311279296875 739.7879638671875 264.7649841308594
526.568115234375 542.8997192382812 704.3744506835938 500.5513916015625
534.2656860351562 516.2076416015625 712.9833374023438 476.3495788574219
541.145751953125 492.4835510253906 720.6354370117188 455.0187683105469
750.9523315429688 253.3723602294922 963.1272583007812 228.35775756835938
52.31943893432617 302.89544677734375 341.1024169921875 271.9941711425781
523.4130249023438 540.50732421875 701.7418212890625 498.44683837890625
540.2532348632812 526.0938720703125 717.7537841796875 486.40582275390625
530.5172729492188 502.73797607421875 710.4724731445312 463.94000244140625
551.7921752929688 531.6907348632812 728.2485961914062 492.37744140625
254.4506072998047 182.30703735351562 514.1322631835938 167.2608184814453
512.7271728515625 510.48394775390625 693.7276611328125 470.23626708984375
540.9089965820312 531.3687133789062 718.0734252929688 490.7490234375
771.1227416992188 232.7727813720703 985.5748291015625 207.03634643554688
733.6485595703125 253.41419982910156 946.658447265625 228.17881774902344
778.3923950195312 217.9490966796875 994.9195556640625 192.04495239257812
507.00543212890625 521.7303466796875 687.785400390625 479.478759765625
508.7256774902344 497.2174377441406 690.3395385742188 457.9443054199219
482.6991882324219 505.9770202636719 667.0967407226562 464.07855224609375
87.17475891113281 318.22100830078125 365.72119140625 285.4947204589844
548.5712280273438 491.1086120605469 727.4534912109375 454.1202087402344
541.5474853515625 261.0660095214844 752.1068725585938 237.2447052001953
514.3723754882812 491.677490234375 695.6904296875 453.3463134765625
545.7376708984375 510.41851806640625 723.6730346679688 471.949462890625
254.4506072998047 182.30703735351562 514.1322631835938 167.2608184814453
704.0585327148438 475.4580078125 879.1167602539062 447.94891357421875
618.418701171875 496.9638671875 793.5510864257812 463.9638671875
544.2512817382812 496.1476135253906 723.064697265625 457.6194152832031
600.9714965820312 467.09039306640625 778.2202758789062 434.1789245605469
761.9642944335938 238.54635620117188 978.1488037109375 213.3683319091797
46.96398162841797 309.04339599609375 336.4367980957031 276.8394470214844
771.68798828125 237.97084045410156 985.8547973632812 212.61351013183594
482.6991882324219 505.9770202636719 667.0967407226562 464.07855224609375
102.0708999633789 328.000244140625 377.6751403808594 293.90667724609375
522.0599365234375 522.550537109375 701.5327758789062 482.0030212402344
46.96398162841797 309.04339599609375 336.4367980957031 276.8394470214844
751.3721313476562 268.8551025390625 962.3026123046875 243.84169006347656
526.2412719726562 496.4774169921875 706.650634765625 457.791748046875
748.4041137695312 266.16278076171875 959.5543823242188 241.1791534423828
493.9383850097656 502.7924499511719 678.521484375 461.9119873046875
83.71247100830078 310.4117126464844 363.8594055175781 277.7132568359375
62.254432678222656 296.1114807128906 347.9845275878906 265.59033203125
