506.29937744140625 536.8862915039062 982.8706665039062 356.0732116699219
487.6158752441406 529.9083862304688 970.6967163085938 344.34771728515625
523.4130249023438 540.50732421875 995.3853149414062 364.39361572265625
541.006103515625 559.8330078125 1003.085205078125 385.9461975097656
536.0707397460938 543.7791748046875 1004.644775390625 371.70477294921875
515.8313598632812 536.0167236328125 990.8524780273438 357.94219970703125
525.1322631835938 513.0936889648438 1006.2393188476562 342.61322021484375
541.7225341796875 520.9485473632812 1017.6972045898438 354.71929931640625
518.1538696289062 557.382568359375 985.2860107421875 376.4911193847656
512.196533203125 557.997314453125 980.5853881835938 374.5008850097656
499.8530578613281 558.1939086914062 970.4796142578125 370.585205078125
540.2532348632812 526.0938720703125 1014.5481567382812 358.66143798828125
523.6211547851562 534.2366333007812 997.8798217773438 359.1319274902344
493.2345886230469 494.2085876464844 987.0335693359375 317.8265686035156
533.1223754882812 528.7022705078125 1007.6000366210938 358.4070129394531
490.1397705078125 488.86444091796875 986.211669921875 312.0260314941406
538.6838989257812 517.5137939453125 1016.5579833984375 351.0181884765625
535.020751953125 562.0177001953125 996.96728515625 385.6405944824219
493.0426330566406 583.6048583984375 956.9360961914062 388.1535339355469
495.6318359375 498.5782775878906 987.4859008789062 321.9505920410156
499.6335754394531 573.5538940429688 965.5128173828125 381.9957580566406
551.7921752929688 531.6907348632812 1022.4337158203125 366.54547119140625
519.7740478515625 566.2732543945312 983.5338134765625 383.48468017578125
543.8695068359375 488.8551330566406 1031.7117919921875 328.42987060546875
525.04248046875 560.963623046875 989.5971069335938 381.669921875
494.0829162597656 527.8551025390625 975.5260620117188 344.8197326660156
542.8125610351562 501.0570373535156 1025.9825439453125 338.8229064941406
558.553955078125 505.13763427734375 1038.3087158203125 347.21240234375
554.4214477539062 493.66351318359375 1038.629638671875 336.52099609375
522.8499755859375 564.21435546875 986.686279296875 383.3702087402344
540.2532348632812 526.0938720703125 1014.5481567382812 358.66143798828125
502.65252685546875 564.744140625 970.4988403320312 376.9891662597656
520.3359985351562 553.8270874023438 988.275390625 373.6827392578125
506.29937744140625 536.8862915039062 982.8706665039062 356.0732116699219
464.68865966796875 472.879150390625 971.3939208984375 291.5091552734375
516.4356079101562 549.0623168945312 986.671630859375 369.21624755859375
529.6871948242188 544.8820190429688 999.1221923828125 370.45745849609375
522.8499755859375 564.21435546875 986.686279296875 383.3702087402344
545.477783203125 558.40576171875 1007.17919921875 386.314697265625
575.63134765625 504.88311767578125 1054.0341796875 352.86328125
547.7297973632812 533.332763671875 1018.2096557617188 366.55389404296875
526.568115234375 542.8997192382812 996.8056030273438 367.3697204589844
507.7523498535156 542.8386840820312 982.2422485351562 360.4698791503906
542.392822265625 556.5315551757812 1005.3594360351562 383.7489013671875
521.6656494140625 547.5298461914062 991.8753662109375 369.82958984375
492.202392578125 517.6492309570312 978.0511474609375 336.3019714355469
616.17919921875 481.5218811035156 1101.868408203125 346.18414306640625
514.7069702148438 565.7151489257812 979.982421875 381.6318054199219
542.392822265625 556.5315551757812 1005.3594360351562 383.7489013671875
535.6361694335938 503.531494140625 1018.9226684570312 338.5458068847656
536.21875 559.111083984375 999.5591430664062 383.3612976074219
496.72900390625 512.1126708984375 983.7714233398438 333.0101623535156
499.8530578613281 558.1939086914062 970.4796142578125 370.585205078125
476.0113830566406 507.4282531738281 968.8971557617188 323.0199279785156
545.7376708984375 510.41851806640625 1024.6800537109375 347.2845764160156
544.2512817382812 496.1476135253906 1029.2879638671875 334.0867919921875
493.18756103515625 559.7374877929688 964.8497314453125 369.77789306640625
464.68865966796875 472.879150390625 971.3939208984375 291.5091552734375
541.20166015625 496.8365478515625 1026.003173828125 334.8293762207031
618.418701171875 496.9638671875 1097.597412109375 360.8038024902344
491.3988952636719 573.8355102539062 958.9349365234375 380.62518310546875
544.4968872070312 516.6316528320312 1021.5962524414062 351.88482666015625
510.5101623535156 525.763671875 990.2653198242188 348.6798095703125
480.7316589355469 490.9971923828125 978.3981323242188 310.71014404296875
517.0064697265625 496.41778564453125 1006.1739501953125 326.6008605957031
526.568115234375 542.8997192382812 996.8056030273438 367.3697204589844
519.9002685546875 520.0376586914062 999.1129150390625 346.80712890625
482.6991882324219 505.9770202636719 974.69384765625 323.8498840332031
516.8502807617188 518.4517822265625 997.9601440429688 344.2395324707031
544.268798828125 532.0473022460938 1015.7576293945312 364.587646484375
491.2100524902344 578.8402709960938 956.8912353515625 384.8655700683594
522.074951171875 505.8250427246094 1006.447998046875 336.80279541015625
531.7533569335938 541.4710083007812 1002.0172729492188 368.31744384765625
494.141845703125 514.6593627929688 981.2047729492188 335.0763244628906
508.5681457519531 558.2994995117188 978.1043090820312 373.9190368652344
512.7271728515625 510.48394775390625 997.2935180664062 336.6791076660156
482.6991882324219 505.9770202636719 974.69384765625 323.8498840332031
514.3723754882812 491.677490234375 1004.8702392578125 322.0660400390625
531.7533569335938 541.4710083007812 1002.0172729492188 368.31744384765625
522.0599365234375 522.550537109375 1000.5324096679688 349.7613525390625
541.145751953125 492.4835510253906 1027.8876953125 330.95068359375
600.9714965820312 467.09039306640625 1093.111328125 328.1995849609375
600.9714965820312 467.09039306640625 1093.111328125 328.1995849609375
488.8108215332031 554.8838500976562 962.5057983398438 364.5758056640625
520.0962524414062 498.426513671875 1007.5306396484375 329.55950927734375
