871.0555419921875 373.64398193359375 1286.8292236328125 334.5505676269531
852.9393920898438 342.996826171875 1278.1898193359375 295.96307373046875
508.7256774902344 497.2174377441406 855.532958984375 363.44232177734375
514.3723754882812 491.677490234375 861.9161376953125 360.04290771484375
515.8313598632812 536.0167236328125 852.2124633789062 396.3622131347656
533.6326293945312 496.3269958496094 876.58837890625 368.0491638183594
525.1322631835938 513.0936889648438 865.6190795898438 380.28802490234375
554.2643432617188 525.11767578125 888.206298828125 397.4928894042969
523.6211547851562 534.2366333007812 859.329345703125 395.91961669921875
558.553955078125 505.13763427734375 897.0111694335938 381.2149353027344
506.29937744140625 536.8862915039062 843.9863891601562 395.5985412597656
878.3148193359375 827.9735107421875 1085.4056396484375 824.3775024414062
502.65252685546875 564.744140625 834.61181640625 416.7699890136719
878.3148193359375 827.9735107421875 1085.4056396484375 824.3775024414062
554.4214477539062 493.66351318359375 896.9873046875 370.17694091796875
605.9719848632812 441.4925537109375 957.6405639648438 337.1516418457031
491.3988952636719 573.8355102539062 823.4169921875 421.6289978027344
499.8530578613281 558.1939086914062 834.0630493164062 410.4784240722656
506.29937744140625 536.8862915039062 843.9863891601562 395.5985412597656
505.5833435058594 552.0255737304688 839.5509033203125 407.45703125
499.8530578613281 558.1939086914062 834.0630493164062 410.4784240722656
