57.070133209228516
70.41307067871094
70.93659210205078
75.88807678222656
84.27336120605469
86.35391998291016
86.60831451416016
88.74119567871094
92.87088012695312
94.25497436523438
95.64517974853516
100.78194427490234
102.39140319824219
103.21821594238281
103.9134292602539
104.37911987304688
104.75209045410156
111.33283233642578
118.8191909790039
119.23086547851562
121.9590072631836
122.64582824707031
123.21525573730469
123.98789978027344
124.32618713378906
124.81185913085938
125.53485870361328
126.30122375488281
126.85818481445312
130.7325439453125
132.10223388671875
133.4915771484375
133.68994140625
137.60813903808594
139.1725616455078
139.5671844482422
141.61215209960938
143.14328002929688
143.24105834960938
144.42991638183594
146.1300811767578
146.376220703125
150.77134704589844
151.6805877685547
151.8683624267578
155.52813720703125
161.904296875
163.14410400390625
169.51400756835938
170.90933227539062
171.45553588867188
172.4615936279297
172.9219512939453
174.23834228515625
175.0399932861328
175.1884765625
177.7357635498047
180.7041778564453
182.1949462890625
186.2364044189453
192.0
193.06735229492188
196.00765991210938
198.46409606933594
200.8432159423828
201.41995239257812
204.04901123046875
204.62403869628906
204.73153686523438
206.79942321777344
207.28724670410156
219.6246795654297
