98.74715423583984
113.54734802246094
118.32159423828125
123.19091033935547
130.94654846191406
133.77220153808594
134.51022338867188
138.06881713867188
145.9246368408203
146.61854553222656
147.20054626464844
147.7159423828125
150.2464599609375
152.41062927246094
153.43728637695312
153.85707092285156
154.9774169921875
157.96517944335938
164.49012756347656
164.63291931152344
170.4347381591797
179.51602172851562
180.61561584472656
182.00823974609375
186.5904541015625
197.75743103027344
199.35145568847656
203.23631286621094
205.2120819091797
208.39385986328125
