1318.4561767578125 649.78271484375 297.9092102050781 821.93212890625
1283.4180908203125 604.456787109375 415.4605407714844 887.8745727539062
1331.02880859375 677.2449951171875 259.1378173828125 787.3675537109375
1287.6138916015625 646.5736694335938 351.8188781738281 804.8839111328125
1372.6298828125 650.3239135742188 201.03822326660156 863.3861694335938
1355.8856201171875 641.239501953125 235.6616973876953 869.0684814453125
685.1126098632812 595.36279296875 1040.605712890625 549.7445678710938
1334.5975341796875 664.1233520507812 259.27911376953125 808.7933349609375
1334.5975341796875 664.1233520507812 259.27911376953125 808.7933349609375
1270.6641845703125 752.349853515625 297.61395263671875 681.0010986328125
1313.1363525390625 671.3327026367188 291.3297424316406 784.2296142578125
1385.7252197265625 667.014892578125 169.74905395507812 844.9933471679688
1288.1658935546875 607.5474853515625 396.7889709472656 887.8599853515625
1288.1658935546875 607.5474853515625 396.7889709472656 887.8599853515625
1249.9573974609375 766.2150268554688 310.8240966796875 664.7681884765625
1350.1436767578125 664.68896484375 237.2686309814453 821.176513671875
1265.83935546875 597.8271484375 458.2696228027344 887.9678344726562
1288.2989501953125 593.3511352539062 423.4399719238281 923.8361206054688
1252.471923828125 780.5864868164062 304.2392578125 655.6119995117188
