1227.6766357421875 954.445556640625 312.8775939941406 1014.9373168945312
1059.8035888671875 916.2307739257812 463.65264892578125 932.72802734375
1184.8485107421875 950.8328857421875 351.52838134765625 987.9725952148438
1050.652587890625 851.278076171875 521.8787231445312 963.5859375
1074.571533203125 890.8601684570312 472.5576171875 955.4710083007812
1050.1922607421875 867.3900756835938 508.68359375 952.3217163085938
1062.205810546875 903.8865356445312 471.00067138671875 939.896728515625
1246.031494140625 903.68994140625 321.169921875 1067.5845947265625
1217.4847412109375 925.6953125 336.3318786621094 1027.38818359375
1050.1922607421875 867.3900756835938 508.68359375 952.3217163085938
1026.3489990234375 900.666015625 497.7303771972656 921.6083984375
1202.4627685546875 928.41357421875 347.7129821777344 1015.9713745117188
1062.205810546875 903.8865356445312 471.00067138671875 939.896728515625
1088.9400634765625 798.4672241210938 551.0360717773438 1032.9390869140625
1088.215576171875 865.2569580078125 484.15704345703125 979.9186401367188
1202.4627685546875 928.41357421875 347.7129821777344 1015.9713745117188
1205.859619140625 933.5844116210938 342.471435546875 1014.2042236328125
1055.0 798.1234130859375 576.173828125 1001.8766479492188
1046.8330078125 753.2891235351562 642.9273681640625 1039.917724609375
1259.7711181640625 955.8547973632812 285.34552001953125 1036.4661865234375
1084.4144287109375 803.1618041992188 548.2454833984375 1023.0756225585938
1232.4019775390625 914.79345703125 328.51312255859375 1047.6414794921875
1205.859619140625 933.5844116210938 342.471435546875 1014.2042236328125
1239.36767578125 941.3214111328125 309.601806640625 1032.014404296875
1033.5594482421875 859.016845703125 529.8505249023438 947.3256225585938
1219.41259765625 941.0985717773438 326.8518981933594 1021.2362060546875
1016.2408447265625 857.1774291992188 540.2655639648438 935.8311157226562
1016.2408447265625 857.1774291992188 540.2655639648438 935.8311157226562
1007.8361206054688 901.1242065429688 508.42120361328125 910.602783203125
1023.406494140625 1023.6809692382812 423.6367492675781 874.8392944335938
1273.9990234375 948.2158203125 274.9689636230469 1051.572509765625
1217.398193359375 909.4213256835938 345.6471862792969 1041.378173828125
1045.129150390625 1029.1978759765625 406.80194091796875 882.6068115234375
1047.052001953125 775.4212036132812 613.031982421875 1016.0916137695312
1217.398193359375 909.4213256835938 345.6471862792969 1041.378173828125
1031.1260986328125 764.3790283203125 637.1968383789062 1013.0546875
1059.7786865234375 774.02392578125 605.5343017578125 1032.74365234375
