534.311279296875 156.09422302246094 1082.7265625 217.38304138183594
538.8777465820312 150.6943359375 1086.897705078125 212.1259002685547
510.0740661621094 190.78793334960938 1054.8988037109375 249.0243377685547
360.4161682128906 195.15419006347656 942.0023803710938 254.16018676757812
564.5606689453125 196.71878051757812 1101.94677734375 253.82989501953125
539.2845458984375 187.6949005126953 1081.8353271484375 245.8972930908203
514.0607299804688 172.20895385742188 1061.7467041015625 231.77210998535156
518.3998413085938 165.3773193359375 1067.0986328125 225.9189910888672
510.0740661621094 190.78793334960938 1054.8988037109375 249.0243377685547
559.499755859375 187.38052368164062 1098.27294921875 245.96780395507812
521.1718139648438 127.56044006347656 1076.438720703125 192.2640838623047
546.5673217773438 124.85551452636719 1099.7154541015625 188.19314575195312
350.29144287109375 118.16165924072266 947.8444213867188 191.25257873535156
573.3406982421875 158.8345947265625 1117.67529296875 218.126953125
880.634765625 226.82864379882812 1469.863525390625 283.5469055175781
554.94482421875 167.45762634277344 1098.9691162109375 227.62075805664062
371.9312744140625 207.30303955078125 947.5746459960938 264.4453430175781
318.2201843261719 126.83687591552734 926.0077514648438 200.5363311767578
356.7336120605469 108.169189453125 953.9278564453125 183.66648864746094
524.9095458984375 186.10939025878906 1067.9033203125 244.08352661132812
558.7276611328125 141.00433349609375 1107.127197265625 202.21653747558594
560.5137939453125 152.27114868164062 1106.7313232421875 212.7183074951172
517.5208740234375 150.47901916503906 1068.517333984375 212.5613555908203
