92.05976104736328
95.17352294921875
101.92153930664062
113.51211547851562
116.65333557128906
126.775390625
129.73048400878906
134.4395751953125
138.8272247314453
144.97586059570312
145.1413116455078
146.66969299316406
146.76171875
148.2059326171875
150.60543823242188
164.2863311767578
168.50222778320312
169.72625732421875
172.86700439453125
174.2727813720703
178.7652130126953
181.1767120361328
183.1092529296875
185.1890869140625
186.69493103027344
196.95684814453125
199.38656616210938
204.75106811523438
205.32656860351562
225.4218292236328
226.20787048339844
228.63070678710938
231.19688415527344
232.14004516601562
234.1559295654297
236.6537628173828
242.956787109375
