759.215087890625 494.0842590332031 1053.368896484375 509.2755126953125
753.0380859375 192.1692352294922 1086.897705078125 212.1259002685547
749.1129150390625 197.44178771972656 1082.7265625 217.38304138183594
730.2050170898438 212.1893310546875 1061.7467041015625 231.77210998535156
746.3679809570312 191.63308715820312 1079.4266357421875 211.6666717529297
751.7366943359375 226.28488159179688 1081.8353271484375 245.8972930908203
766.5859375 207.478759765625 1098.9691162109375 227.62075805664062
755.010986328125 180.90518188476562 1090.244140625 201.0170440673828
739.6679077148438 171.36634826660156 1076.438720703125 192.2640838623047
755.010986328125 180.90518188476562 1090.244140625 201.0170440673828
596.3246459960938 169.4703369140625 946.2589721679688 194.45126342773438
742.9777221679688 179.53541564941406 1079.471435546875 200.10606384277344
725.8099975585938 229.59803771972656 1054.8988037109375 249.0243377685547
600.3240966796875 234.93820190429688 942.0023803710938 254.16018676757812
923.7120971679688 481.4297180175781 1234.2965087890625 519.3053588867188
576.8095703125 244.73727416992188 922.087890625 263.7179870605469
596.3246459960938 169.4703369140625 946.2589721679688 194.45126342773438
777.0699462890625 215.42295837402344 1108.537353515625 234.65762329101562
734.9844970703125 205.6960906982422 1067.0986328125 225.9189910888672
773.2052001953125 234.27149963378906 1101.94677734375 253.82989501953125
631.7163696289062 186.80030822753906 978.7936401367188 209.4556121826172
588.420166015625 229.83148193359375 932.5762939453125 249.28932189941406
587.4661254882812 237.93560791015625 931.072265625 256.8450012207031
754.990966796875 217.8431854248047 1085.7587890625 237.7684783935547
596.3246459960938 169.4703369140625 946.2589721679688 194.45126342773438
692.7554321289062 242.9037322998047 1028.802734375 262.0093994140625
738.716064453125 225.00111389160156 1067.9033203125 244.08352661132812
588.2421875 155.57632446289062 941.3660888671875 181.620849609375
603.0716552734375 158.4381561279297 953.9278564453125 183.66648864746094
767.3013305664062 174.85043334960938 1103.9927978515625 194.502685546875
1129.74072265625 274.1546630859375 1549.7122802734375 303.81640625
627.4014892578125 250.09762573242188 964.6763916015625 268.9310607910156
607.5130615234375 151.5767059326172 958.7357177734375 177.17274475097656
724.71435546875 214.44395446777344 1056.189697265625 234.4336395263672
571.4473876953125 175.65020751953125 926.0077514648438 200.5363311767578
734.8252563476562 192.02621459960938 1068.517333984375 212.5613555908203
612.7229614257812 163.62413024902344 961.909423828125 188.4547119140625
692.7554321289062 242.9037322998047 1028.802734375 262.0093994140625
1076.868408203125 258.4747619628906 1469.863525390625 283.5469055175781
606.6355590820312 218.7987823486328 949.0386962890625 239.3989715576172
770.7316284179688 182.60137939453125 1107.127197265625 202.21653747558594
1062.9764404296875 258.36474609375 1453.0528564453125 282.27899169921875
1153.412353515625 292.05670166015625 1584.634521484375 327.3760070800781
1149.1473388671875 261.23760986328125 1581.42431640625 289.3304138183594
614.73046875 158.39588928222656 964.3621826171875 183.42486572265625
772.735595703125 192.90194702148438 1106.7313232421875 212.7183074951172
