1123.0372314453125 805.4847412109375 1145.0386962890625 886.9078369140625
1112.7030029296875 875.685791015625 1085.9415283203125 945.9044189453125
1030.7022705078125 1005.365234375 952.8792114257812 1019.2589721679688
1067.29736328125 920.9740600585938 1023.5853881835938 967.9522705078125
979.6857299804688 1015.3253173828125 915.0708618164062 1009.1206665039062
1123.0372314453125 805.4847412109375 1145.0386962890625 886.9078369140625
950.1915893554688 1022.1795654296875 893.1890869140625 1004.1491088867188
999.8787841796875 1024.786376953125 924.2486572265625 1023.7528076171875
953.8741455078125 1033.9720458984375 890.53369140625 1013.3635864257812
1030.7022705078125 1005.365234375 952.8792114257812 1019.2589721679688
1029.2054443359375 992.655029296875 958.2250366210938 1010.4523315429688
1016.3184204101562 992.4121704101562 949.5430908203125 1006.9502563476562
883.8925170898438 936.2672729492188 891.302490234375 916.3914794921875
1099.642333984375 931.593017578125 1041.0675048828125 989.3381958007812
1029.2054443359375 992.655029296875 958.2250366210938 1010.4523315429688
1115.67236328125 896.4066162109375 1076.1390380859375 964.8375854492188
953.8741455078125 1033.9720458984375 890.53369140625 1013.3635864257812
1040.059326171875 1012.6459350585938 956.9234619140625 1029.970458984375
1176.6265869140625 718.6005249023438 1262.34716796875 817.1378784179688
479.6300354003906 995.6636962890625 650.7630004882812 843.1798095703125
970.9725341796875 997.9859619140625 919.0325927734375 993.9277954101562
1108.0003662109375 814.1536865234375 1127.6435546875 892.1015014648438
1294.3480224609375 781.240478515625 1324.1083984375 931.9968872070312
1101.33203125 915.0634765625 1053.364501953125 976.0286865234375
1131.1097412109375 911.3136596679688 1078.4097900390625 983.3124389648438
1170.5584716796875 827.5264282226562 1164.8243408203125 924.1533813476562
995.47314453125 987.257080078125 938.0512084960938 993.841552734375
636.3294067382812 1015.4719848632812 721.3295288085938 900.5428466796875
995.47314453125 987.257080078125 938.0512084960938 993.841552734375
1176.6265869140625 718.6005249023438 1262.34716796875 817.1378784179688
1104.216552734375 785.3114013671875 1141.81103515625 860.6537475585938
1106.22412109375 768.7210693359375 1159.530517578125 846.0870971679688
1130.89599609375 793.4725952148438 1160.448486328125 879.1032104492188
1073.0479736328125 1009.1299438476562 979.4160766601562 1035.097900390625
1067.6328125 673.04736328125 1197.7900390625 727.736083984375
840.5702514648438 959.4185791015625 854.51416015625 920.3550415039062
1047.0235595703125 1038.3558349609375 947.2776489257812 1048.3282470703125
1260.86669921875 856.2646484375 1226.1474609375 990.04541015625
1022.222412109375 1018.2693481445312 940.1664428710938 1024.5994873046875
1025.9866943359375 1053.0955810546875 926.2767944335938 1051.8746337890625
1302.0836181640625 777.3241577148438 1333.6505126953125 928.8656005859375
857.6105346679688 623.0222778320312 1049.28857421875 605.70849609375
1022.222412109375 1018.2693481445312 940.1664428710938 1024.5994873046875
1089.4805908203125 876.1992797851562 1068.9027099609375 938.7451782226562
1038.0919189453125 1022.3232421875 949.7323608398438 1034.1229248046875
988.4832153320312 722.8076171875 1090.7947998046875 758.53173828125
1010.3550415039062 732.798583984375 1099.3629150390625 773.1524047851562
454.03131103515625 962.8609008789062 647.9240112304688 813.191650390625
1085.3853759765625 918.751708984375 1039.3116455078125 972.932373046875
626.879150390625 1026.637451171875 712.3271484375 904.9299926757812
945.837890625 866.1245727539062 967.9069213867188 877.7930908203125
642.6671142578125 851.9596557617188 781.7791748046875 775.4557495117188
626.879150390625 1026.637451171875 712.3271484375 904.9299926757812
1148.159912109375 799.1192016601562 1169.199951171875 888.4326171875
1007.4065551757812 969.3226928710938 956.8547973632812 983.6021728515625
1157.842041015625 806.4725341796875 1173.19482421875 900.7415161132812
1004.0178833007812 737.2706909179688 1091.81640625 776.2461547851562
1025.9866943359375 1053.0955810546875 926.2767944335938 1051.8746337890625
1312.41650390625 780.62451171875 1345.2213134765625 935.587158203125
1323.269287109375 872.3428955078125 1271.1561279296875 1030.1356201171875
1093.8123779296875 909.8710327148438 1050.31787109375 967.6775512695312
950.6318969726562 838.8640747070312 986.30419921875 856.1923217773438
1058.867919921875 687.5157470703125 1176.736572265625 741.6624145507812
975.0036010742188 903.3124389648438 968.6459350585938 922.1988525390625
1114.3006591796875 801.6204833984375 1137.9888916015625 879.774169921875
645.80322265625 863.3536376953125 779.2354736328125 785.5807495117188
1270.075927734375 834.5503540039062 1252.489013671875 972.6932373046875
900.5759887695312 689.8247680664062 1040.4371337890625 693.2890625
919.0977783203125 966.6420288085938 903.2355346679688 949.8352661132812
439.69610595703125 980.9694213867188 637.2722778320312 821.5635375976562
884.3250732421875 933.5980834960938 892.6952514648438 914.30517578125
397.6729431152344 1003.6859130859375 611.7189331054688 828.0863037109375
1313.6470947265625 766.2484741210938 1358.7276611328125 924.9005126953125
854.6780395507812 633.8673706054688 1039.1685791015625 617.8571166992188
1342.1265869140625 861.8775634765625 1298.41015625 1029.2757568359375
667.4036865234375 846.4882202148438 798.86083984375 776.4844970703125
1017.2083129882812 737.13720703125 1102.31298828125 781.7427978515625
889.5175170898438 702.3964233398438 1021.1732177734375 702.7411499023438
1298.4443359375 839.604736328125 1276.5181884765625 990.8977661132812
916.2821655273438 895.1343383789062 933.1203002929688 895.34716796875
1155.715576171875 726.3818359375 1237.8070068359375 818.0153198242188
1045.9306640625 1061.9520263671875 934.7551879882812 1066.0426025390625
669.59912109375 874.195068359375 789.370849609375 800.9854125976562
1168.52001953125 733.0072021484375 1241.1846923828125 828.9149780273438
1303.82666015625 757.4024047851562 1355.9205322265625 909.5051879882812
677.3883056640625 879.7592163085938 792.04248046875 806.8200073242188
