84.89405059814453
93.17188262939453
94.76813507080078
100.17984008789062
109.56732940673828
112.82286834716797
124.60738372802734
126.27747344970703
136.13229370117188
140.1071014404297
141.3400115966797
144.93101501464844
145.44415283203125
156.0128173828125
157.13369750976562
162.88645935058594
165.26040649414062
178.35919189453125
182.6033935546875
190.6646270751953
190.9031219482422
193.1035919189453
194.89483642578125
198.29019165039062
198.9723663330078
206.85018920898438
208.7989501953125
235.0680694580078
