974.51318359375 210.350341796875 1892.4537353515625 224.35012817382812
974.51318359375 210.350341796875 1892.4537353515625 224.35012817382812
412.6620788574219 482.407958984375 1109.48974609375 474.6283264160156
810.7811279296875 269.7829895019531 1571.9249267578125 306.3795471191406
854.1517944335938 274.8844299316406 1639.4962158203125 315.36029052734375
831.005126953125 260.890869140625 1604.1646728515625 295.05242919921875
820.1126098632812 259.74847412109375 1586.91259765625 293.5309143066406
837.03857421875 271.81866455078125 1610.248779296875 309.7120361328125
422.7205810546875 471.3238830566406 1122.58837890625 467.6273498535156
154.44224548339844 217.14193725585938 1019.2036743164062 251.02032470703125
824.7601318359375 265.7781066894531 1592.29443359375 301.2874755859375
942.5150146484375 256.27105712890625 1803.7545166015625 292.68408203125
287.190185546875 215.00013732910156 1098.51416015625 247.6435546875
943.0230712890625 242.56076049804688 1811.204345703125 272.5631408691406
848.498046875 175.81314086914062 1668.3070068359375 182.39370727539062
840.091796875 191.40560913085938 1646.8243408203125 203.1969451904297
