154.2405242919922 752.9454345703125 1245.7806396484375 769.6969604492188
922.9552001953125 823.4503784179688 672.9659423828125 858.1172485351562
925.3548583984375 873.9322509765625 664.4254760742188 814.19384765625
975.1055908203125 784.011962890625 624.44189453125 919.0098266601562
914.3116455078125 842.1177978515625 678.3480834960938 838.386962890625
933.1710815429688 841.7408447265625 662.1464233398438 842.4808959960938
907.857177734375 740.3531494140625 707.6651000976562 962.2178955078125
993.4906005859375 784.78564453125 603.9432373046875 923.3798217773438
925.3548583984375 873.9322509765625 664.4254760742188 814.19384765625
1020.8551635742188 982.5014038085938 591.045654296875 764.0513305664062
925.3548583984375 873.9322509765625 664.4254760742188 814.19384765625
909.2807006835938 733.1883544921875 709.858642578125 977.1544189453125
