963.74169921875 209.48118591308594 1568.37060546875 225.90782165527344
831.005126953125 260.890869140625 1376.0089111328125 290.48162841796875
854.1517944335938 274.8844299316406 1404.547607421875 306.8782653808594
810.7811279296875 269.7829895019531 1351.427001953125 300.85809326171875
983.5109252929688 236.0294952392578 1595.510986328125 258.9415588378906
954.6006469726562 233.5650634765625 1549.2508544921875 256.6579284667969
820.1007690429688 263.2887878417969 1363.103759765625 293.4864196777344
820.1126098632812 259.74847412109375 1363.874267578125 289.4642028808594
989.7549438476562 211.89230346679688 1610.5888671875 227.69149780273438
287.190185546875 215.00013732910156 933.1226196289062 255.89144897460938
154.44224548339844 217.14193725585938 857.2483520507812 260.2164306640625
422.7205810546875 471.3238830566406 974.64013671875 465.0238342285156
989.7549438476562 211.89230346679688 1610.5888671875 227.69149780273438
989.9932861328125 221.9322967529297 1609.4385986328125 242.03672790527344
951.0216674804688 257.8349609375 1537.7545166015625 286.6482849121094
827.6132202148438 189.03367614746094 1388.1868896484375 210.09494018554688
983.309326171875 253.9947967529297 1591.0452880859375 281.4346008300781
840.091796875 191.40560913085938 1402.8873291015625 212.0820770263672
992.544921875 243.13107299804688 1607.83349609375 268.3578186035156
955.223388671875 252.16542053222656 1545.0185546875 279.3244323730469
1009.6827392578125 260.11322021484375 1636.0711669921875 288.2484436035156
231.77432250976562 220.48135375976562 894.3764038085938 260.8655700683594
986.96142578125 261.3436584472656 1595.2943115234375 291.5657653808594
356.0801086425781 487.4412841796875 929.6124267578125 470.8117980957031
954.611572265625 221.05076599121094 1549.96337890625 241.95309448242188
848.498046875 175.81314086914062 1417.8160400390625 194.0646514892578
967.8945922851562 253.90277099609375 1566.3115234375 281.6495666503906
397.2705993652344 491.6950378417969 952.1939086914062 478.8624572753906
229.61288452148438 201.77159118652344 893.9017333984375 246.73692321777344
943.619873046875 221.69129943847656 1535.780517578125 242.39805603027344
