867.7514038085938 825.6265869140625 692.9271850585938 715.2659912109375
865.5816650390625 817.7218627929688 694.5 722.5921020507812
883.6453857421875 996.3118286132812 692.655517578125 616.1624145507812
892.313232421875 955.554931640625 685.6344604492188 633.8948974609375
848.9891357421875 837.3200073242188 708.5762329101562 705.7260131835938
1062.4774169921875 898.0213623046875 560.5982666015625 666.7404174804688
867.20849609375 837.7529907226562 695.0750122070312 705.7459106445312
1062.4774169921875 898.0213623046875 560.5982666015625 666.7404174804688
896.013916015625 747.9486694335938 657.2169189453125 803.2820434570312
915.2333984375 961.6759643554688 673.5548706054688 631.3771362304688
954.515869140625 960.05908203125 648.5974731445312 631.6974487304688
873.6998901367188 847.0384521484375 688.9178466796875 698.8827514648438
954.515869140625 960.05908203125 648.5974731445312 631.6974487304688
