99.44847869873047
100.33444213867188
104.35995483398438
113.36666107177734
115.46427917480469
115.76268768310547
116.45170593261719
117.7624740600586
118.0169448852539
118.71815490722656
125.19185638427734
126.54248046875
126.87001037597656
130.4683837890625
130.79754638671875
132.02651977539062
132.2951202392578
132.93231201171875
133.07891845703125
134.2534942626953
138.28231811523438
139.61375427246094
140.7408905029297
141.7674102783203
142.3867950439453
142.4254150390625
142.54122924804688
142.6709442138672
144.88270568847656
146.71060180664062
146.77874755859375
147.14279174804688
147.38385009765625
147.61097717285156
147.7328643798828
147.81407165527344
147.96958923339844
149.14422607421875
150.51910400390625
151.04635620117188
151.0662078857422
151.578369140625
151.5849609375
152.82997131347656
153.4144744873047
153.96102905273438
154.8483123779297
155.25140380859375
157.59759521484375
157.89869689941406
160.72958374023438
162.5084686279297
162.76055908203125
163.1471710205078
163.5542755126953
164.2406768798828
164.78167724609375
165.20291137695312
166.01205444335938
167.6096649169922
167.81536865234375
167.9642791748047
168.58529663085938
169.3280792236328
171.02630615234375
173.68649291992188
174.02011108398438
174.6052703857422
174.8513641357422
176.3150634765625
176.4029541015625
178.03089904785156
181.73057556152344
182.44725036621094
184.6483154296875
185.9381561279297
187.41131591796875
187.6139678955078
188.46749877929688
190.21829223632812
190.6646270751953
190.8218994140625
193.0595703125
193.15020751953125
194.35791015625
194.51734924316406
194.59445190429688
195.36376953125
198.10098266601562
203.40846252441406
204.23025512695312
207.7594757080078
207.95431518554688
208.7510528564453
210.77476501464844
211.71206665039062
212.8943328857422
214.00933837890625
214.19850158691406
214.71376037597656
220.33383178710938
220.4291229248047
223.86602783203125
230.38662719726562
231.0670928955078
232.73159790039062
240.9169921875
242.1053466796875
243.33721923828125
247.3095245361328
255.0999755859375
256.8267822265625
262.71466064453125
