1080.062744140625 801.9580078125 474.1929626464844 1039.54736328125
1100.2359619140625 826.903076171875 430.9098205566406 1029.70654296875
1110.0523681640625 892.5659790039062 376.7528991699219 976.7090454101562
1127.7171630859375 913.5299072265625 348.4017333984375 971.7579345703125
1110.0523681640625 892.5659790039062 376.7528991699219 976.7090454101562
1008.1720581054688 857.0260620117188 493.29534912109375 931.6594848632812
1004.4461059570312 828.0125122070312 520.3468017578125 952.014892578125
980.2816162109375 854.2797241210938 518.8369140625 916.5276489257812
1115.886474609375 824.1529541015625 414.8057556152344 1047.488037109375
1006.1234130859375 836.6571044921875 512.1395263671875 947.1985473632812
992.144287109375 853.6787719726562 509.48602294921875 925.748291015625
984.5375366210938 814.8807373046875 555.6384887695312 949.6907958984375
959.4332275390625 804.3638305664062 584.653076171875 940.5790405273438
984.4833984375 836.255126953125 530.5851440429688 933.88427734375
986.9119262695312 804.808349609375 561.2921142578125 959.6144409179688
1112.4305419921875 811.2554931640625 427.7243347167969 1058.7880859375
950.0279541015625 813.7122802734375 581.5089111328125 925.486572265625
1148.2685546875 904.61767578125 331.6997985839844 993.8084106445312
899.395263671875 766.0909423828125 676.2400512695312 926.4320678710938
1188.0330810546875 948.922607421875 275.45526123046875 985.4580688476562
1100.2359619140625 826.903076171875 430.9098205566406 1029.70654296875
1099.372802734375 807.0473022460938 448.1765441894531 1050.7088623046875
1174.1119384765625 898.46240234375 306.1303405761719 1019.4791259765625
1000.93212890625 848.7178344726562 505.2957763671875 935.73046875
1078.7666015625 785.3114013671875 493.17828369140625 1059.466064453125
1171.0086669921875 911.5980224609375 305.113037109375 1004.666015625
1083.550537109375 793.1454467773438 478.678955078125 1054.3990478515625
