557.6351928710938 645.722412109375 700.2664794921875 631.2865600585938
1209.3157958984375 901.84375 1255.8671875 953.4862670898438
557.6351928710938 645.722412109375 700.2664794921875 631.2865600585938
1048.035888671875 947.5177001953125 1131.255126953125 993.783447265625
736.0458374023438 914.70556640625 887.7703857421875 947.1476440429688
587.1232299804688 718.15869140625 737.8863525390625 723.0709838867188
1004.4461059570312 828.0125122070312 1092.447509765625 868.3086547851562
1048.035888671875 947.5177001953125 1131.255126953125 993.783447265625
983.9378051757812 825.64794921875 1075.4146728515625 864.060302734375
1067.432861328125 718.4179077148438 1140.3798828125 742.7906494140625
888.5107421875 740.0543212890625 989.855712890625 761.3428344726562
1045.2576904296875 992.2836303710938 1129.4635009765625 1037.8585205078125
991.535888671875 960.3124389648438 1086.020263671875 1004.0807495117188
1209.3157958984375 901.84375 1255.8671875 953.4862670898438
1214.295166015625 941.27197265625 1258.216796875 993.0640258789062
1173.0455322265625 929.2130737304688 1226.9754638671875 978.9807739257812
387.0169372558594 710.4846801757812 575.5140380859375 705.2241821289062
1158.494384765625 813.1756591796875 1216.7039794921875 856.8416748046875
1132.676025390625 778.9227294921875 1195.8646240234375 817.8604125976562
1127.7171630859375 913.5299072265625 1191.872314453125 960.2122192382812
1207.349853515625 956.7536010742188 1253.022705078125 1008.731689453125
983.9378051757812 825.64794921875 1075.4146728515625 864.060302734375
514.7925415039062 612.6387939453125 653.4644775390625 586.0552368164062
526.825439453125 649.30322265625 672.7920532226562 635.020751953125
991.535888671875 960.3124389648438 1086.020263671875 1004.0807495117188
793.2628784179688 980.0078125 938.5504150390625 1012.1773071289062
971.012451171875 807.4765014648438 1063.1236572265625 842.1265258789062
1127.839599609375 897.1844482421875 1192.5423583984375 945.0421142578125
624.7683715820312 589.6986694335938 743.437255859375 558.9347534179688
884.1693115234375 772.0289306640625 991.0300903320312 798.5044555664062
1144.75927734375 918.6707763671875 1205.1478271484375 967.57080078125
1173.0899658203125 962.1350708007812 1227.9825439453125 1014.3272705078125
892.9295654296875 730.5343017578125 993.038330078125 750.2656860351562
1210.687744140625 923.4056396484375 1255.9697265625 978.2164306640625
1153.814697265625 940.510498046875 1210.3294677734375 988.0686645507812
841.9663696289062 994.2860717773438 975.84521484375 1030.8424072265625
1226.9962158203125 906.3304443359375 1269.23046875 959.4954223632812
1063.1458740234375 732.8211059570312 1136.8616943359375 760.4122314453125
387.0169372558594 710.4846801757812 575.5140380859375 705.2241821289062
1058.31201171875 958.079345703125 1137.23486328125 1004.5283203125
1147.5546875 794.1292724609375 1208.404541015625 835.8150024414062
1116.2071533203125 785.0750732421875 1182.0487060546875 823.2794189453125
1134.743896484375 789.6481323242188 1197.0921630859375 829.0947265625
566.3209228515625 719.9755249023438 724.0525512695312 724.7035522460938
980.2816162109375 854.2797241210938 1072.0626220703125 894.3226318359375
344.62701416015625 789.9057006835938 560.8607177734375 796.57177734375
530.8592529296875 618.7525634765625 670.2847900390625 595.5518188476562
1054.2327880859375 975.8018798828125 1136.35205078125 1020.3379516601562
1106.736328125 772.6405639648438 1172.823974609375 807.594970703125
1063.1458740234375 732.8211059570312 1136.8616943359375 760.4122314453125
992.144287109375 853.6787719726562 1083.1513671875 894.260986328125
1144.75927734375 918.6707763671875 1205.1478271484375 967.57080078125
1070.160888671875 789.8119506835938 1143.9808349609375 824.9171752929688
929.1260986328125 723.3394165039062 1022.4437866210938 742.2901611328125
959.4332275390625 804.3638305664062 1053.2816162109375 838.0087890625
871.50146484375 685.3826293945312 970.06982421875 694.4435424804688
1148.2685546875 904.61767578125 1206.117431640625 954.1968994140625
1188.0330810546875 948.922607421875 1237.760498046875 1000.3566284179688
903.6544189453125 728.2833862304688 1002.452392578125 744.9923095703125
888.5986938476562 679.8953857421875 985.7198486328125 689.1947021484375
984.4833984375 836.255126953125 1076.4073486328125 873.5989379882812
970.0234375 672.0947875976562 1053.9774169921875 680.387939453125
1061.6741943359375 719.721923828125 1135.1722412109375 744.3067016601562
924.5076904296875 840.8612060546875 1028.29541015625 875.7048950195312
424.4455871582031 726.5289306640625 605.5498657226562 728.6470336914062
900.3726806640625 755.4625244140625 1001.2037353515625 780.828857421875
1174.1119384765625 898.46240234375 1226.6317138671875 948.49755859375
1148.2685546875 904.61767578125 1206.117431640625 954.1968994140625
982.0697021484375 663.2064819335938 1063.707275390625 670.831787109375
956.999267578125 659.7319946289062 1042.1917724609375 664.8593139648438
843.921142578125 1012.3665771484375 978.8531494140625 1044.20947265625
335.90130615234375 803.4068603515625 559.5274047851562 810.3411865234375
545.4067993164062 730.1127319335938 706.70166015625 735.7191162109375
129.30487060546875 864.0089721679688 419.9862365722656 868.8582763671875
925.0137939453125 739.046142578125 1021.6589965820312 761.2679443359375
1121.951171875 811.0865478515625 1187.11767578125 853.400390625
674.119384765625 928.8682250976562 844.403564453125 958.5911865234375
913.81298828125 745.0869750976562 1013.1627807617188 770.0769653320312
1105.594970703125 788.1694946289062 1173.2979736328125 825.9318237304688
363.2743835449219 933.3320922851562 613.1410522460938 949.5902709960938
883.6072998046875 757.0075073242188 989.4775390625 780.58203125
558.2418823242188 651.1727294921875 702.557373046875 639.1505126953125
1022.1328735351562 741.6603393554688 1102.8834228515625 768.8198852539062
358.61370849609375 708.5891723632812 551.1932983398438 701.6510009765625
878.3374633789062 681.0855712890625 975.1506958007812 688.1119384765625
843.921142578125 1012.3665771484375 978.8531494140625 1044.20947265625
353.02490234375 807.4176025390625 573.4953002929688 815.6171875
33.511600494384766 1004.9685668945312 388.63262939453125 1009.1591186523438
1008.1657104492188 723.6475219726562 1088.9132080078125 746.617919921875
934.5123901367188 835.9110107421875 1035.404052734375 872.4818115234375
342.5195617675781 934.2112426757812 597.3648071289062 950.3798217773438
1099.372802734375 807.0473022460938 1166.6082763671875 847.7366333007812
1192.031982421875 933.6151123046875 1242.87939453125 984.7466430664062
993.5811767578125 831.7799682617188 1081.759521484375 870.8070678710938
558.2418823242188 651.1727294921875 702.557373046875 639.1505126953125
968.3174438476562 663.1367797851562 1052.9140625 670.5460205078125
109.27870178222656 860.6256103515625 403.5884704589844 864.9612426757812
892.752197265625 915.6196899414062 1007.1002807617188 952.253173828125
775.215576171875 851.836669921875 911.8411865234375 884.1871948242188
