25.762773513793945 824.9696044921875 1198.3150634765625 657.3515625
957.208984375 898.98583984375 614.6500854492188 697.5074462890625
976.395751953125 861.1062622070312 597.5260620117188 729.7958374023438
943.849365234375 982.7498779296875 622.5592041015625 645.2674560546875
960.087158203125 850.026611328125 611.8157958984375 736.59033203125
978.4496459960938 877.7696533203125 597.298583984375 715.5126953125
756.5042724609375 977.0536499023438 733.5209350585938 632.9441528320312
971.0249633789062 963.9034423828125 605.8137817382812 657.758056640625
1009.8023681640625 892.8247680664062 572.9058227539062 708.5567016601562
980.373291015625 897.7407836914062 593.2218627929688 701.7816162109375
978.4496459960938 877.7696533203125 597.298583984375 715.5126953125
999.1408081054688 978.37158203125 585.2887573242188 652.335205078125
952.2945556640625 988.1805419921875 617.7724609375 643.6610107421875
952.2945556640625 988.1805419921875 617.7724609375 643.6610107421875
952.9209594726562 976.8351440429688 616.134765625 648.976806640625
959.2291259765625 761.5903930664062 612.1287841796875 840.1007080078125
752.8274536132812 991.1708984375 733.0435180664062 625.8132934570312
998.795654296875 838.4402465820312 577.65576171875 753.9608764648438
1022.2781372070312 997.9231567382812 573.4032592773438 645.9234619140625
1014.2791748046875 863.2781372070312 566.7847900390625 733.08203125
803.4893188476562 1008.673583984375 702.5330810546875 622.716064453125
770.9818115234375 991.4734497070312 723.7212524414062 627.8389892578125
1021.2371215820312 871.6087646484375 561.729736328125 726.6776123046875
1015.2633666992188 1028.0819091796875 579.8184814453125 629.51171875
998.955322265625 1040.03466796875 590.7667846679688 625.8866577148438
783.6805419921875 1009.8843383789062 713.41455078125 623.1614990234375
