1022.2781372070312 997.9231567382812 1131.255126953125 993.783447265625
1033.989501953125 870.2335205078125 1092.447509765625 868.3086547851562
1119.5289306640625 846.681396484375 1143.9808349609375 824.9171752929688
1221.8154296875 896.5523071289062 1228.5535888671875 862.5993041992188
999.1408081054688 978.37158203125 1105.7933349609375 978.0687255859375
1014.2791748046875 863.2781372070312 1075.4146728515625 864.060302734375
1047.6680908203125 877.8744506835938 1103.9088134765625 873.9835205078125
1218.980712890625 992.9818725585938 1255.8671875 953.4862670898438
1022.2781372070312 997.9231567382812 1131.255126953125 993.783447265625
1218.980712890625 992.9818725585938 1255.8671875 953.4862670898438
771.954345703125 968.1997680664062 938.5504150390625 1012.1773071289062
1237.8876953125 1003.0233154296875 1269.23046875 959.4954223632812
566.2208862304688 666.187255859375 575.5140380859375 705.2241821289062
1014.2791748046875 863.2781372070312 1075.4146728515625 864.060302734375
1123.5213623046875 788.8532104492188 1124.0234375 768.166748046875
1188.7769775390625 1049.3338623046875 1253.022705078125 1008.731689453125
1009.1543579101562 843.4431762695312 1063.1236572265625 842.1265258789062
566.2208862304688 666.187255859375 575.5140380859375 705.2241821289062
1103.8289794921875 753.5707397460938 1096.2666015625 728.86083984375
492.7367858886719 835.8245849609375 626.4909057617188 931.8458251953125
469.0903015136719 847.9560546875 613.1410522460938 949.5902709960938
709.3624267578125 599.5487670898438 674.2761840820312 589.486328125
1193.9158935546875 887.687255859375 1206.585693359375 856.9065551757812
527.4146728515625 753.3037109375 601.3834228515625 826.1619873046875
960.087158203125 850.026611328125 1030.1185302734375 856.8750610351562
1124.432861328125 859.7032470703125 1153.2005615234375 841.076904296875
538.3540649414062 756.1654052734375 614.8062744140625 827.998046875
998.795654296875 838.4402465820312 1053.2816162109375 838.0087890625
1181.984375 982.2914428710938 1226.6317138671875 948.49755859375
1146.6614990234375 886.5606689453125 1175.5167236328125 865.3490600585938
978.2889404296875 1022.2298583984375 1112.1417236328125 1026.105712890625
978.2889404296875 1022.2298583984375 1112.1417236328125 1026.105712890625
967.8262329101562 706.4525756835938 970.06982421875 694.4435424804688
770.9818115234375 991.4734497070312 948.0917358398438 1037.45849609375
241.23289489746094 853.8690185546875 388.63262939453125 1009.1591186523438
297.54931640625 831.9736938476562 428.4408264160156 971.0584106445312
304.25775146484375 818.19873046875 424.8329772949219 951.2991943359375
821.2174682617188 847.45361328125 921.2012329101562 880.3999633789062
1150.1737060546875 980.967041015625 1206.117431640625 954.1968994140625
