508.46417236328125 1021.2984619140625 955.656982421875 980.413818359375
744.4122924804688 1033.3890380859375 955.6290283203125 842.9900512695312
730.9489135742188 1036.38037109375 958.31884765625 851.401123046875
584.8414306640625 1015.7484130859375 949.2333984375 933.9169311523438
756.5042724609375 977.0536499023438 914.8784790039062 841.2044677734375
767.1909790039062 1018.3296508789062 944.0169067382812 832.4373779296875
767.1909790039062 1018.3296508789062 944.0169067382812 832.4373779296875
803.4893188476562 1008.673583984375 935.233642578125 814.6879272460938
799.1361694335938 1049.5478515625 964.2279663085938 814.8500366210938
744.4122924804688 1033.3890380859375 955.6290283203125 842.9900512695312
803.4893188476562 1008.673583984375 935.233642578125 814.6879272460938
733.2545776367188 1006.583740234375 937.2300415039062 851.2645263671875
733.2545776367188 1006.583740234375 937.2300415039062 851.2645263671875
999.1408081054688 978.37158203125 907.990966796875 721.050048828125
783.6805419921875 1009.8843383789062 935.8182983398438 825.5646362304688
