83.01204681396484
114.69525146484375
123.57588958740234
133.0826873779297
136.43679809570312
156.7418212890625
157.71176147460938
158.95281982421875
160.53660583496094
162.0771484375
162.51768493652344
164.8605499267578
165.31484985351562
166.14151000976562
167.02395629882812
169.25424194335938
173.138671875
173.45892333984375
173.97413635253906
176.67767333984375
179.24842834472656
181.99725341796875
182.44725036621094
182.92074584960938
183.77703857421875
187.843017578125
188.74057006835938
189.62594604492188
191.5724334716797
194.21636962890625
195.5530548095703
197.0558319091797
197.12179565429688
198.35826110839844
201.2212677001953
202.12124633789062
203.0049285888672
204.28656005859375
206.0291290283203
209.2128143310547
210.36634826660156
211.37643432617188
214.3081817626953
215.40426635742188
223.50392150878906
224.82437133789062
225.51052856445312
227.2025604248047
229.6127166748047
234.42056274414062
247.0020294189453
