759.2064208984375 725.30810546875 869.2989501953125 781.6787719726562
755.399169921875 750.6370849609375 880.3882446289062 802.4473876953125
821.1535034179688 648.0568237304688 888.88720703125 698.0632934570312
777.9668579101562 717.1685180664062 882.1620483398438 769.2096557617188
783.72509765625 682.5855712890625 872.7562255859375 738.57275390625
775.8387451171875 694.962890625 871.426025390625 751.4346923828125
692.388671875 1032.3349609375 948.0917358398438 1037.45849609375
792.0393676757812 670.7297973632812 876.3618774414062 725.1423950195312
745.9860229492188 1038.7457275390625 985.4851684570312 1023.6947021484375
729.96484375 1039.5428466796875 975.84521484375 1030.8424072265625
717.2150268554688 1018.1542358398438 955.9094848632812 1018.3934326171875
818.430908203125 658.4395751953125 891.2515258789062 709.1026611328125
795.663818359375 680.9000244140625 883.7505493164062 733.4800415039062
822.15576171875 666.9308471679688 897.2459106445312 714.0391845703125
667.1425170898438 1045.1124267578125 939.3399047851562 1054.7633056640625
755.0419311523438 738.9178466796875 874.423095703125 794.7163696289062
832.682861328125 641.0588989257812 899.1114501953125 689.2822265625
778.6526489257812 704.81787109375 879.3084106445312 758.6043701171875
667.1425170898438 1045.1124267578125 939.3399047851562 1054.7633056640625
755.0419311523438 738.9178466796875 874.423095703125 794.7163696289062
711.0980224609375 1036.4688720703125 966.1404418945312 1030.9918212890625
469.89849853515625 808.95654296875 599.5958862304688 933.1959838867188
