503.1695861816406 1026.817138671875 1041.7843017578125 989.444580078125
433.86004638671875 1016.4757080078125 1028.79541015625 1038.8768310546875
520.4754638671875 1026.3409423828125 1041.91357421875 978.21435546875
520.4754638671875 1026.3409423828125 1041.91357421875 978.21435546875
736.4088745117188 1052.112548828125 1070.0943603515625 853.1651611328125
433.86004638671875 1016.4757080078125 1028.79541015625 1038.8768310546875
553.8944091796875 1005.0267944335938 1024.699462890625 958.2261962890625
492.3360290527344 1040.2486572265625 1050.33203125 995.1995849609375
994.2276000976562 958.4854736328125 1017.8501586914062 622.9442138671875
485.52001953125 1023.0558471679688 1038.2672119140625 1001.7894897460938
503.1695861816406 1026.817138671875 1041.7843017578125 989.444580078125
456.6275634765625 1007.484130859375 1022.052978515625 1023.570068359375
649.7945556640625 1042.15185546875 1060.9525146484375 899.9932861328125
526.71435546875 994.97900390625 1016.5673217773438 976.423095703125
438.60906982421875 1034.9031982421875 1041.2689208984375 1030.2237548828125
526.71435546875 994.97900390625 1016.5673217773438 976.423095703125
531.9574584960938 1012.7344360351562 1032.158203125 971.8801879882812
