1025.280029296875 878.6813354492188 586.435546875 804.6991577148438
1057.32421875 810.0867919921875 612.7102661132812 891.8576049804688
1152.714599609375 894.9496459960938 471.6856384277344 873.7221069335938
985.2393798828125 857.7279663085938 631.594482421875 797.818603515625
1023.3314819335938 917.8382568359375 563.8783569335938 776.3299560546875
976.703125 857.6119995117188 638.1093139648438 792.9138793945312
1025.280029296875 878.6813354492188 586.435546875 804.6991577148438
1057.32421875 810.0867919921875 612.7102661132812 891.8576049804688
1005.9994506835938 881.5033569335938 598.5888061523438 790.8045043945312
1012.74658203125 872.6573486328125 599.7499389648438 801.4721069335938
992.6793212890625 850.22216796875 631.959716796875 808.1640014648438
992.6793212890625 850.22216796875 631.959716796875 808.1640014648438
956.3139038085938 1005.9017333984375 562.234130859375 699.1199951171875
990.8633422851562 889.7598266601562 604.8307495117188 777.0584716796875
1052.700439453125 795.1610107421875 628.7645874023438 904.9763793945312
1161.7215576171875 931.2962646484375 448.0365295410156 845.3271484375
1031.4981689453125 892.3445434570312 573.127685546875 798.7256469726562
1111.113525390625 936.1944580078125 487.219970703125 811.4224853515625
1161.7215576171875 931.2962646484375 448.0365295410156 845.3271484375
1036.9913330078125 801.4547729492188 637.0986328125 885.7297973632812
972.7457275390625 1023.7081298828125 544.3093872070312 698.4807739257812
993.378173828125 877.6856079101562 611.016845703125 788.0250854492188
1052.0928955078125 767.9535522460938 657.7828369140625 943.3095092773438
982.5621948242188 905.97314453125 600.68896484375 762.2117309570312
1029.6336669921875 791.7154541015625 653.7259521484375 891.505859375
1159.7591552734375 905.2459716796875 459.6775817871094 868.0560302734375
959.8139038085938 966.222412109375 579.5543212890625 717.7093505859375
984.4412841796875 868.5919189453125 624.6890869140625 789.3004760742188
1068.0545654296875 772.781494140625 639.3220825195312 953.1902465820312
1036.81396484375 861.9586791992188 589.6552124023438 826.312255859375
990.8633422851562 889.7598266601562 604.8307495117188 777.0584716796875
968.251220703125 977.8753051757812 568.9074096679688 714.95166015625
1136.791259765625 923.6946411132812 472.2527770996094 837.4793701171875
956.3139038085938 1005.9017333984375 562.234130859375 699.1199951171875
1052.700439453125 795.1610107421875 628.7645874023438 904.9763793945312
1145.1207275390625 1035.491455078125 426.2506408691406 763.8612670898438
993.378173828125 877.6856079101562 611.016845703125 788.0250854492188
1178.0255126953125 921.6888427734375 436.48486328125 864.7359008789062
965.7525634765625 847.7723999023438 653.309814453125 793.8554077148438
965.7525634765625 847.7723999023438 653.309814453125 793.8554077148438
928.7880249023438 1041.7335205078125 561.9126586914062 674.6500244140625
1095.419677734375 800.2076416015625 586.1005859375 942.6953735351562
1189.10009765625 914.3736572265625 428.5977783203125 879.6541137695312
1117.3048095703125 896.03173828125 502.0496826171875 847.4390869140625
1172.7037353515625 949.67529296875 431.22723388671875 837.6885986328125
1008.7142333984375 849.868408203125 619.9859619140625 816.240966796875
1148.6688232421875 826.1951293945312 514.8362426757812 952.6454467773438
1186.11572265625 946.164794921875 419.9061584472656 847.7279052734375
1186.11572265625 946.164794921875 419.9061584472656 847.7279052734375
1042.750244140625 719.91552734375 723.4808349609375 1013.2855224609375
940.814697265625 992.6102294921875 576.2023315429688 700.0581665039062
1191.5123291015625 937.0105590820312 418.75921630859375 859.2366943359375
1040.2042236328125 781.1112060546875 653.127197265625 913.8923950195312
957.2034912109375 1018.5386962890625 555.0367431640625 693.7040405273438
965.7525634765625 847.7723999023438 653.309814453125 793.8554077148438
1031.519775390625 780.0425415039062 663.4196166992188 908.3602905273438
1185.99853515625 838.9871215820312 460.1514587402344 967.656494140625
1041.0047607421875 790.5322875976562 644.9219970703125 903.4920043945312
1017.8096313476562 786.1146240234375 668.6919555664062 888.4951782226562
944.1448364257812 1014.8654174804688 565.942138671875 688.298828125
1148.4488525390625 904.2246704101562 470.33734130859375 862.1709594726562
1029.6336669921875 791.7154541015625 653.7259521484375 891.505859375
1126.310302734375 930.7825317382812 478.69464111328125 823.3889770507812
1037.7447509765625 707.0909423828125 747.604736328125 1032.026611328125
1125.5224609375 1043.97900390625 437.2187805175781 749.6576538085938
1037.7447509765625 707.0909423828125 747.604736328125 1032.026611328125
1163.2999267578125 814.9904174804688 501.9385070800781 980.6777954101562
1163.2999267578125 814.9904174804688 501.9385070800781 980.6777954101562
