916.7782592773438 806.9373168945312 796.4829711914062 837.6185302734375
876.667724609375 794.8302001953125 747.95849609375 800.8884887695312
892.796875 794.4828491210938 772.6079711914062 809.3880004882812
835.9192504882812 765.3711547851562 713.3411254882812 753.70703125
861.2055053710938 752.1904296875 736.3414306640625 754.1527709960938
835.9192504882812 765.3711547851562 713.3411254882812 753.70703125
744.1303100585938 898.9188842773438 626.8366088867188 820.2603149414062
880.5079345703125 748.3746948242188 752.5844116210938 760.07861328125
853.8575439453125 757.1870727539062 729.64599609375 755.6292114257812
858.5673217773438 744.9638061523438 735.7254638671875 747.4269409179688
844.2095947265625 763.3082885742188 719.9835205078125 755.8042602539062
845.1273193359375 751.1378784179688 721.0226440429688 747.6939697265625
