854.7413330078125 1021.9122924804688 725.1287841796875 681.2200317382812
854.7413330078125 1021.9122924804688 725.1287841796875 681.2200317382812
844.9775390625 1031.142822265625 734.1400756835938 676.5109252929688
595.499267578125 764.5944213867188 950.1878051757812 965.6764526367188
905.7100830078125 1044.3759765625 697.9526977539062 665.730224609375
642.9273681640625 1039.917724609375 854.8272094726562 686.3338623046875
637.1968383789062 1013.0546875 860.703369140625 700.60498046875
844.9775390625 1031.142822265625 734.1400756835938 676.5109252929688
625.3783569335938 1006.39697265625 867.939453125 705.5348510742188
902.7749633789062 1055.0384521484375 700.9651489257812 661.1561889648438
902.7749633789062 1055.0384521484375 700.9651489257812 661.1561889648438
619.567138671875 1041.4794921875 868.9948120117188 686.62841796875
568.8525390625 1017.6796875 901.012451171875 703.2924194335938
605.5343017578125 1032.74365234375 877.558837890625 691.8447265625
540.2655639648438 935.8311157226562 936.5274047851562 760.0213012695312
529.50390625 908.6923828125 953.9556884765625 781.8886108398438
