923.6321411132812 634.4998168945312 747.072021484375 617.4138793945312
933.0184936523438 646.7901000976562 755.9247436523438 625.4342041015625
904.6134033203125 620.0385131835938 728.3126220703125 607.5802001953125
942.7454223632812 713.3283081054688 759.7034301757812 674.8641967773438
931.1007080078125 633.4448852539062 754.4397583007812 615.442626953125
932.1671752929688 795.7489013671875 741.4967651367188 733.3397827148438
885.44189453125 630.0814208984375 708.9451293945312 620.1763916015625
935.512451171875 639.226318359375 758.5179443359375 619.0708618164062
919.3278198242188 671.185546875 741.4840698242188 646.589599609375
854.9209594726562 584.1099243164062 675.0111694335938 585.9719848632812
912.1405639648438 672.35791015625 734.2312622070312 648.552001953125
887.9797973632812 674.9468383789062 709.6860961914062 654.8567504882812
932.7816772460938 628.5706787109375 756.5573120117188 610.812744140625
938.0180053710938 654.674072265625 760.6190185546875 632.0020141601562
934.470458984375 657.8245239257812 757.6001586914062 635.1615600585938
902.9306030273438 708.4995727539062 721.1996459960938 678.0675659179688
885.4186401367188 745.7333984375 701.4051513671875 708.7117919921875
837.2410888671875 585.99365234375 656.1605834960938 592.4685668945312
935.217041015625 802.7815551757812 746.8529052734375 736.4386596679688
931.9554443359375 661.0791015625 754.5520629882812 637.48388671875
917.44091796875 658.0772705078125 740.3250122070312 638.0189819335938
889.2208862304688 624.6354370117188 712.7907104492188 613.9371948242188
906.189453125 626.3216552734375 729.9324340820312 612.8032836914062
845.842529296875 585.3736572265625 665.939697265625 589.5996704101562
901.4521484375 632.885498046875 723.460693359375 619.9577026367188
940.0388793945312 667.9686279296875 761.7074584960938 641.0084838867188
913.061767578125 655.0413208007812 735.8331909179688 636.11328125
943.8775634765625 663.4710693359375 765.8251342773438 637.7755737304688
943.8775634765625 663.4710693359375 765.8251342773438 637.7755737304688
896.7252807617188 650.8111572265625 718.9248046875 635.1321411132812
925.6630859375 647.973388671875 748.729736328125 627.6751098632812
949.0056762695312 666.2401733398438 770.4588623046875 638.2417602539062
896.058837890625 645.2303466796875 719.1309204101562 630.5823364257812
968.2367553710938 780.588623046875 778.9624633789062 716.0772094726562
913.2631225585938 645.8887329101562 736.4999389648438 628.447021484375
949.0056762695312 666.2401733398438 770.4588623046875 638.2417602539062
930.1839599609375 665.7691650390625 751.9457397460938 641.7472534179688
837.2410888671875 585.99365234375 656.1605834960938 592.4685668945312
930.1839599609375 665.7691650390625 751.9457397460938 641.7472534179688
888.7669677734375 639.3521728515625 712.5718994140625 628.1116943359375
931.9554443359375 661.0791015625 754.5520629882812 637.48388671875
960.0770874023438 743.6589965820312 773.1101684570312 693.44189453125
888.7669677734375 639.3521728515625 712.5718994140625 628.1116943359375
847.1471557617188 570.3150024414062 666.3152465820312 576.8338623046875
889.3142700195312 629.2485961914062 713.1012573242188 618.7898559570312
887.2807006835938 662.6172485351562 709.635009765625 646.9735717773438
896.3128662109375 720.4094848632812 713.9454956054688 688.0023803710938
