910.533203125 804.0878295898438 877.3619384765625 792.1685791015625
896.1551513671875 742.1083984375 863.1920166015625 721.3751220703125
887.9797973632812 674.9468383789062 853.3280029296875 652.3960571289062
935.217041015625 802.7815551757812 895.2097778320312 800.90380859375
1006.1144409179688 792.1498413085938 959.4297485351562 821.3955688476562
872.1998291015625 862.3843994140625 852.5208740234375 834.0887451171875
932.1671752929688 795.7489013671875 893.6217041015625 792.5767211914062
919.3278198242188 671.185546875 877.0087890625 658.2816772460938
896.058837890625 645.2303466796875 857.8263549804688 621.9138793945312
914.9454956054688 716.4231567382812 876.5684204101562 704.0103149414062
849.2369995117188 575.9122924804688 821.6395263671875 539.6331787109375
938.975341796875 806.4292602539062 898.5706176757812 805.9678344726562
931.9554443359375 661.0791015625 886.7003173828125 651.09521484375
955.4368286132812 752.631103515625 910.9580688476562 756.85107421875
896.7252807617188 650.8111572265625 859.0072021484375 630.0535888671875
960.0770874023438 743.6589965820312 912.44775390625 748.6043701171875
897.8169555664062 704.4518432617188 861.4555053710938 685.5493774414062
895.48388671875 670.2232666015625 858.7443237304688 649.7008666992188
913.2631225585938 645.8887329101562 871.1903076171875 629.4373168945312
961.438232421875 761.67919921875 916.8902587890625 769.0059204101562
956.4075927734375 756.1342163085938 912.2379760742188 760.5222778320312
963.9605712890625 760.0421142578125 919.4882202148438 768.233642578125
895.48388671875 670.2232666015625 858.7443237304688 649.7008666992188
933.240478515625 669.9526977539062 887.8262329101562 661.1467895507812
