1151.5784912109375 969.5443115234375 1162.080078125 852.1287231445312
1226.413330078125 737.0366821289062 1263.00146484375 655.6502685546875
1226.413330078125 737.0366821289062 1263.00146484375 655.6502685546875
1160.3914794921875 794.8496704101562 1194.279052734375 701.2478637695312
1151.5784912109375 969.5443115234375 1162.080078125 852.1287231445312
1221.911376953125 717.5267333984375 1262.4140625 635.4102783203125
1083.3486328125 719.8131103515625 1135.068603515625 618.0577392578125
1151.970458984375 746.050537109375 1193.5506591796875 654.0327758789062
1132.55908203125 965.2221069335938 1146.6446533203125 845.8519897460938
1165.0731201171875 711.5464477539062 1212.1031494140625 621.5391845703125
1320.947509765625 1008.7011108398438 1297.21826171875 907.6652221679688
1090.283203125 939.8524780273438 1114.1556396484375 818.88720703125
1157.126953125 656.819580078125 1212.7418212890625 564.836181640625
1192.4217529296875 728.1702270507812 1233.4990234375 642.1535034179688
1329.22412109375 1004.175537109375 1305.014892578125 905.3289184570312
1084.3585205078125 944.3087768554688 1109.0687255859375 821.729248046875
1157.126953125 656.819580078125 1212.7418212890625 564.836181640625
1168.7401123046875 942.2015991210938 1180.3092041015625 832.1986694335938
1132.55908203125 965.2221069335938 1146.6446533203125 845.8519897460938
1153.9521484375 956.26318359375 1166.0428466796875 841.5790405273438
1314.671142578125 994.8468017578125 1295.2054443359375 895.2522583007812
1165.0731201171875 711.5464477539062 1212.1031494140625 621.5391845703125
1120.7041015625 656.0972290039062 1178.724365234375 559.2877197265625
1220.071044921875 682.151123046875 1267.2801513671875 600.5061645507812
1320.7364501953125 838.8099365234375 1328.5953369140625 763.4144287109375
1316.8304443359375 687.1984252929688 1356.7646484375 619.8695678710938
1133.34228515625 910.1476440429688 1154.341796875 799.4483032226562
1172.097900390625 804.78515625 1202.9453125 711.95263671875
1225.80810546875 654.688232421875 1277.908935546875 572.5220336914062
1131.726318359375 720.2477416992188 1179.3408203125 625.2738037109375
1209.122314453125 720.2014770507812 1249.8980712890625 636.8828125
1379.2445068359375 843.3569946289062 1379.1260986328125 776.4369506835938
1188.438232421875 740.3175659179688 1227.925048828125 653.21875
1188.438232421875 740.3175659179688 1227.925048828125 653.21875
1381.510498046875 829.4974365234375 1384.1318359375 764.7271118164062
1329.22412109375 1004.175537109375 1305.014892578125 905.3289184570312
1365.1319580078125 868.2321166992188 1361.486328125 796.6506958007812
1216.0670166015625 806.5486450195312 1241.3720703125 719.8612670898438
1156.8585205078125 819.0460815429688 1186.8807373046875 722.7642211914062
1333.82421875 1016.9774169921875 1306.8665771484375 916.3663940429688
1166.3245849609375 829.7086181640625 1194.192626953125 733.6956787109375
1125.0517578125 640.6096801757812 1185.5692138671875 543.5309448242188
1152.90087890625 901.3745727539062 1171.70361328125 794.7051391601562
1090.283203125 939.8524780273438 1114.1556396484375 818.88720703125
1377.5662841796875 1017.8919677734375 1343.16650390625 923.248779296875
1374.9921875 761.6162719726562 1393.2904052734375 700.8434448242188
1331.1060791015625 818.2657470703125 1341.80322265625 747.2001953125
1139.828125 636.3862915039062 1200.251220703125 540.8719482421875
1126.1031494140625 938.436767578125 1144.135986328125 822.5178833007812
1340.7410888671875 683.9937133789062 1378.9375 619.7256469726562
1083.3486328125 719.8131103515625 1135.068603515625 618.0577392578125
1179.9849853515625 737.4326782226562 1220.49755859375 649.4575805664062
1221.0574951171875 852.2245483398438 1238.0577392578125 762.24365234375
1263.928955078125 830.8958129882812 1279.7701416015625 748.6304931640625
1311.984375 726.6268310546875 1344.0045166015625 657.4365234375
1208.6080322265625 676.5241088867188 1257.6419677734375 593.051513671875
1217.9671630859375 654.5494384765625 1270.271484375 571.8270874023438
1327.3497314453125 730.3252563476562 1356.4908447265625 663.8881225585938
1283.6085205078125 925.222412109375 1280.26025390625 833.4859619140625
1217.9671630859375 654.5494384765625 1270.271484375 571.8270874023438
1000.8765869140625 912.66845703125 1042.56591796875 783.8663330078125
1102.5853271484375 910.3959350585938 1127.7218017578125 795.364501953125
1393.2852783203125 828.1278686523438 1394.8753662109375 765.254638671875
1335.60400390625 865.3230590820312 1336.457275390625 790.009033203125
1101.64453125 704.1780395507812 1153.8955078125 605.2804565429688
849.7227172851562 343.05120849609375 951.9558715820312 158.1083526611328
1362.4625244140625 693.7399291992188 1397.2572021484375 633.0095825195312
1317.3543701171875 759.1998901367188 1341.517333984375 690.1710205078125
1084.3585205078125 944.3087768554688 1109.0687255859375 821.729248046875
1142.5921630859375 808.1906127929688 1176.53564453125 710.9666748046875
1340.7410888671875 683.9937133789062 1378.9375 619.7256469726562
1069.943359375 693.5201416015625 1126.686767578125 589.961669921875
1390.120361328125 1017.186767578125 1353.1212158203125 924.3624877929688
1350.552001953125 728.368896484375 1378.1385498046875 664.8623046875
1121.6549072265625 952.815185546875 1138.974853515625 834.1104125976562
1114.67431640625 971.0867309570312 1131.419189453125 848.4637451171875
1175.5823974609375 677.3214721679688 1226.501953125 589.5203247070312
1184.9420166015625 656.060302734375 1239.083740234375 568.9474487304688
1201.6510009765625 808.6424560546875 1228.1885986328125 719.6692504882812
1292.2772216796875 999.0208740234375 1274.9866943359375 895.977783203125
1316.3319091796875 827.2782592773438 1326.8167724609375 752.6990356445312
1121.3594970703125 836.730712890625 1153.466796875 733.8060302734375
937.6722412109375 313.29644775390625 1047.079345703125 133.87908935546875
1141.629150390625 791.3934326171875 1177.873779296875 694.9085693359375
1091.750244140625 888.4071655273438 1121.79345703125 774.96533203125
1105.751708984375 693.2978515625 1159.2236328125 594.8751220703125
792.487060546875 993.85888671875 865.65771484375 820.8491821289062
1199.0462646484375 661.6776733398438 1251.354736328125 576.6072387695312
1233.87451171875 732.3079223632812 1270.6055908203125 652.1890258789062
1192.3831787109375 848.31298828125 1213.890869140625 754.4121704101562
1201.0625 717.2958374023438 1243.0772705078125 633.0236206054688
961.6575927734375 919.7721557617188 1008.0930786132812 783.2090454101562
1292.2772216796875 999.0208740234375 1274.9866943359375 895.977783203125
1349.00830078125 672.026123046875 1390.3929443359375 608.764404296875
1091.750244140625 888.4071655273438 1121.79345703125 774.96533203125
1199.0462646484375 661.6776733398438 1251.354736328125 576.6072387695312
1186.9173583984375 815.1337280273438 1214.520263671875 723.5443725585938
1382.427490234375 878.5526733398438 1374.67626953125 808.2447509765625
1385.8502197265625 824.9180908203125 1388.985595703125 760.797607421875
1248.260986328125 667.2022094726562 1295.8431396484375 588.571533203125
1131.726318359375 720.2477416992188 1179.3408203125 625.2738037109375
1113.008056640625 923.129150390625 1135.724609375 808.2609252929688
979.7377319335938 823.4268798828125 1033.1710205078125 704.8794555664062
1311.984375 726.6268310546875 1344.0045166015625 657.4365234375
1300.0830078125 864.4366455078125 1305.348388671875 784.1092529296875
1152.5806884765625 836.2875366210938 1180.791259765625 737.7023315429688
1128.8759765625 661.9967651367188 1185.3070068359375 566.7808227539062
1371.1658935546875 974.3385009765625 1345.4892578125 887.1436767578125
1314.683349609375 978.3692626953125 1297.54345703125 882.4992065429688
1044.631591796875 797.3944091796875 1091.159423828125 686.75146484375
1350.4464111328125 684.7545776367188 1388.2122802734375 621.872802734375
1245.9263916015625 676.3252563476562 1292.2857666015625 598.2133178710938
1393.3555908203125 760.8729248046875 1409.934326171875 702.7048950195312
918.15478515625 887.7056274414062 974.214111328125 749.6763916015625
1144.2879638671875 929.7976684570312 1160.81005859375 817.9931640625
1347.501953125 848.1959838867188 1349.61572265625 776.194091796875
1376.00341796875 666.083984375 1416.905029296875 606.0479125976562
1202.317626953125 846.163818359375 1222.834716796875 753.8218994140625
1202.317626953125 846.163818359375 1222.834716796875 753.8218994140625
964.7955932617188 826.10498046875 1020.1129150390625 705.1663208007812
1393.2852783203125 828.1278686523438 1394.8753662109375 765.254638671875
829.7171020507812 977.8516845703125 896.8236083984375 812.9116821289062
1348.32373046875 953.44970703125 1330.2548828125 867.247802734375
1144.2879638671875 929.7976684570312 1160.81005859375 817.9931640625
1143.4833984375 816.865478515625 1175.558837890625 718.9322509765625
1116.0523681640625 692.0094604492188 1169.4559326171875 594.4566040039062
1330.0545654296875 854.6552124023438 1333.6097412109375 779.60302734375
850.2894897460938 1055.1104736328125 910.4805297851562 877.6822509765625
1105.1217041015625 652.5372314453125 1164.7999267578125 553.0799560546875
1164.9892578125 741.5459594726562 1206.4366455078125 651.1754150390625
1366.8304443359375 771.1843872070312 1384.0863037109375 708.99658203125
1378.6912841796875 952.808837890625 1356.130615234375 870.75341796875
1372.9031982421875 1001.9425659179688 1341.9041748046875 909.9120483398438
1364.7642822265625 670.5741577148438 1404.9957275390625 609.6010131835938
1201.0067138671875 665.0792846679688 1252.657958984375 580.300048828125
1077.560791015625 264.12530517578125 1203.5260009765625 88.38092041015625
1090.6380615234375 692.5938720703125 1145.4384765625 592.2163696289062
1084.5968017578125 695.8286743164062 1139.4478759765625 594.5064697265625
1036.226318359375 835.8578491210938 1079.917724609375 720.9169921875
1050.388671875 810.5701904296875 1094.551513671875 699.73583984375
790.0008544921875 758.7333374023438 870.3505859375 612.7005004882812
943.2915649414062 879.1522827148438 996.2500610351562 745.6663208007812
1007.4183959960938 277.2945861816406 1121.13330078125 98.07892608642578
795.9537963867188 873.8214111328125 872.3592529296875 719.4683227539062
1092.2066650390625 632.4946899414062 1155.899658203125 530.0753784179688
968.1619262695312 870.163330078125 1018.158447265625 741.341552734375
1110.6409912109375 661.09228515625 1167.97412109375 562.763916015625
795.9537963867188 873.8214111328125 872.3592529296875 719.4683227539062
1316.8304443359375 687.1984252929688 1356.7646484375 619.8695678710938
833.9197998046875 840.5615234375 905.6165161132812 695.3204956054688
1100.6165771484375 698.3162231445312 1154.0645751953125 599.3812866210938
895.984130859375 845.069580078125 959.1846313476562 710.4869384765625
1363.41064453125 682.8621826171875 1401.806396484375 620.6348876953125
517.4037475585938 908.2289428710938 642.29541015625 709.1708374023438
1330.1181640625 940.8564453125 1318.2001953125 853.5863647460938
1252.7080078125 683.2197265625 1296.5313720703125 606.810546875
1198.030517578125 713.0586547851562 1240.3660888671875 627.9608764648438
1314.940185546875 660.5308227539062 1360.882080078125 591.1098022460938
1182.71923828125 831.6788940429688 1208.48876953125 738.0597534179688
1316.3304443359375 665.36474609375 1361.2120361328125 596.97900390625
941.3341674804688 854.590087890625 996.1802368164062 723.6346435546875
1362.3778076171875 744.7535400390625 1385.6839599609375 682.5380249023438
1026.51513671875 760.9860229492188 1082.229736328125 650.5233764648438
1036.5455322265625 236.84054565429688 1165.063232421875 44.81901550292969
1208.9371337890625 729.9271850585938 1247.8035888671875 646.1793212890625
1348.4150390625 870.39599609375 1346.0982666015625 795.415771484375
1284.696533203125 675.8698120117188 1329.2647705078125 601.7169189453125
1077.7374267578125 647.0252075195312 1139.94140625 543.2797241210938
1072.076904296875 653.5492553710938 1134.0726318359375 549.4635009765625
1143.4833984375 816.865478515625 1175.558837890625 718.9322509765625
974.00830078125 858.2127685546875 1024.6119384765625 731.9285278320312
1379.2445068359375 843.3569946289062 1379.1260986328125 776.4369506835938
1094.56494140625 689.1310424804688 1149.8992919921875 589.1197509765625
1099.1363525390625 635.023193359375 1162.001708984375 534.0771484375
1179.78662109375 822.6866455078125 1206.94970703125 729.33984375
1000.4949951171875 243.10885620117188 1125.275634765625 47.749813079833984
1141.629150390625 791.3934326171875 1177.873779296875 694.9085693359375
792.3649291992188 851.1424560546875 870.09375 698.8796997070312
1334.1973876953125 668.9757690429688 1376.75634765625 603.6405639648438
1354.0977783203125 820.3578491210938 1361.70947265625 752.21533203125
850.2894897460938 1055.1104736328125 910.4805297851562 877.6822509765625
939.1632080078125 897.0482177734375 991.6322631835938 760.5410766601562
1215.5714111328125 826.8574829101562 1237.5406494140625 738.2305297851562
1083.339111328125 647.5972900390625 1145.5291748046875 544.8606567382812
1100.6165771484375 698.3162231445312 1154.0645751953125 599.3812866210938
1008.94482421875 819.2691650390625 1058.80322265625 705.3512573242188
1391.96435546875 694.0748901367188 1424.7994384765625 637.3434448242188
1200.2677001953125 800.046142578125 1228.476806640625 711.6734008789062
1082.1326904296875 638.1619873046875 1145.3408203125 534.6998291015625
1077.560791015625 264.12530517578125 1203.5260009765625 88.38092041015625
1349.3887939453125 745.0491943359375 1373.55029296875 681.1397705078125
833.9197998046875 840.5615234375 905.6165161132812 695.3204956054688
675.6078491210938 854.790283203125 772.2246704101562 684.6712036132812
815.74658203125 894.7413330078125 887.9387817382812 740.3413696289062
968.1619262695312 870.163330078125 1018.158447265625 741.341552734375
1407.868408203125 984.47900390625 1374.6068115234375 901.7217407226562
663.112060546875 670.9408569335938 759.1739501953125 505.5563659667969
1121.6549072265625 952.815185546875 1138.974853515625 834.1104125976562
837.8548583984375 898.34326171875 906.9915771484375 746.7089233398438
820.7024536132812 998.688232421875 889.2214965820312 828.8107299804688
1080.3603515625 634.0438842773438 1144.5155029296875 530.1884765625
784.07373046875 860.3798828125 862.4892578125 706.00390625
817.897216796875 685.260009765625 898.2067260742188 543.820068359375
1374.4774169921875 747.7841186523438 1396.3035888671875 687.5199584960938
1213.442138671875 668.8163452148438 1262.6339111328125 585.62646484375
1366.62451171875 733.9741821289062 1391.326171875 672.69775390625
809.1827392578125 694.7819213867188 889.452392578125 552.2810668945312
1361.8643798828125 662.4667358398438 1404.3487548828125 600.5833740234375
824.2245483398438 841.2147827148438 897.3638916015625 694.2111206054688
1349.3118896484375 861.0997314453125 1348.931884765625 788.025634765625
1114.6568603515625 646.7813720703125 1174.9276123046875 548.5932006835938
1349.3887939453125 745.0491943359375 1373.55029296875 681.1397705078125
1393.3555908203125 760.8729248046875 1409.934326171875 702.7048950195312
840.2963256835938 1009.845703125 904.23828125 840.3084106445312
660.45361328125 853.1367797851562 758.6658325195312 681.0010375976562
820.7024536132812 998.688232421875 889.2214965820312 828.8107299804688
1115.33056640625 909.6989135742188 1138.8460693359375 797.052001953125
1342.415283203125 669.6531982421875 1384.1568603515625 605.37353515625
680.3704833984375 760.5333251953125 775.6768188476562 597.42333984375
1394.755126953125 743.3258666992188 1415.5072021484375 686.0099487304688
1196.7412109375 841.9470825195312 1218.8851318359375 749.1800537109375
733.008544921875 670.5159912109375 822.6121215820312 515.6469116210938
1337.584228515625 835.9906616210938 1344.019287109375 763.8062744140625
1113.19775390625 657.8910522460938 1171.57666015625 559.8478393554688
1284.696533203125 675.8698120117188 1329.2647705078125 601.7169189453125
691.1683349609375 362.8450927734375 790.8933715820312 165.91131591796875
1372.9031982421875 1001.9425659179688 1341.9041748046875 909.9120483398438
792.429443359375 1006.8656005859375 865.4532470703125 831.1082763671875
1071.785400390625 848.0501708984375 1109.344970703125 736.1213989257812
1210.809814453125 818.6236572265625 1234.666015625 730.2162475585938
1162.444091796875 844.7118530273438 1188.33349609375 747.1011962890625
784.07373046875 860.3798828125 862.4892578125 706.00390625
1098.763916015625 719.8466796875 1149.28076171875 620.6137084960938
1391.42529296875 960.2176513671875 1365.7696533203125 878.4962768554688
1380.833251953125 755.3801879882812 1399.705810546875 695.6458129882812
1374.2659912109375 689.4155883789062 1409.58203125 630.344482421875
1380.833251953125 755.3801879882812 1399.705810546875 695.6458129882812
763.7883911132812 771.6175537109375 848.0995483398438 621.128662109375
817.841796875 999.5673217773438 886.7276000976562 829.1094360351562
840.2963256835938 1009.845703125 904.23828125 840.3084106445312
894.4365844726562 873.609619140625 955.2367553710938 733.7830200195312
1238.8193359375 656.1939697265625 1289.7545166015625 576.5696411132812
1365.7542724609375 835.695068359375 1368.766845703125 767.6971435546875
1172.5040283203125 959.4158935546875 1181.0185546875 846.5648803710938
1096.1875 922.868408203125 1121.1602783203125 805.4929809570312
1051.1343994140625 716.6453247070312 1106.4527587890625 610.2693481445312
1375.8343505859375 822.9143676757812 1380.351318359375 757.8375854492188
1400.85205078125 693.404052734375 1433.0130615234375 638.2077026367188
675.53662109375 742.4633178710938 770.72021484375 579.364013671875
1187.9974365234375 671.598876953125 1239.400634765625 584.8965454101562
955.4882202148438 829.1018676757812 1011.6759033203125 706.2614135742188
992.458740234375 881.2603149414062 1038.1357421875 754.560546875
1197.636962890625 678.6839599609375 1246.8468017578125 593.6566162109375
1144.47216796875 687.4517211914062 1196.6356201171875 593.3173217773438
1190.31396484375 834.703857421875 1213.92529296875 741.9569702148438
1073.757568359375 634.5269775390625 1138.046630859375 529.373779296875
800.060302734375 745.1817016601562 881.7386474609375 601.1054077148438
1137.226318359375 829.61474609375 1168.5445556640625 729.8943481445312
1391.96435546875 694.0748901367188 1424.7994384765625 637.3434448242188
988.652099609375 860.20556640625 1036.298828125 736.232421875
996.357666015625 831.689697265625 1046.258056640625 712.7825927734375
1389.6851806640625 749.5029296875 1409.824951171875 691.409912109375
1144.47216796875 687.4517211914062 1196.6356201171875 593.3173217773438
705.778076171875 985.2206420898438 797.4151611328125 801.4254760742188
833.041748046875 835.26611328125 904.9591064453125 690.4706420898438
491.8736877441406 794.5291137695312 615.7247924804688 602.0253295898438
529.298583984375 734.919921875 643.0263671875 549.6563720703125
1014.054443359375 898.7468872070312 1055.35302734375 772.1755981445312
812.2379150390625 872.9505615234375 886.1588745117188 721.1699829101562
671.0496826171875 847.8338623046875 768.7654418945312 677.8755493164062
966.4945678710938 837.437255859375 1020.0699462890625 713.3895874023438
1152.5806884765625 836.2875366210938 1180.791259765625 737.7023315429688
1365.6741943359375 818.8980102539062 1372.1151123046875 752.4855346679688
1091.0379638671875 697.3261108398438 1145.093994140625 597.0032958984375
1377.576171875 988.9028930664062 1348.2181396484375 900.0047607421875
624.3436279296875 976.9160766601562 731.44384765625 780.6497192382812
710.5325317382812 902.7897338867188 800.6026611328125 731.354248046875
800.060302734375 745.1817016601562 881.7386474609375 601.1054077148438
1182.71923828125 831.6788940429688 1208.48876953125 738.0597534179688
695.0038452148438 368.1275329589844 795.8204345703125 172.7062530517578
810.2523193359375 984.097900390625 880.5826416015625 815.3726196289062
1208.6080322265625 676.5241088867188 1257.6419677734375 593.051513671875
788.5236206054688 754.4844360351562 869.1732177734375 608.3155517578125
597.2008666992188 706.919921875 702.3843383789062 531.814453125
777.7355346679688 745.5031127929688 860.4215087890625 597.9126586914062
671.0496826171875 847.8338623046875 768.7654418945312 677.8755493164062
1335.60400390625 865.3230590820312 1336.457275390625 790.009033203125
812.2379150390625 872.9505615234375 886.1588745117188 721.1699829101562
1352.785400390625 664.6513061523438 1395.635009765625 601.8075561523438
1345.3206787109375 830.554443359375 1352.0882568359375 760.0882568359375
1100.4876708984375 642.6531372070312 1162.1346435546875 542.2279052734375
1380.0732421875 733.1611328125 1404.5054931640625 673.9979858398438
727.4488525390625 677.815673828125 816.752685546875 522.4324951171875
624.6212158203125 1017.2056884765625 732.222900390625 815.75830078125
743.94873046875 676.9091186523438 831.91015625 524.0537719726562
978.55126953125 912.527099609375 1023.4854736328125 779.6618041992188
738.231201171875 699.218505859375 826.0772094726562 545.963623046875
430.63067626953125 829.765380859375 565.31201171875 625.9432983398438
656.9097290039062 751.7780151367188 754.9381103515625 585.67822265625
727.6895141601562 823.4668579101562 815.9948120117188 664.016845703125
741.5966796875 818.6741943359375 828.1608276367188 661.8826293945312
1400.8997802734375 837.5751953125 1399.7110595703125 774.536376953125
688.7810668945312 831.4418334960938 783.2169799804688 665.3190307617188
1110.3917236328125 653.5562744140625 1169.5947265625 555.0772094726562
628.2205200195312 760.6945190429688 730.2717895507812 589.9541015625
626.2214965820312 744.3164672851562 727.1644897460938 574.21923828125
1150.3035888671875 827.2105102539062 1180.1180419921875 729.2289428710938
806.8888549804688 883.9813232421875 881.35693359375 729.8286743164062
1050.4840087890625 783.6963500976562 1097.8812255859375 674.7953491210938
1192.103759765625 652.8564453125 1246.4007568359375 566.1975708007812
1389.6851806640625 749.5029296875 1409.824951171875 691.409912109375
1186.9173583984375 815.1337280273438 1214.520263671875 723.5443725585938
787.8369750976562 746.7501220703125 868.986572265625 600.630126953125
720.1253051757812 677.103759765625 810.4710083007812 520.0482788085938
1007.0831298828125 874.6943359375 1051.3807373046875 751.111328125
1370.78271484375 942.1652221679688 1350.564453125 860.173828125
517.4037475585938 908.2289428710938 642.29541015625 709.1708374023438
644.452392578125 751.9553833007812 744.050048828125 583.875732421875
1125.0517578125 640.6096801757812 1185.5692138671875 543.5309448242188
1323.9210205078125 725.461669921875 1353.5323486328125 658.0905151367188
1300.1563720703125 987.530029296875 1283.89501953125 888.7091064453125
797.7533569335938 754.5125732421875 878.007568359375 609.3945922851562
1068.634765625 702.0313720703125 1123.97998046875 598.3572998046875
1032.070068359375 772.6923828125 1082.7119140625 661.8306274414062
597.6031494140625 1011.2391357421875 710.8262939453125 807.0745849609375
1010.2651977539062 829.573486328125 1058.551513671875 713.2529907226562
950.6585083007812 907.6945190429688 1000.2559814453125 771.4472045898438
704.6907348632812 696.3538818359375 796.7876586914062 537.9435424804688
654.120849609375 848.7640380859375 753.6146850585938 676.4901733398438
981.278564453125 835.4034423828125 1033.0247802734375 713.9127807617188
1176.246337890625 749.7614135742188 1214.8638916015625 660.73486328125
837.8548583984375 898.34326171875 906.9915771484375 746.7089233398438
1383.984130859375 858.6964721679688 1379.927734375 790.6376342773438
895.984130859375 845.069580078125 959.1846313476562 710.4869384765625
771.2090454101562 760.4765625 854.3992309570312 611.2489624023438
850.6534423828125 859.9816284179688 919.4633178710938 715.0497436523438
1185.7340087890625 914.6737670898438 1198.300537109375 810.831298828125
995.511962890625 826.8317260742188 1046.2906494140625 708.9404296875
733.123046875 955.8788452148438 819.5662841796875 780.8582153320312
1276.1953125 1006.4164428710938 1260.4310302734375 899.82421875
1328.517822265625 670.3731689453125 1370.675048828125 604.027099609375
704.4189453125 640.7042846679688 799.2703247070312 478.4161376953125
584.6314697265625 882.9351196289062 694.186767578125 695.134765625
1330.0545654296875 854.6552124023438 1333.6097412109375 779.60302734375
633.7321166992188 740.6484985351562 734.232666015625 571.1237182617188
767.7714233398438 306.805419921875 871.5506591796875 104.42278289794922
1026.859130859375 820.51171875 1074.462890625 705.9591674804688
1316.3350830078125 961.821044921875 1301.6739501953125 868.7862548828125
757.9690551757812 672.10009765625 844.6378173828125 521.2804565429688
1385.7794189453125 688.0860595703125 1420.442626953125 630.4034423828125
726.7353515625 685.6851196289062 816.0001831054688 530.1908569335938
1276.1953125 1006.4164428710938 1260.4310302734375 899.82421875
1043.1373291015625 764.013427734375 1093.4771728515625 654.8448486328125
814.281005859375 842.4894409179688 889.16943359375 694.0821533203125
748.2816772460938 301.73199462890625 850.8242797851562 94.89371490478516
1039.52490234375 783.60400390625 1088.499755859375 673.3896484375
741.355712890625 775.4224853515625 827.9269409179688 621.1257934570312
834.9707641601562 847.548828125 906.3804321289062 701.7438354492188
501.85546875 944.4596557617188 632.0852661132812 737.6553955078125
689.1689453125 784.7319946289062 781.295166015625 621.0724487304688
646.0152587890625 1026.3436279296875 749.0127563476562 825.8785400390625
444.5213928222656 981.2684326171875 587.0771484375 760.0883178710938
731.60009765625 684.8860473632812 819.8606567382812 530.0830078125
860.7153930664062 1042.5906982421875 919.7919921875 868.5638427734375
642.431884765625 1000.9813232421875 745.7488403320312 805.23046875
1017.0592651367188 833.4960327148438 1063.7484130859375 716.9566040039062
692.164794921875 875.5972900390625 785.972900390625 705.4161987304688
1322.224365234375 739.028564453125 1350.1175537109375 671.4678344726562
1196.7412109375 841.9470825195312 1218.8851318359375 749.1800537109375
642.431884765625 1000.9813232421875 745.7488403320312 805.23046875
733.123046875 955.8788452148438 819.5662841796875 780.8582153320312
850.6534423828125 859.9816284179688 919.4633178710938 715.0497436523438
605.8514404296875 1026.875732421875 716.0938110351562 820.2733764648438
1369.8944091796875 859.6336059570312 1367.96044921875 788.4458618164062
1170.921142578125 732.089111328125 1213.34912109375 642.7389526367188
692.164794921875 875.5972900390625 785.972900390625 705.4161987304688
527.1714477539062 753.731689453125 641.4447631835938 567.3973388671875
572.6557006835938 718.2106323242188 680.9810180664062 540.0733642578125
835.62451171875 1032.59326171875 899.298095703125 858.3761596679688
847.0328369140625 809.5045166015625 919.5531005859375 668.6367797851562
635.0211791992188 959.7755126953125 738.304443359375 771.260498046875
672.940185546875 997.5147094726562 770.381103515625 806.6463012695312
976.4888916015625 821.0147705078125 1030.8414306640625 702.3195190429688
803.2913818359375 851.4039916992188 879.1937866210938 700.783447265625
743.2672729492188 740.5293579101562 830.2752685546875 587.6630249023438
1355.9276123046875 1010.5381469726562 1326.2490234375 913.8683471679688
736.3330688476562 691.8372192382812 825.1139526367188 538.0402221679688
814.2171630859375 835.5956420898438 889.3165283203125 687.6632080078125
1404.2955322265625 736.0440063476562 1425.728759765625 679.7084350585938
550.125244140625 735.3525390625 662.1175537109375 553.3798217773438
1003.2405395507812 825.83447265625 1053.4718017578125 709.4234619140625
1279.79296875 710.2634887695312 1317.71484375 635.203857421875
1166.3245849609375 829.7086181640625 1194.192626953125 733.6956787109375
835.62451171875 1032.59326171875 899.298095703125 858.3761596679688
1068.0777587890625 644.9114379882812 1131.0625 539.902099609375
1116.029052734375 659.9464721679688 1173.702880859375 562.5120239257812
679.6576538085938 752.89208984375 775.98193359375 590.319580078125
1371.1658935546875 974.3385009765625 1345.4892578125 887.1436767578125
847.0328369140625 809.5045166015625 919.5531005859375 668.6367797851562
772.6439819335938 709.2578125 855.9193725585938 560.8970947265625
1044.631591796875 797.3944091796875 1091.159423828125 686.75146484375
802.5079345703125 741.878662109375 882.317138671875 598.0143432617188
668.00341796875 824.2835083007812 765.0904541015625 655.8629150390625
1060.1947021484375 708.0069580078125 1116.015625 602.389892578125
846.2974243164062 1027.819091796875 908.532958984375 856.0147094726562
598.3338623046875 723.7159423828125 704.3297729492188 549.4046630859375
683.9822387695312 739.0717163085938 779.43994140625 577.6090087890625
565.1856079101562 841.4096069335938 679.2208251953125 656.5106811523438
1270.31591796875 782.0777587890625 1294.8228759765625 703.4154663085938
792.3649291992188 851.1424560546875 870.09375 698.8796997070312
566.9127197265625 931.024658203125 684.6557006835938 736.6981201171875
658.1085205078125 758.6571044921875 755.8928833007812 592.4278564453125
1187.9974365234375 671.598876953125 1239.400634765625 584.8965454101562
1321.5211181640625 966.8900146484375 1305.59326171875 874.8157348632812
573.57275390625 848.6030883789062 687.0376586914062 664.2628784179688
806.8888549804688 883.9813232421875 881.35693359375 729.8286743164062
710.5325317382812 902.7897338867188 800.6026611328125 731.354248046875
686.057373046875 817.8511352539062 780.5731201171875 652.6883544921875
1398.8033447265625 668.1314086914062 1437.4266357421875 611.1685180664062
463.9102783203125 793.8004150390625 592.4454956054688 597.7899780273438
1027.026123046875 811.620849609375 1074.3211669921875 698.022705078125
603.6842651367188 743.7230224609375 708.818359375 569.3731079101562
725.869384765625 758.2442016601562 814.34912109375 602.158447265625
730.8526000976562 691.9112548828125 819.4153442382812 537.4599609375
771.62060546875 765.0708618164062 854.3642578125 615.9395141601562
699.4749755859375 812.4938354492188 792.5079345703125 649.7258911132812
809.5584106445312 687.1604614257812 890.0969848632812 544.453125
521.9617919921875 836.5357055664062 642.1063232421875 646.0126953125
1076.559326171875 642.474365234375 1139.6500244140625 538.4456787109375
845.363037109375 836.2500610351562 915.9004516601562 692.3704833984375
1076.8465576171875 650.5848999023438 1138.8134765625 546.9478149414062
882.6327514648438 844.1798706054688 948.1166381835938 708.1256103515625
719.6685180664062 815.6632690429688 809.5968627929688 655.9026489257812
539.94775390625 922.2982177734375 661.014404296875 724.8416137695312
786.960693359375 885.5062866210938 863.7908325195312 727.9638671875
469.39398193359375 801.7647705078125 596.156005859375 605.506103515625
523.2655029296875 853.1383056640625 643.9078369140625 660.1517333984375
753.7640991210938 770.7552490234375 838.5094604492188 618.5054931640625
760.8983764648438 751.36767578125 845.1771850585938 600.894775390625
1179.78662109375 822.6866455078125 1206.94970703125 729.33984375
815.1396484375 854.4547119140625 889.0780029296875 704.8777465820312
749.2001953125 690.8190307617188 836.1022338867188 539.1306762695312
698.72021484375 688.6028442382812 790.4547729492188 528.934326171875
1001.4331665039062 864.494140625 1046.8902587890625 741.3677978515625
798.1846313476562 835.4088745117188 875.4907836914062 685.475341796875
486.9110412597656 981.8189697265625 622.3965454101562 767.8548583984375
708.5811157226562 686.1809692382812 799.9718017578125 528.1572875976562
651.6006469726562 840.0039672851562 751.4937744140625 667.7673950195312
430.6073303222656 802.47412109375 563.44580078125 600.1260375976562
645.660888671875 858.4000854492188 746.6082153320312 683.6388549804688
1270.31591796875 782.0777587890625 1294.8228759765625 703.4154663085938
635.7616577148438 755.9977416992188 736.381103515625 585.9292602539062
824.2245483398438 841.2147827148438 897.3638916015625 694.2111206054688
1323.842529296875 662.5721435546875 1368.395263671875 595.472412109375
652.1898193359375 996.44775390625 754.1900634765625 802.6847534179688
553.935791015625 835.767822265625 669.59814453125 649.4476928710938
555.9446411132812 753.943115234375 667.8011474609375 572.8067016601562
1321.5211181640625 966.8900146484375 1305.59326171875 874.8157348632812
579.175048828125 736.3452758789062 687.0579223632812 558.59033203125
790.0549926757812 869.0337524414062 867.138671875 714.6242065429688
1234.5816650390625 655.9254760742188 1287.1319580078125 576.0078735351562
906.3846435546875 909.501708984375 962.9451293945312 766.4075927734375
739.88330078125 704.8764038085938 828.02783203125 551.8046264648438
961.0348510742188 856.78173828125 1012.76318359375 728.3829956054688
673.9080810546875 811.207763671875 770.0731201171875 644.59716796875
1248.3848876953125 893.4678955078125 1255.8814697265625 799.8975830078125
486.9110412597656 981.8189697265625 622.3965454101562 767.8548583984375
638.6193237304688 675.307861328125 737.32666015625 506.1316223144531
720.5244140625 299.05291748046875 822.5714721679688 85.66117095947266
1193.6624755859375 659.6088256835938 1246.070556640625 573.7744750976562
751.2890014648438 674.0816650390625 837.8786010742188 522.347412109375
717.2488403320312 701.0531616210938 806.299560546875 544.1467895507812
1248.3848876953125 893.4678955078125 1255.8814697265625 799.8975830078125
792.429443359375 1006.8656005859375 865.4532470703125 831.1082763671875
668.00341796875 824.2835083007812 765.0904541015625 655.8629150390625
663.6744995117188 953.7454223632812 763.0570678710938 768.9934692382812
775.779541015625 767.6483764648438 857.9249267578125 618.7734375
1400.8997802734375 837.5751953125 1399.7110595703125 774.536376953125
958.1142578125 833.6686401367188 1013.20361328125 709.95654296875
675.6078491210938 854.790283203125 772.2246704101562 684.6712036132812
713.174560546875 847.6514282226562 805.1162719726562 682.084716796875
769.8681030273438 756.8895263671875 853.3281860351562 607.6498413085938
623.2094116210938 907.6774291992188 733.8704833984375 726.6817626953125
1332.2392578125 965.9761962890625 1314.306640625 874.9937133789062
1170.637451171875 816.0046997070312 1200.8883056640625 721.2171630859375
642.7020874023438 799.673583984375 746.0941772460938 628.6809692382812
1270.31591796875 782.0777587890625 1294.8228759765625 703.4154663085938
536.1355590820312 970.4894409179688 661.1570434570312 765.3270874023438
1089.270751953125 643.1152954101562 1150.8670654296875 541.0487670898438
1339.7469482421875 736.8319702148438 1366.9293212890625 671.3788452148438
776.6241455078125 777.3643798828125 858.7139282226562 628.2611083984375
645.7177124023438 755.21484375 745.0560913085938 587.349609375
442.9684143066406 798.4644775390625 573.5548095703125 598.3235473632812
862.262451171875 842.2913818359375 929.629638671875 701.151123046875
650.1136474609375 745.8895263671875 749.3661499023438 579.3729858398438
941.3341674804688 854.590087890625 996.1802368164062 723.6346435546875
484.0877685546875 799.5465087890625 608.610107421875 606.20556640625
454.74114990234375 791.2702026367188 582.87744140625 593.3275146484375
830.909912109375 887.6180419921875 901.8492431640625 736.2139892578125
1039.246826171875 695.54833984375 1097.5589599609375 588.5521240234375
506.98870849609375 996.088623046875 638.8538818359375 782.010986328125
1395.2030029296875 856.178466796875 1389.7049560546875 790.52392578125
633.5288696289062 1033.6505126953125 739.0398559570312 829.7861328125
810.2523193359375 984.097900390625 880.5826416015625 815.3726196289062
698.2755737304688 856.7841796875 790.3724975585938 690.4280395507812
469.39398193359375 801.7647705078125 596.156005859375 605.506103515625
682.8831176757812 397.6832580566406 779.6239624023438 202.29074096679688
1107.466064453125 934.5687255859375 1129.4803466796875 816.73046875
443.2912902832031 836.1531372070312 578.7516479492188 632.8959350585938
615.4613037109375 761.5745849609375 718.3152465820312 588.5068969726562
673.9080810546875 811.207763671875 770.0731201171875 644.59716796875
449.8763732910156 823.2439575195312 580.982666015625 623.2987670898438
754.9429321289062 737.30078125 840.2528076171875 586.3658447265625
856.8081665039062 798.1168823242188 930.1493530273438 661.5049438476562
652.0446166992188 749.6839599609375 751.1889038085938 582.6319580078125
1247.7601318359375 666.2590942382812 1295.01611328125 588.0015258789062
1404.2955322265625 736.0440063476562 1425.728759765625 679.7084350585938
437.8127746582031 823.1777954101562 572.1182250976562 620.8156127929688
730.8526000976562 691.9112548828125 819.4153442382812 537.4599609375
668.0465087890625 759.8671264648438 764.517822265625 595.3204956054688
461.3081970214844 979.9990844726562 600.3276977539062 761.864501953125
482.1039123535156 966.5848999023438 616.2447509765625 753.5054931640625
598.3338623046875 723.7159423828125 704.3297729492188 549.4046630859375
638.3338623046875 978.5266723632812 743.0296020507812 785.7053833007812
1148.676025390625 918.35888671875 1166.5213623046875 809.0687255859375
672.940185546875 997.5147094726562 770.381103515625 806.6463012695312
688.4829711914062 999.6126098632812 782.3593139648438 811.0997314453125
657.4285278320312 667.2532958984375 753.87109375 500.73736572265625
1029.9947509765625 739.4677734375 1089.9281005859375 630.3146362304688
470.0390625 978.63330078125 606.9396362304688 761.8215942382812
668.0465087890625 759.8671264648438 764.517822265625 595.3204956054688
559.4905395507812 744.680419921875 668.4397583007812 564.8701171875
530.6637573242188 912.5797119140625 654.8192749023438 715.1432495117188
688.3424072265625 316.21722412109375 790.2064819335938 102.02776336669922
1007.0831298828125 874.6943359375 1051.3807373046875 751.111328125
623.2094116210938 907.6774291992188 733.8704833984375 726.6817626953125
787.8369750976562 746.7501220703125 868.986572265625 600.630126953125
1001.4331665039062 864.494140625 1046.8902587890625 741.3677978515625
536.2133178710938 951.9845581054688 660.5406494140625 748.9176635742188
638.3338623046875 978.5266723632812 743.0296020507812 785.7053833007812
615.4613037109375 761.5745849609375 718.3152465820312 588.5068969726562
625.266845703125 683.9353637695312 726.0733642578125 513.1796875
539.2615966796875 850.7987060546875 658.1776123046875 660.91552734375
544.6871948242188 723.99609375 655.9246215820312 541.1488647460938
924.5411376953125 872.7422485351562 981.109619140625 736.9925537109375
592.1101684570312 832.2074584960938 702.7872314453125 650.587646484375
596.037109375 815.3265380859375 706.6234741210938 637.4942016601562
559.7462158203125 806.2925415039062 672.8603515625 623.284912109375
836.1935424804688 1055.0234375 899.4370727539062 876.1278686523438
1270.31591796875 782.0777587890625 1294.8228759765625 703.4154663085938
668.6591796875 734.23828125 764.736572265625 570.2991943359375
1091.388916015625 702.8425903320312 1144.3992919921875 602.3983154296875
639.2000732421875 680.3109741210938 738.0372924804688 511.373779296875
887.6907958984375 1000.42822265625 943.4658203125 839.8046264648438
624.2422485351562 678.9431762695312 724.8109741210938 508.1125793457031
540.1622924804688 830.3435668945312 657.2849731445312 642.5593872070312
837.6618041992188 856.7059936523438 908.6671752929688 710.5634765625
535.064697265625 820.66943359375 651.195556640625 633.9544067382812
645.3019409179688 737.424560546875 744.257080078125 569.7440185546875
627.591552734375 717.0291137695312 730.3697509765625 547.2616577148438
482.1039123535156 966.5848999023438 616.2447509765625 753.5054931640625
419.0948791503906 830.0051879882812 556.3492431640625 624.1514282226562
1042.0640869140625 710.7578735351562 1098.6295166015625 603.3729248046875
501.85546875 944.4596557617188 632.0852661132812 737.6553955078125
1346.64453125 751.4654541015625 1371.3663330078125 687.4663696289062
541.21337890625 730.8267211914062 652.69970703125 547.9849853515625
1353.748291015625 963.0927124023438 1332.6981201171875 876.1416015625
447.8682861328125 806.4221801757812 577.6083374023438 606.9674682617188
645.3019409179688 737.424560546875 744.257080078125 569.7440185546875
687.0140991210938 854.5896606445312 781.1414184570312 686.5240478515625
1069.834716796875 1054.2974853515625 1085.48828125 908.38134765625
569.1253051757812 834.9126586914062 681.84814453125 651.1460571289062
1378.6912841796875 952.808837890625 1356.130615234375 870.75341796875
465.74462890625 819.7296752929688 594.992431640625 621.826416015625
834.9707641601562 847.548828125 906.3804321289062 701.7438354492188
556.8075561523438 816.5453491210938 672.229248046875 631.9623413085938
1181.8369140625 740.756591796875 1221.9327392578125 653.2872924804688
509.7959289550781 956.4663696289062 637.6222534179688 748.694580078125
630.5623779296875 674.546142578125 730.21337890625 504.17071533203125
419.0948791503906 830.0051879882812 556.3492431640625 624.1514282226562
706.1978149414062 820.2826538085938 797.7669067382812 657.8478393554688
1004.657958984375 242.1533966064453 1130.5396728515625 47.89492416381836
534.509033203125 933.0803833007812 657.1226806640625 731.9456787109375
687.0140991210938 854.5896606445312 781.1414184570312 686.5240478515625
1017.6492309570312 708.1436767578125 1080.354736328125 596.4241943359375
1025.6683349609375 786.9354248046875 1076.0289306640625 674.1354370117188
643.6163330078125 975.8555297851562 747.2217407226562 784.1060180664062
540.0607299804688 840.2239379882812 657.6943969726562 651.598388671875
497.5009765625 969.0762329101562 631.3388061523438 759.10986328125
578.0661010742188 837.9155883789062 690.4762573242188 654.7454223632812
858.6300659179688 832.5601806640625 930.6045532226562 692.767333984375
1024.091796875 779.4125366210938 1077.4735107421875 667.3787841796875
467.0586242675781 892.2590942382812 598.9199829101562 688.1341552734375
1022.8505859375 792.6205444335938 1073.9884033203125 678.9290771484375
1017.6492309570312 708.1436767578125 1080.354736328125 596.4241943359375
611.5682983398438 328.99444580078125 711.9363403320312 110.46984100341797
437.9021301269531 811.0321655273438 570.012939453125 609.7055053710938
1248.3848876953125 893.4678955078125 1255.8814697265625 799.8975830078125
1336.0052490234375 740.1395874023438 1362.3089599609375 672.6605834960938
777.7355346679688 745.5031127929688 860.4215087890625 597.9126586914062
1107.466064453125 934.5687255859375 1129.4803466796875 816.73046875
639.2120361328125 733.823486328125 740.016357421875 564.896240234375
703.0733032226562 837.3187866210938 798.628173828125 669.7913208007812
616.0850830078125 684.0715942382812 717.6293334960938 511.5995178222656
583.5300903320312 825.638671875 693.4385986328125 644.86328125
1118.621826171875 638.9251708984375 1179.64453125 540.9752807617188
821.7649536132812 876.7949829101562 894.500732421875 726.2948608398438
861.3269653320312 772.7191772460938 937.6605224609375 635.0128173828125
1234.407470703125 666.365234375 1282.8408203125 588.0045166015625
