149.26963806152344 379.87872314453125 975.2986450195312 255.29864501953125
805.9351806640625 544.8107299804688 1485.3818359375 510.6007385253906
800.8139038085938 553.6286010742188 1473.88037109375 519.4223022460938
802.9744873046875 529.897216796875 1486.9747314453125 492.8625183105469
809.0338134765625 481.0888366699219 1515.8560791015625 434.9041442871094
490.8675842285156 322.1646423339844 1213.882080078125 220.1385955810547
845.9319458007812 473.8857116699219 1580.1439208984375 437.5558776855469
975.9400634765625 459.99932861328125 1854.887451171875 465.7004699707031
508.7425231933594 319.87640380859375 1230.59423828125 218.19613647460938
803.895751953125 493.92254638671875 1502.4068603515625 449.94097900390625
802.4947509765625 550.285888671875 1477.5048828125 516.42041015625
893.0052490234375 429.2080383300781 1690.136474609375 392.57330322265625
803.895751953125 493.92254638671875 1502.4068603515625 449.94097900390625
849.9672241210938 476.5484313964844 1585.5245361328125 441.8209228515625
842.4774780273438 477.9423828125 1571.986572265625 441.92816162109375
490.8675842285156 322.1646423339844 1213.882080078125 220.1385955810547
948.0045776367188 369.8760681152344 1846.21533203125 315.251953125
805.8916625976562 492.0226745605469 1506.617919921875 448.441162109375
886.0326538085938 459.75445556640625 1660.9827880859375 431.2563781738281
806.6775512695312 531.956787109375 1491.8228759765625 497.1701965332031
838.1146240234375 504.5721130371094 1553.0096435546875 473.8096923828125
894.514892578125 426.0402526855469 1695.754150390625 387.5786437988281
944.0310668945312 383.60528564453125 1830.590576171875 337.8235778808594
840.1094360351562 475.10430908203125 1568.64501953125 437.5979919433594
497.52130126953125 321.5158386230469 1219.55517578125 219.5087432861328
837.1173095703125 497.2928771972656 1553.7774658203125 464.612548828125
512.0630493164062 333.7308044433594 1230.25439453125 231.85064697265625
834.4152221679688 495.4306640625 1550.47802734375 461.18707275390625
490.9776611328125 329.1206359863281 1212.480712890625 226.68540954589844
252.17086791992188 344.4197998046875 1038.4716796875 234.45204162597656
828.974609375 488.7709045410156 1543.84033203125 450.3562927246094
806.6775512695312 531.956787109375 1491.8228759765625 497.1701965332031
944.0310668945312 383.60528564453125 1830.590576171875 337.8235778808594
508.1929626464844 330.0270690917969 1227.2481689453125 228.56190490722656
842.6063842773438 490.7468566894531 1565.9794921875 457.7149353027344
895.134765625 453.4169921875 1682.7283935546875 424.31488037109375
827.3529052734375 493.0816650390625 1540.4371337890625 455.9848937988281
809.0679931640625 492.77117919921875 1510.473876953125 450.4122009277344
877.185546875 474.1298828125 1637.1119384765625 447.4791564941406
494.45074462890625 325.90350341796875 1215.630126953125 224.05677795410156
887.736328125 452.3058166503906 1667.7960205078125 422.3177795410156
513.092529296875 322.78375244140625 1234.1290283203125 221.46331787109375
802.6510009765625 527.0797119140625 1486.522216796875 488.9591064453125
504.95050048828125 325.1494445800781 1225.6317138671875 223.30056762695312
798.593994140625 507.336181640625 1489.2547607421875 464.02783203125
506.4169921875 334.4939880371094 1224.503662109375 232.7949676513672
804.608154296875 483.66510009765625 1508.425048828125 438.08447265625
295.49932861328125 258.2874755859375 1086.26025390625 163.4016876220703
516.7659912109375 324.8783874511719 1237.548583984375 223.94985961914062
