1355.9276123046875 1010.5381469726562 428.12353515625 1021.748046875
1355.9276123046875 1010.5381469726562 428.12353515625 1021.748046875
1332.2392578125 965.9761962890625 480.2719421386719 1026.7867431640625
1348.32373046875 953.44970703125 477.77789306640625 1048.1875
1151.5784912109375 969.5443115234375 598.04248046875 890.1397705078125
1377.5662841796875 1017.8919677734375 403.8752746582031 1036.502197265625
1372.9031982421875 1001.9425659179688 421.2021179199219 1039.598876953125
1300.1563720703125 987.530029296875 485.7300720214844 990.2232055664062
1300.1563720703125 987.530029296875 485.7300720214844 990.2232055664062
1314.671142578125 994.8468017578125 471.44647216796875 998.9609375
1329.22412109375 1004.175537109375 451.5300598144531 1003.80615234375
1314.683349609375 978.3692626953125 484.00640869140625 1005.19189453125
1377.576171875 988.9028930664062 424.47796630859375 1053.7386474609375
1389.934814453125 993.0918579101562 413.0621337890625 1062.018798828125
1335.6937255859375 980.78759765625 464.2747497558594 1022.2879028320312
1148.676025390625 918.35888671875 653.0536499023438 902.0436401367188
1371.1658935546875 974.3385009765625 442.5500183105469 1055.6646728515625
1389.934814453125 993.0918579101562 413.0621337890625 1062.018798828125
1121.6549072265625 952.815185546875 632.6205444335938 874.6994018554688
1208.5919189453125 843.154052734375 711.8995971679688 984.4027709960938
1371.1658935546875 974.3385009765625 442.5500183105469 1055.6646728515625
1148.676025390625 918.35888671875 653.0536499023438 902.0436401367188
1316.3350830078125 961.821044921875 496.9508056640625 1017.3060913085938
1170.637451171875 816.0046997070312 784.0433349609375 966.7240600585938
1133.34228515625 910.1476440429688 677.7306518554688 895.0570068359375
