44.41846466064453
45.232730865478516
47.64451599121094
50.189640045166016
51.332252502441406
53.26349639892578
55.19057846069336
57.113922119140625
57.33236312866211
57.96550750732422
60.942596435546875
64.62971496582031
65.25334930419922
67.46109771728516
67.67569732666016
68.06614685058594
69.92853546142578
70.10706329345703
70.6753158569336
71.21095275878906
71.57513427734375
72.03471374511719
73.54590606689453
74.49160766601562
74.5452880859375
75.40557098388672
75.48509979248047
75.50496673583984
76.41989135742188
77.1945571899414
77.36278533935547
77.64663696289062
77.94869995117188
79.32843017578125
79.66178131103516
80.27452850341797
80.52328491210938
80.5481185913086
80.61017608642578
80.80223083496094
80.93824768066406
81.11720275878906
82.47423553466797
85.46343994140625
86.78709411621094
88.60586547851562
88.80315399169922
89.06739044189453
89.24124908447266
89.27485656738281
89.44271850585938
89.77750396728516
90.2219467163086
90.58145141601562
92.06519317626953
93.1826171875
93.78699493408203
94.6731185913086
94.95262145996094
95.59811401367188
96.07289123535156
97.07728576660156
97.23682403564453
97.35501861572266
97.40636444091797
97.76502227783203
98.39207458496094
99.69453430175781
101.37060546875
101.55294036865234
101.86265563964844
102.03430938720703
103.89898681640625
104.68524169921875
105.47037506103516
105.86312103271484
106.34378051757812
107.61040496826172
108.52649688720703
108.54031372070312
109.58101654052734
109.67679595947266
110.19528198242188
110.83320617675781
111.10355377197266
111.46299743652344
111.83470153808594
112.24081420898438
112.28534698486328
115.03912353515625
115.7281265258789
116.45170593261719
116.81609344482422
119.02941131591797
120.1124496459961
121.1280288696289
123.50708770751953
124.54718017578125
124.86792755126953
126.72411346435547
127.16131591796875
127.42841339111328
127.73018646240234
127.94921112060547
128.51458740234375
133.11273193359375
133.3979034423828
134.70709228515625
134.94442749023438
135.44740295410156
135.69082641601562
138.32569885253906
138.48826599121094
139.26951599121094
142.06336975097656
145.10340881347656
145.96917724609375
148.8623504638672
153.1143341064453
154.567138671875
154.6156463623047
155.1289825439453
157.63882446289062
158.30035400390625
159.0220184326172
159.56503295898438
161.62611389160156
161.9783935546875
164.7179412841797
164.94544982910156
165.1817169189453
167.17356872558594
167.35890197753906
169.0295867919922
169.15377807617188
173.54537963867188
173.84764099121094
174.0718231201172
177.84825134277344
178.6700897216797
179.86105346679688
180.5906982421875
184.36920166015625
185.6529083251953
188.25779724121094
189.36737060546875
190.88478088378906
195.836669921875
198.59254455566406
200.5093536376953
200.6140594482422
212.82151794433594
214.73704528808594
224.0111541748047
227.55438232421875
240.4308624267578
240.8609619140625
