70.47694396972656
86.53900909423828
89.1178970336914
91.65696716308594
98.01530456542969
101.93135070800781
121.45780944824219
124.09673309326172
126.2695541381836
128.93797302246094
131.89010620117188
131.91664123535156
134.67739868164062
139.10427856445312
146.177978515625
146.41720581054688
148.1688232421875
157.91136169433594
158.2971954345703
171.77020263671875
173.3464813232422
174.11203002929688
180.55746459960938
188.50729370117188
195.59396362304688
201.7275390625
221.25550842285156
221.61001586914062
227.8179168701172
251.58299255371094
260.7489318847656
