107.52674102783203
113.07962036132812
115.92670440673828
116.42164611816406
127.32242584228516
128.91470336914062
130.3917236328125
133.04135131835938
135.3477020263672
137.92027282714844
139.51344299316406
142.06687927246094
142.21463012695312
147.3499298095703
148.54629516601562
150.8939971923828
152.92481994628906
154.17523193359375
155.8909912109375
158.72618103027344
160.3340301513672
161.9259033203125
164.4475555419922
164.5691375732422
165.0727081298828
165.63815307617188
166.04518127441406
166.4091339111328
167.5201416015625
168.03570556640625
168.36863708496094
169.01478576660156
169.71151733398438
170.24981689453125
170.5491180419922
171.20455932617188
171.869140625
174.23834228515625
176.41429138183594
177.4542236328125
177.8257598876953
178.9161834716797
179.251220703125
180.04443359375
181.0414276123047
182.86880493164062
184.80259704589844
185.0270233154297
185.3914794921875
185.52359008789062
185.96505737304688
187.17105102539062
187.18707275390625
188.66107177734375
188.9126739501953
189.2987060546875
189.41224670410156
191.7211456298828
191.9609375
192.48117065429688
193.22267150878906
193.62850952148438
193.7085418701172
194.15200805664062
194.5790252685547
194.9923095703125
196.3135223388672
197.12432861328125
197.6815643310547
197.75489807128906
198.6705780029297
199.10047912597656
199.273681640625
199.3163299560547
199.4342041015625
200.1999053955078
201.68788146972656
204.81942749023438
205.1974639892578
205.41665649414062
205.71096801757812
206.30075073242188
207.855712890625
207.8917999267578
210.2379608154297
210.3235626220703
210.67510986328125
211.0615997314453
213.4666290283203
214.1588134765625
214.7859344482422
216.13653564453125
217.12669372558594
217.53390502929688
217.58676147460938
219.1802978515625
221.8783416748047
222.7644500732422
223.41441345214844
223.8593292236328
225.1066436767578
225.3175506591797
225.66567993164062
227.6576385498047
233.991455078125
234.31175231933594
237.5078887939453
237.57525634765625
237.8760223388672
242.45205688476562
