65.4140625
68.49817657470703
81.20344543457031
85.51608276367188
90.64766693115234
92.9139404296875
97.50897216796875
102.94658660888672
118.09741973876953
120.06248474121094
125.23577880859375
128.04296875
129.49131774902344
131.6244659423828
135.25901794433594
146.08901977539062
146.7208251953125
149.1006317138672
155.18698120117188
156.10572814941406
156.6141815185547
157.17823791503906
159.60890197753906
162.9171600341797
163.56649780273438
164.76043701171875
167.06585693359375
168.00595092773438
169.61427307128906
173.470458984375
178.31993103027344
184.0
184.8107147216797
185.38339233398438
188.32418823242188
205.38987731933594
206.82359313964844
