91.94563293457031
96.59192657470703
100.52860260009766
112.59662628173828
114.80853271484375
119.45291900634766
121.00826263427734
121.92210388183594
122.37646484375
122.8698501586914
132.40467834472656
136.6016082763672
138.69390869140625
141.96478271484375
143.35968017578125
144.2740478515625
145.16542053222656
145.29624938964844
147.86141967773438
154.14279174804688
156.03524780273438
156.0897216796875
159.6057586669922
163.22683715820312
163.30645751953125
165.76791381835938
167.8660125732422
170.6927032470703
175.19703674316406
182.29371643066406
189.28549194335938
190.82452392578125
194.1623077392578
194.6304168701172
196.1529998779297
201.9084014892578
202.85462951660156
209.3179473876953
211.3196563720703
216.61256408691406
218.45594787597656
245.83938598632812
