939.0082397460938 644.6830444335938 736.1239624023438 977.0074462890625
1023.069091796875 758.3627319335938 508.183349609375 1012.6006469726562
1012.84912109375 766.772705078125 507.45391845703125 993.4113159179688
939.0082397460938 644.6830444335938 736.1239624023438 977.0074462890625
974.7258911132812 681.1157836914062 651.8159790039062 997.92578125
950.6920166015625 776.1326904296875 547.34814453125 911.8658447265625
837.0259399414062 690.6570434570312 729.1614990234375 829.7364501953125
920.0585327148438 588.0625 844.6595458984375 989.2522583007812
920.6349487304688 556.206298828125 906.8779907226562 1016.9558715820312
929.0891723632812 594.0709838867188 827.060546875 997.24072265625
975.8873291015625 765.8450317382812 539.1212158203125 947.7843017578125
1012.84912109375 766.772705078125 507.45391845703125 993.4113159179688
1024.307861328125 777.6978149414062 486.508544921875 1001.4466552734375
926.0416259765625 573.2975463867188 870.5105590820312 1010.9035034179688
967.1281127929688 798.5077514648438 507.2021484375 918.58056640625
1000.5610961914062 766.4334716796875 520.1987915039062 975.7473754882812
968.4736938476562 657.9754028320312 693.63232421875 1007.586669921875
860.75634765625 656.2173461914062 763.2735595703125 870.01416015625
987.97998046875 757.6126708984375 538.0048828125 968.154296875
876.0281372070312 790.3621215820312 583.8085327148438 830.1278076171875
859.4222412109375 693.3567504882812 713.3910522460938 851.1242065429688
857.002197265625 683.8618774414062 727.1356201171875 853.9533081054688
967.1281127929688 798.5077514648438 507.2021484375 918.58056640625
853.5801391601562 762.926513671875 628.67236328125 819.005126953125
963.1014404296875 776.018798828125 537.293212890625 926.5057983398438
911.4500732421875 546.619384765625 932.0507202148438 1011.110107421875
899.49951171875 572.5104370117188 884.8114013671875 971.4329223632812
943.1201171875 676.6788940429688 681.3287353515625 959.004638671875
811.6421508789062 772.9635009765625 644.6953125 777.8381958007812
964.25048828125 765.1119384765625 551.3732299804688 931.6947631835938
961.216796875 683.47998046875 659.0550537109375 979.0345458984375
838.5911865234375 656.1966552734375 775.981689453125 845.4318237304688
870.5916137695312 762.5090942382812 619.2540283203125 834.8124389648438
963.1014404296875 776.018798828125 537.293212890625 926.5057983398438
822.0780029296875 818.6607055664062 587.6912231445312 773.4998168945312
880.0875244140625 564.1526489257812 910.3153686523438 949.952392578125
977.73974609375 664.45849609375 677.4710693359375 1014.2418823242188
977.73974609375 664.45849609375 677.4710693359375 1014.2418823242188
828.3314819335938 756.14208984375 651.9661865234375 799.4758911132812
859.6447143554688 674.74072265625 737.59716796875 860.0653076171875
1004.0247802734375 809.4819946289062 469.3160400390625 955.6468505859375
850.2704467773438 783.794677734375 605.849365234375 808.0169677734375
859.6447143554688 674.74072265625 737.59716796875 860.0653076171875
814.8074951171875 761.726806640625 653.8929443359375 784.0462646484375
825.2728271484375 784.9898071289062 622.4287719726562 786.3327026367188
979.1256713867188 782.5640869140625 518.2691650390625 940.0441284179688
