859.4222412109375 693.3567504882812 713.8237915039062 837.4627685546875
876.0281372070312 790.3621215820312 685.2738037109375 747.4837646484375
843.2031860351562 694.62744140625 732.3694458007812 831.1732177734375
838.0342407226562 647.3789672851562 747.4261474609375 887.7756958007812
843.2031860351562 694.62744140625 732.3694458007812 831.1732177734375
859.6447143554688 674.74072265625 716.2229614257812 858.1931762695312
984.5816040039062 704.17431640625 560.877685546875 858.152587890625
853.5801391601562 762.926513671875 710.0054321289062 767.8345947265625
964.25048828125 765.1119384765625 595.88623046875 787.5414428710938
848.6529541015625 660.9512939453125 731.1397094726562 872.3634643554688
846.6171875 688.6873779296875 729.8988647460938 839.4144287109375
888.6336669921875 586.4500732421875 689.1511840820312 1006.8095703125
951.9542236328125 686.64208984375 602.0662231445312 870.6564331054688
860.75634765625 656.2173461914062 717.8071899414062 881.97265625
838.0342407226562 647.3789672851562 747.4261474609375 887.7756958007812
874.7092895507812 691.217041015625 696.0771484375 846.7290649414062
870.5916137695312 762.5090942382812 692.6348266601562 770.7476196289062
1000.5610961914062 766.4334716796875 556.2317504882812 794.1064453125
920.0585327148438 588.0625 640.5762939453125 1016.7891235351562
879.5671997070312 578.5718383789062 704.31689453125 1018.8989868164062
845.7924194335938 818.281494140625 711.6138305664062 723.5313720703125
961.216796875 683.47998046875 589.8624877929688 876.6589965820312
967.1845703125 784.7383422851562 593.1622314453125 771.1882934570312
879.5671997070312 578.5718383789062 704.31689453125 1018.8989868164062
833.4749145507812 682.9150390625 745.109130859375 841.7963256835938
840.4561157226562 805.0076904296875 717.1984252929688 734.4974365234375
967.1845703125 784.7383422851562 593.1622314453125 771.1882934570312
842.9912719726562 764.4268188476562 722.21484375 763.256103515625
977.73974609375 664.45849609375 563.0926513671875 907.6509399414062
977.73974609375 664.45849609375 563.0926513671875 907.6509399414062
857.002197265625 683.8618774414062 718.3544921875 846.9749145507812
849.69580078125 681.6546020507812 728.1396484375 846.7706909179688
840.8034057617188 726.9522705078125 726.7236938476562 798.3861694335938
1004.0247802734375 809.4819946289062 557.8458251953125 759.9235229492188
