766.3458862304688 619.1574096679688 968.8045043945312 569.0509033203125
755.9247436523438 625.4342041015625 958.27587890625 573.1947631835938
717.604736328125 744.1762084960938 919.052001953125 706.9369506835938
737.6441040039062 746.169189453125 937.6583862304688 720.0422973632812
665.939697265625 589.5996704101562 881.239501953125 500.07183837890625
746.8529052734375 736.4386596679688 945.843017578125 711.7680053710938
747.072021484375 617.4138793945312 950.4043579101562 560.2047729492188
752.0759887695312 620.6919555664062 954.7730102539062 566.2691650390625
729.9324340820312 612.8032836914062 934.2158203125 549.9363403320312
738.2726440429688 737.6660766601562 935.8726196289062 709.2373046875
708.9451293945312 620.1763916015625 914.286865234375 548.7725219726562
727.5319213867188 636.0452880859375 929.8090209960938 573.679443359375
741.4967651367188 733.3397827148438 942.9336547851562 704.9346923828125
741.4840698242188 646.589599609375 942.5732421875 593.055419921875
709.6860961914062 654.8567504882812 912.634765625 590.10546875
760.6190185546875 632.0020141601562 962.2708129882812 581.5635375976562
735.8331909179688 636.11328125 938.454833984375 576.87255859375
721.1996459960938 678.0675659179688 923.6029052734375 623.0938720703125
754.4397583007812 615.442626953125 957.8087768554688 560.5714721679688
764.1218872070312 632.2881469726562 966.04296875 583.8298950195312
778.5939331054688 678.0641479492188 980.8988037109375 649.7091674804688
765.8251342773438 637.7755737304688 966.9896850585938 590.2723999023438
719.1309204101562 630.5823364257812 922.9201049804688 562.75244140625
734.2312622070312 648.552001953125 935.5870361328125 592.4841918945312
718.9248046875 635.1321411132812 923.347900390625 569.9572143554688
712.5718994140625 628.1116943359375 916.7347412109375 558.363037109375
716.3963623046875 703.1157836914062 916.0565185546875 651.2164916992188
740.3250122070312 638.0189819335938 942.048583984375 580.7908325195312
754.5520629882812 637.48388671875 955.4039306640625 586.0276489257812
773.1101684570312 693.44189453125 975.4535522460938 665.5218505859375
712.5718994140625 628.1116943359375 916.7347412109375 558.363037109375
724.534912109375 623.9561157226562 928.5870971679688 558.857177734375
770.4588623046875 638.2417602539062 971.8142700195312 593.9129028320312
751.9457397460938 641.7472534179688 953.746337890625 590.0447998046875
733.0581665039062 639.5119018554688 934.8650512695312 580.0631713867188
716.4929809570312 685.1279296875 920.005615234375 629.5574340820312
716.896484375 645.9514770507812 919.8523559570312 581.0892333984375
758.7967529296875 734.0314331054688 958.1611938476562 715.0505981445312
708.9451293945312 620.1763916015625 914.286865234375 548.7725219726562
