1090.2310791015625 682.0912475585938 959.59716796875 1019.8009033203125
1103.3546142578125 678.1759643554688 971.6177978515625 1038.126953125
1103.3546142578125 678.1759643554688 971.6177978515625 1038.126953125
1085.653076171875 631.8270263671875 1049.857421875 999.693603515625
986.627685546875 648.246337890625 971.4267578125 869.3757934570312
1110.464111328125 689.2027587890625 956.1499633789062 1051.8221435546875
1106.5692138671875 638.72119140625 1049.354248046875 1029.83642578125
1085.653076171875 631.8270263671875 1049.857421875 999.693603515625
1083.787841796875 656.5892944335938 1003.2601318359375 1002.76806640625
1035.2200927734375 759.3499145507812 816.7112426757812 966.8842163085938
1063.425537109375 854.4942016601562 684.6029663085938 1031.1358642578125
1103.057373046875 646.07666015625 1033.1566162109375 1028.1473388671875
1022.0751342773438 764.9784545898438 804.4110107421875 952.38427734375
1106.5692138671875 638.72119140625 1049.354248046875 1029.83642578125
973.08154296875 757.966064453125 802.9479370117188 892.3168334960938
984.3661499023438 762.7134399414062 798.4193115234375 906.6015625
991.7616577148438 774.77392578125 783.0635375976562 918.58740234375
995.3718872070312 766.2467041015625 796.050048828125 920.9232788085938
1006.1483154296875 770.3442993164062 792.389404296875 934.7577514648438
985.8237915039062 753.1964111328125 812.4874877929688 906.1686401367188
984.3661499023438 762.7134399414062 798.4193115234375 906.6015625
1084.00732421875 639.641845703125 1034.2945556640625 998.8687744140625
1041.4425048828125 729.3574829101562 864.0697021484375 965.6619262695312
984.1879272460938 897.7152709960938 624.4669799804688 948.2100219726562
973.08154296875 757.966064453125 802.9479370117188 892.3168334960938
1103.057373046875 646.07666015625 1033.1566162109375 1028.1473388671875
1023.00732421875 782.6116333007812 779.0529174804688 958.8158569335938
969.9169311523438 766.0696411132812 790.2268676757812 890.3848266601562
973.08154296875 757.966064453125 802.9479370117188 892.3168334960938
1070.8375244140625 643.3521728515625 1020.319091796875 979.4134521484375
1020.232666015625 733.2872924804688 850.2932739257812 940.4179077148438
1041.4425048828125 729.3574829101562 864.0697021484375 965.6619262695312
1065.910400390625 650.1715698242188 1005.443359375 975.20849609375
951.057861328125 873.0003662109375 650.1670532226562 905.707275390625
997.2169799804688 863.3043823242188 667.5637817382812 952.8739013671875
925.8140258789062 834.6306762695312 693.5409545898438 867.021240234375
991.3659057617188 595.5767822265625 1064.4910888671875 856.2394409179688
978.71923828125 842.7815551757812 690.0476684570312 926.6852416992188
1070.8375244140625 643.3521728515625 1020.319091796875 979.4134521484375
945.722900390625 894.8263549804688 624.2415771484375 906.0606079101562
964.0496826171875 732.5640869140625 834.9509887695312 874.0303344726562
967.13232421875 746.5809936523438 815.7923583984375 882.092041015625
937.4117431640625 839.7257080078125 689.1205444335938 881.7462158203125
1008.3292236328125 521.1790771484375 1214.2320556640625 850.322021484375
1126.868896484375 557.754150390625 1234.5205078125 1042.2264404296875
1050.9759521484375 660.2723388671875 977.3606567382812 958.7677001953125
1024.7880859375 724.470458984375 865.7782592773438 942.9677124023438
1089.9522705078125 566.4284057617188 1183.499267578125 984.6204833984375
979.8521118164062 875.5045776367188 654.1932373046875 937.5780639648438
1000.8701171875 711.8892822265625 877.2643432617188 913.40771484375
840.2733764648438 815.3097534179688 708.3773193359375 781.1664428710938
931.2252807617188 862.2554321289062 658.6094970703125 883.08056640625
970.1195678710938 828.877685546875 706.0626220703125 913.97607421875
931.2252807617188 862.2554321289062 658.6094970703125 883.08056640625
1118.226318359375 550.0588989257812 1243.870361328125 1023.8568725585938
925.8140258789062 834.6306762695312 693.5409545898438 867.021240234375
936.3092041015625 878.8883056640625 641.9244384765625 892.1013793945312
999.0265502929688 752.26220703125 817.38525390625 921.2035522460938
944.75634765625 829.5978393554688 703.2151489257812 884.6806030273438
1089.6876220703125 652.3099975585938 1015.351318359375 1009.275390625
961.2306518554688 754.5018920898438 804.4041137695312 878.1890258789062
984.1051025390625 857.253173828125 671.5447387695312 937.9908447265625
977.9790649414062 745.7646484375 818.9276733398438 894.1776123046875
1003.225341796875 732.3095703125 847.1736450195312 918.3727416992188
995.3718872070312 766.2467041015625 796.050048828125 920.9232788085938
924.0731811523438 843.3440551757812 682.408935546875 868.1669311523438
1050.9759521484375 660.2723388671875 977.3606567382812 958.7677001953125
900.486572265625 699.3028564453125 864.1740112304688 794.0560302734375
987.9957275390625 602.8043212890625 1049.6876220703125 855.4832153320312
909.5731201171875 518.2886352539062 1151.17431640625 732.1766967773438
816.2947998046875 783.6041259765625 740.9937744140625 750.1192016601562
918.7023315429688 857.8023681640625 665.6345825195312 867.5872802734375
1012.2570190429688 728.466796875 855.6490478515625 928.5648803710938
1124.0230712890625 588.7689819335938 1161.764404296875 1046.3101806640625
1028.8951416015625 745.9187622070312 833.758056640625 953.5509643554688
988.3591918945312 721.6796264648438 857.227294921875 897.8783569335938
776.5457153320312 805.621826171875 711.1402587890625 725.2471923828125
937.4117431640625 839.7257080078125 689.1205444335938 881.7462158203125
1003.225341796875 732.3095703125 847.1736450195312 918.3727416992188
936.3092041015625 878.8883056640625 641.9244384765625 892.1013793945312
1101.4881591796875 562.5591430664062 1200.3182373046875 1002.2420654296875
792.3589477539062 767.630126953125 752.021728515625 723.4784545898438
1079.4793701171875 646.1781616210938 1019.8067626953125 994.154052734375
962.510009765625 887.3648681640625 633.0279541015625 921.7804565429688
833.9127807617188 709.8026123046875 834.9159545898438 737.3187866210938
873.1725463867188 702.5029907226562 853.7364501953125 769.3714599609375
806.0088500976562 802.8285522460938 718.8086547851562 748.0747680664062
827.7175903320312 811.42236328125 709.6133422851562 769.2024536132812
781.4616088867188 819.4390869140625 694.9667358398438 734.62353515625
842.945068359375 692.0389404296875 858.1127319335938 738.59521484375
