849.0128784179688 595.3445434570312 875.9569702148438 835.2437744140625
898.2861328125 566.4501953125 806.5472412109375 891.161865234375
857.0556030273438 669.4369506835938 856.0545654296875 743.4425659179688
907.6536254882812 686.7166137695312 799.996337890625 729.7701416015625
884.98291015625 679.1943359375 825.315185546875 735.8094482421875
882.7252197265625 570.7128295898438 830.27392578125 882.6181030273438
853.6460571289062 582.2667846679688 870.226806640625 856.2532958984375
877.922607421875 596.9678344726562 835.5693359375 836.40234375
860.892578125 591.5595703125 859.294189453125 842.6638793945312
852.5625 588.1263427734375 871.5198974609375 846.8826293945312
884.98291015625 679.1943359375 825.315185546875 735.8094482421875
853.747802734375 567.206298828125 872.72607421875 883.4694213867188
920.6436767578125 682.4490966796875 785.5164184570312 734.640380859375
846.0294189453125 584.335205078125 881.3670654296875 851.8624877929688
893.8981323242188 689.9358520507812 814.947021484375 725.4798583984375
848.2489013671875 573.2536010742188 878.8108520507812 871.0184326171875
920.2931518554688 625.5010986328125 780.2188720703125 801.6586303710938
842.945068359375 692.0389404296875 869.326904296875 719.7772827148438
847.0569458007812 562.595947265625 882.0025634765625 889.5912475585938
884.3770141601562 685.9896850585938 825.0807495117188 728.131591796875
960.92041015625 632.747802734375 729.9468383789062 795.3292846679688
860.9074096679688 721.741455078125 848.832763671875 694.845458984375
867.4483032226562 717.603515625 842.5445556640625 699.3728637695312
872.4613037109375 710.8931274414062 837.2144775390625 704.8982543945312
900.486572265625 699.3028564453125 808.3524780273438 716.6873168945312
1012.2570190429688 728.466796875 693.4164428710938 700.0159912109375
991.3659057617188 595.5767822265625 676.9093017578125 854.467529296875
953.4013061523438 605.0447387695312 733.1026000976562 833.7399291992188
922.0713500976562 515.3385620117188 762.0994262695312 1007.2642211914062
901.0850830078125 516.7036743164062 798.21044921875 998.6076049804688
943.1734008789062 600.9818725585938 746.5022583007812 837.4827270507812
953.943115234375 833.368896484375 764.5657958984375 624.3401489257812
960.92041015625 632.747802734375 729.9468383789062 795.3292846679688
830.0818481445312 719.4671630859375 879.0274047851562 695.0072021484375
891.9158325195312 727.1790161132812 816.9818115234375 693.3075561523438
870.0301513671875 593.9378662109375 847.9351806640625 840.52978515625
894.0316162109375 708.1974487304688 816.0126342773438 706.6048583984375
748.1072387695312 730.547119140625 956.2129516601562 676.0697631835938
841.9058227539062 574.5982055664062 888.760498046875 868.7921142578125
1003.225341796875 732.3095703125 702.7788696289062 695.91943359375
1003.225341796875 732.3095703125 702.7788696289062 695.91943359375
833.9127807617188 709.8026123046875 877.08349609375 703.4389038085938
873.7708129882812 683.1199951171875 835.93798828125 729.1796875
924.0731811523438 843.3440551757812 790.1239013671875 618.4892578125
988.3591918945312 721.6796264648438 716.8841552734375 704.5366821289062
854.9656372070312 696.8698120117188 858.2420654296875 714.5601806640625
864.719970703125 678.6138305664062 847.2080688476562 734.5599365234375
1011.6455688476562 535.8324584960938 607.7072143554688 975.7040405273438
951.057861328125 873.0003662109375 770.1006469726562 604.1589965820312
