74.0
84.05950164794922
93.53608703613281
96.47797393798828
97.90301513671875
97.92854309082031
98.59005737304688
99.79979705810547
101.1039047241211
101.67103576660156
102.83968353271484
105.06664276123047
105.37551879882812
106.32967376708984
106.4236831665039
107.23805236816406
110.55767822265625
112.04463195800781
116.40876007080078
116.73046112060547
118.3511734008789
119.26860809326172
120.56533813476562
120.6938247680664
121.99180603027344
122.07374572753906
122.38055419921875
122.8820571899414
126.35663604736328
130.4913787841797
130.6904754638672
132.03787231445312
133.81703186035156
136.06983947753906
136.392822265625
136.400146484375
136.94158935546875
138.84523010253906
139.74620056152344
140.27828979492188
140.56671142578125
142.66043090820312
147.6990203857422
147.72947692871094
148.35768127441406
150.17323303222656
150.4426727294922
150.94369506835938
151.45956420898438
152.09536743164062
156.31698608398438
158.67892456054688
159.00942993164062
159.58383178710938
160.7855682373047
162.80970764160156
163.25746154785156
163.50228881835938
163.55120849609375
163.60623168945312
164.17672729492188
166.117431640625
169.79104614257812
170.1146697998047
170.6897735595703
171.37969970703125
172.80914306640625
173.35801696777344
173.36666870117188
175.4023895263672
175.4508514404297
176.9689178466797
178.68968200683594
180.2359619140625
181.2953338623047
182.0384521484375
182.41436767578125
183.34121704101562
184.32308959960938
184.8052978515625
185.63674926757812
185.99192810058594
186.1370391845703
186.45375061035156
186.56365966796875
188.43301391601562
189.42808532714844
190.7511444091797
191.22499084472656
193.9329833984375
195.16146850585938
196.52735900878906
198.63534545898438
200.45947265625
200.55174255371094
201.91334533691406
202.97537231445312
204.6558074951172
207.04588317871094
207.13763427734375
207.27035522460938
207.7450408935547
207.86534118652344
209.2845001220703
209.4755401611328
210.93838500976562
212.83326721191406
217.06451416015625
222.94618225097656
227.43350219726562
227.94955444335938
229.05458068847656
246.56236267089844
250.32179260253906
