897.6372680664062 632.024658203125 843.3990478515625 817.7637329101562
941.2911987304688 660.3446044921875 780.2188720703125 801.6586303710938
932.220703125 593.5628051757812 821.7116088867188 885.6573486328125
985.6472778320312 620.3009033203125 737.8284301757812 871.5851440429688
909.512451171875 620.2650146484375 835.5693359375 836.40234375
942.8286743164062 593.53662109375 806.5472412109375 891.161865234375
883.891357421875 621.4999389648438 866.9140014648438 825.1832275390625
1008.2776489257812 635.5726928710938 703.2576904296875 861.2410278320312
888.0894775390625 605.2738037109375 871.5198974609375 846.8826293945312
903.8057250976562 719.5859375 799.996337890625 729.7701416015625
961.2355346679688 646.9799194335938 761.4494018554688 825.2593994140625
892.0662841796875 599.8103637695312 870.226806640625 856.2532958984375
926.5136108398438 593.6475219726562 830.27392578125 882.6181030273438
889.3710327148438 732.1102294921875 808.3524780273438 716.6873168945312
897.802001953125 583.7184448242188 872.72607421875 883.4694213867188
883.6232299804688 589.4927368164062 888.760498046875 868.7921142578125
967.2606811523438 677.0916137695312 744.1109619140625 792.5488891601562
1012.9025268554688 658.8736572265625 693.5330200195312 832.0735473632812
863.9124755859375 701.4328002929688 847.2080688476562 734.5599365234375
888.0894775390625 605.2738037109375 871.5198974609375 846.8826293945312
874.5253295898438 687.6486206054688 842.134765625 748.3510131835938
916.0824584960938 584.7970581054688 848.62890625 892.2305297851562
983.6881103515625 647.2625732421875 733.1026000976562 833.7399291992188
860.21240234375 688.4376831054688 856.0545654296875 743.4425659179688
988.3873901367188 634.6223754882812 727.6416625976562 852.7449340820312
890.544189453125 589.4418334960938 878.8108520507812 871.0184326171875
882.825439453125 706.4014892578125 825.315185546875 735.8094482421875
881.272216796875 611.557373046875 875.9569702148438 835.2437744140625
994.2124633789062 793.9797973632812 693.4164428710938 700.0159912109375
916.0824584960938 584.7970581054688 848.62890625 892.2305297851562
914.8125 577.8626708984375 853.2803344726562 901.3676147460938
979.694580078125 678.6134643554688 729.9468383789062 795.3292846679688
1091.8839111328125 599.7593383789062 578.5361938476562 968.3251953125
890.544189453125 589.4418334960938 878.8108520507812 871.0184326171875
1016.6168212890625 680.0891723632812 685.5016479492188 808.239501953125
894.9810791015625 610.8001098632812 859.294189453125 842.6638793945312
889.3710327148438 732.1102294921875 808.3524780273438 716.6873168945312
887.1292114257812 720.2977905273438 814.947021484375 725.4798583984375
1003.3582153320312 671.3903198242188 702.3468017578125 813.401611328125
880.485595703125 712.9495849609375 825.0807495117188 728.131591796875
907.0621337890625 597.4444580078125 851.04248046875 868.3336791992188
993.2162475585938 552.2518920898438 749.6370849609375 1000.6610717773438
893.2971801757812 578.2415161132812 882.0025634765625 889.5912475585938
914.8125 577.8626708984375 853.2803344726562 901.3676147460938
1006.1026000976562 651.90185546875 703.6017456054688 838.0838623046875
1009.46435546875 793.4760131835938 679.0977172851562 704.3260498046875
982.23046875 553.0753173828125 767.138916015625 992.13720703125
983.4075317382812 796.4189453125 702.7788696289062 695.91943359375
888.3787231445312 594.8673095703125 877.35205078125 861.3935546875
850.1979370117188 743.7122802734375 842.5445556640625 699.3728637695312
974.7838134765625 547.6528930664062 782.3619384765625 996.5999755859375
870.4556274414062 707.9998779296875 835.93798828125 729.1796875
983.4075317382812 796.4189453125 702.7788696289062 695.91943359375
970.2027587890625 838.0294799804688 709.1422119140625 667.1253051757812
971.9298706054688 779.8146362304688 716.8841552734375 704.5366821289062
883.186767578125 599.740966796875 881.3670654296875 851.8624877929688
970.2027587890625 838.0294799804688 709.1422119140625 667.1253051757812
820.0794067382812 724.6441040039062 877.08349609375 703.4389038085938
855.4287719726562 751.6423950195312 832.4118041992188 693.6286010742188
846.514404296875 717.3324584960938 858.2420654296875 714.5601806640625
1056.2811279296875 579.3028564453125 638.1130981445312 984.6982421875
820.0794067382812 724.6441040039062 877.08349609375 703.4389038085938
880.485595703125 712.9495849609375 825.0807495117188 728.131591796875
1062.8935546875 585.2222900390625 626.3610229492188 977.6029052734375
