1056.1337890625 716.3560180664062 802.4215698242188 1023.8015747070312
1054.63916015625 702.1843872070312 824.101318359375 1016.5234375
1033.8079833984375 589.9968872070312 1010.251220703125 936.35400390625
1045.443359375 603.1114501953125 993.1808471679688 958.4932861328125
1038.6800537109375 726.844970703125 779.4445190429688 1003.1680297851562
1050.135009765625 728.0247192382812 779.4600219726562 1020.1459350585938
978.2058715820312 882.2703857421875 543.8583984375 989.5253295898438
1045.66015625 720.650634765625 791.8192749023438 1010.462646484375
1034.5372314453125 697.4039306640625 825.6596069335938 984.5280151367188
1012.3848876953125 712.6235961914062 793.15869140625 962.7803344726562
1023.5079956054688 708.8911743164062 802.694580078125 975.7699584960938
1045.443359375 603.1114501953125 993.1808471679688 958.4932861328125
1021.4876708984375 759.5859985351562 723.680908203125 994.6426391601562
1001.9827270507812 731.8456420898438 760.524169921875 957.943359375
993.5403442382812 736.9974365234375 751.0885009765625 949.5308227539062
935.6126098632812 613.1861572265625 920.5263671875 824.4120483398438
1061.1368408203125 607.0525512695312 995.5762939453125 983.2760620117188
1023.5079956054688 708.8911743164062 802.694580078125 975.7699584960938
1023.5079956054688 708.8911743164062 802.694580078125 975.7699584960938
1056.1337890625 716.3560180664062 802.4215698242188 1023.8015747070312
975.1032104492188 900.6763916015625 517.3781127929688 994.7545776367188
1026.876708984375 730.7403564453125 769.3225708007812 989.5972900390625
1047.67529296875 707.8689575195312 813.4860229492188 1008.6325073242188
1072.9449462890625 608.2383422851562 999.6144409179688 1001.5463256835938
1054.4473876953125 599.206787109375 1005.4334106445312 969.0674438476562
943.9093017578125 609.9814453125 928.0574951171875 830.692626953125
1068.5086669921875 602.242431640625 1007.6702270507812 992.6178588867188
965.4848022460938 634.48486328125 898.7940063476562 871.609619140625
958.1824951171875 659.7434692382812 857.358642578125 873.9841918945312
944.477783203125 658.7491455078125 853.2115478515625 855.8396606445312
991.47802734375 502.5285339355469 1144.365478515625 837.2628173828125
1021.5765380859375 587.4404296875 1007.69384765625 916.65576171875
976.5511474609375 508.36260986328125 1123.2249755859375 821.5901489257812
999.6177978515625 703.1201782226562 805.810546875 941.6820068359375
947.3778076171875 646.9025268554688 872.3600463867188 853.9813842773438
940.0057983398438 650.464111328125 864.1431274414062 846.6090087890625
1069.210205078125 565.2083740234375 1078.7589111328125 975.8563842773438
821.3853149414062 731.1104736328125 715.453125 760.786865234375
1033.8079833984375 589.9968872070312 1010.251220703125 936.35400390625
1077.8115234375 598.3370361328125 1021.4359130859375 1004.7288818359375
909.557861328125 746.1467895507812 712.3455200195312 856.8878173828125
990.78759765625 875.7061767578125 552.4822998046875 1002.7374267578125
944.2613525390625 622.4608764648438 908.921630859375 837.95556640625
955.247314453125 476.10003662109375 1165.5272216796875 777.9173583984375
1034.255859375 740.6720581054688 756.5777587890625 1003.8419799804688
950.9375610351562 623.0234985351562 911.8615112304688 847.0120849609375
942.6450805664062 639.1129150390625 882.6698608398438 844.4712524414062
951.6325073242188 495.4018249511719 1129.366455078125 784.8222045898438
825.6936645507812 738.2732543945312 705.8604736328125 769.0040893554688
952.3704223632812 916.0307006835938 497.7223205566406 973.2965698242188
973.6681518554688 477.61041259765625 1175.8363037109375 800.6668090820312
986.8975830078125 635.7063598632812 906.7221069335938 895.10009765625
956.28955078125 849.2494506835938 584.509033203125 952.1228637695312
964.87353515625 855.3907470703125 575.8063354492188 963.75
980.8784790039062 479.2612609863281 1181.1712646484375 811.0672607421875
861.4258422851562 528.4490356445312 1019.1207885742188 704.1868896484375
942.6450805664062 639.1129150390625 882.6698608398438 844.4712524414062
892.0806884765625 522.5318603515625 1045.822509765625 732.883056640625
956.28955078125 849.2494506835938 584.509033203125 952.1228637695312
948.512939453125 634.35302734375 892.7742919921875 849.4330444335938
871.0244140625 743.8193969726562 710.7536010742188 813.6262817382812
1061.726318359375 568.4022216796875 1067.28515625 966.2044677734375
959.0464477539062 612.483642578125 932.2182006835938 851.166015625
596.8331298828125 538.1155395507812 895.7862548828125 501.1871337890625
942.6450805664062 639.1129150390625 882.6698608398438 844.4712524414062
768.96533203125 801.218505859375 618.0612182617188 745.1356201171875
950.9196166992188 616.6350708007812 921.4718017578125 842.5152587890625
