837.8065795898438 952.4635009765625 765.6315307617188 920.2803344726562
1033.335205078125 997.5160522460938 919.9407348632812 1039.526123046875
914.4707641601562 906.0165405273438 851.665283203125 906.5468139648438
1003.7976684570312 891.4327392578125 939.7398071289062 928.2769165039062
1029.8782958984375 985.5316772460938 921.7733154296875 1026.720703125
1140.1072998046875 818.9962768554688 1109.104248046875 914.6176147460938
978.2058715820312 882.2703857421875 919.8449096679688 909.5671997070312
971.4679565429688 414.062255859375 1127.6689453125 462.30303955078125
911.5556030273438 875.65869140625 862.2337036132812 878.3529052734375
1154.571533203125 653.0155029296875 1206.281982421875 754.9657592773438
917.7634887695312 888.0877075195312 862.35546875 891.980224609375
959.7500610351562 832.6566162109375 925.3228149414062 856.502685546875
941.8518676757812 886.8551635742188 884.4299926757812 900.5677490234375
1228.0751953125 733.21142578125 1247.5579833984375 864.5463256835938
1046.83740234375 990.4814453125 935.8396606445312 1038.39404296875
810.9725341796875 935.2470092773438 750.82373046875 895.5662231445312
1125.3480224609375 859.865966796875 1074.716796875 947.4580688476562
1092.7266845703125 660.615966796875 1135.939208984375 741.0679321289062
882.0390625 718.6521606445312 904.105712890625 724.2343139648438
909.557861328125 746.1467895507812 916.7840576171875 759.1766967773438
1063.568603515625 942.5639038085938 973.4814453125 1000.97998046875
1146.9512939453125 647.6981811523438 1199.5843505859375 746.5155639648438
1003.7976684570312 891.4327392578125 939.7398071289062 928.2769165039062
1140.1072998046875 818.9962768554688 1109.104248046875 914.6176147460938
900.8934936523438 882.4827270507812 849.7650756835938 879.9425048828125
851.4146728515625 757.5336303710938 860.0822143554688 750.5088500976562
986.8975830078125 635.7063598632812 1040.4022216796875 679.6605224609375
1054.4473876953125 599.206787109375 1125.12939453125 666.338623046875
1092.785400390625 591.9385986328125 1169.810546875 672.0194702148438
851.4146728515625 757.5336303710938 860.0822143554688 750.5088500976562
1029.8782958984375 985.5316772460938 921.7733154296875 1026.720703125
989.9349975585938 717.272705078125 1005.5175170898438 759.8021240234375
781.7161254882812 939.1787719726562 724.781982421875 887.8806762695312
973.8626098632812 712.0884399414062 992.3203125 748.6408081054688
990.78759765625 875.7061767578125 934.61865234375 908.328125
751.6475219726562 848.442626953125 737.4517211914062 798.68310546875
1021.4876708984375 759.5859985351562 1016.5591430664062 810.1381225585938
1259.8326416015625 764.5626831054688 1267.6551513671875 909.3973388671875
891.4918823242188 749.9367065429688 898.7178955078125 755.9061279296875
1125.7750244140625 842.4410400390625 1083.081298828125 930.386474609375
952.3704223632812 916.0307006835938 881.45361328125 930.7659912109375
931.3782958984375 655.1199951171875 977.2871704101562 680.2355346679688
1037.5408935546875 975.36279296875 933.7852172851562 1020.5326538085938
958.1824951171875 659.7434692382812 1001.3751220703125 693.5452880859375
1119.7791748046875 830.4010009765625 1082.38671875 916.7330932617188
830.88037109375 765.495361328125 839.0685424804688 749.7428588867188
1123.0902099609375 794.4400024414062 1103.9136962890625 883.5298461914062
894.45654296875 735.4880981445312 907.7049560546875 743.8588256835938
1175.747802734375 854.6184692382812 1129.2061767578125 963.3862915039062
881.8718872070312 754.4691162109375 887.9202880859375 756.018310546875
1033.8079833984375 589.9968872070312 1108.48681640625 650.9262084960938
1045.66015625 720.650634765625 1058.619873046875 781.7808227539062
924.5394287109375 844.3843383789062 887.0045166015625 854.60009765625
935.6126098632812 613.1861572265625 999.9163818359375 642.8740844726562
785.8826904296875 967.3843994140625 717.0980834960938 914.8532104492188
1037.769287109375 680.4867553710938 1069.951416015625 740.634033203125
917.7634887695312 888.0877075195312 862.35546875 891.980224609375
751.79345703125 980.1656494140625 685.058349609375 912.3580932617188
963.1751098632812 651.6270751953125 1008.9723510742188 688.1655883789062
937.3877563476562 935.4727783203125 859.7252807617188 942.54736328125
821.2609252929688 904.7489624023438 771.6376953125 872.4539184570312
935.6126098632812 613.1861572265625 999.9163818359375 642.8740844726562
986.8975830078125 635.7063598632812 1040.4022216796875 679.6605224609375
944.2613525390625 622.4608764648438 1004.4151611328125 654.7266845703125
1063.568603515625 942.5639038085938 973.4814453125 1000.97998046875
1054.63916015625 702.1843872070312 1076.840576171875 767.2106323242188
1042.1607666015625 957.546630859375 946.0938110351562 1005.9248046875
935.9268798828125 708.26513671875 958.5743408203125 733.3154907226562
823.6522827148438 996.05810546875 735.323974609375 953.6571044921875
978.8301391601562 847.7337036132812 936.2072143554688 878.7849731445312
1250.118896484375 754.6546020507812 1261.66455078125 895.6983642578125
707.61328125 874.3402099609375 692.6223754882812 806.109619140625
940.0057983398438 650.464111328125 987.8997192382812 679.3934326171875
818.2987060546875 447.2264099121094 964.2349243164062 456.2076110839844
1061.741455078125 960.2017822265625 963.8143310546875 1016.6970825195312
844.8344116210938 998.6942138671875 752.9722290039062 963.4616088867188
1110.4703369140625 837.5994262695312 1069.20458984375 919.6649169921875
1130.9189453125 826.2879028320312 1096.0506591796875 918.1751708984375
875.2484130859375 429.9421081542969 1026.028076171875 454.19293212890625
717.6648559570312 810.2752685546875 725.5123901367188 754.4395141601562
953.87451171875 653.7113647460938 999.9354248046875 686.7110595703125
552.798828125 1030.0540771484375 514.6272583007812 887.5155029296875
717.6648559570312 810.2752685546875 725.5123901367188 754.4395141601562
1003.1157836914062 639.6561279296875 1054.4959716796875 689.0401000976562
1105.5303955078125 593.77392578125 1182.1719970703125 677.7818603515625
963.1751098632812 651.6270751953125 1008.9723510742188 688.1655883789062
614.4417724609375 1045.487548828125 554.4312744140625 921.3193359375
1183.1334228515625 758.132080078125 1184.2464599609375 871.72216796875
1134.4979248046875 698.8886108398438 1160.3187255859375 791.9385375976562
469.2136535644531 586.9832153320312 623.593505859375 498.91815185546875
956.28955078125 849.2494506835938 914.1279907226562 870.87841796875
837.8065795898438 952.4635009765625 765.6315307617188 920.2803344726562
1174.1727294921875 676.8059692382812 1215.816650390625 785.7982177734375
711.0471801757812 802.9331665039062 722.0706787109375 746.01904296875
1034.5372314453125 697.4039306640625 1059.0169677734375 755.4376831054688
611.5428466796875 1016.5103149414062 563.5419311523438 895.2796630859375
719.6304321289062 790.3291015625 734.8885498046875 737.9340209960938
1110.4703369140625 837.5994262695312 1069.20458984375 919.6649169921875
785.5489501953125 954.7754516601562 720.9683837890625 904.0277709960938
962.2809448242188 870.10205078125 910.5899658203125 891.6900634765625
1058.7161865234375 981.9912109375 951.038330078125 1035.6722412109375
957.214111328125 490.15460205078125 1078.4342041015625 531.6581420898438
1175.747802734375 854.6184692382812 1129.2061767578125 963.3862915039062
1105.5303955078125 593.77392578125 1182.1719970703125 677.7818603515625
791.8176879882812 1000.5197143554688 707.8991088867188 945.7459716796875
505.34320068359375 761.7315063476562 583.5477294921875 652.7754516601562
1079.5323486328125 967.6182250976562 977.3924560546875 1031.6329345703125
1133.1563720703125 711.6303100585938 1153.5557861328125 805.0958251953125
916.44384765625 533.1717529296875 1018.4675903320312 561.2825317382812
943.9093017578125 609.9814453125 1010.18505859375 642.1741943359375
462.95330810546875 785.3399047851562 544.7860717773438 660.25390625
1021.5765380859375 587.4404296875 1096.7879638671875 644.8291015625
781.6087036132812 1021.4437866210938 691.4188232421875 959.928955078125
955.247314453125 476.10003662109375 1081.64697265625 518.0581665039062
844.4636840820312 746.1359252929688 858.7353515625 737.0588989257812
1215.59375 747.1812133789062 1226.1329345703125 873.7682495117188
849.1231689453125 734.405029296875 867.4904174804688 728.154052734375
586.1892700195312 910.8990478515625 585.1143798828125 799.142822265625
1045.77392578125 700.1011962890625 1068.531982421875 761.6432495117188
791.8176879882812 1000.5197143554688 707.8991088867188 945.7459716796875
568.0034790039062 860.7156982421875 591.309326171875 751.7403564453125
929.3760986328125 617.85498046875 992.6102905273438 645.4312133789062
890.2931518554688 777.6964111328125 885.8303833007812 780.869873046875
542.300537109375 778.2374267578125 604.29296875 675.6220092773438
1053.964599609375 895.2855834960938 987.1682739257812 951.0045166015625
1216.8599853515625 804.7546997070312 1198.5025634765625 932.1281127929688
486.02227783203125 751.9157104492188 573.0737915039062 639.2405395507812
1034.255859375 740.6720581054688 1038.825927734375 796.685791015625
1020.2314453125 816.6447143554688 989.3192749023438 863.5794677734375
964.6056518554688 518.790283203125 1072.2298583984375 561.0018920898438
966.1530151367188 489.1421813964844 1087.160400390625 533.1356811523438
734.8917236328125 790.5260009765625 747.7224731445312 742.6381225585938
848.810546875 447.552978515625 992.6383666992188 464.031494140625
611.5428466796875 1016.5103149414062 563.5419311523438 895.2796630859375
963.4266357421875 817.5481567382812 935.1006469726562 844.2459716796875
937.3877563476562 935.4727783203125 859.7252807617188 942.54736328125
575.41552734375 874.4451904296875 591.1937866210938 765.3759155273438
1061.1368408203125 607.0525512695312 1128.8385009765625 676.3717651367188
769.3870849609375 960.21142578125 706.4465942382812 902.6341552734375
1170.56298828125 670.8097534179688 1214.454833984375 777.7207641601562
1050.093017578125 619.548583984375 1110.77294921875 684.7613525390625
931.9103393554688 910.9857788085938 865.0942993164062 918.2952270507812
1013.3230590820312 497.33856201171875 1132.380859375 554.153564453125
1125.3480224609375 859.865966796875 1074.716796875 947.4580688476562
851.8104248046875 782.73974609375 849.3475952148438 773.0415649414062
646.1358032226562 729.728759765625 701.0836181640625 663.6697998046875
781.7161254882812 939.1787719726562 724.781982421875 887.8806762695312
976.5511474609375 508.36260986328125 1089.0181884765625 554.5679931640625
1098.1680908203125 841.9705810546875 1054.8927001953125 919.48388671875
1215.1583251953125 772.3348999023438 1213.260986328125 898.2424926757812
1033.730712890625 601.3334350585938 1102.9725341796875 662.9226684570312
1070.2711181640625 592.892578125 1144.31103515625 665.6946411132812
951.6904296875 504.1153869628906 1065.8284912109375 543.33154296875
698.0535888671875 849.0574340820312 694.7269287109375 781.9827880859375
1127.2984619140625 637.6250610351562 1183.892333984375 730.0203857421875
646.2149047851562 756.6055297851562 691.2935791015625 686.2259521484375
880.1309814453125 921.78271484375 815.3684692382812 909.2227783203125
966.0001220703125 778.4826049804688 956.4063720703125 809.9296875
1233.6009521484375 824.5298461914062 1207.1162109375 959.0962524414062
844.4636840820312 746.1359252929688 858.7353515625 737.0588989257812
586.1892700195312 910.8990478515625 585.1143798828125 799.142822265625
795.2756958007812 976.0758056640625 720.9232788085938 925.6046752929688
711.0471801757812 802.9331665039062 722.0706787109375 746.01904296875
851.8104248046875 782.73974609375 849.3475952148438 773.0415649414062
1113.9774169921875 663.80517578125 1156.762451171875 750.8714599609375
734.9037475585938 860.3328857421875 719.1532592773438 803.7160034179688
717.9706420898438 843.63134765625 713.4815063476562 784.1953735351562
991.8506469726562 494.26446533203125 1113.3651123046875 545.3555908203125
1155.9952392578125 858.6580810546875 1107.1807861328125 959.1666870117188
999.6177978515625 703.1201782226562 1021.1775512695312 749.25146484375
559.7598266601562 917.5349731445312 563.9623413085938 796.6599731445312
1139.1627197265625 651.9652709960938 1189.6968994140625 748.6190795898438
1018.7898559570312 772.4374389648438 1008.255126953125 821.4137573242188
924.7384033203125 635.6572875976562 980.3527221679688 661.3011474609375
857.493408203125 745.4535522460938 870.4819946289062 741.955322265625
707.61328125 874.3402099609375 692.6223754882812 806.109619140625
965.4848022460938 634.48486328125 1020.3887939453125 671.829833984375
560.1229248046875 859.0444946289062 585.7655029296875 748.0750732421875
794.4664306640625 933.8180541992188 738.8281860351562 885.806884765625
1045.98876953125 649.4389038085938 1093.2408447265625 714.0391235351562
991.47802734375 502.5285339355469 1106.490966796875 553.2219848632812
646.2149047851562 756.6055297851562 691.2935791015625 686.2259521484375
1063.64208984375 553.6815795898438 1156.8671875 624.9688720703125
847.7676391601562 473.9086608886719 981.0811767578125 488.119384765625
963.4266357421875 817.5481567382812 935.1006469726562 844.2459716796875
1128.121337890625 667.5809326171875 1170.2052001953125 759.792236328125
993.5403442382812 736.9974365234375 999.807861328125 778.3475341796875
805.5480346679688 793.74462890625 805.6889038085938 768.5230102539062
916.44384765625 533.1717529296875 1018.4675903320312 561.2825317382812
911.5556030273438 875.65869140625 862.2337036132812 878.3529052734375
1083.75634765625 577.4701538085938 1167.037841796875 654.2421875
892.0806884765625 522.5318603515625 999.269287109375 543.9721069335938
1069.210205078125 565.2083740234375 1156.923095703125 637.9046020507812
822.6417236328125 452.3122253417969 966.6414794921875 461.906494140625
734.8917236328125 790.5260009765625 747.7224731445312 742.6381225585938
803.349365234375 1024.7471923828125 708.5090942382812 970.421142578125
768.3621826171875 934.7741088867188 714.9921264648438 880.1929931640625
916.5076293945312 446.0929870605469 1058.500244140625 478.8633728027344
1123.6083984375 647.6057739257812 1175.6695556640625 738.25927734375
957.214111328125 490.15460205078125 1078.4342041015625 531.6581420898438
1135.71240234375 687.6312866210938 1168.13232421875 781.8578491210938
646.1358032226562 729.728759765625 701.0836181640625 663.6697998046875
1070.1600341796875 719.8076171875 1084.2281494140625 789.8864135742188
1056.1337890625 716.3560180664062 1071.502197265625 781.3539428710938
645.6499633789062 740.1549682617188 696.9456787109375 672.3896484375
719.9090576171875 820.0256958007812 723.49951171875 763.28857421875
1026.8326416015625 567.5343627929688 1111.6214599609375 627.072265625
817.3246459960938 962.4863891601562 744.80908203125 920.7904663085938
573.1132202148438 1040.41552734375 526.7974853515625 901.5250244140625
707.5446166992188 854.584228515625 699.6327514648438 790.1918334960938
1260.1058349609375 777.412841796875 1260.93994140625 922.8887329101562
356.59527587890625 1036.259521484375 383.73529052734375 831.10009765625
740.5086669921875 799.2040405273438 749.1142578125 751.76123046875
808.6152954101562 446.5386962890625 955.8267822265625 453.38641357421875
324.2757568359375 624.695556640625 508.35784912109375 498.4578552246094
324.44830322265625 841.8544311523438 430.7999572753906 669.2621459960938
1072.9449462890625 608.2383422851562 1140.2108154296875 681.2332153320312
978.5523071289062 622.7977905273438 1037.177978515625 665.5907592773438
881.248291015625 526.3414306640625 988.2022705078125 546.1192626953125
959.0464477539062 612.483642578125 1023.5191650390625 649.7796020507812
456.53485107421875 764.028564453125 548.1472778320312 641.3994140625
701.8043212890625 820.2010498046875 708.43994140625 758.4227905273438
1146.8388671875 846.1627197265625 1102.818603515625 943.0811157226562
539.6868896484375 664.4111328125 646.1265258789062 580.0768432617188
950.9196166992188 616.6350708007812 1013.5385131835938 650.6810302734375
881.8718872070312 754.4691162109375 887.9202880859375 756.018310546875
535.2799072265625 727.5770263671875 617.9874267578125 632.2235717773438
948.6322631835938 436.1157531738281 1094.5721435546875 477.4608459472656
1106.2799072265625 656.047607421875 1151.8790283203125 740.4508056640625
785.5489501953125 954.7754516601562 720.9683837890625 904.0277709960938
899.23095703125 529.0180053710938 1003.252197265625 553.15380859375
810.7869873046875 1004.5443725585938 723.1878051757812 955.925048828125
879.2900390625 509.03179931640625 994.3638916015625 530.0309448242188
940.0057983398438 650.464111328125 987.8997192382812 679.3934326171875
894.8609008789062 759.802490234375 897.7297973632812 766.61328125
886.4969482421875 706.9241943359375 913.2332763671875 715.35791015625
1256.3123779296875 750.049072265625 1270.772216796875 892.784912109375
871.1910400390625 524.6851196289062 979.6625366210938 541.5535278320312
852.7167358398438 532.4634399414062 958.8128662109375 543.9617309570312
964.0875244140625 599.8001098632812 1035.164794921875 641.2874145507812
907.5031127929688 432.2140808105469 1055.291015625 463.46575927734375
514.0112915039062 679.6441650390625 621.6052856445312 586.5535888671875
442.2117919921875 558.0570068359375 615.3660888671875 469.2677001953125
1153.3319091796875 659.9288940429688 1201.4896240234375 761.744384765625
338.3775634765625 817.9258422851562 448.16815185546875 654.7371215820312
1238.2432861328125 791.7421264648438 1228.7374267578125 928.0468139648438
973.8626098632812 712.0884399414062 992.3203125 748.6408081054688
346.03778076171875 870.0446166992188 435.4610900878906 697.7857666015625
449.5483703613281 952.7940063476562 473.77734375 792.2958984375
1140.2623291015625 639.2490844726562 1197.0765380859375 735.7722778320312
771.7889404296875 996.3692016601562 694.1842651367188 933.4474487304688
560.0093994140625 932.0459594726562 558.6923217773438 808.8933715820312
842.4359130859375 465.13348388671875 979.0765380859375 478.52862548828125
910.370361328125 425.30584716796875 1061.4990234375 457.5628967285156
944.8553466796875 426.392333984375 1095.798583984375 467.55584716796875
378.4266052246094 723.6595458984375 508.7303466796875 589.5540161132812
1083.996337890625 736.9147338867188 1090.23291015625 811.3456420898438
520.6206665039062 910.296630859375 538.3748168945312 778.7640380859375
1033.8079833984375 589.9968872070312 1108.48681640625 650.9262084960938
981.3345947265625 479.28619384765625 1107.7879638671875 527.86962890625
768.96533203125 801.218505859375 770.887451171875 762.8271484375
1251.8077392578125 784.6832275390625 1247.630615234375 926.6401977539062
925.6085205078125 421.7593078613281 1078.1163330078125 457.96319580078125
861.4258422851562 528.4490356445312 968.9454345703125 542.4189453125
1080.0789794921875 987.2171020507812 969.1190185546875 1050.00390625
514.808349609375 795.8469848632812 578.398681640625 682.9534912109375
996.8607788085938 485.7881774902344 1119.7373046875 538.5771484375
358.6120300292969 721.1153564453125 497.33056640625 582.934814453125
323.93365478515625 747.5875244140625 464.46429443359375 595.630859375
1037.769287109375 680.4867553710938 1069.951416015625 740.634033203125
449.5483703613281 952.7940063476562 473.77734375 792.2958984375
1015.44287109375 749.2496337890625 1015.6868896484375 798.2552490234375
625.3536376953125 1021.3794555664062 571.2506103515625 905.1038818359375
926.3611450195312 508.08697509765625 1039.178466796875 540.5068359375
447.6224670410156 779.0070190429688 536.650146484375 650.3031616210938
452.31671142578125 576.9251098632812 615.1812133789062 487.0744323730469
811.0974731445312 462.2646484375 951.396728515625 468.4024353027344
986.7277221679688 510.6761169433594 1098.2916259765625 559.4735107421875
284.12481689453125 637.4295654296875 478.4007568359375 499.0671081542969
457.4512634277344 560.908935546875 625.4927978515625 474.87042236328125
586.1892700195312 910.8990478515625 585.1143798828125 799.142822265625
1244.9625244140625 768.0303955078125 1247.6556396484375 905.7991333007812
470.8208923339844 559.563232421875 635.1676025390625 477.1195373535156
683.2318115234375 842.1893920898438 685.8424682617188 770.129638671875
1026.876708984375 730.7403564453125 1035.3863525390625 784.739501953125
964.87353515625 855.3907470703125 919.221923828125 880.3394165039062
1080.0789794921875 987.2171020507812 969.1190185546875 1050.00390625
405.2607421875 983.9341430664062 431.8595886230469 805.2710571289062
1126.756591796875 747.6925048828125 1130.607177734375 838.9719848632812
810.7869873046875 1004.5443725585938 723.1878051757812 955.925048828125
896.6578979492188 721.5220336914062 915.9917602539062 732.6192626953125
1054.967041015625 573.1018676757812 1137.92138671875 641.4144287109375
514.6466064453125 896.931884765625 538.7936401367188 766.3092651367188
354.54278564453125 951.829345703125 408.6147766113281 764.6715698242188
284.12481689453125 637.4295654296875 478.4007568359375 499.0671081542969
913.0245971679688 622.1342163085938 974.6265869140625 644.902587890625
473.96820068359375 649.5228881835938 602.9796752929688 552.2446899414062
948.512939453125 634.35302734375 1003.2396850585938 667.0054931640625
1026.876708984375 730.7403564453125 1035.3863525390625 784.739501953125
847.7507934570312 456.80780029296875 987.7738647460938 472.0528564453125
486.7897644042969 677.427001953125 603.0087890625 577.8291625976562
815.717529296875 475.27734375 950.328125 481.36248779296875
1070.234130859375 974.9248046875 965.7015991210938 1033.6337890625
449.6195373535156 659.4808349609375 582.9445190429688 553.1375732421875
952.8026733398438 416.4554138183594 1107.814697265625 459.0335998535156
870.2852172851562 540.0179443359375 972.1807250976562 555.5948486328125
1067.67578125 995.7568969726562 953.2669067382812 1052.50927734375
837.0131225585938 455.6637268066406 978.1905517578125 468.74725341796875
803.6844482421875 454.8953552246094 948.2326049804688 459.9611511230469
1070.234130859375 974.9248046875 965.7015991210938 1033.6337890625
338.3775634765625 817.9258422851562 448.16815185546875 654.7371215820312
1152.99609375 643.50146484375 1209.1746826171875 744.52734375
1080.0789794921875 987.2171020507812 969.1190185546875 1050.00390625
361.818115234375 983.5890502929688 406.9898986816406 789.1343383789062
396.4700927734375 997.32080078125 422.3645935058594 811.5616455078125
308.05224609375 860.5663452148438 413.21588134765625 680.8338623046875
1061.726318359375 568.4022216796875 1147.269287109375 638.8111572265625
952.5087890625 486.1542663574219 1075.00634765625 526.8174438476562
1045.98876953125 649.4389038085938 1093.2408447265625 714.0391235351562
514.6466064453125 896.931884765625 538.7936401367188 766.3092651367188
822.6417236328125 452.3122253417969 966.6414794921875 461.906494140625
1067.67578125 995.7568969726562 953.2669067382812 1052.50927734375
432.93072509765625 719.792236328125 549.8974609375 600.000732421875
1061.726318359375 568.4022216796875 1147.269287109375 638.8111572265625
847.7507934570312 456.80780029296875 987.7738647460938 472.0528564453125
447.0432434082031 567.7427978515625 615.05810546875 478.24169921875
360.4363098144531 842.3701171875 453.8370666503906 679.0034790039062
474.05816650390625 570.1954345703125 633.796630859375 486.2833251953125
906.9586791992188 455.4226989746094 1044.8642578125 485.509033203125
447.0432434082031 567.7427978515625 615.05810546875 478.24169921875
901.3402709960938 521.2428588867188 1009.8228149414062 546.2767333984375
1153.3319091796875 659.9288940429688 1201.4896240234375 761.744384765625
1066.6436767578125 501.4004211425781 1187.65283203125 572.8682250976562
488.696533203125 920.9440307617188 512.3743896484375 777.3672485351562
900.449951171875 444.8252258300781 1042.7703857421875 472.2522888183594
892.0806884765625 522.5318603515625 999.269287109375 543.9721069335938
1112.814697265625 689.1062622070312 1143.0970458984375 775.9755859375
952.3704223632812 916.0307006835938 881.45361328125 930.7659912109375
983.75048828125 463.6875915527344 1117.5831298828125 513.6171875
1010.80859375 537.6490478515625 1113.8685302734375 592.7681274414062
1001.9827270507812 731.8456420898438 1010.671875 776.764404296875
331.46575927734375 995.8440551757812 381.13775634765625 791.971435546875
375.29522705078125 705.3660888671875 513.3732299804688 574.0995483398438
929.6416625976562 417.8121032714844 1084.61767578125 455.1702575683594
462.6326904296875 772.4808349609375 548.8237915039062 649.81201171875
1069.210205078125 565.2083740234375 1156.923095703125 637.9046020507812
556.4169311523438 879.0877075195312 579.37890625 762.8681030273438
356.149658203125 1019.4293212890625 388.1545104980469 817.7589111328125
1002.4522094726562 482.106201171875 1127.6082763671875 536.6506958007812
1134.4979248046875 698.8886108398438 1160.3187255859375 791.9385375976562
523.0038452148438 772.1122436523438 590.9052734375 667.3267211914062
307.41015625 846.3815307617188 417.8360900878906 669.1689453125
1023.5079956054688 708.8911743164062 1042.1920166015625 762.547607421875
716.1188354492188 856.7655639648438 706.1181030273438 793.9578247070312
537.11181640625 870.3250732421875 566.2194213867188 750.9583129882812
849.626953125 525.2921142578125 958.5725708007812 536.2301025390625
958.4119262695312 437.5666809082031 1103.8848876953125 481.1117248535156
891.3095703125 544.1109008789062 990.5896606445312 565.3260498046875
794.4664306640625 933.8180541992188 738.8281860351562 885.806884765625
895.2984008789062 406.0466003417969 1056.541748046875 435.1589660644531
1145.286376953125 670.91552734375 1186.6639404296875 768.615234375
332.7856750488281 964.0740356445312 393.8627624511719 767.3221435546875
907.4221801757812 416.3147888183594 1063.6414794921875 447.8544006347656
505.4437561035156 915.394287109375 526.0216064453125 778.5538940429688
523.9657592773438 870.1705322265625 555.4849243164062 747.3128051757812
552.0286254882812 906.1768188476562 562.2408447265625 785.2467651367188
802.67138671875 943.902099609375 739.7368774414062 899.7577514648438
343.0402526855469 630.1636352539062 520.3029174804688 506.8229675292969
1250.5533447265625 803.986083984375 1235.792724609375 945.0183715820312
935.3707885742188 422.09173583984375 1087.96044921875 460.7389831542969
394.9087829589844 595.4683837890625 568.4044189453125 487.7771911621094
964.87353515625 855.3907470703125 919.221923828125 880.3394165039062
312.31732177734375 871.00439453125 412.47381591796875 689.672607421875
544.3245239257812 947.0899047851562 542.114990234375 816.4312744140625
1023.5079956054688 708.8911743164062 1042.1920166015625 762.547607421875
355.82293701171875 805.4640502929688 463.8183898925781 649.087158203125
716.1188354492188 856.7655639648438 706.1181030273438 793.9578247070312
855.7216796875 800.039794921875 844.618408203125 790.0320434570312
326.1161804199219 851.260009765625 430.1669921875 675.5059204101562
1135.71240234375 687.6312866210938 1168.13232421875 781.8578491210938
568.7770385742188 898.4500122070312 576.8480834960938 783.8167724609375
348.8533630371094 723.0132446289062 488.97515869140625 581.838134765625
497.2870178222656 562.8912353515625 653.8707275390625 485.35089111328125
479.70306396484375 550.3756103515625 645.13623046875 470.6614990234375
378.4266052246094 723.6595458984375 508.7303466796875 589.5540161132812
659.339599609375 733.1084594726562 710.6451416015625 669.583251953125
532.0646362304688 659.1987915039062 642.8086547851562 573.868896484375
802.67138671875 943.902099609375 739.7368774414062 899.7577514648438
438.44940185546875 589.217041015625 600.8800659179688 494.16571044921875
612.6331787109375 797.4943237304688 649.5318603515625 712.2722778320312
881.8718872070312 754.4691162109375 887.9202880859375 756.018310546875
501.9820251464844 646.1785888671875 624.4842529296875 555.0875854492188
500.9291076660156 784.363525390625 572.8271484375 668.19677734375
1207.4083251953125 764.3633422851562 1208.2459716796875 887.31884765625
614.9044189453125 1030.32421875 559.3604736328125 908.1860961914062
355.15728759765625 699.87109375 501.5971374511719 568.0632934570312
939.2711181640625 631.7737426757812 995.6258544921875 661.5354614257812
1098.2298583984375 877.4302978515625 1038.0399169921875 953.14306640625
857.4193725585938 521.8952026367188 968.222900390625 535.2506713867188
841.4837646484375 717.8763427734375 867.0073852539062 710.7374877929688
312.31732177734375 871.00439453125 412.47381591796875 689.672607421875
479.70306396484375 550.3756103515625 645.13623046875 470.6614990234375
818.287109375 752.794189453125 833.171142578125 734.8322143554688
834.9847412109375 445.9145202636719 981.5296630859375 458.5877685546875
642.329833984375 865.212890625 645.2993774414062 779.6407470703125
484.7579345703125 784.0626831054688 560.38037109375 665.2576904296875
924.4744873046875 447.3568420410156 1064.79541015625 482.3883972167969
524.474853515625 665.9071655273438 634.9434814453125 577.6348876953125
990.78759765625 875.7061767578125 934.61865234375 908.328125
312.6765441894531 1010.1036987304688 363.232177734375 798.106689453125
913.5790405273438 418.0308837890625 1067.6505126953125 451.4293518066406
341.3287353515625 1028.2705078125 374.94232177734375 819.73291015625
368.5231018066406 954.849609375 418.7340087890625 769.6686401367188
810.578857421875 757.6581420898438 823.857666015625 738.4523315429688
322.8244323730469 695.6099853515625 482.2972717285156 554.1983032226562
476.183349609375 778.1506958007812 556.4391479492188 658.274658203125
991.8367309570312 472.20147705078125 1121.2586669921875 523.4281005859375
838.0986328125 847.1947631835938 811.7040405273438 827.0198974609375
509.4468078613281 738.5724487304688 594.5414428710938 634.4229125976562
1070.234130859375 974.9248046875 965.7015991210938 1033.6337890625
937.9968872070312 427.00982666015625 1088.065185546875 465.8662414550781
912.76513671875 422.0588073730469 1066.194580078125 455.4423828125
368.5231018066406 954.849609375 418.7340087890625 769.6686401367188
827.35205078125 457.6491394042969 968.8117065429688 467.8185119628906
832.8787841796875 454.43585205078125 975.666015625 466.3633117675781
951.6325073242188 495.4018249511719 1069.8597412109375 535.3695678710938
1233.992919921875 750.9288940429688 1245.15478515625 884.9169311523438
322.8244323730469 695.6099853515625 482.2972717285156 554.1983032226562
978.5523071289062 622.7977905273438 1037.177978515625 665.5907592773438
950.9375610351562 623.0234985351562 1011.29833984375 657.2489624023438
341.3287353515625 1028.2705078125 374.94232177734375 819.73291015625
356.149658203125 1019.4293212890625 388.1545104980469 817.7589111328125
368.1006774902344 819.4044799804688 466.0357666015625 665.1660766601562
901.3402709960938 521.2428588867188 1009.8228149414062 546.2767333984375
735.1876220703125 816.7536010742188 736.823486328125 765.8306884765625
293.0884094238281 866.2929077148438 401.91888427734375 681.1265869140625
1050.135009765625 728.0247192382812 1060.15771484375 789.7803955078125
950.5999755859375 489.7750549316406 1071.3372802734375 529.7432861328125
513.0778198242188 883.374267578125 542.39208984375 754.6284790039062
891.1793823242188 502.591064453125 1008.2765502929688 526.5797729492188
982.6776733398438 470.32720947265625 1113.117431640625 519.59033203125
1054.2760009765625 562.6083984375 1142.6922607421875 630.6219482421875
537.4758911132812 763.3887939453125 605.74169921875 662.4220581054688
659.339599609375 733.1084594726562 710.6451416015625 669.583251953125
354.4307861328125 714.4863891601562 497.0689697265625 576.707763671875
339.7808532714844 835.0821533203125 442.4383544921875 668.8131103515625
469.5971374511719 751.5778198242188 561.4340209960938 634.7640991210938
346.1597595214844 856.56884765625 439.17620849609375 687.2782592773438
821.3853149414062 731.1104736328125 842.0488891601562 714.6928100585938
535.6539306640625 904.4105834960938 551.4131469726562 778.4340209960938
857.609375 458.7086486816406 996.4890747070312 476.70794677734375
1112.5914306640625 821.3308715820312 1079.4302978515625 904.803466796875
1066.879150390625 575.6456909179688 1149.14404296875 647.4075927734375
330.59295654296875 586.693359375 526.3106689453125 469.2825927734375
821.3853149414062 731.1104736328125 842.0488891601562 714.6928100585938
311.5054016113281 722.6062622070312 464.82330322265625 572.5025634765625
307.2754211425781 824.5516357421875 424.7556457519531 652.1488037109375
726.944091796875 808.4761352539062 733.83447265625 755.7236938476562
775.0084838867188 786.8262329101562 782.927001953125 752.966796875
483.7925720214844 561.8980712890625 645.3257446289062 480.63262939453125
754.0628662109375 834.254150390625 745.1244506835938 787.1585083007812
429.2878723144531 881.0490112304688 481.8819580078125 732.7420043945312
1134.6033935546875 662.8482666015625 1179.607666015625 757.4644165039062
293.0884094238281 866.2929077148438 401.91888427734375 681.1265869140625
926.3611450195312 508.08697509765625 1039.178466796875 540.5068359375
364.16180419921875 857.6820068359375 450.18829345703125 693.859619140625
893.9105834960938 428.9825439453125 1043.1483154296875 457.3921203613281
1215.1583251953125 772.3348999023438 1213.260986328125 898.2424926757812
751.6475219726562 848.442626953125 737.4517211914062 798.68310546875
765.88818359375 812.1641845703125 764.5771484375 770.3728637695312
917.1417236328125 434.0455322265625 1064.2789306640625 467.6597595214844
439.6265563964844 581.0944213867188 604.0604248046875 487.6432800292969
510.1822509765625 575.1984252929688 657.4024658203125 498.9404296875
1001.6229858398438 491.2018737792969 1122.3900146484375 545.1629638671875
462.6326904296875 772.4808349609375 548.8237915039062 649.81201171875
346.89385986328125 731.3092041015625 484.9239501953125 588.436279296875
769.3775634765625 824.2343139648438 761.8671875 782.4627685546875
334.204345703125 882.9799194335938 422.4998779296875 704.8126220703125
429.2878723144531 881.0490112304688 481.8819580078125 732.7420043945312
1001.6229858398438 491.2018737792969 1122.3900146484375 545.1629638671875
651.9203491210938 717.5560302734375 710.990966796875 654.6416625976562
849.626953125 525.2921142578125 958.5725708007812 536.2301025390625
626.6738891601562 711.8016357421875 693.5415649414062 642.480712890625
386.7155456542969 988.9468994140625 418.4261169433594 802.7363891601562
353.1688232421875 688.46142578125 505.01788330078125 554.9646606445312
339.1673583984375 696.2115478515625 491.5860290527344 559.3575439453125
496.377197265625 630.35400390625 627.2543334960938 541.1167602539062
950.9375610351562 623.0234985351562 1011.29833984375 657.2489624023438
985.0980224609375 475.85040283203125 1112.9686279296875 525.8082275390625
1066.879150390625 575.6456909179688 1149.14404296875 647.4075927734375
476.77288818359375 798.4428100585938 549.8216552734375 674.1217651367188
1056.1337890625 716.3560180664062 1071.502197265625 781.3539428710938
1056.15478515625 1003.2277221679688 939.1818237304688 1054.46630859375
460.70721435546875 569.793212890625 624.8265991210938 482.2653503417969
474.05816650390625 570.1954345703125 633.796630859375 486.2833251953125
297.03125 723.5723266601562 454.79400634765625 570.4429321289062
778.7719116210938 780.7064819335938 788.2073974609375 746.8185424804688
345.5916442871094 591.13623046875 535.0179443359375 475.9001770019531
524.864501953125 659.0546875 636.80224609375 572.0789794921875
834.7470703125 473.5967102050781 968.6521606445312 484.427001953125
1056.15478515625 1003.2277221679688 939.1818237304688 1054.46630859375
645.6499633789062 740.1549682617188 696.9456787109375 672.3896484375
1056.15478515625 1003.2277221679688 939.1818237304688 1054.46630859375
1124.1763916015625 660.5960693359375 1168.9488525390625 750.917724609375
962.9493408203125 554.5338745117188 1058.177734375 596.5763549804688
666.2184448242188 718.8842163085938 721.2586669921875 660.5640258789062
477.2695617675781 662.9265747070312 599.8623657226562 563.6668090820312
874.9727783203125 446.9592590332031 1017.60791015625 468.8193359375
279.7040100097656 884.3680419921875 387.3790588378906 691.5929565429688
829.0900268554688 745.1299438476562 845.5848999023438 731.6488037109375
861.4258422851562 528.4490356445312 968.9454345703125 542.4189453125
812.5820922851562 747.870361328125 828.5731811523438 728.4575805664062
879.2900390625 509.03179931640625 994.3638916015625 530.0309448242188
849.1231689453125 734.405029296875 867.4904174804688 728.154052734375
516.3289794921875 655.7514038085938 633.24462890625 565.9662475585938
991.765380859375 481.0108337402344 1117.223388671875 532.3818969726562
294.1396484375 840.1023559570312 410.99462890625 661.330322265625
497.2870178222656 562.8912353515625 653.8707275390625 485.35089111328125
346.1597595214844 856.56884765625 439.17620849609375 687.2782592773438
769.3870849609375 960.21142578125 706.4465942382812 902.6341552734375
692.2096557617188 732.4313354492188 734.0718383789062 680.5527954101562
492.5458984375 659.5087280273438 613.2947387695312 564.5575561523438
674.108154296875 727.7128295898438 724.2258911132812 669.7698974609375
342.3340759277344 717.25048828125 487.263427734375 575.8422241210938
740.2594604492188 765.4257202148438 761.55712890625 720.094482421875
597.841064453125 1046.7249755859375 541.3963012695312 915.6438598632812
