108.76580047607422
121.7825927734375
128.56126403808594
128.65457153320312
130.6904754638672
135.2664031982422
138.7407684326172
139.61734008789062
146.97958374023438
147.80731201171875
151.0165557861328
151.7201385498047
151.9012908935547
162.13265991210938
182.84967041015625
185.35911560058594
191.4836883544922
199.21595764160156
201.41995239257812
208.45623779296875
211.2178955078125
213.5017547607422
217.87380981445312
218.69155883789062
219.82493591308594
238.3442840576172
241.82638549804688
249.9499969482422
