1125.12939453125 666.338623046875 785.7420043945312 963.386962890625
1071.502197265625 781.3539428710938 732.222900390625 815.75830078125
1069.951416015625 740.634033203125 765.203857421875 842.412109375
1068.531982421875 761.6432495117188 749.0127563476562 825.8785400390625
1076.840576171875 767.2106323242188 739.0398559570312 829.7861328125
1110.77294921875 684.7613525390625 781.4179077148438 927.8239135742188
1156.762451171875 750.8714599609375 676.4503173828125 908.7798461914062
1128.8385009765625 676.3717651367188 771.5310668945312 956.4553833007812
1175.6695556640625 738.25927734375 666.4983520507812 939.4177856445312
1140.2108154296875 681.2332153320312 754.0989990234375 962.510986328125
1058.619873046875 781.7808227539062 742.3502807617188 806.4768676757812
1142.6922607421875 630.6219482421875 808.8675537109375 1030.6790771484375
1197.0582275390625 791.7597045898438 607.6638793945312 909.976318359375
1197.0765380859375 735.7722778320312 644.3363037109375 963.298583984375
1068.531982421875 761.6432495117188 749.0127563476562 825.8785400390625
1197.0582275390625 791.7597045898438 607.6638793945312 909.976318359375
1018.9849243164062 785.862548828125 771.2769165039062 778.8533935546875
1102.9725341796875 662.9226684570312 813.9859008789062 944.304443359375
1186.16650390625 737.6032104492188 655.3417358398438 950.6351928710938
1186.16650390625 737.6032104492188 655.3417358398438 950.6351928710938
1042.1920166015625 762.547607421875 770.381103515625 806.6463012695312
1114.279296875 641.1690673828125 825.19091796875 981.5775756835938
1042.1920166015625 762.547607421875 770.381103515625 806.6463012695312
1069.951416015625 740.634033203125 765.203857421875 842.412109375
1110.98046875 773.477294921875 706.0343627929688 853.35498046875
1108.48681640625 650.9262084960938 820.3037719726562 963.0098876953125
1084.2281494140625 789.8864135742188 716.0938110351562 820.2733764648438
1147.269287109375 638.8111572265625 793.5372924804688 1025.0718994140625
1183.892333984375 730.0203857421875 663.9534912109375 955.8406372070312
1179.607666015625 757.4644165039062 646.5442504882812 924.6826171875
1155.7076416015625 783.156982421875 654.1749267578125 879.6986083984375
1167.0694580078125 742.3943481445312 672.66357421875 925.8817138671875
1020.3887939453125 671.829833984375 874.5733032226562 852.7872924804688
1147.0443115234375 659.8414916992188 769.611328125 996.7911376953125
1197.0765380859375 735.7722778320312 644.3363037109375 963.298583984375
1026.1903076171875 806.43359375 749.9307250976562 770.8169555664062
1018.9849243164062 785.862548828125 771.2769165039062 778.8533935546875
1189.6968994140625 748.6190795898438 643.9671630859375 942.0631713867188
1071.502197265625 781.3539428710938 732.222900390625 815.75830078125
1066.6495361328125 770.04345703125 744.6835327148438 819.0087280273438
1096.7879638671875 644.8291015625 840.9639282226562 957.6423950195312
1008.9723510742188 688.1655883789062 865.4532470703125 831.1082763671875
1186.6639404296875 768.615234375 634.5218505859375 921.2783813476562
1011.29833984375 657.2489624023438 899.298095703125 858.3761596679688
1111.1956787109375 659.2827758789062 807.4913330078125 956.5575561523438
1111.1956787109375 659.2827758789062 807.4913330078125 956.5575561523438
977.2871704101562 680.2355346679688 896.8236083984375 812.9116821289062
1001.3751220703125 693.5452880859375 865.65771484375 820.8491821289062
1214.454833984375 777.7207641601562 598.616455078125 938.5958251953125
1038.825927734375 796.685791015625 747.2217407226562 784.1060180664062
1155.7076416015625 783.156982421875 654.1749267578125 879.6986083984375
907.7049560546875 743.8588256835938 881.35693359375 729.8286743164062
1011.29833984375 657.2489624023438 899.298095703125 858.3761596679688
987.8997192382812 679.3934326171875 891.3785400390625 821.0466918945312
1021.1775512695312 749.25146484375 797.4151611328125 801.4254760742188
1147.0443115234375 659.8414916992188 769.611328125 996.7911376953125
1111.6214599609375 627.072265625 847.352783203125 997.5316162109375
890.0516357421875 777.2007446289062 862.4892578125 706.00390625
1063.6649169921875 748.1995849609375 764.8204956054688 832.5520629882812
1175.363037109375 747.1180419921875 659.9239501953125 929.960205078125
1010.18505859375 642.1741943359375 919.7919921875 868.5638427734375
1201.4896240234375 761.744384765625 616.8109741210938 942.5314331054688
1096.0506591796875 918.1751708984375 631.3388061523438 759.10986328125
1175.110595703125 770.3232421875 643.9912109375 907.8447265625
1168.13232421875 781.8578491210938 645.6483154296875 892.825927734375
1004.4151611328125 654.7266845703125 908.532958984375 856.0147094726562
1023.5191650390625 649.7796020507812 899.4370727539062 876.1278686523438
1125.051513671875 635.6085205078125 823.6729125976562 1003.695068359375
1168.13232421875 781.8578491210938 645.6483154296875 892.825927734375
1186.16650390625 737.6032104492188 655.3417358398438 950.6351928710938
1208.2459716796875 887.31884765625 551.8545532226562 846.1212768554688
1170.2052001953125 759.792236328125 657.4943237304688 912.2623291015625
