863.7178955078125 927.4761352539062 887.2904663085938 627.0615234375
843.56591796875 926.6023559570312 898.3970947265625 633.3582153320312
891.9537963867188 1039.8809814453125 896.5018310546875 560.980224609375
839.0001831054688 891.7371215820312 893.0953979492188 660.2268676757812
792.7084350585938 849.3035278320312 913.2332763671875 715.35791015625
831.65478515625 908.1744384765625 901.6548461914062 650.0930786132812
821.4723510742188 893.0299072265625 904.435302734375 666.239990234375
928.8477783203125 1020.4673461914062 874.6885375976562 562.5950317382812
928.8477783203125 1020.4673461914062 874.6885375976562 562.5950317382812
872.7314453125 1025.2625732421875 902.303466796875 571.1534423828125
856.786376953125 892.9227294921875 882.255859375 654.2182006835938
