1098.6890869140625 930.0659790039062 605.9766845703125 651.2888793945312
1114.371826171875 971.34912109375 596.6152954101562 626.94140625
1067.7568359375 809.1937866210938 632.6841430664062 758.7479248046875
1104.2178955078125 960.1311645507812 602.953369140625 632.6663208007812
1066.1910400390625 801.7930908203125 634.9735107421875 768.0638427734375
1104.2178955078125 960.1311645507812 602.953369140625 632.6663208007812
1163.391845703125 913.2741088867188 558.19921875 671.5298461914062
1068.80419921875 820.553955078125 632.0531005859375 745.4054565429688
1086.1922607421875 834.956787109375 615.3936157226562 731.1853637695312
1068.80419921875 820.553955078125 632.0531005859375 745.4054565429688
1161.83740234375 932.5966796875 560.8386840820312 656.4595947265625
1161.83740234375 932.5966796875 560.8386840820312 656.4595947265625
