1338.9979248046875 515.0592041015625 435.5616149902344 455.2569274902344
1289.007568359375 527.2196655273438 395.38287353515625 486.2710266113281
1295.8775634765625 482.38287353515625 381.115234375 436.64154052734375
1317.3946533203125 497.7991943359375 408.8146057128906 445.8252258300781
1289.007568359375 527.2196655273438 395.38287353515625 486.2710266113281
1300.746826171875 476.9664001464844 383.3936462402344 429.4136962890625
1304.6861572265625 499.3379211425781 397.6946716308594 451.2705078125
1309.1463623046875 475.8063049316406 390.8002014160156 425.4549560546875
1297.1024169921875 515.4616088867188 398.0344543457031 471.0208435058594
1306.8250732421875 490.39178466796875 395.3924255371094 441.15618896484375
1300.93896484375 481.6285705566406 386.06488037109375 434.4688415527344
1324.368408203125 511.3763427734375 421.4001770019531 456.6818542480469
1320.93994140625 519.7976684570312 421.58575439453125 466.6212158203125
1295.89599609375 508.6065673828125 393.7116394042969 463.88641357421875
1294.054931640625 442.58538818359375 359.9242858886719 395.1673583984375
1307.1934814453125 511.614990234375 405.2372131347656 462.6902770996094
1353.4534912109375 452.19073486328125 420.3665466308594 388.0426025390625
1360.9364013671875 468.6626281738281 433.99188232421875 402.1134338378906
1295.3907470703125 453.864501953125 367.5296325683594 406.59832763671875
1301.899169921875 521.6630249023438 405.34588623046875 475.1391906738281
1325.1851806640625 448.4010009765625 393.6769104003906 391.3857421875
1353.2142333984375 470.9255676269531 428.80108642578125 406.9010009765625
1320.7763671875 502.28955078125 413.7806701660156 449.0476989746094
1458.389404296875 326.2248229980469 453.5423278808594 241.0059051513672
1336.7861328125 454.3957214355469 406.7059326171875 394.7966003417969
1288.1199951171875 460.0810852050781 362.60321044921875 415.7104187011719
1316.488525390625 491.2494201660156 404.7953186035156 438.9377136230469
1335.715087890625 495.8209533691406 423.7668151855469 437.5156555175781
1295.89599609375 508.6065673828125 393.7116394042969 463.88641357421875
1287.83251953125 478.2106018066406 371.6996765136719 435.2418518066406
1306.8250732421875 490.39178466796875 395.3924255371094 441.15618896484375
1322.0804443359375 455.9190673828125 393.5509033203125 401.1438903808594
1304.755615234375 447.0489196777344 373.42279052734375 397.4898986816406
1368.9144287109375 467.8297424316406 440.3791809082031 399.8653564453125
1368.5775146484375 454.799072265625 434.72796630859375 386.2618103027344
1344.01708984375 476.8017578125 423.8424377441406 415.2184143066406
1313.0838623046875 456.86810302734375 385.67071533203125 404.5653381347656
1308.169677734375 518.8107299804688 409.7294616699219 469.7436218261719
1312.854736328125 511.78179931640625 410.9803161621094 460.9389953613281
1307.1934814453125 511.614990234375 405.2372131347656 462.6902770996094
1302.1595458984375 504.5400390625 398.0364685058594 457.5215148925781
1343.6549072265625 495.0948181152344 431.530517578125 433.82635498046875
1298.544189453125 470.19207763671875 378.029541015625 422.9953308105469
1296.104736328125 489.68438720703125 383.85784912109375 442.77178955078125
1313.885498046875 502.97515869140625 408.337890625 451.5912170410156
1308.7362060546875 466.66290283203125 386.3741149902344 415.8971862792969
1306.8890380859375 496.6258850097656 398.2519836425781 447.649658203125
1354.9931640625 465.7696838378906 427.4648132324219 401.22698974609375
