801.5067749023438 301.80548095703125 1267.8551025390625 210.06517028808594
75.92386627197266 802.8359375 681.9751586914062 558.6522827148438
517.3544921875 177.6540069580078 1009.719970703125 84.5158462524414
801.5067749023438 301.80548095703125 1267.8551025390625 210.06517028808594
1118.41845703125 252.8845672607422 1741.7669677734375 152.18321228027344
740.4793090820312 317.91864013671875 1198.0235595703125 226.0969696044922
161.27085876464844 263.01519775390625 757.1695556640625 164.33779907226562
384.1498107910156 161.88839721679688 914.3944091796875 73.3664779663086
517.3544921875 177.6540069580078 1009.719970703125 84.5158462524414
1124.5582275390625 248.55125427246094 1752.858642578125 145.9371337890625
725.8933715820312 320.7323913574219 1182.2666015625 229.08184814453125
885.8380126953125 296.6991882324219 1370.3243408203125 207.5398712158203
745.3330078125 299.931640625 1206.882568359375 205.4503631591797
503.6995849609375 128.4304656982422 1005.3838500976562 34.38375473022461
1151.5447998046875 235.3954315185547 1809.5614013671875 127.41154479980469
414.8747253417969 173.6942901611328 933.426513671875 83.42504119873047
909.7396850585938 262.3525695800781 1407.2999267578125 164.06759643554688
448.81439208984375 198.42514038085938 954.0255126953125 106.08635711669922
887.4688110351562 184.85166931152344 1399.195556640625 69.9561767578125
448.81439208984375 198.42514038085938 954.0255126953125 106.08635711669922
503.6995849609375 128.4304656982422 1005.3838500976562 34.38375473022461
479.0743103027344 178.80345153808594 979.4525756835938 86.0416030883789
438.2734680175781 192.76393127441406 947.3870849609375 101.33912658691406
401.34161376953125 123.18220520019531 929.8099365234375 39.10374450683594
416.1736145019531 110.95491027832031 942.012939453125 22.16393280029297
297.3094177246094 365.9312744140625 837.8405151367188 255.32594299316406
1157.69677734375 266.146484375 1811.5701904296875 171.0652618408203
487.76544189453125 193.83889770507812 985.2130126953125 100.89724731445312
