45.50823974609375
52.2494010925293
54.54356002807617
58.343807220458984
62.40192413330078
66.61831665039062
66.6333236694336
68.24221801757812
68.76045227050781
69.77105712890625
70.00714111328125
70.38465881347656
70.7601547241211
70.82372283935547
71.09149169921875
71.68682098388672
72.40856170654297
72.60853576660156
72.64295959472656
73.10266876220703
73.51190185546875
74.01351165771484
74.3774185180664
76.216796875
76.67463684082031
76.75285339355469
77.55643463134766
77.64019775390625
77.97435760498047
77.99359130859375
78.43468475341797
78.61933898925781
79.4480972290039
79.51729583740234
79.94373321533203
80.28075408935547
80.35546112060547
80.79603576660156
80.85171508789062
80.90117645263672
81.3879623413086
81.85963439941406
81.90848541259766
82.861328125
83.10836029052734
83.18052673339844
83.5044937133789
83.63013458251953
85.17628479003906
86.08716583251953
86.32496643066406
87.51571655273438
88.40814208984375
88.6510009765625
88.78063201904297
88.84818267822266
89.03369903564453
89.45389556884766
89.61026763916016
89.8276138305664
90.2884292602539
91.12079620361328
91.54779815673828
92.03260040283203
92.44998931884766
93.61089324951172
94.53570556640625
94.78923797607422
94.87360382080078
95.46726989746094
95.52486419677734
95.53009796142578
95.70266723632812
95.7287826538086
96.22370147705078
96.66436767578125
97.03092193603516
97.09788513183594
97.11333465576172
97.46794128417969
98.30564880371094
98.42256164550781
98.8028335571289
98.8736572265625
99.12113952636719
99.81983947753906
100.12991333007812
100.30952453613281
100.5932388305664
100.68763732910156
101.27684783935547
101.31633758544922
101.31633758544922
101.53816986083984
101.69070434570312
102.07839965820312
102.09309387207031
102.68885040283203
102.8299560546875
103.12613677978516
103.40213012695312
103.69184875488281
103.78343200683594
104.273681640625
104.43658447265625
104.48445129394531
104.62791442871094
104.64225006103516
104.98094940185547
105.20931243896484
105.9056167602539
106.14141845703125
106.32967376708984
106.3766860961914
106.49882507324219
106.56922912597656
106.63957977294922
106.74736785888672
107.29864501953125
107.37318420410156
107.80074310302734
107.80074310302734
108.07405090332031
108.17578125
108.33281707763672
108.6876220703125
108.7198257446289
108.7336196899414
108.8760757446289
108.92198944091797
109.32977294921875
109.56732940673828
109.80892181396484
110.00454711914062
110.05453491210938
110.32678985595703
110.5893325805664
111.04053497314453
111.2834243774414
111.74971771240234
112.1383056640625
112.37882232666016
112.3877182006836
112.56109619140625
112.56997680664062
112.89818572998047
113.03096771240234
113.19893646240234
113.48567962646484
114.12712097167969
114.42028045654297
115.09561157226562
115.30394744873047
115.6633071899414
116.15076446533203
116.34431457519531
116.37439727783203
116.75187683105469
117.0042724609375
117.23907470703125
117.45637512207031
117.47340393066406
117.4776611328125
117.60102081298828
118.09318542480469
118.10588836669922
118.31314086914062
118.4229736328125
118.59173583984375
119.04621124267578
119.13018035888672
119.18053436279297
119.23506164550781
119.28956604003906
119.49476623535156
119.50732421875
120.17487335205078
120.60679626464844
120.7849349975586
121.01652526855469
121.1280288696289
121.31776428222656
121.3507308959961
121.44957733154297
121.76616668701172
121.82774353027344
122.10651397705078
122.27019500732422
122.34378051757812
122.48265075683594
122.56018829345703
122.80065155029297
123.28016662597656
123.4544448852539
123.81437683105469
123.99193572998047
124.40257263183594
125.03999328613281
125.52290344238281
125.60652923583984
125.63439178466797
125.75770568847656
125.9007568359375
125.9325180053711
126.30518341064453
126.40806579589844
126.63333129882812
126.86607360839844
127.00393676757812
127.08658599853516
127.29885864257812
127.58918762207031
128.1756591796875
128.2224578857422
128.2263641357422
128.23416137695312
128.49513244628906
129.91151428222656
130.3073272705078
130.7554931640625
131.29356384277344
131.7649383544922
131.95074462890625
132.49905395507812
132.7290496826172
132.8457794189453
133.52902221679688
133.6113739013672
133.85813903808594
133.8805389404297
134.01119995117188
134.27210998535156
134.74790954589844
134.89254760742188
135.18505859375
135.35508728027344
135.3661651611328
135.47325134277344
135.48062133789062
135.72030639648438
135.74240112304688
135.79396057128906
135.91542053222656
136.38914489746094
136.57232666015625
136.8941192626953
136.919677734375
137.31715393066406
137.81146240234375
138.75157165527344
138.8128204345703
139.0467529296875
139.26951599121094
139.3090057373047
140.06427001953125
140.16062927246094
140.53469848632812
141.31878662109375
141.51678466796875
141.54151916503906
142.00704956054688
143.1921844482422
143.26548767089844
143.2864227294922
143.6314697265625
143.80194091796875
143.8193359375
144.04513549804688
144.11801147460938
145.06895446777344
145.2687225341797
145.35130310058594
145.354736328125
145.55410766601562
145.622802734375
146.27029418945312
146.34547424316406
146.42404174804688
146.4957275390625
147.09521484375
147.60081481933594
147.81407165527344
148.1046905517578
148.3812713623047
148.4755859375
149.61952209472656
149.64291381835938
149.77650451660156
150.1765594482422
150.4759063720703
150.6253662109375
150.65191650390625
150.92713928222656
150.98675537109375
151.258056640625
151.64431762695312
152.1085205078125
152.3253173828125
152.4958953857422
152.9771270751953
153.1306610107422
153.7563018798828
154.5218505859375
154.83216857910156
155.1966552734375
155.65025329589844
155.7498016357422
156.03524780273438
156.20179748535156
156.55670166015625
156.6588592529297
157.02865600585938
157.82269287109375
157.86070251464844
158.70413208007812
158.94338989257812
159.36749267578125
159.60263061523438
159.6433563232422
159.646484375
159.88121032714844
160.03125
160.03749084472656
160.5521697998047
160.62689208984375
160.91612243652344
161.28855895996094
162.6529998779297
163.7284393310547
164.84234619140625
164.9545440673828
165.435791015625
165.6200408935547
165.9246826171875
166.34902954101562
166.82626342773438
166.89817810058594
167.03892517089844
167.7140350341797
167.9970245361328
168.51112365722656
168.94081115722656
169.67616271972656
169.82638549804688
170.7132110595703
171.15782165527344
171.28338623046875
171.62167358398438
171.77601623535156
171.85458374023438
171.8574981689453
172.6904754638672
173.8878936767578
174.17807006835938
174.252685546875
174.4419708251953
175.3168487548828
175.41949462890625
175.4451446533203
175.61891174316406
175.9829559326172
176.17605590820312
176.40011596679688
176.4114532470703
176.47946166992188
176.74557495117188
177.3302001953125
178.04212951660156
179.33767700195312
179.49652099609375
180.14161682128906
180.34133911132812
180.4688262939453
180.4716033935547
180.69863891601562
180.9060516357422
181.391845703125
181.79934692382812
182.11534118652344
183.0355224609375
183.1638641357422
183.88311767578125
184.4098663330078
184.4098663330078
184.8269500732422
186.2525177001953
186.32229614257812
186.38937377929688
187.17105102539062
187.28854370117188
187.61929321289062
187.75782775878906
187.89625549316406
188.01861572265625
188.3427734375
188.60275268554688
189.25115966796875
189.531005859375
189.531005859375
189.70767211914062
190.53346252441406
190.58856201171875
190.70396423339844
193.157958984375
194.35020446777344
194.74598693847656
195.67575073242188
196.71044921875
197.0989532470703
198.4313507080078
199.85745239257812
200.3047637939453
200.93283081054688
201.4696044921875
201.6110076904297
202.29681396484375
202.99261474609375
205.3217010498047
207.95913696289062
208.2450408935547
211.0379180908203
212.66876220703125
214.4224853515625
220.42005920410156
221.5603790283203
229.86952209472656
231.54696655273438
233.2123565673828
234.96807861328125
236.670654296875
257.4295959472656
