852.89208984375 974.4549560546875 657.8096923828125 1013.93115234375
899.5068969726562 838.132568359375 812.5794067382812 968.0802001953125
918.2352294921875 661.122802734375 1013.9880981445312 861.6761474609375
982.1696166992188 835.5155639648438 864.4169311523438 1042.6065673828125
1018.013671875 591.4830932617188 1186.84619140625 901.7835083007812
1051.5390625 674.8778686523438 1111.8328857421875 998.250732421875
854.4872436523438 940.7347412109375 688.1051025390625 996.5825805664062
1009.5758666992188 660.3331909179688 1092.379638671875 943.5816040039062
1009.5758666992188 660.3331909179688 1092.379638671875 943.5816040039062
785.4452514648438 873.3028564453125 726.25830078125 897.6188354492188
858.472900390625 992.1702270507812 643.396728515625 1030.568359375
856.6131591796875 959.286376953125 673.7392578125 1008.320556640625
871.1363525390625 646.643798828125 995.1895751953125 818.449951171875
904.0958251953125 933.3410034179688 718.9190673828125 1033.26611328125
914.07373046875 550.4631958007812 1138.05029296875 782.4646606445312
846.8248291015625 764.5914306640625 857.5408325195312 874.76416015625
774.3923950195312 819.6818237304688 769.061279296875 858.8222045898438
844.6595458984375 989.2522583007812 640.5762939453125 1016.7891235351562
991.9640502929688 672.106689453125 1060.6671142578125 935.5280151367188
932.3331298828125 642.0562744140625 1045.59765625 859.1276245117188
884.8114013671875 971.4329223632812 673.466796875 1040.7928466796875
945.9933471679688 793.5126953125 887.9996337890625 978.4299926757812
884.8114013671875 971.4329223632812 673.466796875 1040.7928466796875
994.025390625 645.656494140625 1098.200439453125 918.1265869140625
1071.4677734375 564.9287719726562 1283.34423828125 932.7401123046875
996.7136840820312 666.7385864257812 1075.6485595703125 936.6276245117188
1089.79052734375 602.7699584960938 1250.471923828125 982.5126953125
927.8876342773438 836.834228515625 830.9996337890625 991.0510864257812
841.4977416992188 968.7692260742188 656.4470825195312 1003.3167724609375
953.3157958984375 808.6324462890625 875.8086547851562 995.9846801757812
778.0870361328125 792.022705078125 796.8472290039062 845.8524169921875
947.0054931640625 816.1144409179688 863.8164672851562 995.9954833984375
1064.4124755859375 557.9054565429688 1284.3944091796875 917.1098022460938
930.9235229492188 825.5685424804688 844.0321655273438 986.9745483398438
884.8114013671875 971.4329223632812 673.466796875 1040.7928466796875
953.3157958984375 808.6324462890625 875.8086547851562 995.9846801757812
824.857421875 755.7384643554688 853.7579956054688 853.5264282226562
910.3607788085938 816.1716918945312 840.1732177734375 962.47509765625
1046.959716796875 658.4899291992188 1131.858154296875 979.6808471679688
1051.5390625 674.8778686523438 1111.8328857421875 998.250732421875
801.5399169921875 826.3795166015625 774.4971923828125 880.8587036132812
771.5232543945312 858.2631225585938 731.3431396484375 879.4151000976562
947.0054931640625 816.1144409179688 863.8164672851562 995.9954833984375
765.22216796875 811.9896850585938 771.566162109375 848.7704467773438
920.70166015625 646.8457641601562 1032.29150390625 852.4605102539062
958.587158203125 802.531982421875 886.7459106445312 996.377685546875
1031.6671142578125 696.8305053710938 1066.877685546875 993.11572265625
945.9933471679688 793.5126953125 887.9996337890625 978.4299926757812
903.9498291015625 629.5548706054688 1038.2978515625 828.8757934570312
1084.635498046875 592.2282104492188 1260.5692138671875 968.7535400390625
878.4329833984375 987.47802734375 655.1484375 1044.440673828125
1037.5076904296875 586.4758911132812 1213.474853515625 914.9313354492188
908.2318725585938 612.0317993164062 1062.6414794921875 818.2689819335938
771.5232543945312 858.2631225585938 731.3431396484375 879.4151000976562
991.9640502929688 672.106689453125 1060.6671142578125 935.5280151367188
920.5238037109375 821.7675170898438 842.2686767578125 974.0084228515625
963.9716796875 788.02490234375 906.6318359375 994.8818359375
886.1566162109375 641.538818359375 1010.830078125 824.561279296875
713.3910522460938 851.1242065429688 713.8237915039062 837.4627685546875
915.8950805664062 934.5896606445312 723.7092895507812 1045.4295654296875
592.4727783203125 817.5235595703125 697.8873291015625 748.032958984375
915.14453125 633.15380859375 1042.20068359375 842.26708984375
789.3930053710938 675.7664184570312 912.1998291015625 779.1305541992188
982.91552734375 808.0695190429688 896.1732177734375 1023.7736206054688
1081.1297607421875 599.0269775390625 1247.28759765625 971.3380126953125
883.4115600585938 938.324462890625 704.31689453125 1018.8989868164062
891.2220458984375 952.2432250976562 694.1834716796875 1032.4527587890625
830.1168212890625 509.0119934082031 1113.4898681640625 694.72265625
946.399658203125 553.9053955078125 1162.6705322265625 808.853271484375
1007.6023559570312 668.85595703125 1079.5794677734375 947.1704711914062
756.7002563476562 826.3109741210938 756.3339233398438 848.2996215820312
753.8718872070312 808.2346801757812 769.6444702148438 837.346923828125
671.1729125976562 1040.724853515625 541.8229370117188 917.1561889648438
746.4940185546875 846.7830810546875 730.4475708007812 856.0735473632812
742.0228271484375 804.33544921875 767.9456176757812 827.039306640625
915.14453125 633.15380859375 1042.20068359375 842.26708984375
518.2691650390625 940.0441284179688 583.4983520507812 775.0029296875
808.4122314453125 718.1656494140625 883.9889526367188 819.391845703125
746.4940185546875 846.7830810546875 730.4475708007812 856.0735473632812
565.9242553710938 505.3807373046875 944.8762817382812 561.4658813476562
730.0113525390625 799.5570068359375 766.5533447265625 816.2595825195312
