995.5762939453125 983.2760620117188 767.138916015625 992.13720703125
988.0603637695312 969.4435424804688 780.9430541992188 980.0989990234375
1021.4359130859375 1004.7288818359375 751.903076171875 1023.4666748046875
954.2703857421875 850.9649658203125 893.5149536132812 909.242431640625
908.921630859375 837.95556640625 888.760498046875 868.7921142578125
906.7221069335938 895.10009765625 830.27392578125 882.6181030273438
871.2500610351562 835.4407958984375 875.9569702148438 835.2437744140625
932.2182006835938 851.166015625 882.0025634765625 889.5912475585938
1045.349609375 915.8456420898438 855.4103393554688 1023.2259521484375
825.6596069335938 984.5280151367188 727.6416625976562 852.7449340820312
1026.8460693359375 914.0404663085938 849.4659423828125 1001.0283203125
911.8615112304688 847.0120849609375 878.8108520507812 871.0184326171875
1007.69384765625 916.65576171875 839.5947875976562 983.3579711914062
910.33447265625 818.2404174804688 907.0852661132812 857.7123413085938
898.7940063476562 871.609619140625 851.04248046875 868.3336791992188
905.7982788085938 903.7752075195312 821.7116088867188 885.6573486328125
882.6698608398438 844.4712524414062 871.5198974609375 846.8826293945312
999.6144409179688 1001.5463256835938 749.6370849609375 1000.6610717773438
1005.4334106445312 969.0674438476562 782.3619384765625 996.5999755859375
911.8615112304688 847.0120849609375 878.8108520507812 871.0184326171875
905.7982788085938 903.7752075195312 821.7116088867188 885.6573486328125
747.099609375 967.8113403320312 729.9468383789062 795.3292846679688
779.4600219726562 1020.1459350585938 693.5330200195312 832.0735473632812
934.8156127929688 879.5030517578125 853.2803344726562 901.3676147460938
805.810546875 941.6820068359375 761.4494018554688 825.2593994140625
769.3225708007812 989.5972900390625 715.7422485351562 816.5833129882812
924.1599731445312 624.593505859375 1134.6148681640625 797.8634033203125
857.358642578125 873.9841918945312 835.5693359375 836.40234375
993.1808471679688 958.4932861328125 790.5348510742188 981.5343627929688
725.7686157226562 819.1043701171875 847.2080688476562 734.5599365234375
882.6698608398438 844.4712524414062 871.5198974609375 846.8826293945312
945.9470825195312 664.0775756835938 1102.268310546875 830.2180786132812
747.099609375 967.8113403320312 729.9468383789062 795.3292846679688
830.4384155273438 733.6694946289062 962.313232421875 768.593017578125
913.2294921875 651.83740234375 1095.0523681640625 799.63134765625
892.7742919921875 849.4330444335938 870.226806640625 856.2532958984375
922.1024169921875 643.3604736328125 1110.1602783203125 803.7123413085938
812.293212890625 668.727783203125 1020.7540893554688 735.429931640625
904.5962524414062 645.061767578125 1099.1156005859375 790.4933471679688
756.5777587890625 1003.8419799804688 702.3468017578125 813.401611328125
1007.6702270507812 992.6178588867188 762.0994262695312 1007.2642211914062
872.3600463867188 853.9813842773438 859.294189453125 842.6638793945312
555.9506225585938 981.5467529296875 693.4164428710938 700.0159912109375
1036.64794921875 987.6390991210938 772.4385986328125 1036.4437255859375
1036.64794921875 987.6390991210938 772.4385986328125 1036.4437255859375
722.8775024414062 799.3623657226562 862.5337524414062 727.1011962890625
