74.72616577148438
102.25947570800781
104.64225006103516
104.9523696899414
128.97674560546875
138.88124084472656
139.22283935546875
142.28843688964844
148.9362335205078
149.31845092773438
155.66310119628906
156.65248107910156
157.6261444091797
161.7714385986328
164.0457305908203
165.65626525878906
168.0446319580078
168.62088012695312
170.5491180419922
173.32916259765625
173.52809143066406
174.76556396484375
175.9119110107422
177.389404296875
177.91851806640625
179.0083770751953
180.44943237304688
182.68551635742188
183.48023986816406
186.7725830078125
186.9598846435547
191.92706298828125
202.43270874023438
203.98284912109375
207.84849548339844
208.4706268310547
209.17218017578125
210.8506622314453
214.47145080566406
215.91201782226562
216.15966796875
220.14767456054688
223.2353057861328
224.51280212402344
227.4401092529297
234.21571350097656
235.81983947753906
236.5924835205078
240.20616149902344
241.81190490722656
243.12342834472656
249.8899688720703
264.0889892578125
