65.49809265136719
69.10861206054688
70.58328247070312
83.51646423339844
85.53946685791016
88.4024887084961
88.56071472167969
91.10433959960938
94.17536926269531
94.47222137451172
95.08417510986328
99.39818572998047
99.75971221923828
100.83154296875
103.48912811279297
103.84122467041016
105.047607421875
105.37077331542969
105.69295501708984
106.30615997314453
106.54576110839844
106.73331451416016
107.88419342041016
108.36511993408203
108.62319946289062
109.74516296386719
110.14081573486328
110.950439453125
110.98648834228516
111.66915130615234
112.72089385986328
112.964599609375
113.48567962646484
113.71894836425781
113.91663360595703
116.12924194335938
116.25833129882812
117.4137954711914
118.42719268798828
118.43985748291016
119.0
119.02100372314453
119.11759185791016
120.39517974853516
121.10739135742188
121.11151885986328
121.90159606933594
122.16791534423828
122.97967529296875
124.29802703857422
124.64750671386719
125.1439208984375
125.16788482666016
125.22779083251953
126.30518341064453
126.35663604736328
127.31456756591797
129.14720153808594
129.37155151367188
130.2267303466797
130.49903869628906
130.52586364746094
130.62924194335938
131.17164611816406
131.20213317871094
132.33291625976562
132.81942749023438
132.89845275878906
133.12400817871094
133.45411682128906
133.65628051757812
134.2274169921875
135.02963256835938
135.6797637939453
135.97793579101562
136.52471923828125
136.62722778320312
136.91603088378906
137.277099609375
137.80421447753906
137.92388916015625
138.9496307373047
139.26951599121094
139.42022705078125
140.1534881591797
141.04254150390625
141.3400115966797
141.8097381591797
142.5762939453125
142.77255249023438
142.80406188964844
143.21661376953125
143.45382690429688
143.45382690429688
143.6558380126953
144.3468017578125
144.49913024902344
144.51296997070312
145.6399688720703
146.45135498046875
146.61172485351562
146.88430786132812
148.84219360351562
149.36866760253906
150.02000427246094
150.04998779296875
150.20985412597656
150.6187286376953
150.814453125
151.75967407226562
154.92578125
155.8043670654297
155.81077575683594
155.86532592773438
156.76097106933594
156.77691650390625
156.87893676757812
157.13369750976562
158.88674926757812
158.8993377685547
159.38632202148438
160.76380920410156
161.4373016357422
163.13491821289062
164.45668029785156
164.73312377929688
166.14451599121094
166.90415954589844
167.14663696289062
167.75576782226562
168.04165649414062
169.98529052734375
170.09703063964844
171.11691284179688
171.49635314941406
172.58331298828125
174.0660858154297
174.43910217285156
175.60751342773438
176.30938720703125
176.6635284423828
179.33209228515625
179.57171630859375
179.66357421875
180.5851593017578
181.9752655029297
183.5701446533203
183.9320526123047
185.2025909423828
186.60118103027344
187.10958862304688
187.27786254882812
187.32591247558594
187.7791290283203
188.4913787841797
188.64251708984375
188.81472778320312
189.57321166992188
189.92630004882812
190.26296997070312
190.55445861816406
190.58856201171875
190.63577270507812
191.2276153564453
191.44711303710938
194.69976806640625
195.5684051513672
195.65530395507812
196.65960693359375
199.0025177001953
199.29124450683594
200.82081604003906
200.89051818847656
202.31658935546875
202.6154022216797
203.48219299316406
203.58290100097656
203.6713104248047
206.261962890625
206.53086853027344
206.76556396484375
208.2954559326172
208.37705993652344
208.45382690429688
210.87673950195312
211.57977294921875
211.99057006835938
212.07310485839844
212.2357177734375
212.3369903564453
212.61231994628906
213.51345825195312
215.03720092773438
215.10694885253906
216.57562255859375
217.25331115722656
217.7314910888672
217.78659057617188
218.0688018798828
218.27047729492188
218.50857543945312
218.625244140625
219.59963989257812
222.647705078125
223.62692260742188
225.67454528808594
225.8561553955078
225.98672485351562
226.36033630371094
226.71568298339844
229.88693237304688
230.0108642578125
231.20553588867188
233.31951904296875
236.3493194580078
237.3815460205078
242.02685546875
242.71588134765625
242.80856323242188
249.60769653320312
250.5653533935547
251.9404754638672
252.0079345703125
