138.99281311035156
151.2448272705078
159.11944580078125
159.2356719970703
161.8177947998047
162.0740509033203
164.0457305908203
165.41160583496094
166.52928161621094
170.6487579345703
176.96609497070312
178.68968200683594
182.55958557128906
187.33926391601562
187.85366821289062
192.8211669921875
193.7808074951172
195.46099853515625
196.93907165527344
199.71730041503906
202.37588500976562
204.26942443847656
206.6059112548828
208.43223571777344
209.33465576171875
213.6141357421875
214.1471405029297
216.88706970214844
217.207275390625
220.60145568847656
221.77239990234375
225.38633728027344
244.24781799316406
253.2765350341797
271.1678466796875
