1055.964599609375 848.3453979492188 1029.7696533203125 910.0115356445312
1055.964599609375 848.3453979492188 1029.7696533203125 910.0115356445312
673.7392578125 1008.320556640625 602.3723754882812 1010.0989379882812
719.9498291015625 999.9097900390625 647.4472045898438 1009.8397216796875
774.4971923828125 880.8587036132812 732.8883056640625 900.0509643554688
657.8096923828125 1013.93115234375 585.9291381835938 1013.1390380859375
1076.5743408203125 833.0089111328125 1055.7384033203125 897.3970336914062
988.4534912109375 797.9005737304688 970.770751953125 846.830078125
812.8721923828125 826.5480346679688 784.233154296875 851.2569580078125
807.2054443359375 829.717529296875 777.44970703125 853.8707885742188
1145.8609619140625 798.1181640625 1141.6539306640625 871.4348754882812
581.1159057617188 790.0470581054688 579.26953125 785.6163940429688
620.1255493164062 638.530517578125 654.76318359375 648.231201171875
431.71710205078125 788.2492065429688 449.5098571777344 766.709228515625
863.8164672851562 995.9954833984375 789.954833984375 1029.8360595703125
583.4983520507812 775.0029296875 585.3888549804688 772.2003784179688
796.8472290039062 845.8524169921875 764.5040283203125 868.3372802734375
769.6444702148438 837.346923828125 740.11474609375 855.8521118164062
691.6851196289062 908.6083984375 647.2867431640625 914.5867919921875
718.3544921875 846.9749145507812 689.1631469726562 858.0880737304688
1123.227294921875 628.5689086914062 1160.28515625 692.3050537109375
853.7579956054688 853.5264282226562 818.3070068359375 882.6304931640625
1062.6414794921875 818.2689819335938 1045.7137451171875 880.329345703125
165.62240600585938 1025.76025390625 166.88140869140625 949.1995239257812
605.348388671875 785.2374877929688 602.2123413085938 784.0667724609375
1138.05029296875 782.4646606445312 1136.933837890625 853.81884765625
482.8467712402344 1055.2115478515625 417.8420715332031 1023.9508056640625
1024.6390380859375 799.4524536132812 1008.880126953125 854.6244506835938
541.8229370117188 917.1561889648438 507.8057861328125 901.4081420898438
583.4983520507812 775.0029296875 585.3888549804688 772.2003784179688
997.5560302734375 804.4815673828125 979.1240234375 854.03759765625
595.88623046875 787.5414428710938 593.260009765625 785.0394287109375
732.3694458007812 831.1732177734375 706.2098388671875 844.8643798828125
1005.562255859375 638.517822265625 1031.2386474609375 688.689453125
1022.6454467773438 789.0477294921875 1008.8316650390625 843.3483276367188
863.8164672851562 995.9954833984375 789.954833984375 1029.8360595703125
1123.227294921875 628.5689086914062 1160.28515625 692.3050537109375
986.9051513671875 733.7996826171875 986.2614135742188 781.9373779296875
573.7366943359375 912.7144775390625 537.281494140625 901.7047119140625
981.8012084960938 569.8106079101562 1023.71826171875 618.0883178710938
1120.6790771484375 912.3656005859375 1082.724609375 988.4544677734375
457.07489013671875 777.3275146484375 471.5919189453125 759.8717651367188
732.3694458007812 831.1732177734375 706.2098388671875 844.8643798828125
577.2904052734375 657.9677734375 612.6006469726562 662.2293090820312
427.81512451171875 977.2738037109375 392.7239990234375 941.9228515625
544.2628173828125 772.90771484375 551.2679443359375 764.8643188476562
1227.181396484375 824.0255737304688 1227.7901611328125 913.33349609375
615.6554565429688 924.5519409179688 572.5744018554688 919.3758544921875
707.2186889648438 1060.9893798828125 620.4135131835938 1068.596435546875
716.2229614257812 858.1931762695312 683.8627319335938 868.7163696289062
1018.3318481445312 698.9962768554688 1028.3543701171875 750.8263549804688
434.2074279785156 683.9175415039062 481.30401611328125 672.1222534179688
377.53802490234375 910.1759033203125 369.30108642578125 872.7484741210938
398.0906677246094 724.9534912109375 439.2926025390625 705.2111206054688
605.2047119140625 858.1061401367188 581.4125366210938 853.8321533203125
318.80230712890625 707.3587646484375 379.20599365234375 681.529541015625
547.8963623046875 888.4781494140625 522.7504272460938 874.8959350585938
440.5467529296875 705.9403076171875 480.0133361816406 692.9599609375
563.0926513671875 907.6509399414062 529.4911499023438 895.3604736328125
729.8988647460938 839.4144287109375 701.182861328125 852.1401977539062
1213.474853515625 914.9313354492188 1187.0556640625 1008.2903442382812
857.5408325195312 874.76416015625 816.5888061523438 905.9443359375
1032.111572265625 736.0487060546875 1033.96533203125 790.9231567382812
1186.84619140625 901.7835083007812 1160.8779296875 988.968994140625
336.2494812011719 909.879150390625 335.66485595703125 866.1857299804688
1010.5182495117188 740.4940795898438 1009.84375 792.2889404296875
200.7915496826172 1011.5769653320312 197.042724609375 941.1399536132812
482.8467712402344 1055.2115478515625 417.8420715332031 1023.9508056640625
983.73779296875 695.8112182617188 992.8977661132812 743.123779296875
1032.29150390625 852.4605102539062 1002.778076171875 910.1403198242188
1015.4970703125 842.05322265625 987.7010498046875 896.5944213867188
1045.59765625 859.1276245117188 1016.39208984375 919.789794921875
756.3339233398438 848.2996215820312 724.3816528320312 865.5796508789062
1156.3748779296875 718.2954711914062 1174.302001953125 789.6774291992188
184.81973266601562 861.4777221679688 227.4135284423828 805.9580078125
575.0390625 863.841552734375 552.8600463867188 855.0374145507812
1087.6573486328125 679.6986694335938 1107.9468994140625 739.380126953125
626.4931640625 1007.5361938476562 558.8999633789062 1001.569091796875
912.1998291015625 779.1305541992188 896.4796142578125 817.92333984375
1012.0776977539062 793.76806640625 996.450439453125 846.3353881835938
533.7777709960938 757.7867431640625 546.1126708984375 750.0430297851562
1040.4532470703125 806.6469116210938 1024.17431640625 864.2432861328125
997.5560302734375 804.4815673828125 979.1240234375 854.03759765625
402.85626220703125 805.9730834960938 419.7422180175781 779.5396728515625
1037.67529296875 790.9326782226562 1024.1865234375 847.3524780273438
989.4471435546875 626.4578247070312 1016.658447265625 674.3911743164062
883.9889526367188 819.391845703125 857.3497924804688 853.6304931640625
514.8713989257812 896.5130615234375 491.316162109375 876.78564453125
1087.6573486328125 679.6986694335938 1107.9468994140625 739.380126953125
1087.4796142578125 929.6768188476562 1042.4185791015625 1001.5088500976562
184.81973266601562 861.4777221679688 227.4135284423828 805.9580078125
881.5108642578125 870.09814453125 843.658447265625 905.0277709960938
1145.3358154296875 705.5054931640625 1164.1529541015625 774.0018310546875
766.5533447265625 816.2595825195312 742.5930786132812 834.8234252929688
731.3431396484375 879.4151000976562 692.203125 891.8818359375
479.1304016113281 708.572998046875 512.0145263671875 698.6943359375
195.4617462158203 815.4830322265625 250.05062866210938 765.433837890625
563.0926513671875 907.6509399414062 529.4911499023438 895.3604736328125
618.7262573242188 847.9617309570312 596.0132446289062 845.9169311523438
345.61895751953125 940.2221069335938 334.0333557128906 896.2612915039062
607.1028442382812 650.4140625 640.63037109375 658.1621704101562
620.1255493164062 638.530517578125 654.76318359375 648.231201171875
244.21299743652344 719.9600219726562 315.7666015625 685.8433227539062
559.6270141601562 671.2415771484375 593.0059204101562 671.8270874023438
798.703369140625 832.8464965820312 768.4114990234375 855.9050903320312
526.3284912109375 908.84814453125 497.02532958984375 891.1498413085938
515.30419921875 937.9246826171875 479.110107421875 917.7884521484375
1146.7152099609375 670.1909790039062 1175.587890625 737.2938842773438
1053.3463134765625 733.2313842773438 1056.89599609375 790.8460693359375
308.5387268066406 998.9437866210938 287.6527404785156 944.8760986328125
1186.8153076171875 833.2073974609375 1178.1597900390625 915.8406372070312
981.8012084960938 569.8106079101562 1023.71826171875 618.0883178710938
1031.1839599609375 624.156982421875 1062.341796875 677.0166625976562
774.4971923828125 880.8587036132812 732.8883056640625 900.0509643554688
1209.333984375 792.2188110351562 1215.389892578125 875.7119750976562
947.1057739257812 570.336669921875 987.8618774414062 614.827880859375
141.45559692382812 1021.1430053710938 147.14085388183594 942.57080078125
123.58785247802734 1036.109375 128.36521911621094 953.353515625
705.732177734375 861.3521728515625 672.6849365234375 870.4638671875
1159.1334228515625 690.6880493164062 1184.7733154296875 761.1951293945312
976.8469848632812 645.4398193359375 1000.0059204101562 692.1367797851562
1136.285400390625 721.1167602539062 1151.4884033203125 790.3909912109375
276.81048583984375 793.59375 320.2016906738281 754.3948974609375
607.3448486328125 757.6734619140625 611.3854370117188 758.7135620117188
1038.2978515625 828.8757934570312 1014.9312744140625 886.9688110351562
200.81625366210938 801.798095703125 257.5218200683594 754.1143798828125
1038.2978515625 828.8757934570312 1014.9312744140625 886.9688110351562
967.030517578125 625.4381713867188 994.188232421875 670.8194580078125
726.25830078125 897.6188354492188 682.7393798828125 908.6078491210938
1033.2435302734375 719.3779296875 1039.7471923828125 773.8560180664062
1067.3167724609375 846.9452514648438 1043.009033203125 910.2644653320312
1197.346923828125 823.7442626953125 1194.232177734375 906.9566040039062
1263.8948974609375 889.9705200195312 1253.77880859375 990.6917724609375
955.1812744140625 644.3898315429688 976.6359252929688 688.2135620117188
515.30419921875 937.9246826171875 479.110107421875 917.7884521484375
141.45559692382812 1021.1430053710938 147.14085388183594 942.57080078125
1018.3318481445312 698.9962768554688 1028.3543701171875 750.8263549804688
1059.6373291015625 792.9027709960938 1047.959716796875 852.76904296875
963.8253784179688 821.2105102539062 938.69921875 867.53857421875
339.9179382324219 777.3837280273438 375.0361022949219 744.9105224609375
1101.531005859375 971.4034423828125 1047.2286376953125 1048.8931884765625
717.8071899414062 881.97265625 678.8555297851562 892.3468017578125
283.7336120605469 694.6986694335938 354.19659423828125 667.7349243164062
531.0736694335938 709.064208984375 560.0042114257812 705.4746704101562
706.852294921875 731.2728271484375 710.1641845703125 744.9512329101562
816.974853515625 995.0653076171875 744.260498046875 1019.58544921875
230.45010375976562 747.2572021484375 297.2599792480469 708.6495971679688
867.8390502929688 862.9727172851562 829.8516235351562 895.7479248046875
1032.468017578125 818.5894165039062 1012.9893188476562 875.5571899414062
591.3202514648438 565.185546875 650.04638671875 578.2112426757812
601.633056640625 567.279052734375 658.2470703125 581.2337646484375
380.2294006347656 812.2055053710938 399.08837890625 783.0050048828125
534.5511474609375 745.8303833007812 550.4376220703125 738.4808959960938
978.6110229492188 712.3260498046875 983.4138793945312 759.3333740234375
867.8390502929688 862.9727172851562 829.8516235351562 895.7479248046875
1122.3265380859375 693.2291259765625 1142.828369140625 758.4178466796875
970.5692749023438 638.7242431640625 994.089111328125 683.136474609375
766.5533447265625 816.2595825195312 742.5930786132812 834.8234252929688
1148.3614501953125 818.2050170898438 1138.9244384765625 892.6183471679688
967.534912109375 697.5436401367188 975.8314819335938 742.5525512695312
1044.1939697265625 817.03759765625 1024.27978515625 875.65185546875
918.323486328125 808.8338623046875 895.0938110351562 848.7449951171875
1083.9974365234375 960.0448608398438 1030.2353515625 1032.373046875
656.4470825195312 1003.3167724609375 586.9466552734375 1002.85400390625
404.008544921875 774.350341796875 429.4510192871094 751.1598510742188
967.534912109375 697.5436401367188 975.8314819335938 742.5525512695312
1065.782470703125 540.2371826171875 1120.3828125 596.6062622070312
1124.5040283203125 776.3455810546875 1123.5030517578125 844.2335815429688
459.25250244140625 680.4569702148438 503.2828063964844 670.2464599609375
999.9346923828125 735.6363525390625 999.6842041015625 785.4530639648438
573.7366943359375 912.7144775390625 537.281494140625 901.7047119140625
416.8290100097656 680.4119873046875 467.09771728515625 667.8772583007812
338.2923278808594 689.3234252929688 399.1177062988281 668.1951904296875
828.3912963867188 1004.6847534179688 751.91259765625 1032.52001953125
530.1686401367188 785.8414916992188 535.2173461914062 775.3469848632812
407.2546691894531 809.8720703125 423.0732421875 783.2185668945312
308.5387268066406 998.9437866210938 287.6527404785156 944.8760986328125
1006.3508911132812 725.924560546875 1008.6415405273438 776.2581787109375
522.4822998046875 867.960693359375 505.4646911621094 851.742919921875
1092.3214111328125 596.11181640625 1135.029296875 654.75244140625
598.8248291015625 675.911376953125 627.1879272460938 680.8984985351562
1165.25537109375 711.6983032226562 1185.2657470703125 782.0066528320312
1060.6671142578125 935.5280151367188 1010.946044921875 1002.5597534179688
596.0523681640625 645.3533935546875 632.1521606445312 652.42724609375
426.87542724609375 715.7827758789062 465.5398254394531 700.1128540039062
769.6444702148438 837.346923828125 740.11474609375 855.8521118164062
304.6939697265625 692.4195556640625 373.1253662109375 667.4476318359375
587.9556884765625 740.4553833007812 598.3672485351562 739.4242553710938
329.3021545410156 947.1192626953125 319.62957763671875 899.6820678710938
614.2911987304688 668.7804565429688 641.82958984375 676.0819702148438
466.02593994140625 796.226318359375 475.44281005859375 778.3585815429688
706.852294921875 731.2728271484375 710.1641845703125 744.9512329101562
484.9163513183594 684.718994140625 524.4639282226562 677.7698364257812
373.8927001953125 799.71484375 398.2189025878906 770.4916381835938
589.5360717773438 853.7095947265625 567.8035278320312 847.4169921875
105.00918579101562 1027.7110595703125 116.40245056152344 943.3338012695312
1014.9267578125 808.0532836914062 996.3543090820312 862.6709594726562
586.2276611328125 863.7333984375 563.18798828125 856.1447143554688
1067.3167724609375 846.9452514648438 1043.009033203125 910.2644653320312
699.6425170898438 733.7948608398438 702.3154296875 746.4114379882812
1048.5001220703125 557.571533203125 1097.6920166015625 611.6941528320312
705.732177734375 861.3521728515625 672.6849365234375 870.4638671875
187.34275817871094 958.7477416992188 201.9468231201172 891.7265625
1113.9476318359375 718.0226440429688 1127.314208984375 783.1273193359375
611.8241577148438 739.5760498046875 620.3652954101562 741.9008178710938
697.8873291015625 748.032958984375 696.833251953125 760.0087890625
868.3544311523438 834.7569580078125 838.2600708007812 867.3527221679688
978.83984375 743.7763671875 975.6382446289062 791.7064819335938
575.7503051757812 744.7294311523438 585.9691772460938 742.9689331054688
844.0321655273438 986.9745483398438 772.5181884765625 1018.02099609375
546.4530639648438 758.8381958007812 555.9758911132812 752.62060546875
254.3836212158203 715.2391967773438 325.4035949707031 683.043701171875
1044.1939697265625 817.03759765625 1024.27978515625 875.65185546875
448.0281677246094 683.3612670898438 492.4732666015625 673.4708251953125
552.6824340820312 779.5198364257812 558.9967651367188 772.6909790039062
612.1928100585938 882.833984375 580.3407592773438 880.2786254882812
179.73741149902344 758.928466796875 256.5604248046875 714.41943359375
239.6268768310547 932.9212036132812 250.4379119873047 874.9000854492188
279.6221923828125 727.2935791015625 342.04254150390625 695.8782958984375
539.187255859375 931.3126220703125 502.09075927734375 914.47607421875
967.030517578125 625.4381713867188 994.188232421875 670.8194580078125
1145.3358154296875 705.5054931640625 1164.1529541015625 774.0018310546875
326.8474426269531 866.8425903320312 344.8931884765625 826.6801147460938
704.0602416992188 875.8363037109375 667.3026123046875 884.0039672851562
299.6895446777344 792.6574096679688 338.2731018066406 756.2315673828125
366.57080078125 964.3574829101562 344.99517822265625 920.9929809570312
444.61932373046875 692.62939453125 486.9424133300781 681.5283203125
762.6181030273438 945.0101928710938 704.9108276367188 964.406982421875
307.2389831542969 722.9262084960938 364.69622802734375 695.1029663085938
745.109130859375 841.7963256835938 715.5911254882812 857.0177001953125
1015.4970703125 842.05322265625 987.7010498046875 896.5944213867188
411.3688049316406 801.6904907226562 428.36138916015625 776.588623046875
868.8584594726562 807.9496459960938 845.89111328125 840.5616455078125
1106.3828125 725.4285278320312 1117.927734375 791.0448608398438
1013.9880981445312 861.6761474609375 981.6030883789062 917.0899047851562
183.8342742919922 839.143310546875 235.00640869140625 784.010986328125
696.0771484375 846.7290649414062 668.7866821289062 853.4793090820312
546.4530639648438 758.8381958007812 555.9758911132812 752.62060546875
213.428466796875 954.8380737304688 224.9047393798828 888.5801391601562
630.9627685546875 644.2659301757812 663.7864379882812 654.6412353515625
1125.7908935546875 718.0725708007812 1140.156494140625 784.3117065429688
614.2911987304688 668.7804565429688 641.82958984375 676.0819702148438
970.5692749023438 638.7242431640625 994.089111328125 683.136474609375
1284.3944091796875 917.1098022460938 1270.7744140625 1025.782470703125
276.5382995605469 836.9501342773438 307.6231384277344 793.0467529296875
1098.200439453125 918.1265869140625 1056.0517578125 989.8840942382812
1132.039306640625 711.1734008789062 1147.607666015625 776.814208984375
168.09942626953125 972.9644165039062 181.6481170654297 903.0706176757812
693.5228271484375 1017.2394409179688 618.3974609375 1022.4301147460938
1283.34423828125 932.7401123046875 1264.81982421875 1041.5693359375
477.9654235839844 985.7603149414062 435.7707214355469 957.4216918945312
338.2923278808594 689.3234252929688 399.1177062988281 668.1951904296875
610.1010131835938 585.4664306640625 661.627685546875 598.0435791015625
735.9031982421875 888.2324829101562 694.6658325195312 901.015869140625
913.094970703125 739.5704956054688 905.7315673828125 776.7254638671875
156.07008361816406 991.22900390625 168.04002380371094 916.2373046875
1055.407470703125 533.228271484375 1111.486083984375 587.9085693359375
386.927490234375 937.5242919921875 368.9094543457031 898.4891357421875
1122.653564453125 673.1981811523438 1148.24609375 737.15576171875
427.81512451171875 977.2738037109375 392.7239990234375 941.9228515625
746.81884765625 825.2157592773438 721.3018188476562 841.1112670898438
583.1420288085938 678.9324340820312 611.43212890625 681.9805908203125
887.9996337890625 978.4299926757812 819.52001953125 1016.6245727539062
1079.5794677734375 947.1704711914062 1028.8199462890625 1018.3485107421875
693.5228271484375 1017.2394409179688 618.3974609375 1022.4301147460938
1086.0721435546875 609.3109130859375 1124.186279296875 667.7094116210938
242.36004638671875 797.3224487304688 292.1367492675781 754.1160278320312
704.31689453125 1018.8989868164062 627.7122192382812 1025.8255615234375
441.37548828125 785.8467407226562 459.129638671875 765.7498168945312
1162.6705322265625 808.853271484375 1157.8988037109375 885.64208984375
598.7979736328125 584.594970703125 651.697509765625 596.9791259765625
398.1754150390625 981.1910400390625 366.90435791015625 941.4657592773438
673.466796875 1040.7928466796875 592.9136352539062 1042.62451171875
1039.6060791015625 702.5886840820312 1050.095947265625 758.1893920898438
830.9996337890625 991.0510864257812 758.339599609375 1019.8679809570312
767.9456176757812 827.039306640625 741.6016235351562 845.6973876953125
208.40574645996094 809.083740234375 261.9648742675781 761.1412353515625
615.8330078125 678.8282470703125 639.9600219726562 685.0572509765625
898.0718383789062 776.8330078125 880.6709594726562 813.74853515625
1012.6390991210938 536.6793823242188 1064.3721923828125 586.6218872070312
858.125244140625 805.3231811523438 835.905029296875 835.2593383789062
602.6577758789062 590.2332763671875 653.5573120117188 602.1468505859375
993.5656127929688 727.7896728515625 995.3914794921875 776.6259765625
584.9910278320312 663.8723754882812 616.9432373046875 668.3291625976562
1108.457275390625 687.0861206054688 1128.94677734375 750.2701416015625
659.6287841796875 940.5494384765625 608.211669921875 944.814453125
586.77490234375 769.3502197265625 589.8114624023438 766.890625
241.57691955566406 832.89599609375 281.9457092285156 786.0670166015625
167.58958435058594 1000.90966796875 173.44110107421875 927.850830078125
855.9146118164062 969.7857055664062 788.62060546875 1002.6541137695312
257.84832763671875 694.2450561523438 333.3970947265625 664.7613525390625
1133.87646484375 676.1323852539062 1159.7510986328125 741.6746826171875
1067.9945068359375 630.5396728515625 1099.2261962890625 687.6475830078125
826.3416748046875 818.0167846679688 797.32373046875 846.0779418945312
380.66510009765625 975.376220703125 352.9526062011719 933.62939453125
1114.48974609375 679.3836669921875 1137.4256591796875 743.688720703125
699.6425170898438 733.7948608398438 702.3154296875 746.4114379882812
427.5008850097656 706.1447143554688 469.60064697265625 691.0562133789062
1165.25537109375 711.6983032226562 1185.2657470703125 782.0066528320312
567.5615234375 780.5010375976562 569.0891723632812 773.399169921875
419.31707763671875 930.5818481445312 399.1729736328125 896.437255859375
331.7497253417969 703.3563232421875 390.569091796875 679.4888916015625
983.405029296875 613.5823974609375 1014.5935668945312 662.3001098632812
619.9384155273438 645.4844970703125 653.4451904296875 654.592529296875
411.3688049316406 801.6904907226562 428.36138916015625 776.588623046875
1027.1199951171875 694.3526000976562 1038.8360595703125 746.560302734375
722.21484375 763.256103515625 715.7744750976562 777.6565551757812
929.2122192382812 572.2276000976562 969.2341918945312 614.8841552734375
1013.926025390625 691.2874145507812 1025.856201171875 742.518310546875
1002.2991943359375 712.682861328125 1008.039794921875 761.7658081054688
602.1708984375 575.6704711914062 656.6415405273438 589.0189208984375
1103.8656005859375 679.3026733398438 1125.7376708984375 741.7167358398438
951.13623046875 556.7918701171875 995.561767578125 601.6744384765625
522.4822998046875 867.960693359375 505.4646911621094 851.742919921875
113.97826385498047 979.1099243164062 137.66763305664062 901.616455078125
952.1369018554688 563.7665405273438 996.2540893554688 607.4939575195312
906.568359375 803.2816772460938 885.0442504882812 840.84033203125
828.3912963867188 1004.6847534179688 751.91259765625 1032.52001953125
654.7633056640625 756.1765747070312 654.460205078125 763.3736572265625
1019.607666015625 546.90771484375 1069.314697265625 598.2611083984375
582.281005859375 639.9122924804688 621.4226684570312 646.0419311523438
1041.986572265625 936.2630004882812 989.0527954101562 996.2227172851562
999.9346923828125 735.6363525390625 999.6842041015625 785.4530639648438
653.2196655273438 876.3847045898438 620.5923461914062 878.951904296875
952.1369018554688 563.7665405273438 996.2540893554688 607.4939575195312
436.1673583984375 671.6144409179688 485.659912109375 661.2053833007812
603.8397216796875 661.75537109375 634.8095092773438 668.292236328125
228.1668701171875 830.5316162109375 271.3130187988281 782.0798950195312
834.2200317382812 824.669921875 808.0283813476562 850.9884033203125
1140.732421875 690.53662109375 1164.2022705078125 758.1863403320312
289.5263977050781 732.6986694335938 347.31036376953125 702.5140991210938
1104.8341064453125 593.7889404296875 1148.52685546875 654.07470703125
959.94970703125 556.822509765625 1004.9269409179688 603.8544311523438
1190.2586669921875 792.8228149414062 1193.0526123046875 872.8485717773438
989.4471435546875 626.4578247070312 1016.658447265625 674.3911743164062
465.8054504394531 769.5067138671875 482.6944580078125 753.8655395507812
947.0057373046875 762.9176635742188 937.5181274414062 807.3477783203125
635.9951782226562 659.3489990234375 663.8960571289062 669.82275390625
945.8878784179688 544.2512817382812 993.5225219726562 588.2960205078125
272.1888732910156 711.5355834960938 340.94305419921875 680.582763671875
1006.3508911132812 725.924560546875 1008.6415405273438 776.2581787109375
473.8905944824219 667.2776489257812 519.5599975585938 660.7537841796875
1231.405517578125 916.758056640625 1209.5107421875 1013.93115234375
213.7953643798828 829.1968383789062 260.36578369140625 778.6287841796875
629.3089599609375 672.5740966796875 654.718505859375 681.0010986328125
1118.9766845703125 710.0431518554688 1135.1903076171875 775.2472534179688
621.2991333007812 597.1823120117188 668.1233520507812 610.0445556640625
395.2629089355469 815.8679809570312 411.9559020996094 789.0452270507812
256.2889709472656 841.2909545898438 291.1876220703125 794.2691650390625
849.8203735351562 813.0131225585938 825.1533813476562 842.5047607421875
387.8309020996094 791.5397338867188 412.5977478027344 764.7911376953125
1236.2371826171875 936.059326171875 1208.6094970703125 1036.2169189453125
1140.732421875 690.53662109375 1164.2022705078125 758.1863403320312
631.0936889648438 573.2686767578125 682.7249755859375 589.4767456054688
287.65350341796875 831.0869140625 318.2508544921875 789.4814453125
578.1102905273438 874.0786743164062 553.0859985351562 865.0747680664062
907.2595825195312 866.335693359375 870.5755004882812 904.2030029296875
118.52056884765625 997.7215576171875 136.3739471435547 918.3469848632812
466.7431640625 698.041259765625 504.1300354003906 688.8252563476562
132.87986755371094 967.0238647460938 155.9464569091797 893.1375122070312
1090.0008544921875 757.3052978515625 1090.193115234375 819.8536987304688
983.8838500976562 720.4147338867188 986.2803344726562 768.1200561523438
972.9159545898438 564.4591674804688 1016.6921997070312 610.933837890625
1213.686279296875 810.060302734375 1215.5498046875 895.409423828125
626.18115234375 664.9896240234375 653.8375854492188 673.7146606445312
226.0362548828125 811.8853149414062 275.0386047363281 765.1543579101562
640.5762939453125 1016.7891235351562 569.4702758789062 1012.9735717773438
1079.888916015625 549.9305419921875 1132.95068359375 607.7072143554688
409.9056091308594 718.3069458007812 451.6009216308594 700.7506103515625
1060.1903076171875 613.236572265625 1095.0430908203125 667.6451416015625
151.1793670654297 964.5558471679688 170.83547973632812 893.7369995117188
1174.4176025390625 806.1782836914062 1171.635986328125 884.8261108398438
1092.379638671875 943.5816040039062 1043.7967529296875 1016.8939208984375
1043.04736328125 656.119384765625 1069.1578369140625 713.7166137695312
965.0173950195312 921.5921630859375 914.5286254882812 972.6736450195312
759.3530883789062 807.741943359375 739.4563598632812 825.9577026367188
855.9146118164062 969.7857055664062 788.62060546875 1002.6541137695312
1271.1103515625 936.6653442382812 1249.59130859375 1043.5235595703125
1147.59521484375 696.754150390625 1170.0560302734375 765.2449340820312
272.1888732910156 711.5355834960938 340.94305419921875 680.582763671875
1071.4600830078125 596.9508666992188 1112.0150146484375 653.3111572265625
840.1732177734375 962.47509765625 774.4468994140625 993.341796875
955.2252807617188 544.5859985351562 1002.9453125 590.099609375
986.9051513671875 733.7996826171875 986.2614135742188 781.9373779296875
382.30242919921875 951.2119140625 361.9663391113281 911.2470092773438
983.8838500976562 720.4147338867188 986.2803344726562 768.1200561523438
1012.7820434570312 708.2178955078125 1019.6492309570312 759.4913940429688
209.78280639648438 817.5999755859375 261.0095520019531 768.918701171875
1032.024169921875 539.3307495117188 1084.221923828125 592.218505859375
573.1392822265625 760.6954956054688 579.526611328125 758.262451171875
886.7459106445312 996.377685546875 812.7371826171875 1036.49560546875
1125.7908935546875 718.0725708007812 1140.156494140625 784.3117065429688
1148.30859375 681.82275390625 1175.0384521484375 750.1708984375
438.29638671875 811.48388671875 448.2391052246094 789.083984375
1042.41015625 556.7692260742188 1090.219482421875 610.419189453125
998.5948486328125 701.9757690429688 1005.49853515625 751.3193969726562
1097.7760009765625 958.1608276367188 1046.0567626953125 1033.324462890625
593.1901245117188 573.8101806640625 649.6531372070312 586.2135620117188
1197.346923828125 823.7442626953125 1194.232177734375 906.9566040039062
1044.76513671875 532.6464233398438 1100.6378173828125 586.4044189453125
965.0173950195312 921.5921630859375 914.5286254882812 972.6736450195312
747.4261474609375 887.7756958007812 705.0220947265625 902.9371337890625
526.3284912109375 908.84814453125 497.02532958984375 891.1498413085938
902.3672485351562 791.2197265625 884.2159423828125 828.6180419921875
711.0137939453125 753.3563232421875 707.8504638671875 766.46728515625
458.6515197753906 686.3851318359375 500.3125915527344 677.7958374023438
1012.7820434570312 708.2178955078125 1019.6492309570312 759.4913940429688
360.7156677246094 968.822021484375 338.93499755859375 924.5596923828125
1017.3724365234375 590.5772094726562 1054.749267578125 641.0680541992188
211.46395874023438 845.179931640625 254.0326385498047 792.7666625976562
408.2968444824219 929.2728881835938 389.18255615234375 894.1372680664062
728.1396484375 846.7706909179688 696.6218872070312 860.2808227539062
1102.3843994140625 622.9658203125 1138.377197265625 683.2093505859375
144.66441345214844 989.2603149414062 158.6673126220703 913.308837890625
711.0137939453125 753.3563232421875 707.8504638671875 766.46728515625
264.285888671875 729.5650634765625 326.5574645996094 696.7982788085938
623.1243286132812 568.0786743164062 677.2355346679688 583.4852905273438
998.5948486328125 701.9757690429688 1005.49853515625 751.3193969726562
1231.405517578125 916.758056640625 1209.5107421875 1013.93115234375
154.51524353027344 978.330078125 170.26158142089844 904.6654052734375
1092.379638671875 943.5816040039062 1043.7967529296875 1016.8939208984375
557.8458251953125 759.9235229492188 567.060302734375 754.2125854492188
1021.0892944335938 707.670166015625 1028.913818359375 758.900146484375
814.4854736328125 820.7705688476562 785.2051391601562 845.4300537109375
1070.473876953125 963.09814453125 1014.7950439453125 1033.6282958984375
924.7322998046875 554.9715576171875 968.945556640625 597.7249145507812
844.0321655273438 986.9745483398438 772.5181884765625 1018.02099609375
