1120.6790771484375 912.3656005859375 1072.7327880859375 1015.7576293945312
1045.59765625 859.1276245117188 1060.6085205078125 914.1840209960938
864.4169311523438 1042.6065673828125 759.7664184570312 910.4441528320312
796.8472290039062 845.8524169921875 883.49853515625 749.743896484375
1097.7760009765625 958.1608276367188 1000.406982421875 1027.37451171875
1076.5743408203125 833.0089111328125 1118.134521484375 917.7951049804688
1079.5794677734375 947.1704711914062 995.22216796875 1003.8268432617188
1066.9237060546875 948.4703369140625 983.59228515625 994.0538940429688
551.46435546875 927.1469116210938 705.9642944335938 695.1488647460938
1055.964599609375 848.3453979492188 1079.84619140625 912.3715209960938
723.7092895507812 1045.4295654296875 692.0104370117188 832.8704833984375
1044.1939697265625 817.03759765625 1103.78857421875 880.9901733398438
1092.379638671875 943.5816040039062 1010.7381591796875 1011.8697509765625
1162.6705322265625 808.853271484375 1248.5040283203125 974.966796875
184.64422607421875 998.6204833984375 555.44873046875 618.2328491210938
1193.3111572265625 778.7703857421875 1334.022216796875 978.9381103515625
1066.877685546875 993.11572265625 936.24267578125 1025.0211181640625
1032.468017578125 818.5894165039062 1090.509033203125 873.7686767578125
1062.6414794921875 818.2689819335938 1121.730224609375 899.0025634765625
886.7459106445312 996.377685546875 809.8668212890625 895.3622436523438
526.3284912109375 908.84814453125 707.6004638671875 677.0161743164062
1038.2978515625 828.8757934570312 1083.7249755859375 884.6383056640625
1111.0406494140625 997.9675903320312 968.7822265625 1066.1953125
830.9996337890625 991.0510864257812 783.0018920898438 858.7498168945312
1002.2991943359375 712.682861328125 1176.85693359375 772.8190307617188
1067.3167724609375 846.9452514648438 1095.2255859375 921.1724243164062
769.061279296875 858.8222045898438 854.0948486328125 747.06591796875
1075.6485595703125 936.6276245117188 1001.6774291992188 991.5103149414062
1038.2978515625 828.8757934570312 1083.7249755859375 884.6383056640625
1033.2435302734375 719.3779296875 1202.01416015625 798.134033203125
874.2403564453125 795.298583984375 975.4362182617188 756.4500122070312
1083.9974365234375 960.0448608398438 986.7469482421875 1016.0252075195312
746.81884765625 825.2157592773438 867.9276733398438 714.4105834960938
1006.3508911132812 725.924560546875 1165.873046875 786.44921875
844.0321655273438 986.9745483398438 794.6367797851562 863.8153686523438
