662.5076904296875 903.409912109375 851.5533447265625 718.3935546875
558.3209228515625 212.7975616455078 1049.212890625 196.6359405517578
732.8883056640625 900.0509643554688 901.8492431640625 736.2139892578125
569.0994873046875 1026.2952880859375 749.9307250976562 770.8169555664062
581.4125366210938 853.8321533203125 815.9948120117188 664.016845703125
764.5040283203125 868.3372802734375 937.6707153320312 724.044921875
804.7514038085938 1044.399658203125 899.298095703125 858.3761596679688
262.40960693359375 808.8673706054688 649.9122924804688 568.2853393554688
701.182861328125 852.1401977539062 897.3638916015625 694.2111206054688
611.43212890625 681.9805908203125 898.7767333984375 554.5259399414062
479.110107421875 917.7884521484375 730.982177734375 681.7805786132812
688.8935546875 894.228759765625 872.7601928710938 719.3988037109375
647.4472045898438 1009.8397216796875 803.9201049804688 783.9174194335938
718.6341552734375 892.21337890625 894.500732421875 726.2948608398438
287.6527404785156 944.8760986328125 621.6087036132812 654.51318359375
678.8555297851562 892.3468017578125 867.138671875 714.6242065429688
342.728515625 931.25 654.0028686523438 656.5933837890625
593.260009765625 785.0394287109375 848.0995483398438 621.128662109375
688.8935546875 894.228759765625 872.7601928710938 719.3988037109375
342.728515625 931.25 654.0028686523438 656.5933837890625
502.09075927734375 914.47607421875 746.6082153320312 683.6388549804688
558.8999633789062 1001.569091796875 752.7305297851562 752.8483276367188
373.12249755859375 1024.1903076171875 642.3775024414062 718.6505126953125
832.6238403320312 1044.2191162109375 919.7919921875 868.5638427734375
647.2867431640625 914.5867919921875 837.5726928710938 721.9940185546875
818.3070068359375 882.6304931640625 974.214111328125 749.6763916015625
986.6148681640625 590.025390625 1270.271484375 571.8270874023438
338.2731018066406 756.2315673828125 704.3297729492188 549.4046630859375
744.260498046875 1019.58544921875 865.65771484375 820.8491821289062
585.9691772460938 742.9689331054688 858.6043090820312 590.990966796875
539.0341796875 871.0654907226562 783.2169799804688 665.3190307617188
774.4468994140625 993.341796875 896.8236083984375 812.9116821289062
471.5919189453125 759.8717651367188 779.43994140625 577.6090087890625
827.4267578125 1060.6614990234375 910.4805297851562 877.6822509765625
297.2599792480469 708.6495971679688 698.048095703125 514.3790283203125
982.3125 843.7616577148438 1133.1944580078125 776.6799926757812
565.99169921875 793.2748413085938 827.9269409179688 621.1257934570312
665.7827758789062 997.8206787109375 819.5662841796875 780.8582153320312
352.9526062011719 933.62939453125 658.1776123046875 660.91552734375
387.36907958984375 801.4995727539062 718.3152465820312 588.5068969726562
787.8154907226562 1018.1621704101562 896.7034301757812 834.4986572265625
384.0542907714844 931.908447265625 675.0066528320312 666.7232666015625
529.4911499023438 895.3604736328125 768.7654418945312 677.8755493164062
479.110107421875 917.7884521484375 730.982177734375 681.7805786132812
620.3652954101562 741.9008178710938 882.317138671875 598.0143432617188
683.8627319335938 868.7163696289062 879.1937866210938 700.783447265625
498.8948974609375 699.6959838867188 818.400390625 544.2612915039062
384.0542907714844 931.908447265625 675.0066528320312 666.7232666015625
992.8977661132812 743.123779296875 1194.279052734375 701.2478637695312
529.4911499023438 895.3604736328125 768.7654418945312 677.8755493164062
306.9754333496094 933.7963256835938 633.7251586914062 651.765380859375
572.5744018554688 919.3758544921875 785.972900390625 705.4161987304688
496.46148681640625 690.3980102539062 819.4153442382812 537.4599609375
475.44281005859375 778.3585815429688 775.98193359375 590.319580078125
387.36907958984375 801.4995727539062 718.3152465820312 588.5068969726562
689.1631469726562 858.0880737304688 886.6223754882812 694.9884033203125
596.0132446289062 845.9169311523438 828.1608276367188 661.8826293945312
563.18798828125 856.1447143554688 803.3804321289062 661.6751098632812
668.7866821289062 853.4793090820312 875.4907836914062 685.475341796875
816.2623291015625 1005.0230102539062 923.1148681640625 835.6826171875
986.6148681640625 590.025390625 1270.271484375 571.8270874023438
227.4135284423828 805.9580078125 632.2457275390625 561.0394287109375
136.3739471435547 918.3469848632812 558.7426147460938 608.3778076171875
1024.27978515625 875.65185546875 1160.81005859375 817.9931640625
1008.039794921875 761.7658081054688 1200.8883056640625 721.2171630859375
705.0220947265625 902.9371337890625 881.35693359375 729.8286743164062
497.02532958984375 891.1498413085938 751.4937744140625 667.7673950195312
553.0859985351562 865.0747680664062 794.8865966796875 663.7496337890625
667.3026123046875 884.0039672851562 862.4892578125 706.00390625
422.5802307128906 1031.7762451171875 665.0574951171875 735.9970092773438
667.3026123046875 884.0039672851562 862.4892578125 706.00390625
250.4379119873047 874.9000854492188 624.4283447265625 604.0424194335938
563.18798828125 856.1447143554688 803.3804321289062 661.6751098632812
210.0933837890625 813.8314208984375 622.2726440429688 562.715087890625
567.8035278320312 847.4169921875 809.5968627929688 655.9026489257812
561.6088256835938 909.8184814453125 783.4141235351562 696.19677734375
687.4644775390625 848.0526733398438 889.3165283203125 687.6632080078125
732.8883056640625 900.0509643554688 901.8492431640625 736.2139892578125
411.9559020996094 789.0452270507812 736.381103515625 585.9292602539062
155.8477020263672 823.1458129882812 591.2591552734375 560.2297973632812
1174.3232421875 998.548828125 1252.4862060546875 980.7557373046875
987.7010498046875 896.5944213867188 1114.1556396484375 818.88720703125
987.7010498046875 896.5944213867188 1114.1556396484375 818.88720703125
389.18255615234375 894.1372680664062 689.4779663085938 645.0652465820312
318.2508544921875 789.4814453125 683.9806518554688 566.4556274414062
281.9457092285156 786.0670166015625 667.076904296875 558.1351928710938
227.4135284423828 805.9580078125 632.2457275390625 561.0394287109375
329.09344482421875 939.7993774414062 643.9078369140625 660.1517333984375
412.0936279296875 803.1244506835938 731.2603149414062 593.6577758789062
1024.27978515625 875.65185546875 1160.81005859375 817.9931640625
1005.49853515625 751.3193969726562 1202.9453125 711.95263671875
512.0145263671875 698.6943359375 826.0772094726562 545.963623046875
816.5888061523438 905.9443359375 962.9451293945312 766.4075927734375
391.6106262207031 1012.1697998046875 654.8192749023438 715.1432495117188
1005.7364501953125 670.8553466796875 1247.8035888671875 646.1793212890625
359.53717041015625 780.376953125 708.818359375 569.3731079101562
871.9725952148438 839.1702270507812 1036.298828125 736.232421875
580.3407592773438 880.2786254882812 805.1162719726562 682.084716796875
965.4429321289062 590.1795043945312 1246.4007568359375 566.1975708007812
804.7514038085938 1044.399658203125 899.298095703125 858.3761596679688
368.9094543457031 898.4891357421875 677.6498413085938 642.7391967773438
412.5977478027344 764.7911376953125 744.257080078125 569.7440185546875
291.1876220703125 794.2691650390625 668.4397583007812 564.8701171875
505.4646911621094 851.742919921875 770.0731201171875 644.59716796875
496.46148681640625 690.3980102539062 819.4153442382812 537.4599609375
579.26953125 785.6163940429688 838.5094604492188 618.5054931640625
322.0987243652344 694.3193359375 716.0838623046875 509.0367431640625
1016.39208984375 919.789794921875 1131.419189453125 848.4637451171875
344.8931884765625 826.6801147460938 687.9219970703125 596.8753662109375
448.46075439453125 690.8577270507812 790.4547729492188 528.934326171875
359.53717041015625 780.376953125 708.818359375 569.3731079101562
815.63623046875 1064.935302734375 899.4370727539062 876.1278686523438
426.98828125 788.6495971679688 745.0560913085938 587.349609375
1160.8779296875 988.968994140625 1243.2930908203125 966.4913940429688
1043.009033203125 910.2644653320312 1162.080078125 852.1287231445312
235.00640869140625 784.010986328125 643.0263671875 549.6563720703125
399.1177062988281 668.1951904296875 768.0682373046875 504.686279296875
338.2731018066406 756.2315673828125 704.3297729492188 549.4046630859375
1009.84375 792.2889404296875 1188.33349609375 747.1011962890625
497.02532958984375 891.1498413085938 751.4937744140625 667.7673950195312
319.62957763671875 899.6820678710938 651.195556640625 633.9544067382812
509.672607421875 664.668212890625 837.8786010742188 522.347412109375
1019.5911865234375 678.6680908203125 1257.8427734375 656.8285522460938
1005.49853515625 751.3193969726562 1202.9453125 711.95263671875
1002.9453125 590.099609375 1287.1319580078125 576.0078735351562
838.2600708007812 867.3527221679688 996.2500610351562 745.6663208007812
462.0624694824219 685.9324951171875 799.9718017578125 528.1572875976562
363.2483825683594 1012.0721435546875 642.29541015625 709.1708374023438
315.7666015625 685.8433227539062 715.4373168945312 503.4183044433594
983.607421875 854.5693359375 1130.3275146484375 785.8434448242188
392.7239990234375 941.9228515625 675.1204223632812 675.174072265625
485.659912109375 661.2053833007812 822.6121215820312 515.6469116210938
816.2623291015625 1005.0230102539062 923.1148681640625 835.6826171875
299.9458312988281 851.5641479492188 655.1337280273438 600.2713623046875
799.7705078125 1020.732666015625 904.23828125 840.3084106445312
622.7009887695312 757.1712646484375 878.007568359375 609.3945922851562
1024.1865234375 847.3524780273438 1171.70361328125 794.7051391601562
1035.1812744140625 872.8934326171875 1171.411376953125 820.0892944335938
1019.6492309570312 759.4913940429688 1214.520263671875 723.5443725585938
352.24810791015625 681.8524169921875 737.32666015625 506.1316223144531
682.7393798828125 908.6078491210938 863.7908325195312 727.9638671875
187.388427734375 884.3867797851562 592.4454956054688 597.7899780273438
997.1729736328125 767.8240356445312 1186.8807373046875 722.7642211914062
672.6849365234375 870.4638671875 870.09375 698.8796997070312
428.36138916015625 776.588623046875 749.3661499023438 579.3729858398438
137.66763305664062 901.616455078125 563.44580078125 600.1260375976562
1033.96533203125 790.9231567382812 1213.890869140625 754.4121704101562
1003.28173828125 661.101318359375 1249.8980712890625 636.8828125
399.1177062988281 668.1951904296875 768.0682373046875 504.686279296875
996.450439453125 846.3353881835938 1146.12158203125 784.66748046875
335.0592346191406 675.0286254882812 729.6832885742188 498.9279479980469
1014.9312744140625 886.9688110351562 1144.135986328125 822.5178833007812
354.19659423828125 667.7349243164062 741.2020263671875 497.1235046386719
461.47222900390625 790.396240234375 764.517822265625 595.3204956054688
1021.0431518554688 785.2889404296875 1201.8787841796875 744.8004760742188
1027.2418212890625 670.3945922851562 1270.6055908203125 652.1890258789062
1047.959716796875 852.76904296875 1198.300537109375 810.831298828125
773.899169921875 1004.4669189453125 891.3785400390625 821.0466918945312
338.93499755859375 924.5596923828125 653.61328125 652.4424438476562
155.9464569091797 893.1375122070312 573.5548095703125 598.3235473632812
517.4783325195312 904.2884521484375 758.6658325195312 681.0010375976562
1160.8779296875 988.968994140625 1243.2930908203125 966.4913940429688
398.2189025878906 770.4916381835938 734.232666015625 571.1237182617188
999.0213623046875 619.7227172851562 1267.2801513671875 600.5061645507812
1014.8294677734375 1017.4611206054688 1083.6041259765625 921.4090576171875
480.0133361816406 692.9599609375 809.189453125 536.1185302734375
585.9291381835938 1013.1390380859375 763.0570678710938 768.9934692382812
250.05062866210938 765.433837890625 655.9246215820312 541.1488647460938
672.6849365234375 870.4638671875 870.09375 698.8796997070312
375.0361022949219 744.9105224609375 730.3697509765625 547.2616577148438
999.6842041015625 785.4530639648438 1180.791259765625 737.7023315429688
292.1367492675781 754.1160278320312 680.9810180664062 540.0733642578125
987.8618774414062 614.827880859375 1257.6419677734375 593.051513671875
426.2788391113281 1052.0526123046875 660.5406494140625 748.9176635742188
139.9925537109375 931.5454711914062 556.103271484375 615.8505859375
265.9898376464844 771.532958984375 662.4157104492188 546.7806396484375
558.9967651367188 772.6909790039062 830.5824584960938 606.9996948242188
906.076416015625 889.7662963867188 1042.56591796875 783.8663330078125
344.99517822265625 920.9929809570312 657.6943969726562 651.598388671875
173.44110107421875 927.850830078125 572.1182250976562 620.8156127929688
116.7067642211914 926.2119140625 547.1016845703125 609.8689575195312
158.6673126220703 913.308837890625 570.012939453125 609.7055053710938
136.3739471435547 918.3469848632812 558.7426147460938 608.3778076171875
1019.6492309570312 759.4913940429688 1214.520263671875 723.5443725585938
338.93499755859375 924.5596923828125 653.61328125 652.4424438476562
585.3888549804688 772.2003784179688 847.8405151367188 610.7926635742188
364.69622802734375 695.1029663085938 739.3297729492188 516.807861328125
520.016845703125 686.5471801757812 836.1022338867188 539.1306762695312
812.7371826171875 1036.49560546875 908.532958984375 856.0147094726562
500.3125915527344 677.7958374023438 826.0416870117188 529.9857177734375
1174.302001953125 789.6774291992188 1374.67626953125 808.2447509765625
996.2540893554688 607.4939575195312 1271.991455078125 588.2612915039062
857.3497924804688 853.6304931640625 1018.158447265625 741.341552734375
546.1126708984375 750.0430297851562 830.2752685546875 587.6630249023438
361.9663391113281 911.2470092773438 669.59814453125 649.4476928710938
303.8013916015625 759.6461791992188 685.9161987304688 546.0801391601562
503.2828063964844 670.2464599609375 831.91015625 524.0537719726562
406.925048828125 1030.465576171875 657.1226806640625 731.9456787109375
271.3130187988281 782.0798950195312 662.1175537109375 553.3798217773438
1039.7471923828125 773.8560180664062 1229.2247314453125 745.0818481445312
758.250244140625 1004.3246459960938 880.5826416015625 815.3726196289062
486.9424133300781 681.5283203125 816.0001831054688 530.1908569335938
259.792724609375 305.9969787597656 807.095703125 248.53768920898438
505.4646911621094 851.742919921875 770.0731201171875 644.59716796875
1014.9312744140625 886.9688110351562 1144.135986328125 822.5178833007812
845.89111328125 840.5616455078125 1012.76318359375 728.3829956054688
986.2803344726562 768.1200561523438 1175.558837890625 718.9322509765625
201.9468231201172 891.7265625 596.156005859375 605.506103515625
313.8311462402344 923.62548828125 642.1063232421875 646.0126953125
440.7276306152344 781.3473510742188 754.9381103515625 585.67822265625
614.677978515625 765.4788208007812 870.3505859375 612.7005004882812
351.6767272949219 884.5880737304688 672.229248046875 631.9623413085938
481.30401611328125 672.1222534179688 816.752685546875 522.4324951171875
1028.8199462890625 1018.3485107421875 1095.340576171875 927.6322021484375
1157.8988037109375 885.64208984375 1297.54345703125 882.4992065429688
987.8618774414062 614.827880859375 1257.6419677734375 593.051513671875
630.8271484375 1036.4320068359375 784.0220947265625 796.0545043945312
519.5599975585938 660.7537841796875 844.6378173828125 521.2804565429688
721.3018188476562 841.1112670898438 915.9004516601562 692.3704833984375
1041.5828857421875 897.6506958007812 1166.0428466796875 841.5790405273438
459.129638671875 765.7498168945312 770.72021484375 579.364013671875
567.060302734375 754.2125854492188 842.3466796875 594.1005249023438
461.47222900390625 790.396240234375 764.517822265625 595.3204956054688
986.2803344726562 768.1200561523438 1175.558837890625 718.9322509765625
819.52001953125 1016.6245727539062 921.312255859375 844.5140380859375
1025.856201171875 742.518310546875 1228.476806640625 711.6734008789062
426.2788391113281 1052.0526123046875 660.5406494140625 748.9176635742188
1092.9913330078125 597.8519897460938 1390.3929443359375 608.764404296875
1028.8199462890625 1018.3485107421875 1095.340576171875 927.6322021484375
996.3543090820312 862.6709594726562 1138.8460693359375 797.052001953125
641.2200927734375 676.433349609375 922.4669799804688 556.985595703125
465.5398254394531 700.1128540039062 796.7876586914062 537.9435424804688
342.04254150390625 695.8782958984375 726.0733642578125 513.1796875
630.8271484375 1036.4320068359375 784.0220947265625 796.0545043945312
870.5755004882812 904.2030029296875 1008.0930786132812 783.2090454101562
976.6359252929688 688.2135620117188 1206.4366455078125 651.1754150390625
1017.2118530273438 767.7047119140625 1206.94970703125 729.33984375
1017.2118530273438 767.7047119140625 1206.94970703125 729.33984375
1140.156494140625 784.3117065429688 1336.457275390625 790.009033203125
740.11474609375 855.8521118164062 924.5369873046875 707.7924194335938
772.5181884765625 1018.02099609375 886.7276000976562 829.1094360351562
999.2208251953125 887.2086181640625 1129.4803466796875 816.73046875
983.4138793945312 759.3333740234375 1176.53564453125 710.9666748046875
550.4376220703125 738.4808959960938 837.8780517578125 580.0521850585938
210.30943298339844 894.30419921875 599.611083984375 608.6995239257812
978.3161010742188 613.03662109375 1248.3670654296875 589.4982299804688
608.211669921875 944.814453125 800.6026611328125 731.354248046875
995.3914794921875 776.6259765625 1180.1180419921875 729.2289428710938
1161.7156982421875 783.7301635742188 1361.486328125 796.6506958007812
1041.5828857421875 897.6506958007812 1166.0428466796875 841.5790405273438
715.5911254882812 857.0177001953125 906.3804321289062 701.7438354492188
968.945556640625 597.7249145507812 1246.070556640625 573.7744750976562
989.9423217773438 685.769775390625 1221.9327392578125 653.2872924804688
984.4098510742188 690.01708984375 1213.5789794921875 655.0611572265625
351.6767272949219 884.5880737304688 672.229248046875 631.9623413085938
537.281494140625 901.7047119140625 772.2246704101562 684.6712036132812
507.8057861328125 901.4081420898438 753.6146850585938 676.4901733398438
1100.6378173828125 586.4044189453125 1404.3487548828125 600.5833740234375
857.626708984375 839.7806396484375 1024.6119384765625 731.9285278320312
1056.0517578125 989.8840942382812 1133.6143798828125 918.9806518554688
1166.0484619140625 872.4890747070312 1314.306640625 874.9937133789062
1148.24609375 737.15576171875 1372.1151123046875 752.4855346679688
147.14085388183594 942.57080078125 556.3492431640625 624.1514282226562
994.188232421875 670.8194580078125 1233.4990234375 642.1535034179688
993.5225219726562 588.2960205078125 1277.908935546875 572.5220336914062
1164.2022705078125 758.1863403320312 1379.1260986328125 776.4369506835938
1038.8360595703125 746.560302734375 1241.3720703125 719.8612670898438
1138.9244384765625 892.6183471679688 1271.61572265625 877.4712524414062
885.0442504882812 840.84033203125 1046.8902587890625 741.3677978515625
1027.5123291015625 1006.5852661132812 1099.2032470703125 919.2354736328125
361.9663391113281 911.2470092773438 669.59814453125 649.4476928710938
537.281494140625 901.7047119140625 772.2246704101562 684.6712036132812
1215.5498046875 895.409423828125 1361.2828369140625 917.4234619140625
724.3816528320312 865.5796508789062 908.6671752929688 710.5634765625
235.46035766601562 297.67095947265625 793.9198608398438 241.51165771484375
435.7707214355469 957.4216918945312 694.186767578125 695.134765625
897.8250732421875 859.5977172851562 1049.7489013671875 759.4434204101562
1014.7950439453125 1033.6282958984375 1075.3717041015625 932.7401123046875
1042.4185791015625 1001.5088500976562 1117.2845458984375 921.8148193359375
1175.0384521484375 750.1708984375 1399.7110595703125 774.536376953125
977.52978515625 677.527099609375 1213.34912109375 642.7389526367188
1139.742431640625 676.84326171875 1399.705810546875 695.6458129882812
197.042724609375 941.1399536132812 578.7516479492188 632.8959350585938
1069.1578369140625 713.7166137695312 1294.8228759765625 703.4154663085938
448.2391052246094 789.083984375 755.8928833007812 592.4278564453125
1095.0430908203125 667.6451416015625 1350.1175537109375 671.4678344726562
326.5574645996094 696.7982788085938 717.6293334960938 511.5995178222656
224.9047393798828 888.5801391601562 608.610107421875 606.20556640625
986.2614135742188 781.9373779296875 1168.5445556640625 729.8943481445312
1045.7137451171875 880.329345703125 1180.3092041015625 832.1986694335938
1016.658447265625 674.3911743164062 1256.20703125 652.2174072265625
399.08837890625 783.0050048828125 731.2849731445312 578.3580932617188
1090.193115234375 819.8536987304688 1255.8814697265625 799.8975830078125
1016.658447265625 674.3911743164062 1256.20703125 652.2174072265625
1004.9269409179688 603.8544311523438 1282.8408203125 588.0045166015625
1135.1903076171875 775.2472534179688 1333.6097412109375 779.60302734375
504.1300354003906 688.8252563476562 825.1139526367188 538.0402221679688
884.263916015625 893.1320190429688 1023.4854736328125 779.6618041992188
1008.6415405273438 776.2581787109375 1194.192626953125 733.6956787109375
883.2937622070312 858.4909057617188 1038.1357421875 754.560546875
369.30108642578125 872.7484741210938 687.1231079101562 627.6817626953125
787.8154907226562 1018.1621704101562 896.7034301757812 834.4986572265625
484.3136291503906 704.1383666992188 806.299560546875 544.1467895507812
369.0389404296875 661.8077392578125 749.6943359375 495.8141784667969
741.6016235351562 845.6973876953125 929.629638671875 701.151123046875
880.6709594726562 813.74853515625 1053.0496826171875 718.494384765625
435.7707214355469 957.4216918945312 694.186767578125 695.134765625
705.0038452148438 889.9679565429688 886.1588745117188 721.1699829101562
1057.5450439453125 1003.0546264648438 1129.4720458984375 927.7999877929688
896.8526611328125 763.8502807617188 1091.159423828125 686.75146484375
1154.9063720703125 872.7051391601562 1301.6739501953125 868.7862548828125
896.4796142578125 817.92333984375 1065.72021484375 727.880615234375
1008.6415405273438 776.2581787109375 1194.192626953125 733.6956787109375
825.1533813476562 842.5047607421875 996.1802368164062 723.6346435546875
1014.44482421875 601.281494140625 1295.8431396484375 588.571533203125
1208.6094970703125 1036.2169189453125 1273.643798828125 1029.870849609375
996.2540893554688 607.4939575195312 1271.991455078125 588.2612915039062
1123.8414306640625 610.5663452148438 1420.442626953125 630.4034423828125
1137.4256591796875 743.688720703125 1356.3775634765625 755.61083984375
825.1533813476562 842.5047607421875 996.1802368164062 723.6346435546875
1164.1529541015625 774.0018310546875 1367.96044921875 788.4458618164062
1124.186279296875 667.7094116210938 1385.6839599609375 682.5380249023438
1013.4017944335938 600.06396484375 1295.01611328125 588.0015258789062
999.2205200195312 875.7050170898438 1135.724609375 808.2609252929688
1028.3543701171875 750.8263549804688 1228.1885986328125 719.6692504882812
1001.4374389648438 1045.5726318359375 1059.5748291015625 938.2343139648438
382.20404052734375 906.73876953125 681.84814453125 651.1460571289062
1059.5772705078125 1017.26611328125 1125.492431640625 940.5536499023438
1028.913818359375 758.900146484375 1224.8992919921875 726.9843139648438
691.6716918945312 889.7974853515625 878.5117797851562 718.7147216796875
691.6716918945312 889.7974853515625 878.5117797851562 718.7147216796875
627.41943359375 663.7046508789062 918.4525756835938 544.5532836914062
783.4143676757812 926.8728637695312 930.6532592773438 774.5978393554688
1103.341064453125 664.410400390625 1362.3089599609375 672.6605834960938
1147.607666015625 776.814208984375 1348.931884765625 788.025634765625
407.8427429199219 1052.2216796875 651.0922241210938 744.1860961914062
