37.735923767089844
55.43464660644531
57.384666442871094
59.05082702636719
60.85227966308594
60.975406646728516
61.95966339111328
62.593929290771484
63.0
64.015625
64.97692108154297
67.03730010986328
69.01448822021484
69.36858367919922
69.62039947509766
70.20684051513672
70.31358337402344
70.91544342041016
71.40028381347656
71.4632797241211
73.26663970947266
73.87151336669922
74.11477661132812
74.75961303710938
74.83982849121094
75.4917221069336
76.50489807128906
76.62245178222656
76.79192352294922
77.42092895507812
77.94869995117188
78.74008178710938
78.77816772460938
79.13279724121094
79.48584747314453
79.93122100830078
80.02499389648438
80.56053924560547
80.78366088867188
80.88880920410156
81.32649993896484
81.73126983642578
81.8718490600586
82.08531951904297
82.09141540527344
82.1279525756836
82.51060485839844
82.62566375732422
82.75868225097656
82.84322357177734
83.3306655883789
83.37865447998047
83.46855926513672
83.6779556274414
84.7643814086914
85.13518524169922
86.13941955566406
86.7063980102539
86.8158950805664
87.14929962158203
87.19518280029297
87.22958374023438
87.3670425415039
87.46427917480469
87.73255157470703
88.0965347290039
88.15895080566406
88.7918930053711
88.79752349853516
88.93255615234375
88.93817901611328
89.1235122680664
89.54886627197266
89.72179412841797
89.96665954589844
90.17205810546875
90.34378814697266
90.60353088378906
90.71934509277344
90.71934509277344
90.73587799072266
90.79647827148438
91.54779815673828
92.03803253173828
92.07062530517578
92.15204620361328
92.37423706054688
92.56889343261719
92.62828826904297
92.66606903076172
92.7469711303711
92.9031753540039
93.1557846069336
93.2040786743164
93.33809661865234
93.80298614501953
93.85094451904297
94.36100769042969
94.6731185913086
94.87360382080078
94.93682098388672
95.20503997802734
95.33625030517578
95.43060302734375
95.76533508300781
95.85926818847656
95.95310974121094
96.52460479736328
96.79875946044922
97.00515747070312
97.20082092285156
97.3909683227539
97.4114990234375
97.90301513671875
98.14275360107422
98.63062286376953
98.96463775634766
99.25220489501953
99.49874114990234
99.7847671508789
99.89494323730469
99.95498657226562
100.10993957519531
100.54849243164062
100.79682159423828
100.84146118164062
101.0940170288086
101.13851928710938
101.20771026611328
101.21759033203125
101.46920776367188
101.61200714111328
101.88228607177734
101.91663360595703
102.04410552978516
102.04901123046875
102.298583984375
102.37187194824219
102.44998931884766
102.90287017822266
103.12613677978516
103.1455307006836
103.29084777832031
103.353759765625
103.38278198242188
103.52777099609375
103.58088684082031
103.66291809082031
103.69184875488281
103.73042297363281
104.43179321289062
104.5179443359375
104.75209045410156
104.88565063476562
104.89995574951172
104.9476089477539
105.0333251953125
105.12373352050781
105.38975524902344
105.39450073242188
105.4798583984375
105.80642700195312
105.86784362792969
105.95281982421875
106.16496276855469
106.60675048828125
106.67708587646484
106.71456909179688
106.80824279785156
106.97196197509766
107.06072998046875
107.3964614868164
107.85638427734375
107.90736389160156
107.96295928955078
108.25894927978516
108.42970275878906
108.79798126220703
108.89444732666016
109.02751922607422
109.21080780029297
109.42120361328125
109.47602844238281
109.49429321289062
109.80437469482422
109.90904998779297
110.0
110.0363540649414
110.22250366210938
110.5169677734375
110.56220245361328
110.76551818847656
110.98197937011719
111.36875915527344
111.57508850097656
111.88386535644531
112.365478515625
112.71646118164062
112.72976684570312
113.02654266357422
113.12824249267578
113.87273406982422
113.89469146728516
113.92102813720703
114.04823303222656
114.17530059814453
114.63420104980469
114.68653106689453
114.90430450439453
114.93476104736328
115.03477478027344
115.09561157226562
115.23888397216797
115.62006378173828
115.64168548583984
115.83609008789062
116.21961975097656
116.6490478515625
117.20921325683594
117.2689208984375
117.3328628540039
117.55424499511719
117.79219055175781
117.8006820678711
117.98304748535156
118.01271057128906
118.19052124023438
118.20321655273438
118.2920150756836
118.30891418457031
118.72657775878906
118.7855224609375
119.26860809326172
119.34403991699219
119.87076568603516
119.87076568603516
119.99166870117188
120.04998779296875
120.22895050048828
120.26221466064453
120.3702621459961
120.77251434326172
120.9462661743164
121.11151885986328
121.19818115234375
121.20230865478516
121.56890869140625
121.9590072631836
122.06146240234375
122.1024169921875
122.15972900390625
122.59281921386719
123.18279266357422
123.38152313232422
124.23365020751953
124.30607604980469
124.51104736328125
124.52710723876953
124.93998718261719
124.95999145507812
125.0
125.00800323486328
125.11194610595703
125.30363464355469
125.55477142333984
125.56671905517578
125.59856414794922
125.69009399414062
125.8133544921875
125.93649291992188
125.95634460449219
126.11898803710938
126.20221710205078
126.28935241699219
126.38829040527344
126.8936538696289
127.00393676757812
127.36561584472656
127.41271209716797
127.6949462890625
127.98828125
128.14834594726562
128.26145935058594
128.3822479248047
128.662353515625
128.79052734375
129.02325439453125
129.4140625
129.49517822265625
130.16143798828125
130.3226776123047
130.3648681640625
130.6751708984375
130.7325439453125
130.7593231201172
130.91983032226562
131.12969970703125
131.44580078125
131.49525451660156
131.5028533935547
131.71560668945312
131.76873779296875
132.22708129882812
132.3480224609375
132.5254669189453
132.57827758789062
132.59713745117188
132.66876220703125
132.8457794189453
132.9097442626953
132.9924774169922
133.07891845703125
133.20285034179688
133.2291259765625
133.39414978027344
133.4840850830078
133.5215301513672
133.54025268554688
133.7647247314453
134.9296112060547
135.0592498779297
135.44740295410156
135.55810546875
136.29379272460938
136.41114807128906
136.47711181640625
136.64918518066406
136.97079467773438
137.11309814453125
137.3280792236328
137.5027313232422
137.542724609375
137.69894409179688
137.90576171875
138.17379760742188
138.62899780273438
138.62899780273438
138.99639892578125
139.10067749023438
139.41664123535156
139.4668426513672
139.59942626953125
139.8892364501953
140.00714111328125
140.8119354248047
141.46377563476562
141.60861206054688
141.6298065185547
141.74624633789062
141.8872833251953
141.9295654296875
142.08799743652344
142.4921112060547
142.49913024902344
142.639404296875
142.94754028320312
142.98951721191406
143.52700805664062
143.67323303222656
143.76022338867188
143.7671661376953
144.03819274902344
144.04859924316406
144.0763702392578
144.11106872558594
144.1873779296875
144.61672973632812
144.81712341308594
144.96551513671875
145.0655059814453
145.3616180419922
145.43038940429688
145.55755615234375
145.59877014160156
145.74978637695312
145.8355255126953
145.93833923339844
146.393310546875
146.58444213867188
146.94557189941406
146.99659729003906
147.03060913085938
147.48220825195312
147.53305053710938
147.58726501464844
147.6211395263672
147.77685546875
147.81407165527344
148.12832641601562
148.8253936767578
149.2615203857422
149.35528564453125
149.41552734375
149.42556762695312
149.55935668945312
149.67965698242188
149.77316284179688
149.80987548828125
150.10662841796875
150.16990661621094
150.43936157226562
150.4659423828125
150.48919677734375
151.0364227294922
151.1257781982422
151.16217041015625
151.25144958496094
151.31423950195312
151.8189697265625
151.8914031982422
152.23008728027344
152.23666381835938
152.2596435546875
152.37454223632812
152.38438415527344
153.0326690673828
153.34927368164062
154.3146209716797
154.94192504882812
154.99032592773438
155.02902221679688
155.2191925048828
155.43165588378906
155.45095825195312
155.81077575683594
155.9551239013672
156.4193115234375
156.5535125732422
156.60459899902344
156.671630859375
156.95858764648438
157.94302368164062
158.0537872314453
158.44241333007812
159.8499298095703
160.63934326171875
160.77001953125
160.91612243652344
161.13038635253906
161.64158630371094
161.7498016357422
162.05862426757812
162.1912384033203
162.58535766601562
162.806640625
162.82505798339844
162.92636108398438
162.98773193359375
163.05520629882812
163.11346435546875
163.43194580078125
163.8169708251953
163.8810577392578
164.0030517578125
164.07620239257812
164.15237426757812
164.19195556640625
164.28329467773438
165.1817169189453
165.53549194335938
165.93673706054688
166.0873260498047
166.34902954101562
167.6305389404297
167.72596740722656
167.88687133789062
168.00892639160156
168.64163208007812
169.10055541992188
169.2926483154297
169.4402618408203
170.21751403808594
170.58428955078125
171.06724548339844
171.09646606445312
171.37094116210938
171.72653198242188
172.22079467773438
172.4934844970703
172.75704956054688
172.80335998535156
173.02890014648438
173.13290405273438
173.3955078125
173.67498779296875
173.83900451660156
173.936767578125
174.1206512451172
174.2354736328125
174.6854248046875
175.02285766601562
175.43089294433594
175.59613037109375
175.7697296142578
176.61822509765625
176.67201232910156
177.0480194091797
177.8060760498047
179.2261199951172
179.47145080566406
179.5633544921875
180.14993286132812
180.47438049316406
180.54638671875
180.87564086914062
180.96408081054688
182.19769287109375
185.4939422607422
185.74444580078125
186.31961059570312
186.74581909179688
186.81005859375
187.48599243164062
187.9866943359375
188.0319061279297
188.54177856445312
188.92855834960938
189.06613159179688
190.49147033691406
190.64627075195312
191.3739776611328
191.68463134765625
192.35903930664062
192.727783203125
193.132080078125
194.85635375976562
195.47122192382812
196.06121826171875
196.91368103027344
197.59048461914062
198.19435119628906
198.7536163330078
199.86746215820312
201.9158172607422
203.63938903808594
203.71548461914062
205.56021118164062
207.59335327148438
208.1922149658203
210.26174926757812
210.5801544189453
210.64187622070312
210.6490020751953
211.04739379882812
211.72860717773438
212.57704162597656
213.18067932128906
213.26744079589844
213.29556274414062
214.20083618164062
215.6246795654297
216.81558227539062
217.85775756835938
219.44247436523438
219.6656494140625
219.89315795898438
221.30747985839844
221.9076385498047
224.43484497070312
224.6285858154297
226.40892028808594
226.97357177734375
230.19992065429688
230.75527954101562
233.59152221679688
237.03585815429688
241.51190185546875
242.50360107421875
245.76614379882812
252.95059204101562
