1485.383544921875 792.422119140625 1483.8544921875 838.4462890625
1217.806640625 347.9096374511719 1309.358154296875 342.2550048828125
188.049072265625 388.4513244628906 355.1141357421875 354.03228759765625
1483.0927734375 803.2321166992188 1477.22021484375 850.0175170898438
1255.875732421875 618.263671875 1281.6905517578125 629.9691772460938
1305.3077392578125 782.5614013671875 1286.1473388671875 808.6542358398438
1171.4525146484375 710.0614624023438 1165.3671875 720.7117309570312
188.049072265625 388.4513244628906 355.1141357421875 354.03228759765625
1438.54541015625 741.59130859375 1443.06884765625 776.2122802734375
867.3890991210938 959.1483764648438 792.34912109375 949.3339233398438
1302.8800048828125 857.5935668945312 1262.8251953125 889.4710693359375
722.1804809570312 700.8106079101562 728.1287841796875 676.9808959960938
1034.4404296875 832.062255859375 990.3602294921875 836.404052734375
1112.1328125 644.078369140625 1122.7568359375 647.1947021484375
1255.875732421875 618.263671875 1281.6905517578125 629.9691772460938
714.3097534179688 700.4833374023438 720.2482299804688 676.3656616210938
1349.2974853515625 878.5333251953125 1305.6993408203125 916.41845703125
1560.3077392578125 855.4671020507812 1551.0565185546875 914.4586791992188
1325.263427734375 911.7463989257812 1269.8880615234375 949.760986328125
1213.2080078125 702.3370361328125 1211.011474609375 715.5463256835938
924.064697265625 852.92822265625 875.7937622070312 846.1648559570312
960.3041381835938 947.9522094726562 885.012451171875 949.0612182617188
1305.3077392578125 782.5614013671875 1286.1473388671875 808.6542358398438
1422.0692138671875 723.5899047851562 1431.899169921875 755.7890014648438
1319.4989013671875 672.9117431640625 1333.083740234375 692.8429565429688
1092.174560546875 641.703369140625 1102.533935546875 643.6350708007812
1336.7978515625 867.7899780273438 1294.126953125 904.2254638671875
1407.8818359375 751.7510375976562 1405.9898681640625 784.1756591796875
1454.6295166015625 744.5903930664062 1462.0653076171875 781.4837036132812
1148.3651123046875 975.9808349609375 1065.612548828125 997.3112182617188
1086.0677490234375 632.327392578125 1098.532958984375 633.3668212890625
1381.8370361328125 752.3795166015625 1378.46630859375 783.5553588867188
1425.2918701171875 750.079833984375 1429.4342041015625 784.9616088867188
919.79150390625 937.601806640625 847.8172607421875 932.8966064453125
691.9136352539062 701.8621826171875 699.9624633789062 676.1513671875
1224.1048583984375 365.2776794433594 1315.4197998046875 360.63702392578125
1211.8568115234375 767.48046875 1190.5458984375 784.9495849609375
1212.651123046875 752.7985229492188 1196.40380859375 768.90576171875
1286.59716796875 766.0614624023438 1270.478271484375 789.0706176757812
158.78582763671875 388.0519104003906 329.50042724609375 354.52996826171875
1231.3260498046875 746.0447998046875 1218.34814453125 764.399658203125
436.749755859375 958.9278564453125 406.2374572753906 904.4813232421875
1137.687255859375 690.868896484375 1135.3974609375 697.8444213867188
1467.566650390625 832.8638916015625 1449.9091796875 880.0050659179688
795.5723876953125 659.710693359375 806.7520751953125 641.611572265625
537.9691162109375 752.6477661132812 549.9089965820312 714.5562744140625
1283.2698974609375 680.6211547851562 1290.99658203125 698.3812866210938
954.1536865234375 862.9840698242188 903.2283935546875 859.7557983398438
1191.4603271484375 762.08544921875 1170.216064453125 777.208984375
1438.54541015625 741.59130859375 1443.06884765625 776.2122802734375
1077.3275146484375 824.5328369140625 1036.3846435546875 831.65673828125
936.3834228515625 976.0938720703125 852.5107421875 975.2485961914062
797.9906616210938 646.2706298828125 813.2134399414062 628.6694946289062
1493.33544921875 867.3601684570312 1467.8701171875 920.0067138671875
699.9766235351562 695.6329956054688 709.1415405273438 670.662841796875
1416.1478271484375 821.197265625 1394.562744140625 862.0020141601562
1055.422607421875 605.1273193359375 1075.5616455078125 603.2688598632812
1379.82373046875 721.4686889648438 1385.2674560546875 750.1538696289062
489.4888610839844 929.2720336914062 457.3406982421875 882.083251953125
1089.7489013671875 782.7267456054688 1060.200439453125 789.5731811523438
692.7926635742188 718.1681518554688 697.360595703125 692.4625244140625
674.4429321289062 787.0211791992188 661.2034912109375 758.4763793945312
1105.0889892578125 931.763671875 1033.53955078125 946.3969116210938
1296.540771484375 646.94677734375 1316.08544921875 663.604736328125
1442.010498046875 814.8489379882812 1427.549072265625 857.7156982421875
1293.410888671875 666.2837524414062 1306.4971923828125 684.225341796875
1319.4989013671875 672.9117431640625 1333.083740234375 692.8429565429688
1203.4598388671875 615.3472290039062 1224.746337890625 624.1268920898438
1077.6885986328125 911.5578002929688 1011.259521484375 922.3607788085938
1096.487060546875 949.0460205078125 1019.8994140625 963.5747680664062
1260.4169921875 773.931640625 1240.238525390625 796.0726318359375
1260.4169921875 773.931640625 1240.238525390625 796.0726318359375
553.5245361328125 822.7188720703125 542.6302490234375 783.614501953125
1119.6318359375 702.5946655273438 1113.1114501953125 708.7361450195312
504.8394775390625 816.9605102539062 502.51202392578125 773.9780883789062
815.2759399414062 655.490478515625 827.5279541015625 638.5772094726562
1392.1610107421875 754.1514892578125 1388.7581787109375 786.3673095703125
1288.074951171875 779.4513549804688 1268.197021484375 804.1727905273438
1192.0120849609375 629.5635986328125 1209.8907470703125 638.2857055664062
1223.3133544921875 759.19482421875 1207.0009765625 774.164794921875
1253.673828125 736.0059204101562 1245.302978515625 756.1604614257812
1275.1436767578125 655.71533203125 1290.83447265625 671.638671875
1270.1558837890625 851.7640991210938 1227.4901123046875 880.0533447265625
911.229736328125 858.8853759765625 862.1264038085938 851.306640625
964.5957641601562 1005.1212158203125 873.55322265625 1007.8438720703125
702.31640625 870.6273193359375 663.4102783203125 842.8218383789062
1258.723876953125 779.0616455078125 1237.2061767578125 801.254638671875
1297.8135986328125 641.3606567382812 1319.107421875 657.9039916992188
1258.723876953125 779.0616455078125 1237.2061767578125 801.254638671875
711.2496337890625 1022.1148681640625 629.3250732421875 995.9035034179688
1498.774169921875 840.0202026367188 1481.640380859375 890.4344482421875
1087.41455078125 641.182861328125 1097.3756103515625 642.53857421875
1117.1439208984375 622.716796875 1133.6693115234375 625.509033203125
676.2174072265625 770.1714477539062 666.5599975585938 742.4241943359375
557.2203979492188 798.2092895507812 553.2072143554688 760.0949096679688
1468.85888671875 820.2146606445312 1455.644775390625 866.37841796875
1364.478759765625 728.9957275390625 1366.4698486328125 756.37744140625
795.5723876953125 659.710693359375 806.7520751953125 641.611572265625
1092.0357666015625 652.8590698242188 1099.095458984375 654.918212890625
154.5585174560547 355.1966552734375 329.83349609375 325.99285888671875
1370.145263671875 882.7128295898438 1326.400634765625 922.479248046875
1098.2083740234375 920.3931884765625 1029.948486328125 933.6691284179688
1216.9521484375 603.7714233398438 1242.9080810546875 612.5115356445312
1115.483642578125 961.8295288085938 1036.9674072265625 978.4476318359375
815.2759399414062 655.490478515625 827.5279541015625 638.5772094726562
518.6347045898438 729.231201171875 538.294921875 689.92919921875
482.2450256347656 827.4964599609375 479.9588623046875 782.2898559570312
928.2862548828125 955.2119750976562 851.8505249023438 951.5726318359375
1226.9737548828125 596.2537841796875 1256.8702392578125 605.2313842773438
1120.204833984375 689.9483642578125 1116.798828125 695.9525756835938
715.578857421875 832.347412109375 684.8975830078125 807.072998046875
842.2169189453125 759.3223266601562 823.4024658203125 744.8681640625
1473.1700439453125 849.5198974609375 1451.6307373046875 900.5421142578125
1055.422607421875 605.1273193359375 1075.5616455078125 603.2688598632812
705.23876953125 857.174560546875 668.6100463867188 830.6746826171875
1118.621337890625 639.7430419921875 1130.4080810546875 643.323974609375
1493.2476806640625 852.4811401367188 1472.4266357421875 904.6526489257812
1159.7353515625 961.4818725585938 1080.7208251953125 983.7500610351562
897.7344360351562 986.1196899414062 814.3023071289062 978.6654663085938
937.086181640625 928.3230590820312 865.7500610351562 925.33837890625
525.5064697265625 918.5538940429688 492.6087951660156 874.6314697265625
822.5812377929688 695.903076171875 822.6272583007812 679.8096923828125
1322.599609375 923.7764282226562 1266.7572021484375 961.8683471679688
1318.203857421875 665.4208984375 1334.290771484375 685.2222900390625
800.10009765625 658.5791625976562 812.1224975585938 640.4805297851562
699.9766235351562 695.6329956054688 709.1415405273438 670.662841796875
1345.1561279296875 720.405517578125 1347.13916015625 745.8587036132812
855.8711547851562 979.3480224609375 776.1026611328125 968.2398071289062
487.9767761230469 838.5836791992188 484.3141174316406 792.9451904296875
475.3445739746094 845.4360961914062 469.1849060058594 799.3597412109375
1083.4141845703125 655.2021484375 1089.4754638671875 656.998046875
1661.927490234375 916.5980224609375 1651.1998291015625 996.5277709960938
668.4594116210938 707.51171875 677.011962890625 680.1980590820312
951.5755004882812 965.40283203125 871.3495483398438 964.4041748046875
1284.9915771484375 722.1341552734375 1280.4422607421875 743.7249755859375
733.8729248046875 854.8693237304688 696.1195678710938 830.8816528320312
836.4303588867188 775.2659301757812 814.1441650390625 760.2867431640625
1165.5242919921875 683.229248046875 1166.734375 692.6669311523438
1402.886474609375 710.569580078125 1414.2388916015625 739.8451538085938
1371.1611328125 900.3097534179688 1322.6793212890625 942.6757202148438
1081.4814453125 924.538330078125 1011.6525268554688 936.25732421875
822.5812377929688 695.903076171875 822.6272583007812 679.8096923828125
1379.82373046875 721.4686889648438 1385.2674560546875 750.1538696289062
1498.774169921875 840.0202026367188 1481.640380859375 890.4344482421875
678.2141723632812 695.7406616210938 688.727783203125 669.4227294921875
1141.1888427734375 682.4087524414062 1141.535400390625 689.3505859375
1514.50830078125 873.7780151367188 1491.771728515625 929.553955078125
1153.473876953125 947.3599243164062 1078.4437255859375 968.1768188476562
537.6671142578125 730.584716796875 554.3864135742188 693.4766845703125
672.0679321289062 900.2574462890625 628.549072265625 870.2810668945312
1166.934814453125 920.2089233398438 1100.73974609375 941.938232421875
475.3445739746094 845.4360961914062 469.1849060058594 799.3597412109375
117.34624481201172 362.12408447265625 297.7480773925781 330.1639709472656
547.7667236328125 737.8671264648438 559.4364013671875 702.5918579101562
893.15673828125 967.9459838867188 814.0523681640625 960.8521118164062
1419.4501953125 836.5425415039062 1394.627197265625 880.0405883789062
520.3464965820312 940.694091796875 482.6826171875 895.5098876953125
1096.9588623046875 909.0499877929688 1031.7833251953125 921.8939819335938
1221.335693359375 614.8570556640625 1245.0838623046875 624.3527221679688
1118.463623046875 812.697021484375 1078.55029296875 819.3945922851562
1199.2325439453125 766.9681396484375 1177.797607421875 782.6570434570312
1088.2628173828125 900.2461547851562 1024.4384765625 911.8909301757812
1091.82763671875 907.7833862304688 1026.411376953125 919.2025756835938
1109.23388671875 914.3065185546875 1042.2880859375 928.3382568359375
1067.8970947265625 637.0346069335938 1079.4168701171875 636.88525390625
1347.323974609375 894.5158081054688 1298.5767822265625 934.1631469726562
858.8524169921875 854.0648803710938 813.3013305664062 841.5047607421875
504.8394775390625 816.9605102539062 502.51202392578125 773.9780883789062
1460.0753173828125 803.1167602539062 1449.387451171875 846.9367065429688
822.5812377929688 695.903076171875 822.6272583007812 679.8096923828125
1350.8934326171875 727.2047119140625 1350.58837890625 753.8864135742188
1096.6707763671875 960.1106567382812 1017.1387329101562 975.4102172851562
690.7443237304688 755.7611694335938 684.0133056640625 728.9940795898438
1266.026611328125 653.958251953125 1281.5213623046875 668.939453125
1289.5294189453125 654.8141479492188 1306.5732421875 671.491455078125
1213.2132568359375 610.1992797851562 1237.5145263671875 618.7083740234375
672.9003295898438 1026.552001953125 593.5858154296875 994.9002685546875
997.6304931640625 892.3151245117188 936.74560546875 895.7210083007812
1096.487060546875 949.0460205078125 1019.8994140625 963.5747680664062
1374.3050537109375 706.6803588867188 1382.9508056640625 734.342041015625
1366.0999755859375 714.4412231445312 1372.696533203125 741.5980224609375
1231.92236328125 600.0352172851562 1259.9810791015625 608.7365112304688
1261.98583984375 786.5897827148438 1237.9744873046875 809.3071899414062
703.13525390625 777.4564208984375 688.6693725585938 751.457275390625
1135.25927734375 647.2544555664062 1145.70703125 652.3275756835938
1068.3206787109375 602.54931640625 1089.8468017578125 601.5064086914062
700.0936889648438 760.7743530273438 691.1958618164062 735.1749877929688
868.1065063476562 959.4054565429688 792.34912109375 949.3339233398438
652.1210327148438 766.4147338867188 646.2583618164062 736.448974609375
1371.4600830078125 739.0834350585938 1370.91748046875 768.5072021484375
684.4513549804688 880.951904296875 644.09228515625 852.4313354492188
1247.893310546875 752.315185546875 1233.1737060546875 771.923095703125
1237.2637939453125 778.1370849609375 1213.875732421875 797.4134521484375
1073.747802734375 630.24951171875 1086.9515380859375 630.5242919921875
1318.203857421875 665.4208984375 1334.290771484375 685.2222900390625
1467.566650390625 832.8638916015625 1449.9091796875 880.0050659179688
468.94012451171875 937.1783447265625 438.1828918457031 887.3233032226562
1191.1448974609375 778.5790405273438 1165.589599609375 794.3296508789062
830.5663452148438 707.8548583984375 826.7590942382812 692.1126708984375
746.1387329101562 840.2869873046875 711.0783081054688 819.84716796875
1223.595947265625 777.4685668945312 1198.590576171875 797.2393798828125
814.6093139648438 701.2586059570312 813.4373779296875 684.438720703125
1199.2325439453125 766.9681396484375 1177.797607421875 782.6570434570312
1138.1439208984375 951.9736328125 1061.5596923828125 971.0902099609375
826.1361083984375 750.9066162109375 810.8065795898438 735.0261840820312
1135.541259765625 706.0255737304688 1128.381103515625 713.8551635742188
1380.3253173828125 716.922119140625 1387.2021484375 745.4845581054688
1108.0767822265625 903.4369506835938 1044.61962890625 917.1785278320312
864.7325439453125 1012.8143310546875 775.0189208984375 1002.1785278320312
844.611572265625 997.709228515625 760.255859375 983.6472778320312
1089.596435546875 791.0527954101562 1057.218994140625 798.127685546875
694.0628662109375 1042.0230712890625 608.97900390625 1012.7757568359375
674.8341674804688 864.2293701171875 640.0852661132812 833.6908569335938
1184.564697265625 684.8658447265625 1185.6943359375 695.1445922851562
1278.341796875 789.3184814453125 1255.2117919921875 813.5271606445312
1325.263427734375 911.7463989257812 1269.8880615234375 949.760986328125
943.4987182617188 953.9691162109375 867.2388305664062 951.8741455078125
1223.595947265625 777.4685668945312 1198.590576171875 797.2393798828125
714.7138671875 785.3394165039062 698.1380615234375 760.5650024414062
1347.323974609375 894.5158081054688 1298.5767822265625 934.1631469726562
1250.423583984375 672.4244995117188 1258.53369140625 687.4279174804688
531.9647827148438 898.6168823242188 504.3467712402344 855.09423828125
1149.261474609375 917.8886108398438 1082.1182861328125 936.19775390625
835.3226928710938 783.0902099609375 810.4302368164062 768.0961303710938
1091.82763671875 907.7833862304688 1026.411376953125 919.2025756835938
684.58544921875 891.098388671875 641.4108276367188 862.5574340820312
665.9963989257812 781.7900390625 654.190185546875 752.9286499023438
669.2916259765625 882.8075561523438 629.900390625 852.7708129882812
1153.2510986328125 713.641357421875 1144.8468017578125 722.3751220703125
1067.8970947265625 637.0346069335938 1079.4168701171875 636.88525390625
1258.056640625 668.1347045898438 1268.6617431640625 683.1962890625
721.5066528320312 886.4325561523438 677.0971069335938 861.3495483398438
548.68115234375 816.9633178710938 540.2637939453125 777.8976440429688
1414.9869384765625 727.7083740234375 1421.5716552734375 760.066162109375
791.3214721679688 645.7507934570312 806.857177734375 627.5321655273438
1103.9989013671875 637.963134765625 1115.7755126953125 640.2291870117188
1131.35595703125 687.6897583007812 1129.3253173828125 694.3784790039062
729.4641723632812 842.1168212890625 695.861328125 818.1426391601562
844.9321899414062 751.9857177734375 828.0459594726562 737.5230102539062
1212.2967529296875 627.9994506835938 1232.0018310546875 637.542236328125
1248.9732666015625 742.2860107421875 1237.78125 761.9723510742188
716.41064453125 712.6419067382812 720.3741455078125 688.5087280273438
499.0085754394531 902.9598999023438 473.64910888671875 856.295166015625
1407.2052001953125 720.6221923828125 1416.2220458984375 751.7860717773438
1047.4915771484375 816.14111328125 1006.1705322265625 819.8458862304688
725.4395751953125 755.195556640625 715.8959350585938 731.5953369140625
576.4812622070312 717.603759765625 590.4929809570312 683.5825805664062
964.5957641601562 1005.1212158203125 873.55322265625 1007.8438720703125
1272.074951171875 648.6337890625 1289.0638427734375 663.8310546875
1341.085693359375 909.423828125 1286.8458251953125 948.3557739257812
911.229736328125 858.8853759765625 862.1264038085938 851.306640625
1220.0299072265625 744.1219482421875 1205.8990478515625 760.9398193359375
1084.3414306640625 650.4403686523438 1092.7012939453125 652.2662353515625
1275.8642578125 765.0767211914062 1257.7376708984375 786.7079467773438
680.3831176757812 759.5838623046875 673.2534790039062 732.130615234375
159.3296661376953 367.046630859375 335.0370788574219 335.906005859375
1531.0440673828125 825.5972290039062 1524.288330078125 878.2612915039062
1092.0357666015625 652.8590698242188 1099.095458984375 654.918212890625
1131.35595703125 687.6897583007812 1129.3253173828125 694.3784790039062
1388.0189208984375 737.3363647460938 1388.9635009765625 768.0240478515625
914.4515380859375 835.6892700195312 871.5079956054688 828.1956176757812
1372.5804443359375 745.3290405273438 1369.6343994140625 775.4310302734375
514.0960693359375 797.3231201171875 514.6514892578125 755.841552734375
1371.1611328125 900.3097534179688 1322.6793212890625 942.6757202148438
746.9325561523438 596.3368530273438 779.4539794921875 574.994140625
1085.9931640625 770.1754760742188 1061.36474609375 776.393310546875
733.9122924804688 832.44140625 701.5535278320312 808.781005859375
1141.862060546875 643.3956909179688 1154.0804443359375 648.341796875
1134.00048828125 759.7392578125 1109.9739990234375 767.5270385742188
1083.0655517578125 997.2554321289062 992.302978515625 1011.7346801757812
1529.0091552734375 849.6521606445312 1514.911865234375 905.5947875976562
661.7586059570312 763.6749267578125 655.8041381835938 734.7392578125
858.8524169921875 854.0648803710938 813.3013305664062 841.5047607421875
1536.23388671875 840.835693359375 1525.9273681640625 896.4096069335938
1064.34033203125 921.7391357421875 994.21630859375 932.7265625
1198.724365234375 615.611328125 1221.623779296875 623.664794921875
643.5098876953125 851.0717163085938 615.6629028320312 818.4303588867188
1299.9600830078125 658.5155639648438 1316.0721435546875 676.0607299804688
690.51806640625 1027.8919677734375 609.0748291015625 998.7910766601562
659.7636108398438 723.2186279296875 665.7445678710938 694.7182006835938
465.77545166015625 901.9608154296875 446.16607666015625 852.4180297851562
649.7185668945312 893.7930908203125 609.432861328125 862.9126586914062
931.8828125 843.7700805664062 886.4755249023438 838.2808227539062
872.25537109375 969.1961059570312 794.7039794921875 959.1676635742188
1189.1939697265625 612.4515991210938 1211.662353515625 619.552001953125
1048.797119140625 809.4252319335938 1011.283447265625 813.0361938476562
1374.153076171875 767.0657958984375 1364.7127685546875 798.7880249023438
684.4513549804688 880.951904296875 644.09228515625 852.4313354492188
855.9407348632812 890.8492431640625 800.9328002929688 878.0929565429688
859.5294189453125 1046.465576171875 761.0142211914062 1036.46044921875
542.5155029296875 811.3067626953125 536.2428588867188 771.6284790039062
1089.596435546875 791.0527954101562 1057.218994140625 798.127685546875
782.976806640625 662.3244018554688 794.7276611328125 643.8094482421875
1237.2637939453125 778.1370849609375 1213.875732421875 797.4134521484375
516.8868408203125 882.6082763671875 493.7983093261719 838.4640502929688
1293.105224609375 673.4974975585938 1305.5242919921875 691.7657470703125
658.6639404296875 699.859619140625 670.908203125 671.0039672851562
559.6719970703125 898.1680908203125 527.3712768554688 858.1467895507812
676.49462890625 1010.5411987304688 600.1292114257812 980.0582275390625
844.9321899414062 751.9857177734375 828.0459594726562 737.5230102539062
492.4863586425781 800.9847412109375 496.5050964355469 757.0801391601562
490.8821716308594 912.2675170898438 464.3927001953125 863.634521484375
649.7185668945312 893.7930908203125 609.432861328125 862.9126586914062
1232.7662353515625 617.1884765625 1256.1143798828125 627.3276977539062
1151.779296875 679.6050415039062 1152.6923828125 688.214111328125
1301.6649169921875 678.7987060546875 1314.313232421875 697.3020629882812
1089.7489013671875 782.7267456054688 1060.200439453125 789.5731811523438
1176.0126953125 673.6544799804688 1179.967529296875 682.7803955078125
866.8413696289062 827.2964477539062 827.7765502929688 815.3325805664062
925.1920776367188 1002.5895385742188 836.3916625976562 998.4383544921875
1133.43896484375 639.7931518554688 1145.0107421875 643.8533325195312
505.02215576171875 931.4321899414062 469.56304931640625 887.363037109375
1186.5067138671875 704.44091796875 1182.145751953125 715.9251708984375
1197.4661865234375 634.4982299804688 1213.3836669921875 642.872802734375
530.202392578125 884.9325561523438 506.0506591796875 841.8984985351562
691.6817016601562 871.5552978515625 652.6868896484375 842.9823608398438
725.704833984375 767.6270751953125 712.9913330078125 743.7965698242188
1014.0468139648438 965.5654907226562 933.882568359375 972.5460205078125
188.16029357910156 356.3691101074219 354.9330139160156 328.2681579589844
1081.4903564453125 642.1828002929688 1092.789306640625 642.215087890625
1069.4515380859375 780.025634765625 1040.20458984375 784.6054077148438
968.4686889648438 850.7576293945312 920.4236450195312 848.79345703125
513.7127685546875 902.4000854492188 487.8121643066406 855.4817504882812
1081.4903564453125 642.1828002929688 1092.789306640625 642.215087890625
788.993896484375 606.6027221679688 815.4609375 588.498046875
704.9808959960938 709.4281616210938 709.6656494140625 684.500244140625
1438.673095703125 840.1762084960938 1414.6304931640625 885.1046142578125
1273.9788818359375 859.4349365234375 1229.434326171875 887.156982421875
672.9003295898438 1026.552001953125 593.5858154296875 994.9002685546875
905.4176025390625 804.7792358398438 871.2534790039062 795.6810302734375
1089.0712890625 648.8192749023438 1097.425048828125 650.4641723632812
799.1332397460938 650.3156127929688 813.1278686523438 632.6585083007812
1072.216552734375 941.2105102539062 997.9612426757812 952.6190185546875
842.2169189453125 759.3223266601562 823.4024658203125 744.8681640625
1183.4603271484375 849.4525146484375 1135.7431640625 870.701171875
668.9664306640625 695.1703491210938 680.2142944335938 668.0064697265625
681.3695068359375 714.6104125976562 686.8839721679688 688.0379028320312
1388.197509765625 732.6346435546875 1390.243408203125 762.9818725585938
1293.105224609375 673.4974975585938 1305.5242919921875 691.7657470703125
1290.1290283203125 684.3073120117188 1298.635009765625 702.738037109375
799.1332397460938 650.3156127929688 813.1278686523438 632.6585083007812
1264.6142578125 682.9000244140625 1271.46337890625 700.8763427734375
699.8893432617188 705.152587890625 706.473388671875 680.057373046875
169.39828491210938 384.7374572753906 339.23236083984375 348.928955078125
719.7241821289062 844.28076171875 686.6416015625 818.9313354492188
975.4766845703125 837.52099609375 928.809326171875 836.44921875
1249.329833984375 761.361083984375 1231.6795654296875 780.2573852539062
832.08251953125 769.2747192382812 811.2269897460938 753.999267578125
742.3317260742188 875.9564208984375 698.0052490234375 853.4700927734375
1128.68408203125 938.702392578125 1055.3309326171875 955.8082275390625
798.83837890625 687.94580078125 802.552978515625 669.4984741210938
1078.226806640625 660.3120727539062 1082.6978759765625 661.57958984375
1194.176513671875 613.563232421875 1215.885986328125 621.407470703125
1067.9202880859375 799.3423461914062 1033.91015625 805.342529296875
803.7501831054688 660.2994384765625 815.20849609375 642.6721801757812
910.782470703125 819.0538940429688 872.6737670898438 810.6962280273438
864.7325439453125 1012.8143310546875 775.0189208984375 1002.1785278320312
1251.80859375 772.0822143554688 1230.739501953125 793.1182250976562
601.5529174804688 857.0255737304688 574.1923828125 823.078857421875
1090.4466552734375 981.2264404296875 1004.77685546875 996.68115234375
1058.4964599609375 807.5577392578125 1021.1683349609375 812.0464477539062
1133.43896484375 639.7931518554688 1145.0107421875 643.8533325195312
517.1726684570312 811.164794921875 514.7526245117188 768.9932861328125
1089.960205078125 937.339111328125 1016.4299926757812 950.5238037109375
1280.1427001953125 668.645263671875 1291.7567138671875 686.4675903320312
1231.689453125 612.6734008789062 1256.36572265625 622.4414672851562
814.6093139648438 701.2586059570312 813.4373779296875 684.438720703125
1089.91455078125 644.1288452148438 1100.2236328125 646.0448608398438
808.0814208984375 644.3783569335938 823.6737060546875 627.12158203125
1097.3089599609375 817.8247680664062 1057.871337890625 826.8067016601562
773.7008056640625 730.1165771484375 768.296142578125 711.8178100585938
862.6602172851562 771.5414428710938 839.9845581054688 758.6156616210938
553.5245361328125 822.7188720703125 542.6302490234375 783.614501953125
725.704833984375 767.6270751953125 712.9913330078125 743.7965698242188
1105.0889892578125 931.763671875 1033.53955078125 946.3969116210938
1085.9931640625 770.1754760742188 1061.36474609375 776.393310546875
574.4288940429688 744.9223022460938 582.852783203125 709.7531127929688
859.5294189453125 1046.465576171875 761.0142211914062 1036.46044921875
881.676025390625 785.31884765625 853.8346557617188 773.8548583984375
537.52587890625 929.684326171875 499.95025634765625 886.3510131835938
1381.8370361328125 752.3795166015625 1378.46630859375 783.5553588867188
1071.737548828125 973.578369140625 987.6026611328125 985.255126953125
1288.78271484375 919.0288696289062 1226.270751953125 950.7040405273438
843.3334350585938 962.8172607421875 769.3485717773438 949.2685546875
1194.176513671875 613.563232421875 1215.885986328125 621.407470703125
1123.2994384765625 646.4768676757812 1133.125 650.6389770507812
812.458984375 643.4517822265625 827.3265991210938 626.587646484375
711.3829345703125 1052.5797119140625 621.3141479492188 1025.517822265625
1249.329833984375 761.361083984375 1231.6795654296875 780.2573852539062
887.6463012695312 1031.395263671875 791.5015869140625 1024.9041748046875
1380.0723876953125 731.846435546875 1381.8955078125 762.1109008789062
711.3829345703125 1052.5797119140625 621.3141479492188 1025.517822265625
1098.2083740234375 920.3931884765625 1029.948486328125 933.6691284179688
699.8893432617188 705.152587890625 706.473388671875 680.057373046875
866.9563598632812 880.5116577148438 812.9354858398438 869.0338134765625
1058.1243896484375 800.1447143554688 1022.88427734375 804.3928833007812
1349.2974853515625 878.5333251953125 1305.6993408203125 916.41845703125
809.4880981445312 691.1434326171875 810.9664306640625 674.15966796875
938.0498657226562 999.8855590820312 848.27001953125 996.9609375
1013.3707885742188 834.2106323242188 969.2575073242188 833.5444946289062
1088.1129150390625 966.765869140625 1006.3245239257812 980.9132690429688
960.172119140625 839.805908203125 915.2564086914062 837.1966552734375
1210.6767578125 602.4482421875 1238.289306640625 611.1724853515625
1128.68408203125 938.702392578125 1055.3309326171875 955.8082275390625
676.2174072265625 770.1714477539062 666.5599975585938 742.4241943359375
1048.9776611328125 790.9666137695312 1012.7367553710938 794.2161865234375
1275.65380859375 683.7734375 1281.425537109375 701.281005859375
691.6817016601562 871.5552978515625 652.6868896484375 842.9823608398438
1348.3138427734375 735.9038696289062 1345.2305908203125 762.6038208007812
878.0325317382812 771.8031005859375 851.6266479492188 760.7188110351562
518.6347045898438 729.231201171875 538.294921875 689.92919921875
553.983642578125 729.1617431640625 568.3310546875 693.4281005859375
1661.5472412109375 930.5880737304688 1645.4810791015625 1011.9617919921875
1194.176513671875 613.563232421875 1215.885986328125 621.407470703125
200.67852783203125 346.008544921875 367.8927307128906 315.7872009277344
893.15673828125 967.9459838867188 814.0523681640625 960.8521118164062
1058.4964599609375 807.5577392578125 1021.1683349609375 812.0464477539062
601.5529174804688 857.0255737304688 574.1923828125 823.078857421875
796.364501953125 603.4397583007812 824.67431640625 585.5484619140625
1091.82763671875 907.7833862304688 1026.411376953125 919.2025756835938
1110.2718505859375 632.1690063476562 1120.8909912109375 632.2255859375
543.7392578125 914.1016845703125 509.1685485839844 870.5972290039062
672.8309326171875 1043.672607421875 589.3394165039062 1011.4349975585938
