101.89700317382812
110.90987396240234
114.04823303222656
115.06954193115234
117.14521026611328
127.15345001220703
127.86320495605469
133.8245086669922
135.4695587158203
139.58509826660156
140.40655517578125
142.51315307617188
144.9862060546875
145.52662658691406
145.67771911621094
147.22091674804688
148.5530242919922
149.46571350097656
152.5516357421875
153.1567840576172
153.28079223632812
153.8668212890625
154.580078125
154.92578125
156.08651733398438
156.6588592529297
158.6474151611328
159.53369140625
160.0718536376953
160.32778930664062
160.95030212402344
163.4564208984375
164.3289337158203
166.2257537841797
167.17955017089844
168.00892639160156
170.48460388183594
171.05262756347656
173.65194702148438
175.83514404296875
176.68333435058594
176.99717712402344
177.5274658203125
177.61474609375
178.02247619628906
178.21615600585938
178.47409057617188
178.65609741210938
179.52159118652344
181.66177368164062
182.16201782226562
182.7949676513672
183.3521270751953
183.54290771484375
184.80801391601562
184.821533203125
184.962158203125
187.98936462402344
188.5205535888672
190.0315704345703
190.4835968017578
190.74066162109375
191.68984985351562
193.53294372558594
195.20501708984375
196.34153747558594
198.6202392578125
199.8749542236328
201.71266174316406
202.33387756347656
203.17726135253906
203.33224487304688
204.16905212402344
204.8877716064453
207.34994506835938
208.02883911132812
208.6623992919922
208.7486572265625
209.9452362060547
210.7012176513672
211.0379180908203
211.70025634765625
212.06838989257812
213.10560607910156
213.2064666748047
213.5532684326172
213.6866912841797
214.17515563964844
216.17816162109375
217.40745544433594
219.53587341308594
220.11814880371094
221.07012939453125
221.339111328125
221.6776885986328
227.2333526611328
227.26416015625
229.7650909423828
237.6005096435547
240.7799835205078
241.60711669921875
242.40255737304688
244.0983428955078
244.40130615234375
245.15301513671875
245.2019500732422
247.41665649414062
255.93553161621094
