791.5015869140625 1024.9041748046875 1041.35302734375 712.294921875
794.3178100585938 1005.2084350585938 1029.4495849609375 716.1714477539062
836.3916625976562 998.4383544921875 1015.9954833984375 696.8890380859375
800.9328002929688 878.0929565429688 923.7077026367188 751.0194702148438
814.3023071289062 978.6654663085938 1006.4944458007812 713.227294921875
760.255859375 983.6472778320312 1020.357421875 740.9674072265625
848.27001953125 996.9609375 1013.4352416992188 690.5872192382812
640.195556640625 1010.9724731445312 1060.677978515625 803.7286987304688
814.0523681640625 960.8521118164062 993.9466552734375 718.0518188476562
814.3023071289062 978.6654663085938 1006.4944458007812 713.227294921875
609.0748291015625 998.7910766601562 1061.387451171875 828.1796264648438
920.4236450195312 848.79345703125 879.9127807617188 682.7723999023438
