783.7005004882812 955.6023559570312 984.4892578125 687.1621704101562
800.9328002929688 878.0929565429688 948.4041137695312 731.4465942382812
783.7005004882812 955.6023559570312 984.4892578125 687.1621704101562
836.3916625976562 998.4383544921875 969.3391723632812 655.7296752929688
775.0189208984375 1002.1785278320312 999.9169921875 666.2479858398438
814.0523681640625 960.8521118164062 969.8173217773438 677.6461181640625
848.27001953125 996.9609375 963.6039428710938 653.8170166015625
769.3485717773438 949.2685546875 990.0164184570312 694.6333618164062
776.1026611328125 968.2398071289062 991.5159912109375 682.3291625976562
776.1026611328125 968.2398071289062 991.5159912109375 682.3291625976562
791.5015869140625 1024.9041748046875 996.7645874023438 653.7452392578125
775.0189208984375 1002.1785278320312 999.9169921875 666.2479858398438
1257.9281005859375 798.4661254882812 666.5868530273438 660.6122436523438
800.9328002929688 878.0929565429688 948.4041137695312 731.4465942382812
664.359130859375 971.2841796875 1052.1082763671875 708.4232177734375
814.3023071289062 978.6654663085938 974.197021484375 669.5720825195312
760.255859375 983.6472778320312 1003.1943359375 678.6731567382812
794.3178100585938 1005.2084350585938 991.0801391601562 661.4212036132812
1257.9281005859375 798.4661254882812 666.5868530273438 660.6122436523438
769.3485717773438 949.2685546875 990.0164184570312 694.6333618164062
851.8505249023438 951.5726318359375 947.8055419921875 674.0324096679688
814.0523681640625 960.8521118164062 969.8173217773438 677.6461181640625
798.3345336914062 852.0740356445312 938.8422241210938 753.927978515625
827.3511352539062 961.7075805664062 963.2530517578125 674.0632934570312
865.7500610351562 925.33837890625 932.8671875 684.3316650390625
629.3250732421875 995.9035034179688 1075.4140625 702.476806640625
621.3141479492188 1025.517822265625 1082.0074462890625 688.4056396484375
609.0748291015625 998.7910766601562 1087.6741943359375 705.5792236328125
813.3013305664062 841.5047607421875 924.8555297851562 757.531982421875
621.3141479492188 1025.517822265625 1082.0074462890625 688.4056396484375
589.3394165039062 1011.4349975585938 1100.077392578125 701.5897216796875
