867.934814453125 938.2874145507812 902.56640625 726.8910522460938
851.8505249023438 951.5726318359375 912.8297119140625 722.2896118164062
783.7005004882812 955.6023559570312 951.0394287109375 726.8933715820312
871.3495483398438 964.4041748046875 903.2317504882812 714.036376953125
792.34912109375 949.3339233398438 946.3682861328125 729.309814453125
813.3013305664062 841.5047607421875 928.75927734375 797.6069946289062
798.3345336914062 852.0740356445312 940.3404541015625 790.1278686523438
852.5107421875 975.2485961914062 914.0738525390625 711.3662719726562
832.3273315429688 690.5274047851562 882.5162963867188 1021.6248779296875
862.1264038085938 851.306640625 895.3677368164062 781.4624633789062
794.7039794921875 959.1676635742188 944.4358520507812 724.6268920898438
814.0523681640625 960.8521118164062 933.9228515625 721.1965942382812
827.3511352539062 961.7075805664062 926.6586303710938 719.6546630859375
871.0679931640625 851.875244140625 888.7409057617188 780.0146484375
855.655029296875 843.2640991210938 897.998779296875 789.1782836914062
775.0189208984375 1002.1785278320312 955.7390747070312 705.8483276367188
814.3023071289062 978.6654663085938 935.1083374023438 712.4451293945312
775.0189208984375 1002.1785278320312 955.7390747070312 705.8483276367188
794.3178100585938 1005.2084350585938 945.3740234375 704.8519287109375
