1626.3040771484375 474.8056640625 383.3936462402344 429.4136962890625
1679.8740234375 474.9668273925781 414.8764953613281 413.93914794921875
1672.3392333984375 480.9102478027344 413.464599609375 420.79168701171875
1603.258544921875 502.6546630859375 382.7000427246094 459.3766784667969
1620.984130859375 474.3436584472656 379.8216552734375 430.93780517578125
1606.515625 480.5850524902344 373.7894592285156 440.15777587890625
1617.644775390625 508.584228515625 394.1070556640625 458.9942626953125
1642.4034423828125 534.129638671875 421.4098815917969 471.2126159667969
1709.0255126953125 451.6985168457031 420.3665466308594 388.0426025390625
1619.8133544921875 529.1561889648438 405.34588623046875 475.1391906738281
1598.4127197265625 534.022705078125 395.38287353515625 486.2710266113281
1628.6978759765625 533.0523681640625 412.4540100097656 475.85552978515625
1613.8304443359375 513.3008422851562 393.7116394042969 463.88641357421875
1674.66455078125 527.3052368164062 435.5616149902344 455.2569274902344
1627.89111328125 502.7628479003906 397.6946716308594 451.2705078125
1632.9136962890625 492.1911926269531 395.3924255371094 441.15618896484375
1598.4127197265625 534.022705078125 395.38287353515625 486.2710266113281
1629.7615966796875 526.60107421875 409.7294616699219 469.7436218261719
1629.7615966796875 526.60107421875 409.7294616699219 469.7436218261719
1669.0828857421875 443.53924560546875 393.6769104003906 391.3857421875
1638.058837890625 438.9088439941406 373.42279052734375 397.4898986816406
1624.3447265625 466.2563781738281 378.029541015625 422.9953308105469
1652.46142578125 520.16455078125 421.4001770019531 456.6818542480469
1617.8641357421875 490.4921875 383.85784912109375 442.77178955078125
1641.47412109375 508.6800842285156 408.337890625 451.5912170410156
1631.8243408203125 499.4486389160156 398.2519836425781 447.649658203125
1629.95556640625 517.8630981445312 405.2372131347656 462.6902770996094
1623.76806640625 508.6103210449219 398.0364685058594 457.5215148925781
1709.3704833984375 468.80426025390625 427.4648132324219 401.22698974609375
1646.9129638671875 494.3278503417969 404.7953186035156 438.9377136230469
1637.916259765625 518.8867797851562 410.9803161621094 460.9389953613281
1614.0137939453125 520.0071411132812 398.0344543457031 471.0208435058594
