791.5015869140625 1024.9041748046875 952.2149047851562 631.1006469726562
836.3916625976562 998.4383544921875 924.1599731445312 624.593505859375
814.3023071289062 978.6654663085938 922.1024169921875 643.3604736328125
848.27001953125 996.9609375 918.8118286132812 619.617431640625
760.255859375 983.6472778320312 945.9470825195312 664.0775756835938
814.3023071289062 978.6654663085938 922.1024169921875 643.3604736328125
867.934814453125 938.2874145507812 879.916259765625 639.115478515625
865.7500610351562 925.33837890625 873.4531860351562 647.3560791015625
800.9328002929688 878.0929565429688 865.8733520507812 709.3925170898438
1011.259521484375 922.3607788085938 817.9048461914062 585.124755859375
878.3861694335938 937.7713623046875 877.5812377929688 639.5616455078125
814.0523681640625 960.8521118164062 913.2294921875 651.83740234375
621.3141479492188 1025.517822265625 1019.1207885742188 704.1868896484375
621.3141479492188 1025.517822265625 1019.1207885742188 704.1868896484375
640.195556640625 1010.9724731445312 1004.1153564453125 706.5612182617188
814.0523681640625 960.8521118164062 913.2294921875 651.83740234375
1019.8994140625 963.5747680664062 842.1080932617188 566.4591674804688
903.2283935546875 859.7557983398438 812.293212890625 668.727783203125
609.0748291015625 998.7910766601562 1015.3043212890625 727.3045043945312
1019.8994140625 963.5747680664062 842.1080932617188 566.4591674804688
