773.54931640625 573.1091918945312 1453.7294921875 697.8272094726562
1294.126953125 904.2254638671875 450.742431640625 1002.3045654296875
1305.6993408203125 916.41845703125 432.4378356933594 1003.541015625
1326.400634765625 922.479248046875 412.1922912597656 1016.1300659179688
1298.5767822265625 934.1631469726562 425.513916015625 987.4717407226562
1309.07666015625 958.0641479492188 400.9808654785156 980.6940307617188
1305.6993408203125 916.41845703125 432.4378356933594 1003.541015625
1322.6793212890625 942.6757202148438 399.84576416015625 1000.956787109375
1266.7572021484375 961.8683471679688 428.1875915527344 950.4390869140625
1228.5911865234375 914.343017578125 490.2303161621094 945.7105102539062
1230.739501953125 793.1182250976562 626.9092407226562 1025.3858642578125
1242.5430908203125 788.628173828125 624.2103881835938 1037.7113037109375
1231.6795654296875 780.2573852539062 642.068359375 1033.82177734375
1229.434326171875 887.156982421875 512.1950073242188 960.5820922851562
1231.6795654296875 780.2573852539062 642.068359375 1033.82177734375
