872.1565551757812 857.8837280273438 854.0363159179688 766.5884399414062
848.3575439453125 965.420654296875 883.05517578125 700.34619140625
800.0823364257812 952.297119140625 910.899658203125 711.5415649414062
863.7764282226562 855.3129272460938 860.1641235351562 769.7362060546875
837.8466186523438 948.0933227539062 888.0918579101562 710.6112060546875
793.136962890625 965.050537109375 915.7310791015625 705.7130737304688
822.3732299804688 989.4642944335938 899.7583618164062 690.748291015625
819.6532592773438 847.1600952148438 891.99267578125 783.6845092773438
894.1576538085938 855.7716064453125 838.2521362304688 765.9962768554688
816.53515625 857.3018798828125 896.038330078125 775.0094604492188
818.8402099609375 959.410888671875 900.2728881835938 706.7484741210938
1372.8160400390625 756.6183471679688 353.8279724121094 810.1483764648438
822.3732299804688 989.4642944335938 899.7583618164062 690.748291015625
861.1480102539062 846.0635375976562 859.9391479492188 778.3433837890625
857.8755493164062 866.4978637695312 866.294189453125 761.3175659179688
800.556884765625 873.1255493164062 909.0380859375 764.3572998046875
821.3133544921875 937.7776489257812 897.499755859375 717.6087646484375
807.264892578125 844.455810546875 902.85498046875 786.7623291015625
834.4671020507812 870.649658203125 885.231689453125 761.5985717773438
939.1375122070312 985.630126953125 834.6950073242188 685.245849609375
781.2686157226562 961.1997680664062 922.5961303710938 708.6619262695312
776.0357666015625 978.6696166992188 926.374267578125 699.97216796875
747.4462280273438 940.5484008789062 945.5260620117188 723.8836059570312
740.1930541992188 1023.2724609375 946.033447265625 682.906005859375
746.2554931640625 961.9818115234375 944.8617553710938 711.7753295898438
952.1260375976562 1004.1453247070312 832.0045166015625 675.25341796875
845.2494506835938 811.5953979492188 866.2660522460938 816.0922241210938
781.2686157226562 961.1997680664062 922.5961303710938 708.6619262695312
747.5133056640625 1004.4172973632812 941.3321533203125 691.3841552734375
773.2999877929688 1012.7909545898438 928.0405883789062 685.8509521484375
818.8402099609375 959.410888671875 900.2728881835938 706.7484741210938
879.18212890625 852.3312377929688 848.153076171875 771.217529296875
755.4991455078125 979.6680297851562 938.1222534179688 700.0123291015625
906.3566284179688 847.3357543945312 827.149169921875 771.763671875
