1195.3599853515625 761.7454223632812 655.812255859375 1032.3280029296875
1204.324951171875 842.6904907226562 583.6238403320312 954.0900268554688
1204.324951171875 842.6904907226562 583.6238403320312 954.0900268554688
1195.3599853515625 761.7454223632812 655.812255859375 1032.3280029296875
1233.761474609375 822.5679321289062 570.587890625 993.3305053710938
1189.545166015625 844.9683837890625 595.8313598632812 943.6007690429688
1201.32666015625 827.6206665039062 596.7072143554688 965.884521484375
1183.3446044921875 817.1578369140625 619.66259765625 963.2504272460938
1224.9571533203125 858.9448852539062 557.0352172851562 954.6672973632812
1241.686279296875 858.6909790039062 543.5562133789062 965.6507568359375
1221.6683349609375 840.88818359375 570.6610717773438 968.1001586914062
1188.804931640625 759.2174682617188 666.0244140625 1028.5804443359375
1228.4302978515625 880.9620361328125 542.9479370117188 940.1790161132812
1210.4412841796875 994.6475830078125 509.3944091796875 865.7510986328125
1208.2041015625 859.565185546875 570.6160888671875 943.4876098632812
1210.4412841796875 994.6475830078125 509.3944091796875 865.7510986328125
1180.3624267578125 963.6134033203125 541.9940795898438 865.7406005859375
1249.872314453125 875.178466796875 527.19775390625 957.619384765625
1227.534912109375 968.1107177734375 507.9290771484375 886.7509155273438
1247.5816650390625 815.5617065429688 563.5152587890625 1010.533447265625
995.3470458984375 949.8789672851562 659.9286499023438 793.0523681640625
1221.6822509765625 956.1000366210938 516.3073120117188 889.4380493164062
1244.4771728515625 883.6702270507812 525.9478149414062 949.1152954101562
1293.1212158203125 851.7312622070312 502.0547180175781 1007.1597900390625
1227.534912109375 968.1107177734375 507.9290771484375 886.7509155273438
1062.42578125 839.9418334960938 695.5682373046875 868.9874267578125
1181.9520263671875 748.662109375 683.29833984375 1039.2083740234375
1292.682861328125 864.18359375 495.8226623535156 993.8290405273438
1062.42578125 839.9418334960938 695.5682373046875 868.9874267578125
1061.9403076171875 746.3698120117188 800.0621948242188 937.701171875
