58.22370529174805
61.10646438598633
69.18814849853516
70.61869812011719
70.75308990478516
79.29060363769531
80.62257385253906
83.40264129638672
84.09518432617188
84.17838287353516
84.5103530883789
85.21736907958984
89.8220443725586
92.2713394165039
93.56815338134766
93.80298614501953
94.42457580566406
96.6436767578125
98.11727905273438
98.6610336303711
99.81482696533203
99.94498443603516
100.38924407958984
101.39033508300781
101.45442199707031
102.7618637084961
102.79591369628906
103.16007232666016
103.65808868408203
103.83159637451172
104.31682586669922
105.15702819824219
106.18379974365234
106.7520523071289
108.4758071899414
108.62319946289062
108.74281311035156
108.77040100097656
109.00917053222656
109.7861557006836
109.98636627197266
110.7474594116211
110.92790222167969
111.0810546875
111.2968978881836
111.47196960449219
112.03570556640625
112.78297424316406
113.33137512207031
113.3843002319336
113.59136962890625
113.85517120361328
114.07453918457031
115.10430145263672
115.13904571533203
115.6633071899414
116.80753326416016
117.0
118.52848052978516
118.69709014892578
119.15116119384766
119.28118133544922
119.44454956054688
119.7288589477539
120.79734802246094
122.23747253417969
123.22337341308594
124.69963836669922
125.13992309570312
125.7099838256836
126.06744384765625
126.43575286865234
126.57804107666016
127.2752914428711
127.60093688964844
127.62836456298828
128.0
128.1717529296875
128.44064331054688
128.60015869140625
129.22848510742188
129.45269775390625
129.6071014404297
129.8653106689453
130.23825073242188
131.92800903320312
132.3895721435547
132.51792907714844
132.81565856933594
132.99624633789062
133.2666473388672
133.38290405273438
134.2274169921875
134.55853271484375
135.02963256835938
135.20355224609375
135.3070526123047
135.34031677246094
135.7829132080078
136.4551239013672
136.57232666015625
136.64552307128906
136.7296600341797
137.78968811035156
138.1448516845703
138.55323791503906
138.77679443359375
138.8632354736328
140.132080078125
140.1570587158203
140.1570587158203
140.84033203125
141.74624633789062
141.84498596191406
142.12318420410156
142.21463012695312
142.75503540039062
142.8635711669922
143.06642150878906
143.12582397460938
143.14328002929688
143.33876037597656
143.37364196777344
143.5478973388672
144.3468017578125
144.5406494140625
144.82748413085938
144.91722106933594
145.17575073242188
145.20675659179688
145.31346130371094
145.5094451904297
145.75665283203125
145.83209228515625
145.9451904296875
146.29421997070312
146.948974609375
147.00340270996094
147.11219787597656
147.1767578125
147.28204345703125
147.52627563476562
147.62452697753906
147.71255493164062
147.8512725830078
148.1249542236328
148.28013610839844
148.37452697753906
148.80860900878906
149.50250244140625
149.55601501464844
149.55935668945312
149.72975158691406
149.73643493652344
149.7564697265625
150.2165069580078
150.61209106445312
150.67514038085938
150.678466796875
150.74813842773438
150.77134704589844
150.92713928222656
151.22169494628906
151.23822021484375
151.40013122558594
151.8749542236328
152.10194396972656
152.26622009277344
152.30889892578125
152.70559692382812
153.55130004882812
154.37940979003906
154.55743408203125
154.9741973876953
155.32225036621094
155.89419555664062
155.89419555664062
155.90382385253906
156.3745574951172
156.59182739257812
156.6939697265625
156.90762329101562
157.3944091796875
157.4579315185547
157.48333740234375
157.48651123046875
157.50555419921875
157.6197967529297
157.76565551757812
157.80050659179688
158.06011962890625
158.3192901611328
158.3350830078125
158.88674926757812
159.4615936279297
159.73416137695312
159.78109741210938
159.81239318847656
159.84054565429688
160.14993286132812
160.15304565429688
160.27476501464844
160.3184356689453
160.3683319091797
160.483642578125
160.5521697998047
161.55804443359375
161.92282104492188
162.46231079101562
162.57614135742188
162.76670837402344
162.86497497558594
162.9539794921875
163.10426330566406
163.60928344726562
163.91156005859375
164.29547119140625
164.3319854736328
164.63291931152344
165.03636169433594
165.06968688964844
165.59588623046875
166.03614807128906
166.23777770996094
166.38510131835938
166.66433715820312
166.68833923339844
167.23037719726562
167.25131225585938
167.64247131347656
167.79153442382812
167.8064422607422
167.9583282470703
168.25575256347656
168.37161254882812
168.59715270996094
168.7275848388672
168.90530395507812
169.39007568359375
169.4077911376953
169.62310791015625
169.71151733398438
170.29092407226562
171.04092407226562
171.09353637695312
171.61875915527344
171.97093200683594
172.30206298828125
172.64125061035156
172.673095703125
173.470458984375
173.49351501464844
173.49639892578125
174.92855834960938
174.96286010742188
175.09140014648438
175.11424255371094
175.41949462890625
176.0170440673828
176.01988220214844
176.53045654296875
176.55593872070312
177.20892333984375
177.42604064941406
177.58941650390625
177.74700927734375
178.73443603515625
178.99441528320312
179.00279235839844
179.26795959472656
179.59120178222656
179.60511779785156
179.649658203125
179.69418334960938
179.75816345214844
179.83047485351562
180.13050842285156
180.72354125976562
180.89500427246094
181.34222412109375
182.0164794921875
182.24159240722656
182.62803649902344
182.83872985839844
184.41799926757812
185.02972412109375
185.14588928222656
185.81173706054688
186.22299194335938
186.3142547607422
186.536865234375
187.0882110595703
187.21644592285156
187.62196350097656
187.98403930664062
188.504638671875
188.58950805664062
188.67962646484375
189.15072631835938
189.82887268066406
189.96315002441406
190.92930603027344
192.23683166503906
193.8839874267578
194.023193359375
194.79476928710938
195.17684936523438
195.73196411132812
196.03570556640625
196.61892700195312
196.89590454101562
196.92384338378906
197.16236877441406
197.4841766357422
198.9799041748047
199.1632537841797
199.49435424804688
199.64218139648438
199.8849639892578
200.1424560546875
201.29083251953125
201.81674194335938
202.02474975585938
202.7214813232422
203.09603881835938
203.11080932617188
205.53831481933594
206.96859741210938
207.50662231445312
208.9904327392578
209.28927612304688
209.32510375976562
210.39248657226562
210.46615600585938
210.6869659423828
210.91941833496094
212.86614990234375
214.12612915039062
215.07208251953125
215.76608276367188
216.1434783935547
216.50634765625
217.00230407714844
217.25100708007812
217.80955505371094
220.00454711914062
220.35426330566406
221.54232788085938
221.97747802734375
226.21670532226562
229.2902069091797
231.10171508789062
236.1228485107422
243.6678009033203
