1026.5640869140625 1041.1290283203125 1022.434326171875 925.3560180664062
806.70556640625 990.3547973632812 822.7048950195312 965.2723388671875
1195.3599853515625 761.7454223632812 1006.3348999023438 634.8872680664062
715.98095703125 784.2353515625 569.5772705078125 802.2222900390625
934.3963012695312 1019.2548828125 946.2017211914062 942.8880615234375
946.1029052734375 1038.1767578125 963.2594604492188 951.3458251953125
1163.5794677734375 952.8721923828125 1073.8021240234375 810.8323364257812
995.3470458984375 949.8789672851562 954.2061767578125 860.9303588867188
806.70556640625 990.3547973632812 822.7048950195312 965.2723388671875
818.8402099609375 959.410888671875 813.80322265625 934.3988037109375
973.66845703125 990.6993408203125 958.590087890625 902.2448120117188
939.1375122070312 985.630126953125 931.2879638671875 913.875244140625
799.0272216796875 1004.2208251953125 824.3350219726562 980.0247192382812
1212.4451904296875 830.182861328125 1051.327392578125 694.7203979492188
799.0272216796875 1004.2208251953125 824.3350219726562 980.0247192382812
818.8402099609375 959.410888671875 813.80322265625 934.3988037109375
789.3782348632812 987.5443115234375 805.3529052734375 969.8952026367188
1206.90966796875 961.1500854492188 1103.878173828125 806.4237060546875
1014.6442260742188 863.5721435546875 922.636962890625 779.9459838867188
879.3399047851562 872.9918823242188 809.5758666992188 834.0765380859375
972.3895874023438 1005.8206176757812 966.4381103515625 916.9144897460938
1050.9644775390625 975.1956176757812 1007.585693359375 864.8721923828125
1300.496826171875 876.5092163085938 1126.862060546875 713.5095825195312
1289.7344970703125 646.2457885742188 1012.4978637695312 498.7095947265625
952.1260375976562 1004.1453247070312 950.3009643554688 921.924072265625
789.3782348632812 987.5443115234375 805.3529052734375 969.8952026367188
1046.7760009765625 1035.3023681640625 1032.5892333984375 916.2584228515625
1260.8209228515625 821.96533203125 1078.1015625 674.5372314453125
1401.877197265625 827.1537475585938 1166.3692626953125 646.4559936523438
1393.0362548828125 821.0993041992188 1159.2923583984375 645.0265502929688
1007.4391479492188 1038.88134765625 1007.1525268554688 929.216796875
800.0823364257812 952.297119140625 792.1146850585938 934.2830200195312
1416.005126953125 991.5958862304688 1232.7301025390625 773.805419921875
1013.9747924804688 978.405029296875 983.8299560546875 878.2075805664062
755.4991455078125 979.6680297851562 768.0167236328125 977.3283081054688
1195.3599853515625 761.7454223632812 1006.3348999023438 634.8872680664062
1163.5794677734375 952.8721923828125 1073.8021240234375 810.8323364257812
740.1930541992188 1023.2724609375 783.0978393554688 1021.4404296875
1309.838134765625 858.9690551757812 1126.3128662109375 699.1660766601562
781.2686157226562 961.1997680664062 780.716796875 950.5162963867188
897.7059936523438 829.7579345703125 799.816162109375 784.6214599609375
1210.4412841796875 994.6475830078125 1119.3892822265625 830.3554077148438
1062.7635498046875 852.3425903320312 953.8677978515625 755.2537841796875
1221.6822509765625 956.1000366210938 1110.5933837890625 797.3154907226562
773.2999877929688 1012.7909545898438 806.3931274414062 999.5043334960938
1208.2041015625 859.565185546875 1062.6448974609375 723.8894653320312
781.2686157226562 961.1997680664062 780.716796875 950.5162963867188
1553.0888671875 1006.166015625 1305.2186279296875 756.5313110351562
747.5133056640625 1004.4172973632812 778.263427734375 1001.7975463867188
1201.32666015625 827.6206665039062 1041.99365234375 693.7907104492188
1079.899169921875 822.1526489257812 950.3310546875 722.4149780273438
1062.7635498046875 852.3425903320312 953.8677978515625 755.2537841796875
966.5932006835938 1018.44384765625 967.1356811523438 927.9522705078125
1204.324951171875 842.6904907226562 1050.62353515625 708.19580078125
1204.324951171875 842.6904907226562 1050.62353515625 708.19580078125
952.5868530273438 1021.3616333007812 958.9888916015625 935.9918212890625
1499.60791015625 965.227294921875 1265.6031494140625 736.561279296875
823.2131958007812 837.181640625 732.8886108398438 817.9408569335938
897.7059936523438 829.7579345703125 799.816162109375 784.6214599609375
595.9409790039062 961.5310668945312 588.3976440429688 1033.74072265625
966.5932006835938 1018.44384765625 967.1356811523438 927.9522705078125
1200.5550537109375 982.2090454101562 1109.9737548828125 825.3450927734375
1467.73876953125 973.6447143554688 1251.3272705078125 750.2181396484375
1499.062744140625 990.7017211914062 1272.9923095703125 755.5396728515625
1210.4412841796875 994.6475830078125 1119.3892822265625 830.3554077148438
1438.359619140625 1003.102783203125 1248.98583984375 778.2003173828125
975.3155517578125 845.0369873046875 877.798583984375 774.3681640625
1485.196533203125 1005.2637939453125 1271.712158203125 769.385009765625
1228.070556640625 751.9610595703125 1023.884033203125 619.2680053710938
1296.296630859375 1014.9555053710938 1176.7298583984375 824.3248901367188
1437.1650390625 853.9988403320312 1195.7491455078125 664.0994262695312
1221.6683349609375 840.88818359375 1062.1292724609375 700.583740234375
1296.296630859375 1014.9555053710938 1176.7298583984375 824.3248901367188
1228.464599609375 764.9683837890625 1030.2142333984375 631.9074096679688
1031.365234375 840.2545776367188 923.089111328125 753.97021484375
724.7296142578125 808.0883178710938 601.3695678710938 823.8488159179688
1146.7781982421875 556.5967407226562 843.2088623046875 421.6781005859375
1440.613037109375 873.0391235351562 1205.458984375 680.2802734375
881.23388671875 832.755126953125 786.181884765625 794.467041015625
1047.2862548828125 834.922119140625 931.2919311523438 742.9119262695312
1408.749267578125 841.5045166015625 1177.68310546875 660.391357421875
991.2994995117188 1004.1445922851562 978.9285888671875 907.8680419921875
1374.71533203125 663.1002807617188 1081.478271484375 506.5415344238281
746.2554931640625 961.9818115234375 746.7448120117188 966.0267944335938
991.2994995117188 1004.1445922851562 978.9285888671875 907.8680419921875
1267.9532470703125 842.2308349609375 1093.5665283203125 693.6238403320312
674.8434448242188 821.5513305664062 553.9424438476562 858.6441650390625
1277.342529296875 853.3364868164062 1102.6630859375 699.5084228515625
906.3566284179688 847.3357543945312 817.4676513671875 796.1642456054688
1010.5499877929688 1005.2118530273438 994.1262817382812 903.5770874023438
1203.457275390625 671.9974365234375 962.2109375 544.1192016601562
1013.1173706054688 846.0043334960938 909.0098266601562 764.2606811523438
1213.5792236328125 668.7987670898438 967.8389892578125 537.8892211914062
1274.8604736328125 833.080322265625 1091.1947021484375 681.3184814453125
1233.30712890625 1023.7796630859375 1147.7459716796875 849.6598510742188
1031.365234375 840.2545776367188 923.089111328125 753.97021484375
1267.9532470703125 842.2308349609375 1093.5665283203125 693.6238403320312
500.4645690917969 825.0941772460938 322.000732421875 942.6392211914062
1318.4102783203125 655.1632080078125 1038.999755859375 505.02459716796875
1062.42578125 839.9418334960938 947.5225219726562 744.8087158203125
1455.32958984375 987.8199462890625 1250.281494140625 764.2357788085938
1241.686279296875 858.6909790039062 1080.6590576171875 710.1110229492188
678.1431274414062 800.8424072265625 541.3272094726562 834.4434814453125
