806.70556640625 990.3547973632812 1040.4532470703125 806.6469116210938
727.743408203125 972.5469360351562 1045.59765625 859.1276245117188
740.1930541992188 1023.2724609375 1076.5743408203125 833.0089111328125
735.2667846679688 991.5009155273438 1055.964599609375 848.3453979492188
773.2999877929688 1012.7909545898438 1062.6414794921875 818.2689819335938
776.0357666015625 978.6696166992188 1038.2978515625 828.8757934570312
755.4991455078125 979.6680297851562 1042.20068359375 842.26708984375
848.3575439453125 965.420654296875 1012.0776977539062 793.76806640625
952.1260375976562 1004.1453247070312 1019.6137084960938 733.0882568359375
595.7125244140625 990.690185546875 1092.379638671875 943.5816040039062
991.2994995117188 1004.1445922851562 1012.1083984375 716.7327270507812
612.9223022460938 991.8577270507812 1087.4796142578125 929.6768188476562
