107.80074310302734
115.39497375488281
115.44696044921875
123.6850814819336
126.12295532226562
127.50294494628906
129.6109619140625
134.97036743164062
135.88230895996094
137.6953125
146.21217346191406
153.1437225341797
155.55706787109375
156.1441650390625
158.94967651367188
162.2528839111328
168.9822540283203
173.29454040527344
174.05459594726562
175.59327697753906
188.7696990966797
196.66213989257812
199.3940887451172
201.5489959716797
205.29490661621094
208.84683227539062
209.94046020507812
211.35987854003906
214.27786254882812
224.77989196777344
228.06358337402344
234.6422882080078
