1025.94677734375 787.47314453125 742.9439697265625 813.0176391601562
1025.94677734375 787.47314453125 742.9439697265625 813.0176391601562
1014.5305786132812 786.726806640625 752.4923706054688 812.23291015625
1031.134521484375 807.7461547851562 738.6705322265625 795.6925659179688
1031.134521484375 807.7461547851562 738.6705322265625 795.6925659179688
1034.1156005859375 727.9113159179688 733.6244506835938 876.7025146484375
1034.1156005859375 727.9113159179688 733.6244506835938 876.7025146484375
1020.4949340820312 731.33740234375 747.4679565429688 870.6559448242188
1014.5305786132812 786.726806640625 752.4923706054688 812.23291015625
1035.9581298828125 698.5196533203125 732.7843017578125 919.0504150390625
1011.3416137695312 825.3847045898438 753.7774658203125 780.472900390625
1015.5084228515625 813.9757690429688 750.742919921875 789.6429443359375
1008.85009765625 721.0785522460938 760.626708984375 884.1400756835938
