71.6658935546875
84.71127319335938
92.48242950439453
101.0
103.43113708496094
104.52751159667969
118.4229736328125
123.72954559326172
126.64517211914062
130.49520874023438
131.0190887451172
131.7611541748047
135.35877990722656
139.25875854492188
143.18170166015625
143.57923889160156
143.72543334960938
146.08901977539062
146.59808349609375
147.5567626953125
156.28500366210938
156.85662841796875
160.51480102539062
160.9192352294922
162.1357421875
162.2405548095703
162.4684600830078
175.26551818847656
180.58792114257812
181.5874481201172
192.58505249023438
209.14588928222656
209.59962463378906
224.19410705566406
254.33836364746094
