62.75348663330078
72.60165405273438
82.37718200683594
96.59192657470703
102.31324768066406
102.40605163574219
102.82022857666016
103.55674743652344
104.81889343261719
109.78160095214844
113.40193939208984
113.57816314697266
116.96153259277344
119.11338806152344
123.45849609375
128.9185791015625
130.29197692871094
130.47605895996094
133.48782348632812
134.93331909179688
138.88124084472656
141.51324462890625
141.5238494873047
142.36923217773438
143.57923889160156
148.46548461914062
149.1945037841797
150.19985961914062
150.29969787597656
159.0943145751953
167.4962615966797
173.30032348632812
174.8284912109375
175.735595703125
175.801025390625
178.3143310546875
178.55812072753906
180.13050842285156
187.8882598876953
188.58419799804688
189.80780029296875
190.9764404296875
195.71151733398438
199.67974853515625
202.9778289794922
205.50912475585938
218.9771728515625
220.89816284179688
229.11569213867188
229.6497344970703
234.8275909423828
236.13555908203125
238.34219360351562
240.80697631835938
240.9169921875
271.50689697265625
