76.50489807128906
104.93807983398438
106.60206604003906
108.91739654541016
112.39217376708984
114.56002807617188
118.75183868408203
121.84416198730469
122.1187973022461
124.10882568359375
126.80693817138672
128.29652404785156
128.76722717285156
136.63455200195312
137.3317108154297
137.34991455078125
137.86587524414062
145.2342987060547
149.31175231933594
153.72052001953125
160.75135803222656
165.85836791992188
169.8499298095703
175.60182189941406
178.13197326660156
183.82057189941406
191.0811309814453
191.73419189453125
193.6775665283203
196.9669952392578
197.1065673828125
215.8795928955078
219.05706787109375
221.6822052001953
235.0319061279297
244.89385986328125
