54.16640853881836
56.73623275756836
65.29165649414062
65.93936920166016
75.3923110961914
78.44743347167969
78.466552734375
78.49203491210938
83.16249084472656
84.14273834228516
84.39786529541016
84.93527221679688
86.12781524658203
86.80437469482422
88.0624771118164
89.52095031738281
90.42676544189453
91.34002685546875
91.66787719726562
91.69514465332031
92.2333984375
92.80086517333984
95.42536163330078
95.53533172607422
95.90099334716797
96.10411071777344
96.3846435546875
97.25739288330078
97.90301513671875
98.0051040649414
99.28242492675781
99.32774353027344
100.15987396240234
100.66280364990234
100.81170654296875
100.81666564941406
100.90589904785156
101.04454803466797
102.37187194824219
102.43046569824219
103.0630874633789
103.53260040283203
103.59053802490234
103.8508529663086
104.65657806396484
104.88565063476562
104.98094940185547
105.10946655273438
105.73551940917969
105.9433822631836
106.169677734375
106.35318756103516
106.39079284667969
107.23805236816406
107.79610443115234
109.0962905883789
109.31605529785156
111.09455108642578
111.28791809082031
111.66020202636719
111.68706512451172
112.20516967773438
112.54332733154297
112.56997680664062
112.72089385986328
112.81400299072266
113.32695770263672
113.35784149169922
113.6133804321289
113.75851440429688
114.62983703613281
114.6429214477539
114.83901977539062
115.75836944580078
115.81018829345703
116.06463623046875
116.18519592285156
116.52896881103516
116.86316680908203
117.58826446533203
117.9237060546875
118.13551330566406
118.20744323730469
118.22013092041016
118.25396728515625
118.30891418457031
118.62124633789062
118.82760620117188
119.19731903076172
119.20989990234375
119.33566284179688
119.39849090576172
119.70380401611328
120.09996032714844
120.15406799316406
120.32040405273438
120.92146301269531
121.2435531616211
121.35485076904297
121.83184814453125
122.26201629638672
122.4744873046875
122.56427001953125
122.68659210205078
122.7232666015625
122.84542846679688
122.93901062011719
123.1259536743164
123.38152313232422
123.71337890625
123.88704681396484
123.94757080078125
124.0
124.08464813232422
124.56324005126953
124.86392974853516
124.91197204589844
125.50299072265625
125.59458923339844
125.66224670410156
125.89678192138672
125.98412322998047
126.23786926269531
126.28935241699219
126.2933120727539
126.40806579589844
126.43971252441406
126.47134399414062
126.75172424316406
127.031494140625
127.11412048339844
127.16524505615234
127.20848846435547
127.49117279052734
128.69732666015625
129.0658721923828
129.1239776611328
129.20913696289062
129.64181518554688
129.86146545410156
129.8922576904297
130.09996032714844
130.19216918945312
130.71725463867188
130.78225708007812
130.9121856689453
130.91983032226562
131.28213500976562
131.43820190429688
131.66624450683594
131.93179321289062
132.08709716796875
132.14385986328125
132.1816864013672
132.75918579101562
132.762939453125
132.94735717773438
133.13902282714844
133.64878845214844
133.75350952148438
133.8133087158203
133.8880157470703
134.11935424804688
134.51022338867188
134.6885223388672
134.90367126464844
135.05184936523438
135.2146453857422
135.68345642089844
135.8271026611328
135.88966369628906
136.50640869140625
136.7991180419922
136.86854553222656
137.2661590576172
137.28073120117188
137.4809112548828
137.85862731933594
138.0289764404297
138.0289764404297
138.22084045410156
138.30401611328125
138.54241943359375
138.54241943359375
138.99639892578125
139.41305541992188
139.58151245117188
139.8105926513672
139.8856658935547
140.04998779296875
140.39942932128906
140.40298461914062
140.48843383789062
140.7408905029297
141.1417694091797
141.2727813720703
141.30816650390625
141.38600158691406
141.9013671875
141.94012451171875
142.0739288330078
142.08448791503906
142.32708740234375
143.25502014160156
143.4119873046875
143.50958251953125
144.19778442382812
144.22552490234375
144.48875427246094
144.88961791992188
145.11375427246094
145.1171875
145.4647674560547
145.63653564453125
145.67771911621094
145.7772216796875
145.83209228515625
146.12322998046875
146.45477294921875
146.676513671875
146.90472412109375
147.2243194580078
147.326171875
147.4754180908203
147.6651611328125
148.25990295410156
148.71449279785156
148.75146484375
148.91944885253906
149.61952209472656
149.67965698242188
149.73977661132812
149.80987548828125
149.94332885742188
149.99000549316406
150.04666137695312
150.39947509765625
150.96026611328125
150.9735107421875
151.04966735839844
151.0728302001953
151.26136779785156
151.7003631591797
152.2793426513672
152.34828186035156
152.40078735351562
152.63027954101562
152.66957092285156
152.96078491210938
153.39491271972656
153.39491271972656
153.40142822265625
153.48941040039062
153.74655151367188
153.80506896972656
153.9870147705078
154.27572631835938
154.55743408203125
154.61888122558594
154.96128845214844
155.0354766845703
155.2353057861328
155.46060180664062
155.4766845703125
155.7080535888672
155.74017333984375
157.2227783203125
157.53094482421875
157.54998779296875
157.76248168945312
158.53076171875
159.1383056640625
159.69972229003906
160.0343780517578
160.25917053222656
160.51480102539062
160.99688720703125
161.17071533203125
162.09873962402344
162.15733337402344
162.4253692626953
163.4564208984375
163.50840759277344
163.92376708984375
164.52963256835938
165.26040649414062
166.80227661132812
167.40370178222656
167.53805541992188
168.3300323486328
168.81646728515625
169.301513671875
170.48753356933594
170.49046325683594
170.6985626220703
171.0350799560547
171.24835205078125
171.3155059814453
171.32424926757812
171.9941864013672
172.05813598632812
172.21498107910156
173.1473388671875
174.2412109375
174.3330078125
175.19703674316406
175.41664123535156
175.74981689453125
176.1363067626953
176.56443786621094
176.95196533203125
177.37530517578125
177.7357635498047
177.84825134277344
178.11512756347656
178.4965057373047
178.647705078125
179.11727905273438
179.24842834472656
179.63851928710938
179.71644592285156
180.51593017578125
180.56578063964844
180.68203735351562
181.344970703125
181.81858825683594
183.4175567626953
183.71173095703125
184.14125061035156
184.14939880371094
184.1575469970703
185.68252563476562
186.2337188720703
186.45375061035156
186.74581909179688
187.45132446289062
187.50466918945312
187.9228515625
190.32078552246094
190.4730987548828
190.62791442871094
191.40794372558594
191.91404724121094
192.13015747070312
192.9429931640625
193.04920959472656
193.51744079589844
193.53294372558594
194.33218383789062
195.3253631591797
196.00254821777344
198.7032928466797
199.52694702148438
199.6271514892578
199.76486206054688
200.44700622558594
201.94058227539062
201.97276306152344
202.6622772216797
204.01470947265625
205.5894012451172
206.76556396484375
208.76541137695312
209.24148559570312
214.9976806640625
219.3900604248047
220.38375854492188
220.7464599609375
222.7509765625
222.86094665527344
225.34861755371094
226.08184814453125
226.86338806152344
229.1702423095703
244.10653686523438
250.4076690673828
