677.1826171875 1039.8284912109375 1166.283447265625 684.178955078125
608.119873046875 1006.8634033203125 1173.8837890625 724.2737426757812
642.6192626953125 980.1560668945312 1147.9368896484375 719.8464965820312
669.6104125976562 961.3812866210938 1127.3726806640625 714.8433837890625
663.6046752929688 997.2466430664062 1149.734130859375 703.8802490234375
696.9190673828125 1006.0889282226562 1143.467041015625 687.0409545898438
723.5582275390625 1003.5315551757812 1133.2481689453125 677.0858764648438
685.0640258789062 1029.8485107421875 1159.537841796875 683.911865234375
667.8031616210938 1010.2434692382812 1155.319091796875 697.25390625
619.015380859375 987.12060546875 1159.91357421875 727.6220092773438
712.7588500976562 799.8605346679688 971.919677734375 779.1809692382812
540.0667114257812 916.015869140625 1144.1072998046875 807.9583129882812
631.2196655273438 991.3267822265625 1157.5167236328125 720.6875
330.94891357421875 929.8248901367188 1257.667236328125 949.8212890625
690.09326171875 978.2412719726562 1130.146484375 699.1705322265625
663.6046752929688 997.2466430664062 1149.734130859375 703.8802490234375
360.51190185546875 913.2369384765625 1236.2933349609375 944.2619018554688
571.2774047851562 904.5518798828125 1125.16259765625 797.5264282226562
683.9821166992188 966.5845336914062 1125.1917724609375 706.2302856445312
639.1654052734375 1031.5096435546875 1175.0548095703125 701.8614501953125
683.9821166992188 966.5845336914062 1125.1917724609375 706.2302856445312
667.8031616210938 1010.2434692382812 1155.319091796875 697.25390625
696.9190673828125 1006.0889282226562 1143.467041015625 687.0409545898438
533.8895874023438 824.4531860351562 1070.9979248046875 896.7706298828125
619.1572875976562 1013.6138916015625 1173.0203857421875 717.4692993164062
704.25439453125 967.2206420898438 1118.913330078125 696.6351318359375
635.8150024414062 873.0567626953125 1075.5692138671875 776.4527587890625
614.8775634765625 893.7974853515625 1100.011474609375 778.0077514648438
402.418701171875 1010.3003540039062 1259.6783447265625 830.7485961914062
