1249.5113525390625 713.361083984375 383.441162109375 785.0869140625
696.9190673828125 1006.0889282226562 941.0639038085938 598.4901123046875
476.1999816894531 812.3065795898438 1197.57861328125 957.051025390625
717.799560546875 974.1411743164062 926.0664672851562 611.1436157226562
682.09716796875 996.189208984375 947.607177734375 606.7984008789062
663.6046752929688 997.2466430664062 957.8014526367188 610.5889892578125
663.3523559570312 1031.57958984375 959.4796752929688 592.8724975585938
703.610107421875 1029.9183349609375 939.3948974609375 585.3035278320312
683.9821166992188 966.5845336914062 944.424560546875 623.8554077148438
667.8031616210938 1010.2434692382812 954.9931640625 603.0052490234375
717.799560546875 974.1411743164062 926.0664672851562 611.1436157226562
614.8775634765625 893.7974853515625 981.2776489257812 699.2815551757812
