950.9308471679688 778.2000122070312 687.6307983398438 885.3427124023438
1071.7843017578125 872.762451171875 557.2156982421875 825.2863159179688
964.638671875 800.0394287109375 666.3938598632812 863.70361328125
983.7341918945312 804.5254516601562 645.5516357421875 865.3775634765625
982.1236572265625 811.7232055664062 646.2330322265625 856.9998168945312
948.307861328125 784.7723999023438 687.631591796875 876.4603271484375
982.9223022460938 798.7459106445312 648.030029296875 872.1512451171875
1071.7843017578125 872.762451171875 557.2156982421875 825.2863159179688
1011.4467163085938 790.357421875 619.9840698242188 892.3547973632812
985.7960205078125 834.9716796875 638.3878173828125 834.215576171875
983.5629272460938 822.2543334960938 643.1174926757812 846.2008666992188
998.633056640625 808.5187377929688 628.9309692382812 866.01513671875
937.2498779296875 789.9874267578125 697.1414794921875 865.9204711914062
965.36083984375 805.8552856445312 663.7225952148438 857.2521362304688
976.68212890625 787.5105590820312 657.3624877929688 883.2490844726562
982.9223022460938 798.7459106445312 648.030029296875 872.1512451171875
985.7960205078125 834.9716796875 638.3878173828125 834.215576171875
1006.7271728515625 815.9509887695312 620.8427124023438 862.0748901367188
992.3434448242188 817.1654052734375 633.9736328125 855.1756591796875
974.5122680664062 802.4307861328125 655.909912109375 865.58251953125
965.36083984375 805.8552856445312 663.7225952148438 857.2521362304688
951.361083984375 806.8334350585938 677.341552734375 852.2020874023438
964.638671875 800.0394287109375 666.3938598632812 863.70361328125
989.817626953125 957.3449096679688 617.1585693359375 749.1634521484375
991.0902099609375 774.25244140625 643.55859375 906.363525390625
991.0902099609375 774.25244140625 643.55859375 906.363525390625
946.31884765625 813.5846557617188 680.0870361328125 843.2513427734375
937.2498779296875 789.9874267578125 697.1414794921875 865.9204711914062
965.4131469726562 771.1810302734375 674.6272583007812 900.4442138671875
961.964599609375 778.5955200195312 675.6954345703125 889.6103515625
942.7711791992188 779.1135864257812 696.2864379882812 880.7243041992188
