1359.5626220703125 1003.4923706054688 1348.2181396484375 900.0047607421875
1367.9915771484375 881.96875 1366.02490234375 801.8499145507812
321.053466796875 817.9954223632812 472.3036804199219 629.57080078125
1247.9627685546875 1016.194091796875 1260.4310302734375 899.82421875
1121.2843017578125 971.4532470703125 1162.080078125 852.1287231445312
1400.0419921875 880.7595825195312 1392.191162109375 803.9319458007812
1275.9573974609375 997.7008056640625 1283.58642578125 887.9315185546875
1121.2843017578125 971.4532470703125 1162.080078125 852.1287231445312
1291.31591796875 1006.243408203125 1295.2054443359375 895.2522583007812
1305.399169921875 1017.1781005859375 1305.014892578125 905.3289184570312
1305.399169921875 1017.1781005859375 1305.014892578125 905.3289184570312
1375.1722412109375 879.0173950195312 1372.302001953125 799.9737548828125
1354.2958984375 987.6806030273438 1345.4892578125 887.1436767578125
1369.2332763671875 1034.25634765625 1353.1212158203125 924.3624877929688
1260.3756103515625 986.0418701171875 1271.61572265625 877.4712524414062
992.2396240234375 821.8021850585938 1058.551513671875 713.2529907226562
1190.460205078125 846.7839965820312 1222.52490234375 753.9351196289062
1295.756103515625 1021.309814453125 1297.21826171875 907.6652221679688
1417.195556640625 894.9486083984375 1404.3175048828125 818.0623779296875
1355.8494873046875 826.1397705078125 1361.70947265625 752.21533203125
1125.542724609375 957.9083251953125 1166.0428466796875 841.5790405273438
994.14404296875 366.0531005859375 1049.212890625 196.6359405517578
1266.0289306640625 932.1650390625 1280.26025390625 833.4859619140625
1231.3455810546875 680.1843872070312 1267.2801513671875 600.5061645507812
1110.2623291015625 909.5933227539062 1154.341796875 799.4483032226562
1292.21826171875 868.9920654296875 1305.348388671875 784.1092529296875
1110.2623291015625 909.5933227539062 1154.341796875 799.4483032226562
1275.9573974609375 997.7008056640625 1283.58642578125 887.9315185546875
1379.237060546875 887.9509887695312 1374.67626953125 808.2447509765625
1373.787841796875 961.5762329101562 1363.266357421875 868.66552734375
1389.7760009765625 831.9522705078125 1388.985595703125 760.797607421875
1378.8642578125 829.8936767578125 1380.351318359375 757.8375854492188
1333.184814453125 1024.2764892578125 1326.2490234375 913.8683471679688
1101.92236328125 966.1771850585938 1146.6446533203125 845.8519897460938
1416.4066162109375 835.0750732421875 1410.086669921875 765.0996704101562
1357.057861328125 953.61083984375 1350.564453125 860.173828125
1165.64111328125 839.666748046875 1201.8787841796875 744.8004760742188
1214.6280517578125 718.4329833984375 1249.8980712890625 636.8828125
1378.8642578125 829.8936767578125 1380.351318359375 757.8375854492188
1343.115966796875 877.213623046875 1346.0982666015625 795.415771484375
1330.2149658203125 872.12939453125 1336.457275390625 790.009033203125
1101.92236328125 966.1771850585938 1146.6446533203125 845.8519897460938
1314.376953125 831.9026489257812 1326.8167724609375 752.6990356445312
1232.677734375 652.2154541015625 1270.271484375 571.8270874023438
1266.2606201171875 1009.59326171875 1274.9866943359375 895.977783203125
1125.542724609375 957.9083251953125 1166.0428466796875 841.5790405273438
1084.0810546875 714.14599609375 1135.068603515625 618.0577392578125
1405.7738037109375 765.987548828125 1409.934326171875 702.7048950195312
1220.0771484375 674.0996704101562 1257.6419677734375 593.051513671875
1293.0439453125 989.0947875976562 1297.54345703125 882.4992065429688
1373.787841796875 961.5762329101562 1363.266357421875 868.66552734375
1266.2606201171875 1009.59326171875 1274.9866943359375 895.977783203125
1309.7086181640625 864.0494995117188 1320.105224609375 781.3090209960938
1400.7647705078125 964.0611572265625 1384.1474609375 871.8302001953125
1051.7510986328125 710.0588989257812 1106.4527587890625 610.2693481445312
1228.169921875 716.3109130859375 1262.4140625 635.4102783203125
1125.5872802734375 655.076171875 1173.702880859375 562.5120239257812
1098.31982421875 938.0817260742188 1144.135986328125 822.5178833007812
1331.1903076171875 823.2394409179688 1341.80322265625 747.2001953125
985.2440185546875 374.84539794921875 1038.9583740234375 205.08522033691406
1232.677734375 652.2154541015625 1270.271484375 571.8270874023438
1185.9588623046875 841.934814453125 1218.8851318359375 749.1800537109375
1322.2926025390625 727.9323120117188 1344.0045166015625 657.4365234375
1212.765380859375 728.1729125976562 1247.8035888671875 646.1793212890625
1354.2958984375 987.6806030273438 1345.4892578125 887.1436767578125
1220.0771484375 674.0996704101562 1257.6419677734375 593.051513671875
1404.366455078125 845.9737548828125 1399.7110595703125 774.536376953125
1404.366455078125 845.9737548828125 1399.7110595703125 774.536376953125
1190.460205078125 846.7839965820312 1222.52490234375 753.9351196289062
1312.668212890625 1006.746337890625 1311.33056640625 898.0155029296875
1120.130126953125 656.0567626953125 1167.97412109375 562.763916015625
1392.9483642578125 759.9678955078125 1399.705810546875 695.6458129882812
1153.7313232421875 792.5670166015625 1194.279052734375 701.2478637695312
1082.7969970703125 971.6817016601562 1131.419189453125 848.4637451171875
1356.0804443359375 1034.2969970703125 1343.16650390625 923.248779296875
1125.5872802734375 655.076171875 1173.702880859375 562.5120239257812
1332.7896728515625 965.2355346679688 1330.2548828125 867.247802734375
1398.6748046875 859.8980102539062 1393.670166015625 786.0198364257812
1378.6568603515625 1023.8255615234375 1361.2828369140625 917.4234619140625
1172.4171142578125 831.1055297851562 1208.48876953125 738.0597534179688
1401.0911865234375 830.09521484375 1399.671875 760.5274658203125
1133.906005859375 923.2369995117188 1173.283203125 813.8302612304688
1367.72998046875 866.4363403320312 1367.96044921875 788.4458618164062
1361.064208984375 748.4607543945312 1373.55029296875 681.1397705078125
1355.8494873046875 826.1397705078125 1361.70947265625 752.21533203125
1120.5784912109375 648.4456176757812 1169.5947265625 555.0772094726562
1396.992919921875 835.8930053710938 1394.8753662109375 765.254638671875
1383.3802490234375 867.314208984375 1379.927734375 790.6376342773438
1420.6500244140625 740.9793701171875 1425.728759765625 679.7084350585938
1090.459716796875 702.9777221679688 1140.75732421875 607.574462890625
1330.2149658203125 872.12939453125 1336.457275390625 790.009033203125
1170.2750244140625 707.8534545898438 1212.1031494140625 621.5391845703125
1061.6072998046875 938.3621826171875 1114.1556396484375 818.88720703125
1345.1966552734375 869.0314331054688 1348.931884765625 788.025634765625
1138.845947265625 825.1517944335938 1180.1180419921875 729.2289428710938
1368.1077880859375 825.1417236328125 1372.1151123046875 752.4855346679688
1381.1466064453125 695.5703125 1397.2572021484375 633.0095825195312
1203.3399658203125 818.8414916992188 1234.666015625 730.2162475585938
1061.6072998046875 938.3621826171875 1114.1556396484375 818.88720703125
1099.3519287109375 683.5580444335938 1149.8992919921875 589.1197509765625
1092.1729736328125 952.5535278320312 1138.974853515625 834.1104125976562
1349.924072265625 830.9208374023438 1356.3775634765625 755.61083984375
1084.0810546875 714.14599609375 1135.068603515625 618.0577392578125
1185.9588623046875 841.934814453125 1218.8851318359375 749.1800537109375
1107.6929931640625 834.032470703125 1153.466796875 733.8060302734375
1105.1553955078125 698.9708251953125 1153.8955078125 605.2804565429688
1335.09814453125 665.202392578125 1361.2120361328125 596.97900390625
1375.1722412109375 879.0173950195312 1372.302001953125 799.9737548828125
1235.814208984375 667.770263671875 1271.991455078125 588.2612915039062
1054.199462890625 942.5906372070312 1109.0687255859375 821.729248046875
1378.6568603515625 1023.8255615234375 1361.2828369140625 917.4234619140625
1334.40283203125 660.4583129882812 1360.882080078125 591.1098022460938
1178.8397216796875 814.3248901367188 1214.520263671875 723.5443725585938
1143.6060791015625 641.981201171875 1191.1201171875 549.9183959960938
1336.15673828125 841.60888671875 1344.019287109375 763.8062744140625
1069.12451171875 712.4522705078125 1122.1826171875 614.6856689453125
1389.7760009765625 831.9522705078125 1388.985595703125 760.797607421875
1394.0789794921875 737.087158203125 1404.5054931640625 673.9979858398438
1259.0517578125 674.7613525390625 1292.2857666015625 598.2133178710938
1384.7855224609375 837.2977294921875 1384.1318359375 764.7271118164062
1375.2930908203125 775.2801513671875 1384.0863037109375 708.99658203125
1385.7718505859375 881.5834350585938 1380.78857421875 803.2232055664062
1309.00244140625 1031.0181884765625 1306.8665771484375 916.3663940429688
1111.537841796875 629.7431030273438 1162.001708984375 534.0771484375
1208.30712890625 675.864013671875 1246.8468017578125 593.6566162109375
1080.53271484375 896.5431518554688 1130.3275146484375 785.8434448242188
1132.98193359375 814.4422607421875 1175.558837890625 718.9322509765625
1194.72216796875 808.2091064453125 1228.1885986328125 719.6692504882812
1087.0648193359375 921.7200927734375 1135.724609375 808.2609252929688
1336.5958251953125 975.6373291015625 1332.6981201171875 876.1416015625
1069.12451171875 712.4522705078125 1122.1826171875 614.6856689453125
1280.722412109375 952.71337890625 1290.75732421875 850.0222778320312
946.2596435546875 861.1524658203125 1018.158447265625 741.341552734375
1393.562744140625 1001.1698608398438 1374.6068115234375 901.7217407226562
1211.66259765625 658.889892578125 1251.354736328125 576.6072387695312
743.779296875 426.7115783691406 793.9198608398438 241.51165771484375
1210.4542236328125 806.6793212890625 1241.3720703125 719.8612670898438
1207.6221923828125 827.140380859375 1237.5406494140625 738.2305297851562
1089.51611328125 685.549560546875 1140.63330078125 589.9533081054688
1358.0791015625 734.8419799804688 1373.38525390625 668.6326904296875
1420.6500244140625 740.9793701171875 1425.728759765625 679.7084350585938
1341.0748291015625 678.12890625 1364.805419921875 610.60107421875
1150.4256591796875 804.9392700195312 1190.6029052734375 711.923828125
1380.2955322265625 737.2703857421875 1391.326171875 672.69775390625
1361.064208984375 748.4607543945312 1373.55029296875 681.1397705078125
1131.970947265625 931.2783813476562 1171.411376953125 820.0892944335938
1409.6590576171875 747.9525146484375 1415.5072021484375 686.0099487304688
1080.5277099609375 944.2460327148438 1129.72021484375 826.135986328125
1170.246826171875 821.8304443359375 1206.94970703125 729.33984375
1296.7166748046875 971.2840576171875 1301.6739501953125 868.7862548828125
1069.9847412109375 920.3836059570312 1121.1602783203125 805.4929809570312
1150.4256591796875 804.9392700195312 1190.6029052734375 711.923828125
1125.1171875 918.5529174804688 1166.5213623046875 809.0687255859375
1149.64404296875 843.8153686523438 1188.33349609375 747.1011962890625
1194.7197265625 799.5048217773438 1228.476806640625 711.6734008789062
497.7774353027344 890.9046020507812 642.3775024414062 718.6505126953125
1416.4066162109375 835.0750732421875 1410.086669921875 765.0996704101562
1146.6190185546875 984.857421875 1182.4871826171875 865.1328735351562
1134.8782958984375 972.6893920898438 1172.9952392578125 854.1206665039062
1054.199462890625 942.5906372070312 1109.0687255859375 821.729248046875
1239.31494140625 731.3922119140625 1270.6055908203125 652.1890258789062
1133.906005859375 923.2369995117188 1173.283203125 813.8302612304688
1358.9779052734375 685.3148193359375 1378.9375 619.7256469726562
1412.74072265625 697.1669311523438 1424.7994384765625 637.3434448242188
1011.1793212890625 814.2587280273438 1074.462890625 705.9591674804688
1209.7877197265625 853.79931640625 1238.0577392578125 762.24365234375
1406.23681640625 690.7117919921875 1420.442626953125 630.4034423828125
969.1552734375 873.7009887695312 1038.1357421875 754.560546875
1383.4066162109375 663.6533813476562 1404.3487548828125 600.5833740234375
1155.171875 828.4017944335938 1194.192626953125 733.6956787109375
1050.7451171875 704.1923217773438 1105.572265625 604.2694091796875
1385.7928466796875 766.3439331054688 1393.2904052734375 700.8434448242188
1104.3592529296875 626.8450317382812 1155.899658203125 530.0753784179688
1070.245849609375 884.9317016601562 1121.79345703125 774.96533203125
1254.4315185546875 718.0413818359375 1285.3853759765625 640.1445922851562
1412.74072265625 697.1669311523438 1424.7994384765625 637.3434448242188
1358.9779052734375 685.3148193359375 1378.9375 619.7256469726562
1155.171875 828.4017944335938 1194.192626953125 733.6956787109375
1418.08642578125 779.9491577148438 1418.2166748046875 717.2958374023438
1180.4327392578125 848.6171875 1213.890869140625 754.4121704101562
1213.1607666015625 662.5370483398438 1252.657958984375 580.300048828125
1392.9483642578125 759.9678955078125 1399.705810546875 695.6458129882812
1395.8135986328125 746.9168090820312 1403.7340087890625 683.8609619140625
1178.8397216796875 814.3248901367188 1214.520263671875 723.5443725585938
1179.453369140625 834.4857788085938 1213.92529296875 741.9569702148438
1403.0633544921875 754.0595092773438 1409.824951171875 691.409912109375
1371.8765869140625 1008.8821411132812 1357.092529296875 905.5513916015625
1313.5087890625 977.1328125 1314.306640625 874.9937133789062
1168.731201171875 652.9232788085938 1212.7418212890625 564.836181640625
1206.015625 656.9030151367188 1246.070556640625 573.7744750976562
1144.2020263671875 962.0027465820312 1181.0185546875 846.5648803710938
1312.668212890625 1006.746337890625 1311.33056640625 898.0155029296875
1125.7943115234375 641.64013671875 1174.9276123046875 548.5932006835938
1218.1707763671875 824.4263916015625 1247.477783203125 735.437255859375
1070.245849609375 884.9317016601562 1121.79345703125 774.96533203125
1387.17724609375 751.8688354492188 1396.3035888671875 687.5199584960938
1110.2623291015625 909.5933227539062 1154.341796875 799.4483032226562
1080.5277099609375 944.2460327148438 1129.72021484375 826.135986328125
643.896728515625 832.70458984375 758.6658325195312 681.0010375976562
1395.097900390625 865.2015380859375 1389.7049560546875 790.52392578125
1289.9659423828125 711.4542846679688 1317.71484375 635.203857421875
1369.319580078125 686.2608032226562 1388.2122802734375 621.872802734375
1074.038330078125 687.3377075195312 1126.686767578125 589.961669921875
874.4840087890625 833.103759765625 959.1846313476562 710.4869384765625
1361.322509765625 876.6591796875 1361.486328125 796.6506958007812
1271.6644287109375 783.4778442382812 1294.8228759765625 703.4154663085938
1372.67529296875 832.5482177734375 1374.76611328125 759.6749877929688
805.63720703125 826.7572631835938 897.3638916015625 694.2111206054688
1224.7958984375 737.6747436523438 1257.8427734375 656.8285522460938
1210.4542236328125 806.6793212890625 1241.3720703125 719.8612670898438
1142.7823486328125 944.4163818359375 1180.3092041015625 832.1986694335938
1090.459716796875 702.9777221679688 1140.75732421875 607.574462890625
1325.8114013671875 860.8959350585938 1333.6097412109375 779.60302734375
747.1996459960938 420.22296142578125 798.4443359375 234.09739685058594
1195.9541015625 725.9824829101562 1233.4990234375 642.1535034179688
1153.5335693359375 631.8792114257812 1200.251220703125 540.8719482421875
1046.731201171875 769.0858764648438 1102.4498291015625 667.5093383789062
983.0402221679688 877.64990234375 1049.7489013671875 759.4434204101562
1198.4169921875 646.4080200195312 1240.3648681640625 561.5155029296875
1020.1121826171875 829.796875 1079.917724609375 720.9169921875
1265.351806640625 682.0693359375 1296.5313720703125 606.810546875
1385.7718505859375 881.5834350585938 1380.78857421875 803.2232055664062
1121.57470703125 686.8717651367188 1169.4559326171875 594.4566040039062
932.6995239257812 911.767333984375 1008.0930786132812 783.2090454101562
1176.953857421875 747.3671264648438 1214.8638916015625 660.73486328125
1146.6190185546875 984.857421875 1182.4871826171875 865.1328735351562
1119.0662841796875 930.1605834960938 1160.81005859375 817.9931640625
919.651611328125 869.6428833007812 996.2500610351562 745.6663208007812
940.6599731445312 847.9496459960938 1012.76318359375 728.3829956054688
1160.8916015625 725.15234375 1202.22265625 638.38916015625
1134.9405517578125 788.3546752929688 1177.873779296875 694.9085693359375
999.4548950195312 826.3111572265625 1063.7484130859375 716.9566040039062
967.5136108398438 853.1474609375 1036.298828125 736.232421875
1168.731201171875 652.9232788085938 1212.7418212890625 564.836181640625
1302.120849609375 977.634033203125 1305.59326171875 874.8157348632812
1194.7197265625 799.5048217773438 1228.476806640625 711.6734008789062
1092.531494140625 628.3764038085938 1144.5155029296875 530.1884765625
1045.88671875 698.7369384765625 1101.03857421875 598.3658447265625
1372.67529296875 832.5482177734375 1374.76611328125 759.6749877929688
1235.814208984375 667.770263671875 1271.991455078125 588.2612915039062
1343.4033203125 662.9323120117188 1368.395263671875 595.472412109375
774.6848754882812 743.9267578125 862.634765625 611.4834594726562
992.4805908203125 372.52703857421875 1047.3963623046875 202.85360717773438
1093.99169921875 641.8527221679688 1145.5291748046875 544.8606567382812
805.7100219726562 873.5020751953125 901.8492431640625 736.2139892578125
756.7874145507812 735.8762817382812 845.1771850585938 600.894775390625
951.169921875 837.9747924804688 1022.0536499023438 721.322265625
774.2478637695312 730.7000122070312 860.4215087890625 597.9126586914062
750.2513427734375 991.302490234375 865.4532470703125 831.1082763671875
1197.955078125 652.6708984375 1239.083740234375 568.9474487304688
782.1994018554688 869.0504150390625 881.35693359375 729.8286743164062
1181.2152099609375 735.8648071289062 1220.49755859375 649.4575805664062
1143.6060791015625 641.981201171875 1191.1201171875 549.9183959960938
537.5315551757812 712.9930419921875 643.0263671875 549.6563720703125
1377.7943115234375 1000.179443359375 1363.62255859375 899.0106811523438
797.1566162109375 997.4229736328125 904.23828125 840.3084106445312
1045.88671875 698.7369384765625 1101.03857421875 598.3658447265625
1092.1729736328125 952.5535278320312 1138.974853515625 834.1104125976562
650.4833374023438 667.9507446289062 739.3297729492188 516.807861328125
1254.70703125 654.2459716796875 1289.7545166015625 576.5696411132812
1062.1640625 902.7047729492188 1114.524658203125 790.9407958984375
644.0633544921875 732.9000244140625 744.050048828125 583.875732421875
673.9454956054688 798.8968505859375 780.5731201171875 652.6883544921875
1165.478759765625 803.2637939453125 1202.9453125 711.95263671875
1133.8157958984375 716.3992919921875 1179.3408203125 625.2738037109375
1104.3194580078125 693.3126831054688 1154.0645751953125 599.3812866210938
1119.0662841796875 930.1605834960938 1160.81005859375 817.9931640625
1151.1488037109375 683.3342895507812 1196.6356201171875 593.3173217773438
860.944091796875 831.6599731445312 948.1166381835938 708.1256103515625
790.8651123046875 963.4427490234375 896.8236083984375 812.9116821289062
1398.21875 668.2765502929688 1416.905029296875 606.0479125976562
763.72314453125 844.1926879882812 862.4892578125 706.00390625
763.72314453125 844.1926879882812 862.4892578125 706.00390625
1239.31494140625 731.3922119140625 1270.6055908203125 652.1890258789062
1222.5477294921875 733.4315185546875 1256.20703125 652.2174072265625
785.1527709960938 1001.2872314453125 894.6558837890625 843.0361938476562
1271.6644287109375 783.4778442382812 1294.8228759765625 703.4154663085938
1087.701171875 641.1442260742188 1139.94140625 543.2797241210938
790.1368408203125 880.3148803710938 887.9387817382812 740.3413696289062
1133.96826171875 805.5902709960938 1176.53564453125 710.9666748046875
1387.68212890625 860.7313232421875 1384.7391357421875 785.5609741210938
797.1566162109375 997.4229736328125 904.23828125 840.3084106445312
1323.731201171875 761.020751953125 1341.517333984375 690.1710205078125
1347.793212890625 671.1229248046875 1370.675048828125 604.027099609375
1170.2750244140625 707.8534545898438 1212.1031494140625 621.5391845703125
1142.74951171875 812.2836303710938 1182.9395751953125 715.512451171875
1403.0633544921875 754.0595092773438 1409.824951171875 691.409912109375
1386.8028564453125 672.277099609375 1404.9957275390625 609.6010131835938
1165.8990478515625 738.537841796875 1206.4366455078125 651.1754150390625
810.4083862304688 885.1276245117188 906.9915771484375 746.7089233398438
946.84765625 828.3847045898438 1020.0699462890625 713.3895874023438
1300.50146484375 675.55419921875 1329.2647705078125 601.7169189453125
871.3988037109375 861.8348388671875 955.2367553710938 733.7830200195312
670.1768798828125 716.2272338867188 764.736572265625 570.2991943359375
575.48828125 703.2269897460938 676.5631713867188 544.42578125
789.2689819335938 858.3291625976562 886.1588745117188 721.1699829101562
1271.6644287109375 783.4778442382812 1294.8228759765625 703.4154663085938
1335.3109130859375 727.3089599609375 1353.5323486328125 658.0905151367188
983.0402221679688 877.64990234375 1049.7489013671875 759.4434204101562
654.6463012695312 827.4574584960938 768.7654418945312 677.8755493164062
675.036376953125 724.67626953125 770.72021484375 579.364013671875
1173.266357421875 729.234375 1213.34912109375 642.7389526367188
741.2332153320312 655.9004516601562 822.6121215820312 515.6469116210938
1225.815185546875 666.36083984375 1262.6339111328125 585.62646484375
715.6993408203125 670.566650390625 799.9718017578125 528.1572875976562
1232.208251953125 897.5285034179688 1255.8814697265625 799.8975830078125
1078.341064453125 908.2802124023438 1127.7218017578125 795.364501953125
969.1552734375 873.7009887695312 1038.1357421875 754.560546875
1347.793212890625 671.1229248046875 1370.675048828125 604.027099609375
644.8124389648438 736.0379028320312 745.0560913085938 587.349609375
655.88720703125 733.0858764648438 754.9381103515625 585.67822265625
655.5740356445312 649.1878051757812 741.2020263671875 497.1235046386719
724.5007934570312 677.0991821289062 809.189453125 536.1185302734375
1161.6617431640625 814.217529296875 1200.8883056640625 721.2171630859375
765.5012817382812 658.011962890625 844.6378173828125 521.2804565429688
1190.4332275390625 738.2528076171875 1227.925048828125 653.21875
684.3278198242188 721.1826782226562 779.43994140625 577.6090087890625
789.22021484375 1019.9885864257812 899.298095703125 858.3761596679688
741.7449951171875 724.571044921875 830.2752685546875 587.6630249023438
605.5438232421875 687.4801025390625 702.3843383789062 531.814453125
654.6463012695312 827.4574584960938 768.7654418945312 677.8755493164062
798.9660034179688 727.6644897460938 882.317138671875 598.0143432617188
655.6483764648438 804.5701904296875 765.0904541015625 655.8629150390625
1100.432373046875 637.601806640625 1150.8670654296875 541.0487670898438
671.1936645507812 689.3301391601562 759.380615234375 540.627685546875
1080.1962890625 933.2216796875 1129.4803466796875 816.73046875
742.4052124023438 684.1088256835938 826.0772094726562 545.963623046875
789.22021484375 1019.9885864257812 899.298095703125 858.3761596679688
635.7105102539062 721.5382690429688 734.232666015625 571.1237182617188
912.6779174804688 887.187255859375 991.6322631835938 760.5410766601562
779.6754760742188 984.4724731445312 889.2214965820312 828.8107299804688
1232.208251953125 897.5285034179688 1255.8814697265625 799.8975830078125
532.9556274414062 731.2950439453125 641.4447631835938 567.3973388671875
667.7861938476562 964.8941650390625 797.4151611328125 801.4254760742188
673.529296875 812.4805297851562 783.2169799804688 665.3190307617188
1079.0302734375 638.1918334960938 1131.0625 539.902099609375
977.7176513671875 823.5767822265625 1046.258056640625 712.7825927734375
920.643798828125 846.2123413085938 996.1802368164062 723.6346435546875
1037.36767578125 804.8241577148438 1094.551513671875 699.73583984375
724.5007934570312 677.0991821289062 809.189453125 536.1185302734375
581.0155029296875 697.688720703125 680.9810180664062 540.0733642578125
1151.1488037109375 683.3342895507812 1196.6356201171875 593.3173217773438
542.2296752929688 904.5931396484375 684.6557006835938 736.6981201171875
752.7706909179688 978.5470581054688 865.65771484375 820.8491821289062
758.84228515625 745.552978515625 847.8405151367188 610.7926635742188
1258.7529296875 658.80908203125 1292.655517578125 581.9320678710938
756.7874145507812 735.8762817382812 845.1771850585938 600.894775390625
735.0679321289062 662.91796875 816.752685546875 522.4324951171875
561.62158203125 824.4888916015625 687.0376586914062 664.2628784179688
721.4378051757812 685.268310546875 806.299560546875 544.1467895507812
1061.8131103515625 701.3955688476562 1116.015625 602.389892578125
1151.1488037109375 683.3342895507812 1196.6356201171875 593.3173217773438
638.8439331054688 827.8834228515625 753.6146850585938 676.4901733398438
768.621337890625 752.46337890625 857.9249267578125 618.7734375
1086.0054931640625 628.4625854492188 1138.046630859375 529.373779296875
783.951171875 836.1211547851562 879.1937866210938 700.783447265625
1198.7149658203125 669.0538330078125 1239.400634765625 584.8965454101562
845.8935546875 989.6054077148438 943.4658203125 839.8046264648438
829.7664794921875 846.1953735351562 919.4633178710938 715.0497436523438
789.2689819335938 858.3291625976562 886.1588745117188 721.1699829101562
765.6094360351562 745.107666015625 854.3992309570312 611.2489624023438
754.3700561523438 676.27490234375 836.1022338867188 539.1306762695312
1394.10595703125 691.8602905273438 1409.58203125 630.344482421875
1232.208251953125 897.5285034179688 1255.8814697265625 799.8975830078125
430.5502624511719 801.6137084960938 565.31201171875 625.9432983398438
732.8579711914062 670.7619018554688 816.0001831054688 530.1908569335938
605.9093627929688 723.8870849609375 708.818359375 569.3731079101562
637.67431640625 819.3863525390625 751.4937744140625 667.7673950195312
800.2265014648438 1014.785888671875 908.532958984375 856.0147094726562
479.7477111816406 730.7822875976562 591.2591552734375 560.2297973632812
1205.627197265625 649.7740478515625 1246.4007568359375 566.1975708007812
985.2440185546875 374.84539794921875 1038.9583740234375 205.08522033691406
663.6757202148438 791.6654052734375 770.0731201171875 644.59716796875
747.4786987304688 754.754150390625 838.5094604492188 618.5054931640625
470.34515380859375 775.7684326171875 596.156005859375 605.506103515625
671.1936645507812 689.3301391601562 759.380615234375 540.627685546875
1100.432373046875 637.601806640625 1150.8670654296875 541.0487670898438
1115.6611328125 638.7369995117188 1165.6395263671875 544.3189697265625
557.2030029296875 713.661865234375 662.1175537109375 553.3798217773438
573.7269897460938 802.8281860351562 693.4385986328125 644.86328125
1331.9525146484375 741.1966552734375 1350.1175537109375 671.4678344726562
743.9132080078125 669.0798950195312 826.0416870117188 529.9857177734375
604.1513061523438 936.6748046875 738.304443359375 771.260498046875
1094.5823974609375 697.4210815429688 1144.3992919921875 602.3983154296875
513.5015869140625 827.9569091796875 643.9078369140625 660.1517333984375
518.1865844726562 895.6459350585938 661.014404296875 724.8416137695312
665.7990112304688 741.1982421875 764.517822265625 595.3204956054688
1142.74951171875 812.2836303710938 1182.9395751953125 715.512451171875
626.7854614257812 658.843017578125 715.4373168945312 503.4183044433594
1195.733642578125 833.7305297851562 1229.2247314453125 745.0818481445312
768.1776123046875 853.0050659179688 867.138671875 714.6242065429688
536.1787719726562 761.579833984375 655.1337280273438 600.2713623046875
950.4910278320312 904.9755859375 1023.4854736328125 779.6618041992188
634.2009887695312 976.3165283203125 770.381103515625 806.6463012695312
751.2811279296875 662.3201293945312 831.91015625 524.0537719726562
1041.1754150390625 776.8054809570312 1097.8812255859375 674.7953491210938
805.63720703125 826.7572631835938 897.3638916015625 694.2111206054688
829.7664794921875 846.1953735351562 919.4633178710938 715.0497436523438
650.666259765625 658.09033203125 737.32666015625 506.1316223144531
1008.9566650390625 805.2247314453125 1074.3211669921875 698.022705078125
1207.6221923828125 827.140380859375 1237.5406494140625 738.2305297851562
628.8422241210938 837.4390869140625 746.6082153320312 683.6388549804688
542.2296752929688 904.5931396484375 684.6557006835938 736.6981201171875
1170.246826171875 821.8304443359375 1206.94970703125 729.33984375
1331.9525146484375 741.1966552734375 1350.1175537109375 671.4678344726562
706.5975341796875 797.3577880859375 809.5968627929688 655.9026489257812
784.0464477539062 732.1220703125 868.986572265625 600.630126953125
579.0242309570312 723.4949951171875 683.9806518554688 566.4556274414062
466.342529296875 767.535400390625 592.4454956054688 597.7899780273438
484.6826171875 773.2744750976562 608.610107421875 606.20556640625
937.9536743164062 823.6295776367188 1013.20361328125 709.95654296875
676.4323120117188 734.4148559570312 775.98193359375 590.319580078125
631.2919311523438 932.7789916992188 763.0570678710938 768.9934692382812
669.6151123046875 650.98095703125 753.87109375 500.73736572265625
1262.5775146484375 664.844970703125 1295.01611328125 588.0015258789062
1034.8531494140625 767.1677856445312 1092.0662841796875 664.3546142578125
795.31591796875 839.8442993164062 889.0780029296875 704.8777465820312
470.34515380859375 775.7684326171875 596.156005859375 605.506103515625
743.9132080078125 669.0798950195312 826.0416870117188 529.9857177734375
627.5166015625 666.180419921875 717.6293334960938 511.5995178222656
842.3367919921875 829.8225708007812 929.629638671875 701.151123046875
851.0919189453125 853.7651977539062 937.6707153320312 724.044921875
654.1971435546875 939.0474853515625 782.3463745117188 776.9671630859375
613.8175659179688 972.4368896484375 754.1900634765625 802.6847534179688
439.8306579589844 788.2041015625 572.084716796875 613.9747924804688
816.320556640625 843.0604858398438 908.6671752929688 710.5634765625
940.6599731445312 847.9496459960938 1012.76318359375 728.3829956054688
785.6627807617188 1042.851318359375 899.4370727539062 876.1278686523438
664.95068359375 729.3112182617188 763.9182739257812 584.5045166015625
459.1634216308594 787.91943359375 588.959228515625 615.8834228515625
1346.843994140625 742.9163208007812 1362.3089599609375 672.6605834960938
460.24456787109375 858.1893310546875 598.9199829101562 688.1341552734375
559.9168701171875 811.1148071289062 681.84814453125 651.1460571289062
981.0628051757812 856.4482421875 1046.8902587890625 741.3677978515625
451.0028991699219 778.5707397460938 577.6083374023438 606.9674682617188
650.598388671875 727.0512084960938 749.3661499023438 579.3729858398438
437.7119445800781 795.0317993164062 572.1182250976562 620.8156127929688
562.9725952148438 718.0540161132812 667.076904296875 558.1351928710938
951.8615112304688 858.9989013671875 1023.694580078125 739.557861328125
419.0245056152344 801.2501831054688 556.3492431640625 624.1514282226562
464.18695068359375 793.4234008789062 594.992431640625 621.826416015625
774.2478637695312 730.7000122070312 860.4215087890625 597.9126586914062
555.6253051757812 802.763916015625 677.6498413085938 642.7391967773438
981.0628051757812 856.4482421875 1046.8902587890625 741.3677978515625
655.9201049804688 739.7727661132812 755.8928833007812 592.4278564453125
1248.4056396484375 664.6896362304688 1282.8408203125 588.0045166015625
568.1641235351562 804.0169677734375 689.4779663085938 645.0652465820312
