60.01666259765625
64.14826202392578
69.72087097167969
72.86288452148438
76.09204864501953
76.52450561523438
77.84600067138672
79.50471496582031
79.73079681396484
80.57294464111328
81.82298278808594
82.18880462646484
85.20563507080078
85.8603515625
86.74675750732422
87.03447723388672
90.52071380615234
91.40568542480469
91.69514465332031
91.91844177246094
94.0
97.62171936035156
98.5038070678711
100.85633087158203
103.35859680175781
103.37794494628906
103.3924560546875
104.18253326416016
105.20931243896484
105.49881744384766
105.64563751220703
106.00942993164062
106.50821685791016
106.89714813232422
107.21939849853516
107.24737548828125
107.51278686523438
108.50806427001953
111.02252197265625
111.38671112060547
112.4677734375
112.60994720458984
113.29607391357422
113.98245239257812
114.70396423339844
114.72140502929688
114.72576141357422
116.98290252685547
118.75183868408203
118.89491271972656
119.5867919921875
119.62023162841797
119.98750305175781
121.16930389404297
121.81954193115234
122.1556396484375
122.56835174560547
123.78206634521484
124.09673309326172
124.43472290039062
125.1439208984375
125.84514617919922
125.94840240478516
126.30914306640625
126.82270812988281
127.19670104980469
128.5418243408203
128.63902282714844
130.2190399169922
130.7478485107422
131.38111877441406
131.62066650390625
132.4499969482422
133.1277618408203
133.4990692138672
133.51779174804688
134.4284210205078
134.64768981933594
135.0148162841797
136.919677734375
137.15684509277344
137.45181274414062
141.2267608642578
141.60508728027344
143.5757598876953
143.9305419921875
145.23773193359375
146.8502655029297
147.1971435546875
147.5940399169922
147.90538024902344
149.0067138671875
149.04026794433594
149.42222595214844
149.57272338867188
150.44932556152344
151.80909729003906
152.52540588378906
152.88230895996094
152.93463134765625
153.0784149169922
153.24490356445312
154.03895568847656
155.6374053955078
158.23716735839844
158.25296020507812
158.8112030029297
158.8993377685547
159.06288146972656
159.1697235107422
160.25917053222656
160.7917938232422
160.92855834960938
160.97515869140625
161.78689575195312
162.48692321777344
162.56076049804688
162.9846649169922
163.45335388183594
163.76202392578125
164.5022735595703
164.58128356933594
164.6055908203125
165.7588653564453
165.83726501464844
165.8463134765625
165.9246826171875
166.8802032470703
168.5823211669922
168.9556121826172
169.3280792236328
169.7085723876953
170.04705810546875
171.9593048095703
172.63255310058594
172.6673126220703
173.05490112304688
173.44451904296875
174.2957305908203
174.90283203125
175.59613037109375
175.6843719482422
176.0965576171875
176.5955810546875
177.4006805419922
178.37319946289062
179.27352905273438
181.298095703125
181.41664123535156
181.4635009765625
182.3814697265625
182.92620849609375
183.8232879638672
184.2823944091797
184.94053649902344
185.0081024169922
186.00807189941406
187.7205352783203
188.2684326171875
188.31887817382812
188.4887237548828
189.0
189.67076110839844
189.90786743164062
190.32603454589844
190.4100799560547
191.0392608642578
192.99740600585938
193.0906524658203
194.50192260742188
194.9153594970703
196.15554809570312
197.12432861328125
197.25364685058594
199.60211181640625
201.12185668945312
201.58868408203125
201.7027587890625
201.95297241210938
202.20533752441406
203.49447631835938
203.61483764648438
205.03414916992188
205.61614990234375
205.8907470703125
207.1279754638672
207.8316650390625
209.27972412109375
210.87911987304688
211.53250122070312
212.1933135986328
213.6094512939453
214.20083618164062
215.02093505859375
215.44140625
215.95370483398438
216.0393524169922
216.73255920410156
218.2910919189453
219.97726440429688
220.1136016845703
223.63363647460938
225.3619384765625
225.82736206054688
229.66714477539062
231.17526245117188
231.5145721435547
237.1497344970703
259.3626708984375
270.1573486328125
