1332.7896728515625 965.2355346679688 373.2351379394531 1038.8487548828125
1266.0289306640625 932.1650390625 455.26910400390625 1005.505615234375
1324.03125 968.89892578125 378.2804260253906 1031.046875
1194.72216796875 808.2091064453125 663.3523559570312 1031.57958984375
1165.478759765625 803.2637939453125 696.9190673828125 1006.0889282226562
1194.72216796875 808.2091064453125 663.3523559570312 1031.57958984375
1125.1171875 918.5529174804688 579.687744140625 912.0324096679688
1110.2623291015625 909.5933227539062 602.1981811523438 905.7044067382812
1178.8397216796875 814.3248901367188 667.8031616210938 1010.2434692382812
1170.246826171875 821.8304443359375 663.6046752929688 997.2466430664062
1161.6617431640625 814.217529296875 682.09716796875 996.189208984375
1312.668212890625 1006.746337890625 365.2338562011719 1000.6823120117188
