68.16157531738281
78.06407928466797
83.0
93.11820220947266
93.5521240234375
106.69583129882812
108.38819122314453
108.41586303710938
108.57255554199219
110.5305404663086
111.59300994873047
112.61438751220703
115.00869750976562
117.14947509765625
117.52021026611328
118.30891418457031
120.3744125366211
127.22421264648438
128.47567749023438
131.5636749267578
132.10601806640625
132.14007568359375
133.846923828125
133.98880004882812
135.29966735839844
135.7681884765625
136.03675842285156
136.3598175048828
136.6125946044922
137.43362426757812
138.6001434326172
143.42942810058594
144.28790283203125
146.51962280273438
146.5332794189453
148.28013610839844
149.4891357421875
149.90330505371094
149.91331481933594
150.45265197753906
151.80250549316406
152.5712890625
152.5811309814453
152.74160766601562
153.55780029296875
154.36968994140625
157.8131866455078
158.12969970703125
160.75135803222656
161.08071899414062
167.51417541503906
168.42208862304688
172.02035522460938
173.88502502441406
175.34536743164062
175.88064575195312
178.29190063476562
178.720458984375
184.1005096435547
187.17105102539062
188.26576232910156
189.6575927734375
189.9420928955078
190.45208740234375
191.61680603027344
192.08851623535156
193.66981506347656
194.4067840576172
195.8826141357422
196.28550720214844
197.33221435546875
198.93968200683594
200.169921875
200.5193328857422
200.6240234375
202.90391540527344
207.38369750976562
207.43914794921875
212.80506896972656
215.26727294921875
216.92855834960938
219.95909118652344
219.97500610351562
222.33084106445312
223.15689086914062
224.77099609375
230.89175415039062
231.14930725097656
237.1834716796875
238.3023223876953
243.06378173828125
253.75775146484375
