59.304298400878906
64.35060119628906
74.25630950927734
77.76245880126953
80.3243408203125
97.30364990234375
97.93875885009766
103.09219360351562
119.93748474121094
122.06146240234375
122.11470031738281
135.99264526367188
138.55323791503906
146.36940002441406
147.55337524414062
148.60012817382812
152.0756378173828
153.68148803710938
157.9841766357422
167.20347595214844
174.04022216796875
188.60540771484375
197.41580200195312
200.1249542236328
239.07948303222656
240.979248046875
244.7794952392578
