1061.5419921875 761.4220581054688 951.4595947265625 706.6634521484375
627.834716796875 744.5560302734375 553.1226196289062 590.2085571289062
497.7774353027344 890.9046020507812 379.34393310546875 742.2523193359375
1107.6929931640625 834.032470703125 958.26904296875 816.780517578125
1232.677734375 652.2154541015625 1189.02392578125 598.768798828125
1209.7877197265625 853.79931640625 1046.16357421875 867.3536987304688
515.5780029296875 810.4405517578125 426.7305603027344 647.9943237304688
1309.7086181640625 864.0494995117188 1144.58984375 906.4241333007812
502.6922912597656 918.8995361328125 371.7386169433594 777.1388549804688
1214.6280517578125 718.4329833984375 1132.13232421875 685.5587768554688
608.647216796875 953.7418212890625 446.40789794921875 844.210693359375
1306.008544921875 816.7808227539062 1171.9410400390625 839.2228393554688
445.96441650390625 771.7932739257812 381.9481201171875 585.6384887695312
1049.4920654296875 784.2243041992188 927.9390258789062 733.7327880859375
1153.5335693359375 631.8792114257812 1119.71337890625 551.1890258789062
724.3405151367188 1037.630126953125 508.6214294433594 972.7057495117188
627.2227783203125 733.7207641601562 556.43115234375 575.956298828125
1176.953857421875 747.3671264648438 1078.4140625 718.2930297851562
527.7879028320312 826.1956176757812 429.93572998046875 670.773193359375
621.32763671875 667.9912719726562 578.5125732421875 489.5006103515625
1076.196533203125 701.4673461914062 1000.3157348632812 632.4381103515625
463.1965026855469 758.0596313476562 403.1413269042969 572.0670776367188
1232.677734375 652.2154541015625 1189.02392578125 598.768798828125
689.6148681640625 951.7056884765625 520.2985229492188 857.7440795898438
545.4076538085938 830.6234130859375 444.0076599121094 679.8473510742188
1076.196533203125 701.4673461914062 1000.3157348632812 632.4381103515625
478.01239013671875 916.265869140625 352.0555114746094 768.791259765625
1358.9779052734375 685.3148193359375 1302.875732421875 673.4724731445312
1351.2030029296875 690.06884765625 1294.7376708984375 679.7160034179688
1082.7969970703125 971.6817016601562 862.1943969726562 984.090576171875
324.357666015625 1024.8170166015625 188.00640869140625 859.5463256835938
581.0155029296875 697.688720703125 531.5240478515625 519.5899658203125
665.7990112304688 741.1982421875 588.8102416992188 593.1904907226562
1134.9405517578125 788.3546752929688 1011.4759521484375 760.7739868164062
1070.245849609375 884.9317016601562 897.3475341796875 869.5840454101562
1142.7823486328125 944.4163818359375 933.2984619140625 960.2054443359375
1190.4332275390625 738.2528076171875 1096.377685546875 707.8912963867188
478.01239013671875 916.265869140625 352.0555114746094 768.791259765625
1165.8990478515625 738.537841796875 1068.62255859375 703.849853515625
1165.478759765625 803.2637939453125 1034.204345703125 788.9563598632812
1084.0810546875 714.14599609375 999.325439453125 650.5418090820312
1037.36767578125 804.8241577148438 903.02880859375 759.5111694335938
1314.376953125 831.9026489257812 1169.4197998046875 859.8926391601562
583.7814331054688 715.99853515625 525.3535766601562 543.9150390625
1368.1077880859375 825.1417236328125 1227.9542236328125 865.3967895507812
1080.53271484375 896.5431518554688 899.6355590820312 887.4754638671875
459.1634216308594 787.91943359375 386.9212341308594 609.1336669921875
1207.6221923828125 827.140380859375 1061.603759765625 828.837646484375
1046.731201171875 769.0858764648438 933.39453125 715.7952880859375
586.152099609375 792.4500122070312 494.7247009277344 638.6808471679688
1092.1729736328125 952.5535278320312 884.0387573242188 960.1043090820312
789.22021484375 1019.9885864257812 574.2709350585938 965.21923828125
845.8935546875 989.6054077148438 639.7363891601562 940.053955078125
654.1971435546875 939.0474853515625 492.1678771972656 837.0203247070312
1266.0289306640625 932.1650390625 1063.667724609375 976.7394409179688
439.8306579589844 788.2041015625 371.8001708984375 604.0717163085938
1398.21875 668.2765502929688 1359.3402099609375 656.1788940429688
1194.7197265625 799.5048217773438 1064.8907470703125 790.2470703125
650.4833374023438 667.9507446289062 605.7922973632812 494.9125671386719
1123.958984375 628.548583984375 1090.0655517578125 541.72705078125
628.8422241210938 837.4390869140625 512.5941772460938 707.1652221679688
1133.96826171875 805.5902709960938 1000.4967041015625 783.9668579101562
1195.9541015625 725.9824829101562 1110.2420654296875 693.570068359375
797.1566162109375 997.4229736328125 590.4765625 941.9368286132812
797.5120849609375 862.119140625 652.1329345703125 775.3963623046875
981.0628051757812 856.4482421875 826.2169189453125 811.5010375976562
1361.064208984375 748.4607543945312 1266.9468994140625 761.7192993164062
642.0142211914062 808.572021484375 535.5986328125 675.3844604492188
1394.10595703125 691.8602905273438 1340.45166015625 692.95166015625
1231.3455810546875 680.1843872070312 1175.16455078125 639.439453125
817.607421875 856.16748046875 673.4793090820312 772.212890625
817.607421875 856.16748046875 673.4793090820312 772.212890625
693.8385009765625 801.6448974609375 586.5783081054688 676.9501342773438
1145.24462890625 632.725830078125 1108.527099609375 552.2505493164062
797.1566162109375 997.4229736328125 590.4765625 941.9368286132812
1349.4217529296875 845.6045532226562 1195.2554931640625 888.9085083007812
769.8019409179688 829.4172973632812 638.289306640625 732.0697021484375
1125.542724609375 957.9083251953125 909.3241577148438 974.5159301757812
470.34515380859375 775.7684326171875 402.0707092285156 595.2528076171875
1024.2928466796875 765.8089599609375 911.9581909179688 705.5512084960938
593.1000366210938 977.07080078125 423.41522216796875 869.1386108398438
1361.064208984375 748.4607543945312 1266.9468994140625 761.7192993164062
349.2386169433594 1055.4957275390625 196.7961883544922 900.2881469726562
567.6264038085938 704.1400146484375 515.888427734375 525.2443237304688
1323.731201171875 761.020751953125 1221.02783203125 772.2124633789062
568.1641235351562 804.0169677734375 474.36602783203125 650.771240234375
1349.924072265625 830.9208374023438 1205.1551513671875 868.0317993164062
829.7664794921875 846.1953735351562 689.7842407226562 763.340576171875
946.2596435546875 861.1524658203125 789.21630859375 809.550537109375
573.7269897460938 802.8281860351562 478.8828125 651.214599609375
1161.6617431640625 814.217529296875 1023.6882934570312 799.9000244140625
794.8084716796875 1029.2486572265625 575.1890869140625 978.2548217773438
635.1665649414062 778.7467651367188 545.8334350585938 630.6616821289062
912.6779174804688 887.187255859375 746.3256225585938 834.578369140625
659.03857421875 671.3743286132812 614.3251342773438 500.8509216308594
650.666259765625 658.09033203125 611.8084106445312 482.1401062011719
1069.9847412109375 920.3836059570312 881.1427001953125 914.6649169921875
1358.9779052734375 685.3148193359375 1302.875732421875 673.4724731445312
579.0242309570312 723.4949951171875 519.1918334960938 551.7239990234375
983.0402221679688 877.64990234375 816.028564453125 840.0586547851562
1092.1729736328125 952.5535278320312 884.0387573242188 960.1043090820312
1015.58154296875 779.8746337890625 896.0542602539062 721.9005126953125
752.7706909179688 978.5470581054688 559.1007080078125 909.4102172851562
1384.7855224609375 837.2977294921875 1238.4810791015625 888.9598999023438
983.0402221679688 877.64990234375 816.028564453125 840.0586547851562
1178.8397216796875 814.3248901367188 1039.1861572265625 805.2456665039062
635.7105102539062 721.5382690429688 568.5384521484375 562.5440063476562
1061.8131103515625 701.3955688476562 986.2357177734375 627.075927734375
1090.459716796875 702.9777221679688 1011.7349853515625 637.017333984375
484.6826171875 773.2744750976562 416.4953308105469 592.7359008789062
573.7269897460938 802.8281860351562 478.8828125 651.214599609375
451.0028991699219 778.5707397460938 381.2709655761719 595.7593994140625
1110.2623291015625 909.5933227539062 921.9100341796875 914.8568725585938
1084.08251953125 693.7113647460938 1011.551025390625 624.276611328125
1087.0648193359375 921.7200927734375 891.4248657226562 919.734130859375
676.4323120117188 734.4148559570312 601.082763671875 585.9434814453125
673.9454956054688 798.8968505859375 569.8176879882812 668.9612426757812
800.2265014648438 1014.785888671875 586.3648681640625 959.890380859375
1010.071533203125 628.676025390625 972.4471435546875 518.7606811523438
349.2386169433594 1055.4957275390625 196.7961883544922 900.2881469726562
981.0628051757812 856.4482421875 826.2169189453125 811.5010375976562
1374.5950927734375 749.4197998046875 1279.9923095703125 767.8450317382812
1091.200927734375 908.4627075195312 901.8800659179688 905.724609375
631.2919311523438 932.7789916992188 475.0853271484375 823.9736938476562
1090.459716796875 702.9777221679688 1011.7349853515625 637.017333984375
1325.8114013671875 860.8959350585938 1163.3216552734375 903.4387817382812
650.598388671875 727.0512084960938 581.4711303710938 571.84375
1296.7166748046875 971.2840576171875 1069.1600341796875 1039.116943359375
951.169921875 837.9747924804688 804.0930786132812 784.814208984375
1181.2152099609375 735.8648071289062 1085.4173583984375 702.8555908203125
1080.1962890625 933.2216796875 880.3504028320312 933.5827026367188
1213.1607666015625 662.5370483398438 1164.783203125 608.1204833984375
1080.5277099609375 944.2460327148438 874.0975952148438 946.381103515625
1173.266357421875 729.234375 1081.361083984375 691.2075805664062
816.320556640625 843.0604858398438 675.4213256835938 756.5388793945312
