1317.5091552734375 821.3645629882812 1154.3560791015625 731.3557739257812
553.6114501953125 889.8634033203125 496.6356201171875 962.6768798828125
559.2198486328125 878.5946655273438 497.8882751464844 945.83935546875
516.9966430664062 774.2904663085938 378.56158447265625 823.0577392578125
559.2198486328125 878.5946655273438 497.8882751464844 945.83935546875
573.6814575195312 899.3172607421875 523.1730346679688 969.4514770507812
580.6539916992188 870.1110229492188 514.3759155273438 932.6991577148438
580.6539916992188 870.1110229492188 514.3759155273438 932.6991577148438
840.683349609375 896.082275390625 790.87109375 902.9478759765625
352.6017761230469 872.508056640625 240.68641662597656 995.447265625
778.4771728515625 932.4972534179688 746.4862060546875 955.097412109375
938.990478515625 1003.8897094726562 912.0903930664062 995.8443603515625
483.1524658203125 791.6887817382812 350.99774169921875 852.6008911132812
960.7138061523438 1023.6171875 935.287841796875 1010.163330078125
606.8931274414062 829.514404296875 518.3264770507812 875.3477172851562
814.948486328125 895.183837890625 766.9437255859375 908.0911865234375
830.1842651367188 922.940673828125 791.8583984375 934.8795166015625
583.0001220703125 844.9815673828125 502.33526611328125 898.7539672851562
584.8636474609375 883.7064208984375 527.3833618164062 947.1456909179688
1109.8070068359375 988.1867065429688 1041.22802734375 942.0509643554688
830.1842651367188 922.940673828125 791.8583984375 934.8795166015625
801.6627197265625 937.8822021484375 771.1260375976562 958.1283569335938
632.1738891601562 959.4046020507812 617.1476440429688 1021.7311401367188
583.0001220703125 844.9815673828125 502.33526611328125 898.7539672851562
840.683349609375 896.082275390625 790.87109375 902.9478759765625
580.1663818359375 981.4519653320312 574.747314453125 1060.3333740234375
801.6627197265625 937.8822021484375 771.1260375976562 958.1283569335938
936.8956298828125 846.1227416992188 858.3552856445312 825.3333129882812
1059.3173828125 965.7190551757812 996.66650390625 930.3689575195312
1006.353515625 844.2296142578125 919.8870239257812 811.1549072265625
574.6190185546875 891.1898193359375 520.6483154296875 958.2481689453125
1243.1971435546875 848.8823852539062 1109.2305908203125 773.9222412109375
1426.750244140625 723.0757446289062 1215.9205322265625 607.0140991210938
528.9325561523438 883.814208984375 469.7597351074219 960.4409790039062
1122.5206298828125 923.5794067382812 1035.2298583984375 875.1638793945312
1082.2945556640625 984.0205078125 1019.0816040039062 944.134521484375
680.449462890625 722.5910034179688 542.3334350585938 715.5233764648438
1094.811767578125 776.5680541992188 972.2864990234375 716.211181640625
483.1524658203125 791.6887817382812 350.99774169921875 852.6008911132812
779.0833740234375 909.86962890625 738.9154663085938 932.1995239257812
1066.8701171875 909.8689575195312 987.560302734375 871.771728515625
541.0707397460938 763.2930297851562 401.5943908691406 799.5968017578125
632.1738891601562 959.4046020507812 617.1476440429688 1021.7311401367188
467.7388610839844 715.2604370117188 269.6061706542969 746.9608764648438
901.7212524414062 862.2132568359375 833.1456909179688 850.723876953125
531.8602905273438 861.1895141601562 456.9894104003906 930.8369140625
954.0057373046875 848.2044067382812 874.2203979492188 824.4912719726562
1107.9744873046875 929.1045532226562 1025.2469482421875 883.327880859375
969.9224243164062 860.1582641601562 894.7993774414062 835.4398193359375
1096.6707763671875 975.9247436523438 1028.11376953125 933.1802978515625
330.3961486816406 781.9781494140625 136.92674255371094 876.9252319335938
649.7373046875 964.1874389648438 636.8461303710938 1023.133544921875
756.5120849609375 902.7804565429688 714.6118774414062 927.6965942382812
1109.4486083984375 965.3756103515625 1035.7327880859375 920.4767456054688
632.6552734375 972.7837524414062 624.61669921875 1035.5283203125
1351.5755615234375 992.957275390625 1207.5120849609375 899.1185913085938
875.2276611328125 899.3016967773438 823.0919189453125 899.6500854492188
1342.763916015625 783.9814453125 1168.3326416015625 687.8753051757812
1062.6055908203125 980.5341186523438 1001.3438720703125 943.3800659179688
347.188232421875 846.6356811523438 216.94091796875 962.11865234375
811.7229614257812 894.7816162109375 764.1907348632812 908.7327270507812
649.7373046875 964.1874389648438 636.8461303710938 1023.133544921875
1086.619140625 965.2241821289062 1016.8037719726562 925.1134643554688
535.5718383789062 869.270263671875 465.48260498046875 940.5740966796875
1072.1492919921875 754.9763793945312 946.947265625 695.6987915039062
606.8931274414062 829.514404296875 518.3264770507812 875.3477172851562
690.8584594726562 662.6136474609375 515.5430297851562 631.171875
862.5131225585938 895.9862060546875 811.0755615234375 897.7919311523438
861.0313110351562 907.4700317382812 813.2592163085938 911.3652954101562
1185.234619140625 864.3796997070312 1068.0098876953125 800.162109375
1340.7718505859375 951.73046875 1193.9451904296875 865.2427368164062
531.8602905273438 861.1895141601562 456.9894104003906 930.8369140625
1418.485107421875 715.457275390625 1209.6953125 599.5171508789062
875.2276611328125 899.3016967773438 823.0919189453125 899.6500854492188
949.345458984375 927.96728515625 898.2493896484375 916.2481079101562
1167.650390625 703.2667236328125 1013.1114501953125 616.8213500976562
1248.5208740234375 893.9813842773438 1121.89111328125 820.5524291992188
592.425048828125 855.679931640625 519.1444091796875 912.167724609375
1213.847900390625 867.6784057617188 1088.823486328125 798.444580078125
974.0133666992188 802.0977172851562 876.6543579101562 768.66845703125
983.3084716796875 855.838623046875 903.8602905273438 828.7687377929688
702.1245727539062 747.1334228515625 583.4364013671875 747.1685180664062
1339.313720703125 791.228759765625 1165.2042236328125 695.8760375976562
1115.685791015625 940.397705078125 1034.837890625 892.9066162109375
1345.9661865234375 772.0399780273438 1168.9627685546875 674.4426879882812
969.3298950195312 1040.3958740234375 945.3485107421875 1024.567138671875
893.3385009765625 909.7191772460938 843.0927124023438 907.2135009765625
1392.494384765625 956.3015747070312 1230.06689453125 857.8446044921875
1098.20849609375 939.0610961914062 1020.010986328125 895.52783203125
1096.204345703125 911.4320068359375 1012.3741455078125 867.4712524414062
1129.2589111328125 959.0260009765625 1047.3662109375 910.5740966796875
511.3533020019531 771.5319213867188 367.9676208496094 821.1038818359375
1195.220947265625 859.8538818359375 1074.9783935546875 793.782958984375
592.425048828125 855.679931640625 519.1444091796875 912.167724609375
514.0484008789062 814.6114501953125 403.4409484863281 877.927978515625
457.9464416503906 727.0883178710938 268.042236328125 766.89208984375
1416.354736328125 746.5170288085938 1211.377197265625 634.9838256835938
318.6187744140625 767.19873046875 104.1054916381836 859.83447265625
690.8584594726562 662.6136474609375 515.5430297851562 631.171875
914.731201171875 1054.56787109375 907.0343017578125 1050.88525390625
591.922119140625 865.344482421875 526.397216796875 922.5559692382812
602.501953125 987.0310668945312 600.1987915039062 1060.008056640625
1073.1693115234375 666.9984741210938 920.1503295898438 582.2393188476562
1107.2733154296875 777.2882080078125 984.3545532226562 715.8421020507812
1223.879638671875 893.052978515625 1102.9010009765625 824.0311889648438
1085.0670166015625 927.7242431640625 1006.4077758789062 886.3231201171875
1003.1347045898438 710.506103515625 872.396240234375 648.220947265625
1417.7938232421875 992.5511474609375 1249.9404296875 887.5526123046875
1195.220947265625 859.8538818359375 1074.9783935546875 793.782958984375
1134.4952392578125 949.7705688476562 1050.0802001953125 899.8311157226562
1107.582763671875 768.1116943359375 982.2615356445312 705.0755615234375
1113.1553955078125 742.5380859375 980.1976318359375 674.0648803710938
812.0009155273438 921.2684326171875 771.0840454101562 937.032470703125
1085.0670166015625 927.7242431640625 1006.4077758789062 886.3231201171875
1001.2833862304688 694.1456909179688 864.3718872070312 627.8897094726562
1014.612548828125 719.168212890625 885.4300537109375 658.8450317382812
979.0478515625 841.4896240234375 895.0967407226562 813.0631103515625
941.9397583007812 1043.9544677734375 926.5076293945312 1033.568115234375
1178.8433837890625 715.9232177734375 1026.2540283203125 630.8555908203125
1100.4466552734375 771.7821655273438 975.0938110351562 707.177734375
836.033447265625 897.5849609375 787.4332885742188 906.2090454101562
1163.740478515625 615.9287719726562 982.611572265625 502.4588623046875
602.501953125 987.0310668945312 600.1987915039062 1060.008056640625
972.7951049804688 847.966552734375 892.1863403320312 822.2555541992188
825.5879516601562 888.1610107421875 777.2472534179688 895.3926391601562
719.5283203125 850.4522094726562 653.9850463867188 877.2549438476562
1193.989990234375 629.1813354492188 1012.946533203125 517.2015380859375
1090.4403076171875 760.1661376953125 966.2476196289062 697.0311889648438
1127.970703125 778.2039794921875 1001.9337768554688 713.0361328125
864.958984375 881.0590209960938 805.3713989257812 881.64794921875
995.7596435546875 689.3862915039062 856.3666381835938 622.7401123046875
838.2763671875 906.1842041015625 791.63232421875 915.795166015625
552.870361328125 781.5629272460938 426.380126953125 825.6904296875
1198.346435546875 632.2384033203125 1018.8887939453125 521.0367431640625
1239.84716796875 1058.9940185546875 1146.701416015625 983.1275634765625
1088.8131103515625 661.244873046875 932.3088989257812 572.59765625
1126.84814453125 767.98095703125 998.2993774414062 701.2807006835938
1126.84814453125 767.98095703125 998.2993774414062 701.2807006835938
