137.4299774169922
147.90875244140625
153.4503173828125
161.4465789794922
162.95704650878906
164.11581420898438
167.6245880126953
172.7310028076172
174.23834228515625
181.1573944091797
183.04917907714844
184.2471160888672
188.75381469726562
188.9047393798828
189.07406616210938
190.2366943359375
191.21714782714844
191.9505157470703
193.53036499023438
195.84432983398438
197.43606567382812
197.934326171875
200.5118408203125
200.72866821289062
201.19393920898438
203.13296508789062
204.27188110351562
204.63137817382812
206.7389678955078
210.35922241210938
210.89808654785156
211.08291625976562
213.2510223388672
215.65249633789062
217.43275451660156
217.6947479248047
221.20352172851562
224.0736541748047
226.4111328125
231.54049682617188
232.959228515625
238.564453125
240.1124725341797
243.8155059814453
244.91018676757812
247.048583984375
251.02191162109375
256.1327819824219
258.6329345703125
