1256.060546875 1017.5172119140625 414.4910888671875 1016.4417724609375
1228.7012939453125 885.0590209960938 567.49560546875 1053.5107421875
1216.227783203125 901.8954467773438 552.798828125 1030.0540771484375
1143.38037109375 930.6144409179688 544.3245239257812 947.0899047851562
1225.8995361328125 869.9805908203125 588.6636962890625 1059.2093505859375
1225.8995361328125 869.9805908203125 588.6636962890625 1059.2093505859375
1129.2589111328125 959.0260009765625 520.60498046875 926.1919555664062
1137.1566162109375 971.2971801757812 504.20068359375 930.330322265625
1137.1566162109375 971.2971801757812 504.20068359375 930.330322265625
1122.5206298828125 923.5794067382812 560.0093994140625 932.0459594726562
1122.5206298828125 923.5794067382812 560.0093994140625 932.0459594726562
1185.234619140625 864.3796997070312 611.5428466796875 1016.5103149414062
1043.2882080078125 932.2756958007812 578.6124877929688 863.3284301757812
1236.176025390625 900.1318969726562 545.8939208984375 1053.7861328125
1195.220947265625 859.8538818359375 614.9044189453125 1030.32421875
985.1862182617188 1046.241455078125 491.6354064941406 807.197265625
1082.2945556640625 984.0205078125 513.0778198242188 883.374267578125
1086.619140625 965.2241821289062 528.79736328125 890.5609741210938
1109.4486083984375 965.3756103515625 520.6206665039062 910.296630859375
1086.619140625 965.2241821289062 528.79736328125 890.5609741210938
1207.1160888671875 856.694091796875 614.4417724609375 1045.487548828125
1239.84716796875 1058.9940185546875 386.7155456542969 988.9468994140625
1082.3236083984375 910.21240234375 590.1571655273438 900.62158203125
1062.6055908203125 980.5341186523438 523.9657592773438 870.1705322265625
1098.20849609375 939.0610961914062 552.0286254882812 906.1768188476562
1072.1492919921875 754.9763793945312 829.47802734375 937.7447509765625
1094.811767578125 776.5680541992188 785.5489501953125 954.7754516601562
1107.9744873046875 929.1045532226562 559.7598266601562 917.5349731445312
1096.6707763671875 975.9247436523438 514.6466064453125 896.931884765625
1085.0670166015625 927.7242431640625 568.7770385742188 898.4500122070312
