96.28083801269531
102.59629821777344
105.31856536865234
115.03043365478516
117.8218994140625
118.21167755126953
119.6244125366211
121.18993377685547
121.2476806640625
135.65028381347656
136.09922790527344
140.5631561279297
142.639404296875
149.6094970703125
151.8123779296875
155.00967407226562
158.36351013183594
162.59765625
163.25746154785156
166.7633056640625
170.03529357910156
175.59613037109375
175.79818725585938
181.92581176757812
182.23611450195312
190.1078643798828
204.6924591064453
209.1195831298828
211.29127502441406
230.6512451171875
