511.3533020019531 771.5319213867188 439.8949279785156 639.9405517578125
300.7933044433594 1000.4596557617188 254.4080047607422 875.5714721679688
584.8636474609375 883.7064208984375 500.5724182128906 784.1795043945312
620.876708984375 952.260009765625 526.972900390625 864.1782836914062
531.8602905273438 861.1895141601562 457.720703125 750.9391479492188
875.8861694335938 909.4374389648438 748.9927368164062 849.1367797851562
590.9024047851562 966.0464477539062 498.9969787597656 875.648193359375
600.56103515625 1001.6123046875 505.9096984863281 913.1864013671875
531.8602905273438 861.1895141601562 457.720703125 750.9391479492188
314.10540771484375 945.9835815429688 264.6015625 818.6793212890625
523.9779663085938 806.7105712890625 453.1825256347656 684.907470703125
602.501953125 987.0310668945312 507.6424865722656 898.8728637695312
656.541015625 671.37841796875 588.8552856445312 528.0301513671875
830.1842651367188 922.940673828125 707.8086547851562 858.2806396484375
559.2198486328125 878.5946655273438 480.1062316894531 774.8627319335938
580.6539916992188 870.1110229492188 498.0267639160156 768.2262573242188
583.0001220703125 844.9815673828125 502.86114501953125 738.7986450195312
580.6539916992188 870.1110229492188 498.0267639160156 768.2262573242188
559.2198486328125 878.5946655273438 480.1062316894531 774.8627319335938
528.9325561523438 883.814208984375 454.16558837890625 777.161376953125
659.2724609375 973.3701782226562 556.437744140625 891.5880737304688
352.6017761230469 872.508056640625 294.3765869140625 741.1148681640625
951.76220703125 631.1405639648438 879.9806518554688 515.8779296875
573.6814575195312 899.3172607421875 489.7626953125 800.7764892578125
539.8910522460938 797.0617065429688 467.8895568847656 675.7481079101562
855.239501953125 921.4022216796875 728.5502319335938 859.6082763671875
347.188232421875 846.6356811523438 292.3508605957031 710.0685424804688
644.66162109375 947.2449340820312 545.659912109375 861.3910522460938
330.3961486816406 781.9781494140625 274.23126220703125 626.1275634765625
1006.353515625 844.2296142578125 874.0738525390625 792.15185546875
666.9326782226562 952.5052490234375 565.4500122070312 871.866455078125
980.80615234375 700.806640625 888.9223022460938 614.832763671875
756.5120849609375 902.7804565429688 648.276611328125 826.7341918945312
876.5059204101562 1039.068359375 725.1384887695312 981.932861328125
564.6514892578125 754.7716674804688 491.18603515625 625.1751708984375
372.94677734375 828.5398559570312 314.23992919921875 690.2301635742188
554.8130493164062 852.626708984375 475.9115295410156 744.5545043945312
554.8130493164062 852.626708984375 475.9115295410156 744.5545043945312
632.1738891601562 959.4046020507812 535.1539306640625 873.04833984375
483.1524658203125 791.6887817382812 416.6369934082031 660.3223266601562
960.7138061523438 1023.6171875 795.5181884765625 976.1197509765625
526.4976196289062 912.156982421875 452.45379638671875 807.5491943359375
325.81097412109375 1003.5211791992188 277.80218505859375 880.9022216796875
583.0001220703125 844.9815673828125 502.86114501953125 738.7986450195312
649.7373046875 964.1874389648438 550.1752319335938 880.53125
535.5718383789062 869.270263671875 460.2124328613281 760.7579345703125
326.3267517089844 973.2213134765625 274.25799560546875 850.319580078125
836.033447265625 897.5849609375 716.7518920898438 831.62744140625
483.1524658203125 791.6887817382812 416.6369934082031 660.3223266601562
666.6045532226562 847.2723388671875 575.1126098632812 748.4635620117188
1072.1492919921875 754.9763793945312 955.3812255859375 695.4498901367188
524.3881225585938 865.5518188476562 448.8353271484375 755.65771484375
1006.353515625 844.2296142578125 874.0738525390625 792.15185546875
1014.612548828125 719.168212890625 914.7347412109375 643.0750122070312
277.7842102050781 956.8759765625 235.27784729003906 824.1461791992188
360.4128723144531 938.160400390625 303.61370849609375 816.4207153320312
598.2654418945312 1032.70263671875 500.4288330078125 944.8095703125
1167.650390625 703.2667236328125 1058.27099609375 642.7769775390625
854.040771484375 932.5748901367188 726.1936645507812 871.0481567382812
1396.2421875 745.3515014648438 1242.6263427734375 722.8834838867188
1309.7188720703125 804.0628662109375 1146.4951171875 782.6130981445312
875.2276611328125 899.3016967773438 749.7422485351562 838.2361450195312
504.5719299316406 870.5481567382812 432.82952880859375 756.2614135742188
543.9993896484375 773.6552124023438 472.81884765625 647.719482421875
541.0707397460938 763.2930297851562 470.2489929199219 631.4905395507812
469.4351501464844 787.5792846679688 403.8202209472656 651.7987060546875
549.7782592773438 790.0669555664062 477.7071228027344 667.670654296875
1082.2945556640625 984.0205078125 902.4156494140625 950.132568359375
324.45855712890625 836.8299560546875 269.0580749511719 691.504150390625
357.0049743652344 923.9591064453125 300.59552001953125 799.972900390625
1243.1971435546875 848.8823852539062 1075.3399658203125 825.6702270507812
1173.791259765625 858.1494750976562 1012.4317016601562 827.345703125
1418.485107421875 715.457275390625 1277.37109375 689.18701171875
1351.5755615234375 992.957275390625 1112.3985595703125 985.3076782226562
467.7388610839844 715.2604370117188 402.980224609375 558.3370361328125
303.9472351074219 978.000732421875 255.44374084472656 852.8199462890625
1339.313720703125 791.228759765625 1175.2353515625 770.1382446289062
414.6369934082031 902.4403686523438 350.27423095703125 782.0143432617188
681.1722412109375 992.490234375 572.6408081054688 914.228271484375
1088.8131103515625 661.244873046875 1000.7615356445312 577.0504150390625
1223.879638671875 893.052978515625 1042.9765625 870.6038818359375
1094.811767578125 776.5680541992188 968.0911254882812 723.725341796875
297.4731140136719 779.6756591796875 242.85964965820312 618.5035400390625
316.2027282714844 967.13134765625 266.7712097167969 842.1448974609375
1426.750244140625 723.0757446289062 1281.0140380859375 700.5144653320312
352.6084289550781 932.5650634765625 297.3196105957031 808.9886474609375
1280.1844482421875 679.00537109375 1169.0592041015625 626.8075561523438
801.6627197265625 937.8822021484375 680.7492065429688 871.1607055664062
324.01287841796875 952.349609375 270.42706298828125 828.3643188476562
1340.7718505859375 951.73046875 1115.5499267578125 946.1146850585938
632.1738891601562 959.4046020507812 535.1539306640625 873.04833984375
968.4285278320312 641.6876220703125 894.0979614257812 533.51123046875
855.239501953125 921.4022216796875 728.5502319335938 859.6082763671875
566.8129272460938 969.8973999023438 478.6938171386719 875.8948364257812
1099.4827880859375 794.2784423828125 967.996826171875 745.7654418945312
938.990478515625 1003.8897094726562 780.522705078125 955.4110717773438
572.815185546875 1038.5218505859375 480.9278869628906 947.4385375976562
1066.8701171875 909.8689575195312 906.8153076171875 872.3082885742188
318.6187744140625 767.19873046875 260.1609802246094 606.0453491210938
378.5167541503906 931.9678344726562 318.9720458984375 810.8577880859375
324.01287841796875 952.349609375 270.42706298828125 828.3643188476562
1223.879638671875 893.052978515625 1042.9765625 870.6038818359375
547.1151733398438 1026.192138671875 459.57757568359375 931.0126953125
1239.84716796875 1058.9940185546875 1006.3941650390625 1037.8482666015625
656.541015625 671.37841796875 588.8552856445312 528.0301513671875
660.9782104492188 659.832275390625 593.874755859375 512.0429077148438
643.1533813476562 988.27587890625 541.8045043945312 904.6616821289062
367.7972106933594 956.7925415039062 309.68389892578125 838.0069580078125
1031.973388671875 711.8040771484375 932.7337646484375 636.1421508789062
1133.34814453125 647.3073120117188 1045.5338134765625 562.629638671875
1062.6055908203125 980.5341186523438 886.8330688476562 943.5131225585938
649.7373046875 964.1874389648438 550.1752319335938 880.53125
1109.4486083984375 965.3756103515625 928.955078125 934.6311645507812
1320.7052001953125 757.7603149414062 1173.9150390625 729.1368408203125
606.8931274414062 829.514404296875 523.305419921875 723.9246826171875
1193.0958251953125 638.3118896484375 1107.601806640625 559.43896484375
1001.4398193359375 722.88671875 901.6617431640625 646.0638427734375
1090.4403076171875 760.1661376953125 971.0763549804688 703.384765625
1089.7047119140625 648.1189575195312 1005.895263671875 559.3528442382812
838.2763671875 906.1842041015625 717.4829711914062 840.8640747070312
936.8956298828125 846.1227416992188 813.0652465820312 787.2838134765625
740.1310424804688 875.8553466796875 638.0698852539062 794.23779296875
602.501953125 987.0310668945312 507.6424865722656 898.8728637695312
1416.354736328125 746.5170288085938 1259.7628173828125 726.77734375
1195.220947265625 859.8538818359375 1030.3807373046875 831.8259887695312
1213.847900390625 867.6784057617188 1041.948486328125 841.6148681640625
1086.619140625 965.2241821289062 909.6238403320312 931.0885009765625
983.3084716796875 855.838623046875 851.7891845703125 802.5608520507812
931.7348022460938 642.6942749023438 858.2284545898438 529.24609375
981.5098876953125 841.9090576171875 854.4923095703125 787.4855346679688
364.13763427734375 832.0545654296875 303.04168701171875 694.915771484375
971.734130859375 650.2532958984375 894.4773559570312 545.794677734375
1134.4952392578125 949.7705688476562 953.6531982421875 920.6822509765625
1085.0670166015625 927.7242431640625 918.606689453125 892.1738891601562
1392.494384765625 956.3015747070312 1157.7896728515625 954.368896484375
1070.8966064453125 764.7711791992188 951.92822265625 707.32470703125
326.3267517089844 973.2213134765625 274.25799560546875 850.319580078125
592.425048828125 855.679931640625 508.7951354980469 753.5647583007812
979.4232788085938 722.0433349609375 880.0850830078125 639.6195678710938
330.3875427246094 765.9539184570312 274.7680969238281 604.87939453125
1107.582763671875 768.1116943359375 983.5987548828125 716.2425537109375
1367.23291015625 954.3643188476562 1136.9437255859375 951.3512573242188
1083.0030517578125 668.3245239257812 994.4220581054688 585.876708984375
946.2428588867188 642.79541015625 871.8150634765625 531.565185546875
1107.9744873046875 929.1045532226562 937.357666015625 896.4544677734375
1417.4959716796875 982.83740234375 1169.908935546875 981.097900390625
940.8469848632812 825.3489990234375 824.2750244140625 764.2388916015625
1303.1180419921875 757.6976928710938 1159.048583984375 726.1941528320312
779.0833740234375 909.86962890625 666.0555419921875 838.21484375
1003.1347045898438 710.506103515625 907.6171264648438 630.4664916992188
556.6381225585938 774.2654418945312 484.5923767089844 648.5023803710938
714.1509399414062 830.9685668945312 621.0787963867188 740.3992309570312
1127.970703125 778.2039794921875 997.8616943359375 729.8472290039062
313.76019287109375 778.0435791015625 257.85443115234375 618.7410888671875
357.55499267578125 949.98828125 303.2861328125 828.1294555664062
1098.20849609375 939.0610961914062 927.0733032226562 905.3032836914062
943.3978881835938 649.636474609375 867.3555908203125 540.535888671875
1086.619140625 965.2241821289062 909.6238403320312 931.0885009765625
1073.1693115234375 666.9984741210938 984.513671875 582.6043090820312
1420.22802734375 727.20849609375 1272.8594970703125 704.2327270507812
691.8677978515625 816.131103515625 604.955078125 719.4990234375
1079.8736572265625 772.0126953125 957.3811645507812 717.6029663085938
457.9464416503906 727.0883178710938 395.3387451171875 572.7706909179688
311.119384765625 845.0923461914062 256.0870056152344 702.7735595703125
357.55499267578125 949.98828125 303.2861328125 828.1294555664062
1086.619140625 965.2241821289062 909.6238403320312 931.0885009765625
1183.9478759765625 637.460693359375 1097.44970703125 557.6016845703125
966.634521484375 811.3214111328125 847.8722534179688 746.4713134765625
632.6552734375 972.7837524414062 534.9205932617188 887.1610717773438
790.8275146484375 890.4078369140625 675.3291625976562 817.720458984375
1089.6343994140625 654.0679321289062 1003.2493286132812 567.1300048828125
1198.346435546875 632.2384033203125 1112.5394287109375 552.285400390625
1295.38623046875 774.5543212890625 1144.7294921875 745.673828125
361.0836486816406 770.546875 302.95220947265625 617.3289794921875
1178.8433837890625 715.9232177734375 1063.96337890625 660.10888671875
1126.84814453125 767.98095703125 1000.5740356445312 717.5740356445312
1126.84814453125 767.98095703125 1000.5740356445312 717.5740356445312
