1131.2247314453125 887.1774291992188 549.9480590820312 1000.456787109375
1154.365234375 891.9261474609375 527.8783569335938 1013.4685668945312
1112.6590576171875 883.7562255859375 566.435302734375 990.3882446289062
1055.50830078125 951.5541381835938 563.364501953125 916.5770874023438
1080.195556640625 804.8939819335938 659.7969360351562 1028.0994873046875
1131.2247314453125 887.1774291992188 549.9480590820312 1000.456787109375
1204.568359375 919.342529296875 473.1300048828125 1028.802734375
1041.6175537109375 913.495849609375 598.3270874023438 925.6749877929688
1148.9986572265625 916.5228881835938 517.4644165039062 992.9122924804688
1018.1259765625 933.972900390625 599.0140991210938 903.7858276367188
1080.195556640625 804.8939819335938 659.7969360351562 1028.0994873046875
1154.365234375 891.9261474609375 527.8783569335938 1013.4685668945312
1186.52001953125 923.8905639648438 484.7586975097656 1013.4154663085938
1055.50830078125 951.5541381835938 563.364501953125 916.5770874023438
1072.1033935546875 779.0636596679688 695.6307373046875 1045.835693359375
1044.579345703125 968.0001831054688 561.5292358398438 901.6591796875
1199.69287109375 934.8521728515625 470.1614990234375 1013.076904296875
1173.1295166015625 930.6516723632812 491.8648986816406 999.0631103515625
1072.1033935546875 779.0636596679688 695.6307373046875 1045.835693359375
1026.375732421875 965.3349609375 574.0303344726562 894.7487182617188
1073.7642822265625 791.4234619140625 682.2392578125 1035.9495849609375
1044.633544921875 1023.7760620117188 534.3723754882812 880.5836181640625
969.9570922851562 848.0508422851562 698.4998168945312 916.9136962890625
1002.0615844726562 932.1076049804688 609.91552734375 897.760009765625
1087.587158203125 793.222412109375 666.3578491210938 1045.7408447265625
1050.654541015625 992.7933959960938 543.0194091796875 898.8274536132812
1183.07470703125 914.2496948242188 493.1169738769531 1017.2515869140625
1093.6771240234375 806.9188842773438 646.840576171875 1037.252685546875
1011.8760986328125 1005.3145751953125 560.149658203125 873.8895263671875
1055.494140625 803.03271484375 684.210693359375 1009.673583984375
1061.5997314453125 784.8387451171875 699.3292846679688 1028.932373046875
1182.699462890625 865.4703369140625 522.8549194335938 1056.1717529296875
1015.1482543945312 951.8593139648438 588.2398681640625 895.0775756835938
1052.9935302734375 776.27783203125 715.5200805664062 1031.6993408203125
1011.8760986328125 1005.3145751953125 560.149658203125 873.8895263671875
1019.3966064453125 983.5715942382812 567.3460693359375 886.2891235351562
