67.08203887939453
76.03289031982422
82.35897064208984
85.27015686035156
88.39117431640625
91.2743148803711
91.91844177246094
93.4398193359375
95.83319091796875
96.5038833618164
97.05152893066406
97.38069915771484
97.59098052978516
97.90301513671875
99.78977966308594
99.81983947753906
103.00485229492188
104.19213104248047
105.0999526977539
106.169677734375
106.87843322753906
109.53081512451172
111.0
111.78550720214844
112.86274719238281
113.46805572509766
113.91663360595703
114.41153717041016
115.45561981201172
115.97413635253906
116.50321960449219
117.51170349121094
117.5414810180664
117.7624740600586
117.76671600341797
118.2455062866211
118.83602142333984
119.18053436279297
119.92080688476562
120.09162902832031
121.13215637207031
122.34786224365234
122.82100677490234
124.89996337890625
124.97599792480469
125.06797790527344
126.55828857421875
126.64517211914062
127.4362564086914
128.1327362060547
128.8409881591797
128.9457244873047
129.39088439941406
129.42178344726562
129.7266387939453
129.84991455078125
130.44155883789062
130.71725463867188
130.88926696777344
131.32022094726562
131.81805419921875
132.49151611328125
133.4503631591797
133.8282470703125
133.846923828125
134.00746154785156
134.16407775878906
134.25721740722656
134.89996337890625
135.3070526123047
136.1029052734375
136.13229370117188
136.67845153808594
137.52090454101562
137.71710205078125
137.80783081054688
137.9927520751953
138.48104858398438
138.917236328125
139.02157592773438
139.06832885742188
140.33888244628906
140.55247497558594
141.51324462890625
141.56976318359375
141.58743286132812
141.87318420410156
141.92251586914062
142.0211181640625
142.55174255371094
144.08677673339844
144.11106872558594
144.49913024902344
145.1723175048828
145.19297790527344
145.39601135253906
146.05477905273438
146.174560546875
146.21559143066406
146.56398010253906
147.2480926513672
147.9290313720703
148.81532287597656
149.02684020996094
149.2112579345703
149.27825927734375
149.36866760253906
149.55267333984375
150.23980712890625
150.48255920410156
150.6851043701172
150.89732360839844
151.54867553710938
152.54507446289062
152.81687927246094
153.73353576660156
153.83106994628906
154.0292205810547
154.25628662109375
154.30813598632812
154.3891143798828
154.567138671875
154.9806365966797
156.44168090820312
156.7513885498047
156.86936950683594
157.0222930908203
157.14324951171875
158.0791015625
158.09490966796875
158.43927001953125
158.45819091796875
158.48974609375
158.707275390625
160.483642578125
160.6798095703125
160.6953582763672
160.80422973632812
160.93165588378906
161.83633422851562
161.9506072998047
162.24671936035156
163.59400939941406
163.65818786621094
163.8810577392578
164.63291931152344
164.69668579101562
164.7179412841797
164.72705078125
164.833251953125
165.39044189453125
165.9276885986328
166.1294708251953
166.16256713867188
166.62832641601562
167.39474487304688
167.8957977294922
168.3745880126953
169.2365264892578
171.8953094482422
172.148193359375
172.7310028076172
172.9364013671875
172.9855499267578
173.1271209716797
174.18667602539062
174.6253204345703
175.41094970703125
175.7042999267578
175.7697296142578
175.9545440673828
176.65786743164062
177.19480895996094
177.4683074951172
177.85386657714844
177.96910095214844
177.9915771484375
178.2498321533203
178.38722229003906
178.41244506835938
178.61410522460938
178.65049743652344
178.66448974609375
178.8882293701172
179.11448669433594
179.6301727294922
179.677490234375
179.8415985107422
179.84437561035156
180.0111083984375
180.28311157226562
180.734619140625
181.37254333496094
181.8488311767578
181.892822265625
182.59791564941406
182.7238311767578
183.3766632080078
183.65184020996094
184.14125061035156
184.35292053222656
185.5289764404297
186.08331298828125
186.8475341796875
187.38729858398438
187.5419921875
187.62728881835938
188.3985137939453
188.41973876953125
188.59214782714844
188.66372680664062
188.89414978027344
190.48622131347656
193.19161987304688
194.2472686767578
195.1025390625
195.427734375
195.4686737060547
196.22946166992188
196.5655059814453
197.2485809326172
198.29776000976562
198.5774383544922
198.97738647460938
199.0577850341797
199.24607849121094
199.30128479003906
199.6647186279297
200.13995361328125
200.1674346923828
201.37278747558594
202.60800170898438
203.31256103515625
203.44287109375
204.66802978515625
205.83973693847656
205.89317321777344
206.22560119628906
206.2789306640625
206.6954345703125
208.93299865722656
209.4230194091797
209.93093872070312
210.2736358642578
210.55641174316406
211.74749755859375
212.75572204589844
216.2799072265625
216.34231567382812
218.00917053222656
219.74758911132812
220.03863525390625
222.18685913085938
223.0762176513672
234.7637176513672
236.48890686035156
238.35897827148438
251.47366333007812
258.44342041015625
