771.0548095703125 592.3968505859375 743.1527099609375 575.9097900390625
879.3635864257812 795.7102661132812 882.6385498046875 789.5982055664062
845.9705200195312 613.9207763671875 836.0526123046875 611.1221923828125
845.9705200195312 613.9207763671875 836.0526123046875 611.1221923828125
817.0499267578125 814.31982421875 796.3396606445312 786.8826904296875
832.3953247070312 605.9896850585938 820.6251220703125 600.9522094726562
868.7225952148438 691.0853881835938 863.8404541015625 687.9999389648438
836.885986328125 607.9053344726562 825.185546875 603.6798095703125
813.6029663085938 619.4163208007812 793.4225463867188 610.007080078125
822.6322631835938 648.5504760742188 802.827392578125 638.8816528320312
831.0025634765625 791.7285766601562 813.78466796875 771.0686645507812
834.0614013671875 626.3268432617188 819.1254272460938 619.8739013671875
823.65087890625 657.0370483398438 803.6522827148438 646.1273193359375
818.7073364257812 597.4788208007812 803.0509643554688 588.9407958984375
819.0228881835938 607.0199584960938 802.1063842773438 598.6218872070312
803.0298461914062 666.3458251953125 777.3824462890625 650.2614135742188
822.6322631835938 648.5504760742188 802.827392578125 638.8816528320312
882.8873901367188 810.4024658203125 890.4334716796875 803.90625
890.4261474609375 804.458984375 898.227294921875 800.5170288085938
789.2760009765625 815.7937622070312 761.6141967773438 780.1162109375
814.492431640625 598.2631225585938 797.8156127929688 590.0048217773438
810.983154296875 712.2669677734375 788.3787231445312 693.7529296875
802.8378295898438 652.4107666015625 777.3377685546875 637.97607421875
803.6904907226562 625.1777954101562 780.3424072265625 612.9492797851562
817.22705078125 660.138671875 795.255615234375 647.5267333984375
836.2769165039062 615.8949584960938 822.7090454101562 611.0352172851562
813.943359375 614.1964111328125 794.9277954101562 604.0922241210938
809.56787109375 659.2998046875 785.820556640625 644.96533203125
827.6238403320312 800.0486450195312 807.0384521484375 778.39013671875
836.2769165039062 615.8949584960938 822.7090454101562 611.0352172851562
867.9026489257812 709.8519897460938 863.804931640625 706.3391723632812
827.682861328125 638.6719360351562 809.9747314453125 630.7062377929688
852.2258911132812 641.48876953125 842.524658203125 638.2974243164062
834.2973022460938 633.2941284179688 817.6759643554688 627.2222900390625
757.8177490234375 569.9767456054688 726.7882080078125 552.7769165039062
839.8295288085938 644.0348510742188 826.5706176757812 637.8076171875
803.6904907226562 625.1777954101562 780.3424072265625 612.9492797851562
834.6082153320312 797.2051391601562 817.6506958007812 777.6199951171875
756.7670288085938 559.5066528320312 725.758544921875 543.04541015625
850.680908203125 634.14990234375 841.2728881835938 631.8196411132812
788.4368286132812 818.67041015625 759.9088745117188 782.6058959960938
868.52490234375 811.2017822265625 864.947021484375 801.3012084960938
845.4771118164062 645.3499145507812 833.1766967773438 640.334716796875
763.9203491210938 561.9430541992188 736.3312377929688 545.9586181640625
804.0933837890625 704.801025390625 778.0478515625 685.4052734375
809.883544921875 603.5296630859375 790.9154052734375 593.2880249023438
844.9746704101562 635.5167236328125 832.9777221679688 632.0985107421875
808.515625 651.1050415039062 785.13330078125 638.1517944335938
825.3472900390625 598.6317138671875 811.85986328125 591.44580078125
778.1551513671875 559.4580078125 755.4668579101562 546.1790771484375
763.9203491210938 561.9430541992188 736.3312377929688 545.9586181640625
803.8956909179688 720.0881958007812 777.385009765625 698.8473510742188
798.4141235351562 709.8319091796875 770.7922973632812 688.3472290039062
832.3953247070312 605.9896850585938 820.6251220703125 600.9522094726562
841.1497802734375 635.8226318359375 827.8375854492188 629.7503051757812
815.6600952148438 704.4352416992188 792.6387939453125 688.173828125
818.3035888671875 637.2890625 796.6600952148438 626.6864013671875
