776.4467163085938 577.6395874023438 769.1082153320312 640.6455688476562
823.65087890625 657.0370483398438 812.8219604492188 698.0611572265625
802.8378295898438 652.4107666015625 790.0891723632812 695.2714233398438
803.0298461914062 666.3458251953125 789.8285522460938 704.7650146484375
817.22705078125 660.138671875 805.6133422851562 700.520263671875
823.2685546875 697.8857421875 812.1423950195312 730.35205078125
831.0025634765625 791.7285766601562 820.5341186523438 798.2854614257812
844.337890625 695.4880981445312 837.598876953125 727.97216796875
827.6238403320312 800.0486450195312 816.533935546875 803.52685546875
846.9656982421875 631.2864379882812 840.4098510742188 679.4190673828125
836.2769165039062 615.8949584960938 830.5238647460938 667.8607177734375
795.5667724609375 741.828857421875 782.3012084960938 757.8870849609375
811.468994140625 653.3326416015625 799.7910766601562 695.2293701171875
867.9026489257812 709.8519897460938 864.7005615234375 737.5631103515625
858.7921752929688 704.2068481445312 854.9513549804688 732.5568237304688
