961.7189331054688 854.3240966796875 670.5653686523438 655.3021240234375
935.6870727539062 864.30908203125 693.2874145507812 648.454345703125
1026.375732421875 965.3349609375 652.2357177734375 574.6063232421875
1034.282470703125 937.450439453125 637.9180908203125 588.4532470703125
1009.0633544921875 992.5394897460938 670.3942260742188 561.3084106445312
951.04296875 820.411865234375 670.2896118164062 689.5618896484375
1015.1482543945312 951.8593139648438 657.0072021484375 583.18798828125
1019.3966064453125 983.5715942382812 661.095703125 565.007080078125
931.9715576171875 817.1416625976562 685.7032470703125 694.8661499023438
1073.7642822265625 791.4234619140625 547.9891357421875 712.3219604492188
553.1515502929688 960.7886962890625 947.607177734375 606.7984008789062
921.4808959960938 824.9118041992188 696.8189697265625 686.6363525390625
