561.74658203125 986.342529296875 1031.1778564453125 723.7965698242188
561.74658203125 986.342529296875 1031.1778564453125 723.7965698242188
1378.3109130859375 822.1353759765625 584.3309326171875 528.3446655273438
982.8770751953125 626.65673828125 191.0767364501953 1009.287353515625
556.183349609375 976.8003540039062 1031.909912109375 732.1796875
794.3754272460938 1035.0 955.0484619140625 625.9229736328125
519.2592163085938 950.8970947265625 1039.0498046875 766.585205078125
592.7230224609375 951.7747802734375 1002.5673217773438 733.983154296875
531.2393188476562 973.9183959960938 1040.4801025390625 744.022705078125
531.2393188476562 973.9183959960938 1040.4801025390625 744.022705078125
