573.7197875976562 809.95849609375 541.2089233398438 830.9688720703125
977.80126953125 827.0823974609375 984.3641967773438 791.049072265625
977.80126953125 827.0823974609375 984.3641967773438 791.049072265625
834.2973022460938 633.2941284179688 854.936767578125 710.2266845703125
373.4610595703125 780.4244384765625 373.63494873046875 813.9600219726562
832.3668212890625 647.328369140625 854.0154418945312 716.8213500976562
847.7998657226562 635.6234130859375 860.562255859375 709.6260986328125
1144.004638671875 883.3309936523438 1321.150146484375 874.272705078125
818.3035888671875 637.2890625 848.4841918945312 713.7178955078125
822.7352905273438 613.8353881835938 851.0650634765625 703.185791015625
810.2276000976562 636.310302734375 844.6431884765625 714.2652587890625
