974.798828125 625.2381591796875 1071.0618896484375 638.3228759765625
970.38037109375 952.6110229492188 900.3861083984375 987.2304077148438
1365.7625732421875 703.683837890625 1483.5230712890625 810.5702514648438
513.3533935546875 827.5742797851562 577.8636474609375 760.204833984375
1365.7625732421875 703.683837890625 1483.5230712890625 810.5702514648438
513.3533935546875 827.5742797851562 577.8636474609375 760.204833984375
918.6481323242188 601.5068359375 1026.406005859375 603.9771728515625
799.311767578125 921.0860595703125 761.312255859375 910.3770141601562
981.4666137695312 700.973388671875 1037.8902587890625 721.452880859375
1010.01904296875 722.6864013671875 1056.4407958984375 750.7633056640625
1350.7322998046875 702.0049438476562 1466.2247314453125 805.2479248046875
1372.3179931640625 831.630615234375 1412.4542236328125 965.9622192382812
976.2020874023438 989.7307739257812 886.615966796875 1027.8377685546875
1239.4495849609375 246.4942169189453 1592.9373779296875 228.48312377929688
1372.3179931640625 831.630615234375 1412.4542236328125 965.9622192382812
1186.52001953125 923.8905639648438 1136.8143310546875 1018.6165161132812
1268.3553466796875 233.3829345703125 1641.1781005859375 213.46177673339844
807.6351318359375 927.9673461914062 767.6719970703125 918.9652099609375
1242.564208984375 901.3619995117188 1212.5205078125 1009.299072265625
1278.4208984375 801.8486938476562 1311.2076416015625 904.9832153320312
922.2843627929688 603.8713989257812 1029.4932861328125 606.9653930664062
1004.29541015625 695.3452758789062 1064.0020751953125 719.9017944335938
1166.49267578125 743.0718383789062 1211.2183837890625 810.3413696289062
1336.3936767578125 830.4713134765625 1365.273193359375 954.5888671875
536.1337280273438 820.88330078125 596.5171508789062 757.8570556640625
1002.0615844726562 932.1076049804688 939.500244140625 974.2425537109375
1168.3070068359375 920.23779296875 1117.9495849609375 1007.9478759765625
1215.4954833984375 878.08544921875 1195.5986328125 975.4378662109375
1165.6392822265625 232.0598602294922 1501.324462890625 208.7271270751953
889.4750366210938 261.7402038574219 1174.5535888671875 232.83993530273438
536.1337280273438 820.88330078125 596.5171508789062 757.8570556640625
1183.4317626953125 732.409912109375 1239.5003662109375 800.330810546875
1218.41650390625 922.2830810546875 1174.9334716796875 1024.406494140625
1280.5732421875 700.0773315429688 1375.5186767578125 785.500732421875
935.6870727539062 864.30908203125 911.6760864257812 884.8005981445312
1309.4312744140625 788.7550048828125 1359.3226318359375 898.5364990234375
1034.282470703125 937.450439453125 970.4051513671875 989.6458740234375
1023.7736206054688 724.663818359375 1069.816650390625 755.1671142578125
1064.19580078125 755.7186889648438 1094.1802978515625 799.383056640625
522.2274169921875 737.6262817382812 620.548583984375 677.8636474609375
1239.4495849609375 246.4942169189453 1592.9373779296875 228.48312377929688
964.044189453125 972.4398193359375 884.6803588867188 1006.3562622070312
787.0274047851562 930.5880126953125 747.9852294921875 916.7826538085938
1326.6072998046875 790.81494140625 1378.9425048828125 905.2930908203125
1352.149658203125 839.2098999023438 1382.594970703125 971.3412475585938
802.737060546875 917.0326538085938 766.347900390625 906.913330078125
1189.085693359375 633.9698486328125 1302.3411865234375 687.9553833007812
1350.7322998046875 702.0049438476562 1466.2247314453125 805.2479248046875
1314.0611572265625 865.7437744140625 1316.9451904296875 990.044921875
950.0065307617188 959.2615966796875 877.6752319335938 988.0553588867188
957.8694458007812 840.1826782226562 942.1611328125 865.7720336914062
1319.9130859375 705.6506958007812 1421.530517578125 801.5958251953125
1213.420166015625 722.2881469726562 1281.416748046875 795.5747680664062
1117.0150146484375 667.5744018554688 1201.227783203125 711.5089721679688
1275.044677734375 703.707275390625 1365.7947998046875 789.7465209960938
1226.7174072265625 723.7685546875 1296.5009765625 800.0408935546875
1185.31103515625 881.413330078125 1156.909423828125 970.5994262695312
1107.3428955078125 245.8214111328125 1421.712646484375 223.66262817382812
1097.08251953125 652.891845703125 1187.713623046875 691.885498046875
890.4261474609375 804.458984375 897.9376220703125 810.5853271484375
1229.051513671875 639.383056640625 1347.237548828125 702.9002685546875
764.02197265625 919.4445190429688 732.4371337890625 900.3412475585938
902.2957153320312 822.021728515625 900.9149169921875 832.5961303710938
523.3766479492188 773.24658203125 608.9530639648438 710.9227905273438
993.754638671875 944.3248291015625 927.39990234375 984.3478393554688
1460.992431640625 775.56787109375 1566.740478515625 927.2095947265625
799.0326538085938 905.9664916992188 768.428955078125 894.5297241210938
561.74658203125 986.342529296875 543.6944580078125 917.9539184570312
1278.4208984375 801.8486938476562 1311.2076416015625 904.9832153320312
1172.7247314453125 635.7578125 1280.2655029296875 687.3482055664062
1230.9105224609375 734.3727416992188 1295.0670166015625 813.9114990234375
1331.7421875 803.7797241210938 1377.3709716796875 922.9227294921875
1478.3236083984375 771.2081909179688 1592.8526611328125 926.3687744140625
1018.1259765625 933.972900390625 954.8218383789062 980.0882568359375
1172.7247314453125 635.7578125 1280.2655029296875 687.3482055664062
933.641357421875 601.5199584960938 1041.8074951171875 606.1746826171875
1449.4039306640625 793.222900390625 1540.000244140625 946.6456298828125
537.016357421875 740.5718994140625 632.335693359375 682.3417358398438
1080.195556640625 804.8939819335938 1086.2275390625 856.9557495117188
1204.402099609375 660.0494384765625 1306.143310546875 721.4634399414062
1046.0882568359375 769.0193481445312 1068.5860595703125 809.1802368164062
1173.1295166015625 930.6516723632812 1117.80078125 1021.6368408203125
891.6041259765625 267.7369689941406 1174.0704345703125 241.1126251220703
1129.7652587890625 659.7953491210938 1219.688720703125 705.4402465820312
913.6312866210938 600.9320068359375 1021.1509399414062 602.6898803710938
1128.4544677734375 775.7409057617188 1154.151611328125 835.55419921875
1073.1600341796875 658.77197265625 1155.9219970703125 693.830078125
837.9427490234375 1030.9063720703125 743.0784301757812 1030.1046142578125
987.0673828125 690.755126953125 1048.0172119140625 711.6605834960938
1085.5047607421875 224.1694793701172 1407.3240966796875 197.1827850341797
1327.3463134765625 694.1219482421875 1439.3970947265625 789.9028930664062
1130.2020263671875 788.4786376953125 1149.733642578125 850.4832153320312
1205.4580078125 632.306884765625 1323.048828125 689.2584838867188
1212.4786376953125 864.8560791015625 1199.6065673828125 959.106201171875
1015.1482543945312 951.8593139648438 943.4768676757812 998.0909423828125
1076.7623291015625 666.4010009765625 1156.6766357421875 702.64892578125
988.4620971679688 629.3118896484375 1083.450927734375 645.8383178710938
909.554443359375 588.96435546875 1024.495361328125 589.0488891601562
1141.9442138671875 894.273193359375 1104.2027587890625 973.020751953125
1188.8875732421875 637.0894165039062 1301.0753173828125 691.3600463867188
1344.4273681640625 823.67919921875 1381.5269775390625 950.8114013671875
1019.3966064453125 983.5715942382812 932.0248413085938 1033.80078125
1154.365234375 891.9261474609375 1119.3157958984375 973.8395385742188
1073.7642822265625 791.4234619140625 1085.6337890625 840.2844848632812
1219.03466796875 643.7388305664062 1333.0633544921875 705.7581176757812
964.044189453125 972.4398193359375 884.6803588867188 1006.3562622070312
1093.6771240234375 806.9188842773438 1100.4183349609375 861.61376953125
794.3754272460938 1035.0 703.6751708984375 1022.8314819335938
1186.52001953125 923.8905639648438 1136.8143310546875 1018.6165161132812
1104.6640625 755.5125732421875 1139.0418701171875 807.8442993164062
1068.583984375 802.5642700195312 1074.853515625 850.6504516601562
1109.9189453125 662.9690551757812 1195.4183349609375 705.55712890625
1107.609130859375 795.4539184570312 1119.055908203125 851.5672607421875
1446.84521484375 780.8868408203125 1544.1341552734375 930.0542602539062
1153.168212890625 728.626708984375 1206.5830078125 789.5946044921875
815.4310302734375 899.17919921875 785.5108642578125 892.1093139648438
1090.5321044921875 754.2237548828125 1124.35302734375 802.825439453125
988.2044067382812 646.5362548828125 1073.4599609375 663.5302734375
1110.5435791015625 784.2824096679688 1128.354248046875 839.9073486328125
889.4750366210938 261.7402038574219 1174.5535888671875 232.83993530273438
1092.0928955078125 668.400390625 1172.4921875 707.8963012695312
1068.583984375 802.5642700195312 1074.853515625 850.6504516601562
520.4739990234375 1003.9881591796875 506.2169494628906 925.5859985351562
1286.799072265625 751.41162109375 1356.41845703125 846.5551147460938
521.0416259765625 870.2041625976562 567.5836791992188 801.2972412109375
1331.044921875 856.6641235351562 1345.6080322265625 984.2792358398438
1214.617919921875 647.0139770507812 1326.0465087890625 708.7374877929688
1454.035888671875 752.0570068359375 1572.4171142578125 894.5892333984375
815.4310302734375 899.17919921875 785.5108642578125 892.1093139648438
1338.25390625 814.1524047851562 1379.3978271484375 936.9292602539062
1307.4471435546875 777.7006225585938 1365.0076904296875 885.8302001953125
1423.935791015625 744.0494384765625 1538.249755859375 876.7669067382812
1182.0091552734375 643.0827026367188 1289.932861328125 697.8571166992188
1326.27978515625 681.5048217773438 1444.8917236328125 773.6065063476562
947.9234619140625 858.8084716796875 925.7548828125 882.3963623046875
504.9573669433594 849.3826293945312 563.0018310546875 778.6031494140625
1440.2923583984375 749.6979370117188 1554.0701904296875 888.1925048828125
1314.0611572265625 865.7437744140625 1316.9451904296875 990.044921875
1003.870361328125 992.1400146484375 911.7816162109375 1037.801513671875
1350.564453125 809.5147705078125 1399.10302734375 936.61279296875
547.0867919921875 816.0626831054688 607.21044921875 753.41259765625
513.9418334960938 835.9108276367188 575.2106323242188 768.0732421875
1197.8885498046875 651.727294921875 1301.9754638671875 710.8762817382812
1423.4066162109375 768.0726928710938 1518.7882080078125 905.8649291992188
930.216552734375 838.2988891601562 920.1647338867188 855.2635498046875
1313.8868408203125 853.022705078125 1324.0721435546875 973.8784790039062
933.641357421875 601.5199584960938 1041.8074951171875 606.1746826171875
1001.8170776367188 731.0184936523438 1044.3011474609375 757.6051025390625
556.183349609375 976.8003540039062 543.3287353515625 908.3111572265625
324.1108703613281 910.7623901367188 411.0079650878906 800.3909301757812
1215.643310546875 743.8971557617188 1270.3321533203125 821.4004516601562
1003.870361328125 992.1400146484375 911.7816162109375 1037.801513671875
1308.1697998046875 700.3897705078125 1409.4296875 795.0446166992188
830.366943359375 911.173583984375 792.246826171875 908.8716430664062
1197.2171630859375 642.0482788085938 1307.422607421875 700.7344970703125
508.9974060058594 769.8010864257812 598.3633422851562 705.6144409179688
988.3018188476562 998.346923828125 894.3275146484375 1039.91259765625
1105.2928466796875 666.3705444335938 1187.444580078125 708.2164916992188
1461.2396240234375 762.0320434570312 1577.11376953125 911.857666015625
1236.3863525390625 631.9503784179688 1362.0667724609375 695.2943115234375
1204.568359375 919.342529296875 1160.12646484375 1018.6109619140625
995.3854370117188 725.88671875 1039.199462890625 751.31787109375
1052.9935302734375 776.27783203125 1071.5 818.7951049804688
1200.2279052734375 884.4495239257812 1172.7432861328125 978.2081298828125
1213.420166015625 722.2881469726562 1281.416748046875 795.5747680664062
1323.943115234375 694.2196044921875 1434.7664794921875 789.1077270507812
958.0213012695312 802.618408203125 964.844970703125 823.94775390625
1005.0958251953125 641.1359252929688 1092.8316650390625 659.6166381835938
1216.3255615234375 633.6529541015625 1334.9072265625 693.4223022460938
904.5870971679688 596.97802734375 1014.7996215820312 597.1358032226562
306.4047546386719 889.7321166992188 407.4942321777344 780.520751953125
921.4808959960938 824.9118041992188 917.2189331054688 840.2966918945312
1019.3966064453125 983.5715942382812 932.0248413085938 1033.80078125
1084.486328125 659.5354614257812 1169.761474609375 696.3067626953125
1183.07470703125 914.2496948242188 1137.9954833984375 1006.1920166015625
794.3754272460938 1035.0 703.6751708984375 1022.8314819335938
1336.9361572265625 841.7022705078125 1358.680908203125 968.786376953125
531.5673828125 847.45751953125 582.6769409179688 782.06494140625
891.2196044921875 850.9127197265625 876.1404418945312 858.6302490234375
930.216552734375 838.2988891601562 920.1647338867188 855.2635498046875
554.3519897460938 840.1650390625 601.0379028320312 779.3375244140625
1310.07763671875 824.4607543945312 1338.8240966796875 942.6207885742188
935.035888671875 585.2510986328125 1051.025146484375 588.5262451171875
1122.014404296875 667.9931640625 1206.7276611328125 713.3157958984375
961.7189331054688 854.3240966796875 940.8275146484375 880.2208251953125
792.742431640625 896.28564453125 767.7786254882812 883.7340087890625
1090.4324951171875 664.32763671875 1172.237060546875 702.71142578125
1060.86669921875 981.21728515625 973.2949829101562 1043.078857421875
1427.040771484375 762.2262573242188 1526.902099609375 900.3954467773438
388.0255126953125 782.7117309570312 508.60986328125 698.0496215820312
525.907470703125 673.0634765625 652.7254028320312 617.3146362304688
921.4808959960938 824.9118041992188 917.2189331054688 840.2966918945312
1052.9935302734375 776.27783203125 1071.5 818.7951049804688
1105.2928466796875 666.3705444335938 1187.444580078125 708.2164916992188
1338.25390625 814.1524047851562 1379.3978271484375 936.9292602539062
537.016357421875 740.5718994140625 632.335693359375 682.3417358398438
846.3863525390625 1017.6966552734375 754.9180908203125 1021.322998046875
1221.35791015625 624.2918701171875 1347.565185546875 682.2030029296875
1224.5914306640625 631.6143798828125 1347.99267578125 692.4356689453125
347.2695007324219 872.8689575195312 440.58642578125 772.0224609375
585.4710693359375 942.2063598632812 580.98681640625 882.22021484375
531.5673828125 847.45751953125 582.6769409179688 782.06494140625
540.7252197265625 672.6546020507812 664.8174438476562 618.9407348632812
1289.4212646484375 676.3523559570312 1399.51171875 759.9705810546875
826.1477661132812 1020.5596313476562 736.9255981445312 1017.4107055664062
830.468017578125 1050.4462890625 726.7030639648438 1043.1478271484375
1097.79541015625 673.1051025390625 1177.290283203125 714.0271606445312
805.6661376953125 1016.6723022460938 720.3310546875 1007.9977416992188
1022.203369140625 696.6738891601562 1082.627197265625 724.87109375
531.2393188476562 973.9183959960938 527.9963989257812 900.0518798828125
778.3901977539062 902.380126953125 752.53173828125 886.3856201171875
972.7438354492188 646.211181640625 1057.90625 660.8561401367188
567.9328002929688 948.4933471679688 565.09765625 883.9821166992188
1215.643310546875 743.8971557617188 1270.3321533203125 821.4004516601562
363.5189514160156 797.4446411132812 484.7932434082031 707.4375610351562
499.4674072265625 771.8123168945312 589.6279907226562 706.0859375
1092.2196044921875 676.7718505859375 1167.49951171875 717.1460571289062
1310.150634765625 682.6848754882812 1423.2705078125 771.7533569335938
927.0841064453125 587.8204345703125 1040.6573486328125 590.6632690429688
937.1965942382812 579.4144897460938 1056.3968505859375 583.3024291992188
1015.1482543945312 951.8593139648438 943.4768676757812 998.0909423828125
531.2393188476562 973.9183959960938 527.9963989257812 900.0518798828125
974.5377807617188 696.0448608398438 1031.489501953125 715.2438354492188
1200.2279052734375 884.4495239257812 1172.7432861328125 978.2081298828125
540.5079956054688 764.7882690429688 625.9669189453125 705.650146484375
1088.6783447265625 769.714111328125 1115.2979736328125 819.992919921875
755.5474853515625 887.1568603515625 739.051513671875 866.2679443359375
978.2208862304688 709.9322509765625 1030.3228759765625 730.3863525390625
303.8786315917969 899.94775390625 403.1192321777344 788.8703002929688
1013.4198608398438 685.1531372070312 1079.8251953125 710.4879150390625
1154.365234375 891.9261474609375 1119.3157958984375 973.8395385742188
898.8211669921875 596.5075073242188 1008.7741088867188 595.6478271484375
343.0848083496094 823.7285766601562 462.4518737792969 727.943603515625
1099.4498291015625 661.4292602539062 1184.967529296875 701.3095703125
1210.8592529296875 623.6744384765625 1334.6513671875 680.39794921875
1084.486328125 659.5354614257812 1169.761474609375 696.3067626953125
1309.816650390625 715.7577514648438 1404.077392578125 811.4488525390625
501.8175964355469 964.5174560546875 513.4512939453125 886.7167358398438
384.2832336425781 738.4293823242188 522.4559326171875 657.588623046875
333.70965576171875 1019.208740234375 373.0595397949219 899.2884521484375
741.1472778320312 911.5568237304688 716.555908203125 888.0729370117188
1182.3677978515625 741.1941528320312 1233.655029296875 809.4767456054688
1022.203369140625 696.6738891601562 1082.627197265625 724.87109375
493.78826904296875 954.8989868164062 509.732177734375 872.158203125
1190.359619140625 807.114990234375 1208.5606689453125 888.1277465820312
1196.67724609375 632.0272216796875 1314.607177734375 686.2974853515625
1215.4954833984375 878.08544921875 1195.5986328125 975.4378662109375
1425.0977783203125 794.458251953125 1508.5667724609375 943.49951171875
1325.11767578125 711.0559692382812 1424.71142578125 809.5606079101562
880.09326171875 935.4957275390625 827.54833984375 944.6029663085938
1440.5191650390625 787.558837890625 1529.493408203125 935.410400390625
345.4791564941406 804.4449462890625 468.1647644042969 711.3401489257812
565.3545532226562 837.2703857421875 612.0364379882812 778.6741943359375
308.954833984375 916.62451171875 397.9232177734375 804.2118530273438
951.04296875 820.411865234375 947.4306030273438 842.3638305664062
1082.5677490234375 786.6536254882812 1102.7197265625 834.5065307617188
572.987548828125 965.0375366210938 561.0308837890625 900.682373046875
572.987548828125 965.0375366210938 561.0308837890625 900.682373046875
938.39111328125 850.4103393554688 920.85009765625 871.1260986328125
