94.7734146118164
95.04735565185547
103.80751037597656
113.01327514648438
113.77169799804688
114.12274169921875
115.04781341552734
115.83609008789062
128.662353515625
129.37542724609375
134.2981719970703
135.9816131591797
136.9050750732422
137.73887634277344
137.86587524414062
138.1376190185547
145.8115234375
147.33973693847656
148.45201110839844
151.0662078857422
153.12086486816406
153.235107421875
155.52491760253906
155.56027221679688
159.19171142578125
161.33815002441406
162.69911193847656
162.8342742919922
164.3806610107422
166.15052795410156
167.58877563476562
169.738037109375
171.52842712402344
176.3831024169922
178.78758239746094
179.36276245117188
180.28311157226562
180.66819763183594
181.5543975830078
181.93679809570312
182.805908203125
182.93441772460938
182.99180603027344
184.2308349609375
184.6185302734375
184.9432373046875
185.41575622558594
185.78750610351562
186.15048217773438
186.51541137695312
190.63577270507812
190.8140411376953
195.1102294921875
197.6663818359375
199.53695678710938
200.27980041503906
201.14671325683594
202.765869140625
205.23158264160156
206.30075073242188
206.62042236328125
207.8196258544922
208.32186889648438
210.03570556640625
215.8865509033203
217.9265899658203
218.1742401123047
221.75436401367188
222.82952880859375
227.60931396484375
