745.1658935546875 568.6401977539062 872.2432861328125 585.782958984375
820.42138671875 789.9119873046875 942.0958251953125 747.9265747070312
814.123291015625 695.6958618164062 929.356201171875 674.7904663085938
739.1619262695312 565.274169921875 866.7291259765625 584.415771484375
795.292236328125 644.7706909179688 910.6454467773438 638.1068725585938
738.1992797851562 554.9129638671875 865.2210693359375 576.1322631835938
782.4503784179688 737.962890625 910.8933715820312 714.8424682617188
827.8728637695312 635.9418334960938 933.8333740234375 624.028564453125
839.0719604492188 698.4611206054688 947.65771484375 670.432373046875
796.7071533203125 657.8887939453125 913.3551635742188 648.8817138671875
803.83837890625 620.1505737304688 916.10302734375 616.8076782226562
805.8517456054688 659.7529296875 920.1279296875 648.3294677734375
842.8887329101562 804.3101806640625 958.5030517578125 754.4555053710938
792.1951904296875 714.7677612304688 916.2608032226562 693.93701171875
788.5842895507812 664.614501953125 908.0492553710938 655.6860961914062
734.4590454101562 561.336181640625 863.018310546875 581.6339111328125
793.9730834960938 792.8479614257812 923.8571166992188 754.0626831054688
788.818603515625 701.9044189453125 912.7188110351562 684.1685791015625
813.1207275390625 649.6026000976562 924.4301147460938 638.5642700195312
845.6831665039062 642.9220581054688 946.1515502929688 625.5315551757812
850.2347412109375 645.7593383789062 949.4207153320312 626.8546752929688
819.8121948242188 640.755615234375 928.5623779296875 629.9010620117188
787.8757934570312 614.2771606445312 903.7772827148438 616.1751098632812
817.3016967773438 654.3735961914062 927.610107421875 640.8948364257812
849.0006713867188 638.9060668945312 948.0286865234375 621.7811279296875
814.6729125976562 638.2511596679688 924.41943359375 628.837646484375
781.9864501953125 705.955322265625 908.1578979492188 689.0142211914062
746.0198364257812 550.8875122070312 871.14892578125 571.2791748046875
845.1015014648438 790.12744140625 958.9893798828125 742.5835571289062
849.6863403320312 569.2074584960938 945.4456176757812 565.2744750976562
795.9691162109375 650.0625 912.0665283203125 641.9451293945312
849.0006713867188 638.9060668945312 948.0286865234375 621.7811279296875
813.1207275390625 649.6026000976562 924.4301147460938 638.5642700195312
857.3662719726562 765.5718994140625 965.2451782226562 719.8740234375
842.6058959960938 618.307373046875 943.6830444335938 605.8905639648438
795.9691162109375 650.0625 912.0665283203125 641.9451293945312
844.0370483398438 635.6192016601562 944.9347534179688 619.6306762695312
809.0708618164062 647.0548095703125 921.51416015625 636.5859985351562
844.6875610351562 640.3985595703125 945.74267578125 623.2477416992188
856.3060302734375 772.898681640625 964.83447265625 726.8330078125
812.4915161132812 643.0657958984375 923.455078125 633.4234619140625
857.9177856445312 707.5535888671875 959.9701538085938 673.5017700195312
844.3489379882812 784.7730712890625 959.5547485351562 736.402099609375
854.7584838867188 783.373046875 964.9843139648438 735.6168212890625
836.4594116210938 638.4470825195312 939.4530639648438 624.3930053710938
820.5120239257812 600.1923828125 927.0652465820312 597.5162353515625
803.1002807617188 646.7060546875 917.2002563476562 637.95849609375
800.3685913085938 699.6395263671875 921.2242431640625 679.9854125976562
871.160400390625 732.2400512695312 969.841552734375 689.5828247070312
868.7457885742188 715.2532958984375 968.1910400390625 677.3836059570312
787.8757934570312 614.2771606445312 903.7772827148438 616.1751098632812
788.8226318359375 650.8598022460938 907.2774658203125 645.0188598632812
849.11669921875 742.3428344726562 957.3975830078125 703.7077026367188
849.11669921875 742.3428344726562 957.3975830078125 703.7077026367188
866.9266967773438 734.8529052734375 967.5922241210938 692.7395629882812
