946.2546997070312 826.2608032226562 666.0985107421875 905.3063354492188
951.6987915039062 876.2896728515625 630.3607177734375 872.816162109375
1068.5860595703125 809.1802368164062 557.4595336914062 1001.265625
1068.5860595703125 809.1802368164062 557.4595336914062 1001.265625
1084.203857421875 807.932861328125 539.9852905273438 1015.7938842773438
925.0938110351562 826.972900390625 683.63916015625 892.749755859375
1060.738525390625 847.826171875 549.093505859375 956.09716796875
925.0938110351562 826.972900390625 683.63916015625 892.749755859375
940.8275146484375 880.2208251953125 637.5033569335938 864.474365234375
1065.2396240234375 871.2486572265625 534.517822265625 937.8787841796875
1085.6337890625 840.2844848632812 527.326416015625 979.7933349609375
1094.1802978515625 799.383056640625 533.1791381835938 1034.221923828125
906.7060546875 768.2994995117188 753.5266723632812 930.7175903320312
964.339111328125 848.518310546875 635.7161865234375 897.7847900390625
1080.0775146484375 825.832275390625 536.5767211914062 992.011474609375
917.2189331054688 840.2966918945312 681.1580200195312 878.5702514648438
1108.546875 804.7185668945312 515.0081787109375 1037.5323486328125
925.4075927734375 759.271484375 744.337646484375 955.020751953125
939.500244140625 974.2425537109375 591.8258666992188 816.8009033203125
914.8058471679688 825.3595581054688 694.619873046875 888.8297729492188
1080.0775146484375 825.832275390625 536.5767211914062 992.011474609375
958.986572265625 868.7347412109375 629.3193969726562 880.8638916015625
1065.2396240234375 871.2486572265625 534.517822265625 937.8787841796875
942.1611328125 865.7720336914062 644.28515625 875.3753662109375
909.2371215820312 853.8999633789062 678.68017578125 864.4407348632812
913.240966796875 770.2774658203125 744.9546508789062 934.1490478515625
896.5530395507812 831.1021728515625 706.1409912109375 873.400390625
958.986572265625 868.7347412109375 629.3193969726562 880.8638916015625
913.893310546875 752.4453735351562 762.79345703125 953.1840209960938
913.893310546875 752.4453735351562 762.79345703125 953.1840209960938
923.1426391601562 741.94921875 766.8858032226562 971.2236328125
917.2189331054688 840.2966918945312 681.1580200195312 878.5702514648438
1128.354248046875 839.9073486328125 482.8701171875 1010.9564819335938
920.1647338867188 855.2635498046875 669.3889770507812 866.9185180664062
1115.2979736328125 819.992919921875 499.7123107910156 1024.4139404296875
943.4768676757812 998.0909423828125 582.8897094726562 809.2300415039062
943.4768676757812 998.0909423828125 582.8897094726562 809.2300415039062
