104.77117919921875
113.34019470214844
119.29794311523438
121.77848815917969
126.34872436523438
130.47605895996094
133.8431854248047
140.4599609375
140.46351623535156
142.17945861816406
143.0734100341797
145.78065490722656
155.00645446777344
163.40440368652344
164.31068420410156
169.3074188232422
170.04998779296875
170.88299560546875
175.10568237304688
175.24269104003906
176.14198303222656
176.68333435058594
178.56651306152344
183.1993408203125
185.38607788085938
186.16122436523438
186.35450744628906
191.9869842529297
193.489013671875
194.9769287109375
195.5556182861328
196.1529998779297
196.56297302246094
196.77906799316406
198.91958618164062
213.5298614501953
213.6913604736328
214.27552795410156
220.41551208496094
222.82952880859375
228.45787048339844
256.2420654296875
