62.84902572631836
63.17436218261719
64.2105941772461
66.34757232666016
68.65129089355469
73.62065124511719
74.71278381347656
76.88953399658203
80.98147583007812
83.64209747314453
84.32081604003906
87.88629150390625
87.92041778564453
89.17959594726562
90.38252258300781
90.9505386352539
91.37833404541016
91.43850708007812
91.65696716308594
91.88035583496094
92.46080017089844
93.13430786132812
93.31666564941406
94.74175262451172
97.66268157958984
97.69851684570312
97.78036499023438
98.19368743896484
98.26494598388672
98.49873352050781
98.74715423583984
99.1766128540039
99.24212646484375
99.49372100830078
99.59919738769531
99.69954681396484
99.8048095703125
99.91996765136719
100.11992645263672
100.229736328125
100.37928009033203
102.41581726074219
104.14893341064453
104.6661376953125
104.67091369628906
105.40398406982422
106.39079284667969
107.22872924804688
107.79146575927734
108.07405090332031
108.57255554199219
109.59014892578125
109.60382843017578
109.82258605957031
110.84223175048828
111.15754699707031
111.15754699707031
111.58404541015625
113.2784194946289
113.29607391357422
113.37989044189453
113.60017395019531
114.25847625732422
114.29785919189453
115.33863067626953
115.58546447753906
115.59844207763672
115.92670440673828
116.19380187988281
116.37439727783203
116.5160903930664
116.67475891113281
117.15374755859375
117.32433319091797
118.45252227783203
118.57908630371094
118.73921203613281
119.20570373535156
119.33147430419922
119.7163314819336
119.84573364257812
119.8832778930664
120.01666259765625
120.0333251953125
120.22895050048828
120.39517974853516
120.63166809082031
120.8801040649414
120.92559814453125
121.2435531616211
121.91800689697266
122.04507446289062
122.24565124511719
122.28246307373047
122.95527648925781
122.97967529296875
123.03658294677734
123.08533477783203
123.3693618774414
123.40177917480469
123.6203842163086
123.8951187133789
123.93949890136719
124.10882568359375
124.15312957763672
124.16924285888672
124.68360137939453
124.87994384765625
125.0199966430664
125.1159439086914
125.24375915527344
126.31706237792969
126.40806579589844
126.42784881591797
126.775390625
126.97637939453125
127.031494140625
127.44802856445312
128.01953125
128.1093292236328
128.88754272460938
128.99612426757812
129.1046142578125
129.16268920898438
129.25169372558594
129.4295196533203
129.46041870117188
129.853759765625
130.0845947265625
130.4070587158203
131.35447692871094
131.41156005859375
131.4229736328125
132.10980224609375
132.85330200195312
133.00375366210938
133.03758239746094
133.17657470703125
133.27040100097656
133.87307739257812
134.50650024414062
134.57711791992188
134.69224548339844
134.6996612548828
134.72935485839844
135.08145141601562
135.28857421875
135.48800659179688
135.5654754638672
135.80868530273438
135.8602294921875
136.1029052734375
136.16900634765625
136.7845001220703
137.2515869140625
137.4445343017578
137.73162841796875
137.84774780273438
138.14846801757812
138.24977111816406
138.59292602539062
138.64703369140625
138.99639892578125
139.45249938964844
139.61734008789062
139.87136840820312
140.10353088378906
140.37094116210938
140.83323669433594
141.2515411376953
141.43902587890625
141.46023559570312
141.47792053222656
141.47792053222656
141.62274169921875
141.8203125
141.9859161376953
142.1513214111328
142.15835571289062
142.27789306640625
143.2724609375
143.39456176757812
143.4747314453125
143.58621215820312
143.69412231445312
143.70108032226562
143.83323669433594
143.8367156982422
144.0555419921875
144.2775115966797
144.5268096923828
144.93446350097656
144.96206665039062
145.3237762451172
145.4682159423828
145.6914520263672
145.8663787841797
145.9451904296875
146.01712036132812
146.0753173828125
146.19850158691406
146.23269653320312
146.57080078125
146.89111328125
147.09181213378906
147.48220825195312
148.01351928710938
148.18569946289062
148.37789916992188
148.56985473632812
148.62704467773438
148.64723205566406
148.73802185058594
148.98321533203125
149.06039428710938
149.11070251464844
149.18109130859375
149.9499969482422
150.5655975341797
150.678466796875
150.9403839111328
151.0959930419922
151.3704071044922
151.60475158691406
151.6739959716797
151.6937713623047
151.7366180419922
151.76296997070312
151.98355102539062
152.23336791992188
152.41062927246094
153.5968780517578
153.76605224609375
154.42474365234375
154.48300170898438
154.66091918945312
155.01612854003906
155.2803955078125
155.50563049316406
155.63096618652344
155.7819061279297
155.81077575683594
156.17617797851562
156.24659729003906
156.93629455566406
157.03184509277344
157.4579315185547
157.71176147460938
157.76881408691406
157.9240264892578
158.28456115722656
158.3824462890625
158.41085815429688
158.82064819335938
158.91192626953125
159.17601013183594
159.1854248046875
159.35809326171875
159.4490509033203
159.5775604248047
159.69972229003906
159.93748474121094
160.6300048828125
161.0683135986328
161.22035217285156
161.29786682128906
161.34124755859375
161.5858917236328
161.64466857910156
161.84251403808594
161.88885498046875
162.11106872558594
162.1542510986328
162.43460083007812
162.50230407714844
162.8956756591797
163.0644073486328
163.26971435546875
163.4808807373047
163.52674865722656
164.0030517578125
164.34414672851562
164.59344482421875
165.1968536376953
165.60494995117188
165.63514709472656
165.96385192871094
166.3460235595703
166.6703338623047
166.89817810058594
166.92514038085938
166.98802185058594
167.24533081054688
167.37681579589844
167.93748474121094
169.32513427734375
169.39598083496094
169.5552978515625
170.5520477294922
170.6487579345703
171.5400848388672
172.37168884277344
172.95663452148438
173.11557006835938
173.1415557861328
173.38108825683594
173.5684356689453
174.3387451171875
174.85421752929688
175.41949462890625
175.75836181640625
177.27098083496094
177.44857788085938
177.73294067382812
177.8960418701172
178.1712646484375
179.04469299316406
179.251220703125
180.00277709960938
180.04443359375
180.24427795410156
180.5962371826172
181.20706176757812
182.2059326171875
182.42259216308594
182.5239715576172
182.86334228515625
183.2730255126953
183.94564819335938
184.1548309326172
184.29595947265625
184.7620086669922
185.4319305419922
185.90858459472656
185.91127014160156
186.00807189941406
186.70297241210938
186.99197387695312
187.21377563476562
189.62594604492188
190.01052856445312
190.15782165527344
190.4678497314453
191.9973907470703
192.5149383544922
193.21749877929688
194.23696899414062
194.6663818359375
195.12046813964844
196.10202026367188
196.37973022460938
197.7650146484375
198.4540252685547
198.71084594726562
200.02249145507812
200.2623291015625
201.64820861816406
202.2003936767578
202.23748779296875
202.84230041503906
203.1083526611328
203.6221923828125
205.16091918945312
205.50912475585938
207.3668212890625
207.6992950439453
208.59530639648438
208.8013458251953
210.29978942871094
210.95497131347656
211.42611694335938
212.68051147460938
214.8278350830078
215.1790008544922
216.0254669189453
217.27401733398438
217.72689819335938
218.7830047607422
221.6573944091797
224.74874877929688
227.9758758544922
230.19122314453125
234.82333374023438
235.8452911376953
236.72769165039062
237.9705810546875
240.16244506835938
243.9672088623047
247.43685913085938
266.97003173828125
