1049.1129150390625 745.443115234375 876.8775634765625 657.3930053710938
958.986572265625 868.7347412109375 921.0652465820312 794.3169555664062
877.6752319335938 988.0553588867188 962.9790649414062 911.2005615234375
886.615966796875 1027.8377685546875 997.0703125 931.0239868164062
927.39990234375 984.3478393554688 987.906982421875 886.6199951171875
911.6760864257812 884.8005981445312 903.8602905273438 828.7687377929688
703.6751708984375 1022.8314819335938 882.2188110351562 1030.1611328125
894.3275146484375 1039.91259765625 1008.2623901367188 934.600341796875
965.06640625 1010.8961791992188 1025.2469482421875 883.327880859375
911.7816162109375 1037.801513671875 1016.8037719726562 925.1134643554688
970.4051513671875 989.6458740234375 1012.3741455078125 867.4712524414062
681.1746826171875 1026.9918212890625 872.279296875 1043.125244140625
932.0248413085938 1033.80078125 1024.3175048828125 911.5486450195312
984.0221557617188 1009.51220703125 1035.2298583984375 875.1638793945312
943.4768676757812 998.0909423828125 1006.4077758789062 886.3231201171875
943.4768676757812 998.0909423828125 1006.4077758789062 886.3231201171875
932.0248413085938 1033.80078125 1024.3175048828125 911.5486450195312
768.428955078125 894.5297241210938 813.2592163085938 911.3652954101562
785.5108642578125 892.1093139648438 823.0919189453125 899.6500854492188
1130.1295166015625 988.0810546875 1088.823486328125 798.444580078125
925.7548828125 882.3963623046875 910.051513671875 818.4044189453125
1117.80078125 1021.6368408203125 1102.9010009765625 824.0311889648438
1030.3228759765625 730.3863525390625 849.1580810546875 650.8305053710938
876.1404418945312 858.6302490234375 858.3552856445312 825.3333129882812
732.4371337890625 900.3412475585938 791.8583984375 934.8795166015625
1119.055908203125 851.5672607421875 1001.9337768554688 713.0361328125
1239.5003662109375 800.330810546875 1026.2540283203125 630.8555908203125
1085.6337890625 840.2844848632812 972.2864990234375 716.211181640625
1172.7432861328125 978.2081298828125 1101.512451171875 776.1409301757812
914.8058471679688 825.3595581054688 854.6160888671875 780.17431640625
900.9469604492188 842.1412963867188 858.7669677734375 802.1932373046875
1082.627197265625 724.87109375 879.4823608398438 626.790771484375
1224.9727783203125 794.756591796875 1014.598876953125 628.698486328125
735.5322265625 835.4667358398438 728.8685913085938 889.92919921875
917.2189331054688 840.2966918945312 870.6942749023438 792.0389404296875
1142.6292724609375 765.3226928710938 950.8478393554688 637.9209594726562
1109.912109375 836.3804931640625 982.2615356445312 705.0755615234375
900.9149169921875 832.5961303710938 850.8649291992188 793.9277954101562
932.3567504882812 1050.266357421875 1035.7327880859375 920.4767456054688
