825.185546875 603.6798095703125 785.284423828125 586.8953247070312
787.64404296875 618.1049194335938 750.1393432617188 596.3735961914062
841.7130126953125 569.4362182617188 799.6452026367188 558.6973266601562
863.804931640625 706.3391723632812 835.093017578125 675.0900268554688
777.3824462890625 650.2614135742188 743.4183959960938 622.1744995117188
751.7393188476562 562.8262939453125 714.1837158203125 545.7841186523438
842.524658203125 638.2974243164062 804.9874267578125 616.3949584960938
804.8933715820312 596.5441284179688 764.625732421875 579.6116943359375
822.7090454101562 611.0352172851562 782.879150390625 592.7595825195312
843.9073486328125 564.5057373046875 801.5689086914062 554.527099609375
826.8310546875 618.1294555664062 787.8123168945312 598.682861328125
806.0875854492188 634.621826171875 768.9906005859375 611.3490600585938
820.6251220703125 600.9522094726562 781.01220703125 583.8897705078125
813.78466796875 771.0686645507812 792.9710083007812 725.8009033203125
785.820556640625 644.96533203125 750.911376953125 618.2855834960938
850.35107421875 706.0567626953125 819.4618530273438 674.3191528320312
785.1416015625 693.8666381835938 757.0769653320312 658.6053466796875
842.524658203125 638.2974243164062 804.9874267578125 616.3949584960938
824.1595458984375 626.338623046875 785.0452880859375 605.251708984375
817.7472534179688 787.9220581054688 798.5374755859375 739.4405517578125
823.2093505859375 638.4332885742188 785.5767211914062 615.4879760742188
728.2877807617188 562.9469604492188 691.8678588867188 544.546142578125
777.3377685546875 637.97607421875 742.1116943359375 611.7147827148438
831.0650634765625 687.5994873046875 800.6312255859375 657.2639770507812
825.2379150390625 633.3908081054688 787.38525390625 611.42236328125
819.1254272460938 619.8739013671875 780.3594360351562 599.65576171875
807.0384521484375 778.39013671875 787.2448120117188 730.6851196289062
734.017578125 540.1699829101562 694.9755249023438 525.7626953125
820.6251220703125 600.9522094726562 781.01220703125 583.8897705078125
802.827392578125 638.8816528320312 766.246826171875 614.7091674804688
781.6663818359375 697.9561767578125 754.2103881835938 661.7572021484375
798.4255981445312 789.125244140625 780.4461669921875 738.3014526367188
856.63232421875 568.0064697265625 814.0659790039062 557.504638671875
803.6522827148438 646.1273193359375 767.6685791015625 620.6304931640625
846.5039672851562 717.4853515625 819.8052978515625 683.2354125976562
738.8543701171875 541.8536987304688 699.6041870117188 527.1236572265625
825.2379150390625 633.3908081054688 787.38525390625 611.42236328125
801.4519653320312 686.705078125 771.8779296875 654.07763671875
826.1466064453125 642.6282348632812 789.0859985351562 619.4326171875
826.5706176757812 637.8076171875 789.9718017578125 614.8748168945312
867.3590087890625 724.72705078125 839.9384155273438 689.9330444335938
802.1063842773438 598.6218872070312 762.06640625 581.1239624023438
863.9998779296875 728.9531860351562 837.443359375 693.0782470703125
822.0243530273438 786.7591552734375 801.842041015625 739.1004638671875
809.9747314453125 630.7062377929688 772.50244140625 608.8178100585938
781.6663818359375 697.9561767578125 754.2103881835938 661.7572021484375
785.8682250976562 689.7470703125 756.9962158203125 655.2284545898438
867.3590087890625 724.72705078125 839.9384155273438 689.9330444335938
823.2093505859375 638.4332885742188 785.5767211914062 615.4879760742188
778.0478515625 685.4052734375 749.6747436523438 650.9404296875
817.6506958007812 777.6199951171875 797.3595581054688 731.3104858398438
735.7974243164062 552.2637329101562 697.2290649414062 536.4085693359375
778.719970703125 607.635498046875 740.7633056640625 586.2987670898438
805.242919921875 628.0665893554688 768.1674194335938 605.5835571289062
837.0990600585938 788.0357666015625 817.1570434570312 741.7970581054688
781.6663818359375 697.9561767578125 754.2103881835938 661.7572021484375
773.9071044921875 715.5744018554688 750.652099609375 674.56201171875
846.9257202148438 766.4800415039062 824.2474975585938 725.5701293945312
837.5154418945312 635.9536743164062 799.4422607421875 613.7684326171875
826.1466064453125 642.6282348632812 789.0859985351562 619.4326171875
780.3424072265625 612.9492797851562 742.1839599609375 590.6358032226562
723.093017578125 558.1448364257812 685.6588134765625 539.5513916015625
842.4807739257812 730.0035400390625 815.8480834960938 693.2479858398438
807.8397827148438 668.1370849609375 777.4627075195312 639.4655151367188
833.1766967773438 640.334716796875 795.907470703125 617.6449584960938
784.2050170898438 719.8814086914062 756.7427368164062 679.6787719726562
837.5154418945312 635.9536743164062 799.4422607421875 613.7684326171875
799.1049194335938 597.6697387695312 759.1366577148438 580.3258666992188
832.9777221679688 632.0985107421875 794.8657836914062 610.888671875
851.6514892578125 759.6947631835938 827.9349975585938 719.7001953125
794.9277954101562 604.0922241210938 755.4097290039062 585.3319702148438
843.36767578125 731.8335571289062 816.7073364257812 692.8671264648438
822.7090454101562 611.0352172851562 782.879150390625 592.7595825195312
770.7922973632812 688.3472290039062 743.3076782226562 652.4503784179688
868.4490356445312 718.2334594726562 840.720458984375 685.4791870117188
726.7882080078125 552.7769165039062 689.0870971679688 535.5736083984375
845.0751953125 732.9462890625 818.9977416992188 695.8284301757812
869.2591552734375 732.4535522460938 843.2083129882812 697.03857421875
844.5367431640625 724.9076538085938 817.8189086914062 689.7973022460938
759.383056640625 829.572021484375 749.7779541015625 766.0491333007812
827.8375854492188 629.7503051757812 790.2626953125 608.8511352539062
