25.51470184326172
57.18391418457031
61.5629768371582
61.652252197265625
68.22023010253906
69.36858367919922
69.37578582763672
70.15696716308594
74.19568634033203
76.00657653808594
78.5938949584961
80.22468566894531
81.0
81.69454956054688
82.42572784423828
83.534423828125
83.54639434814453
86.89073944091797
87.54998779296875
88.09085845947266
88.10221099853516
89.55445098876953
89.58236694335938
91.12079620361328
91.36739349365234
94.27088928222656
95.73922729492188
96.03645324707031
96.09370422363281
96.16651916503906
96.48834228515625
96.71090698242188
97.25225067138672
97.2779541015625
97.33447265625
98.05101013183594
98.60527038574219
99.29753112792969
99.85990142822266
100.34440612792969
100.3493881225586
100.4290771484375
101.01484680175781
101.21759033203125
101.21759033203125
101.4051284790039
101.7005386352539
101.86756134033203
102.66450500488281
102.95144653320312
103.09703826904297
103.57122802734375
103.93748474121094
104.01922607421875
104.56576538085938
104.83796691894531
105.47037506103516
105.65509796142578
105.8914566040039
105.9056167602539
106.11785888671875
106.49413299560547
106.54576110839844
106.8877944946289
107.17276000976562
107.2800064086914
107.35920715332031
107.78218841552734
107.88419342041016
108.01388549804688
108.50345611572266
108.88985443115234
109.35721588134766
109.87265014648438
111.64228820800781
112.12046813964844
112.34322357177734
112.49888610839844
112.75637817382812
113.43721008300781
113.6485824584961
113.71015930175781
114.40279388427734
114.52073669433594
114.8651351928711
114.98695373535156
115.07389068603516
115.52488708496094
115.97413635253906
115.99137878417969
116.2497329711914
116.59330749511719
116.75615692138672
116.82037353515625
117.05126953125
117.52021026611328
117.61802673339844
118.10165405273438
120.23310852050781
120.74767303466797
121.16517639160156
121.3507308959961
121.65936279296875
121.91390228271484
122.04097747802734
122.11470031738281
122.3315200805664
122.63359832763672
122.6825180053711
122.76807403564453
122.83728790283203
123.21525573730469
123.69316864013672
123.70125579833984
123.74974822998047
124.25779724121094
124.51506042480469
124.759765625
124.94799041748047
125.06398010253906
125.3355484008789
125.41132354736328
125.56273651123047
125.88089752197266
126.46343231201172
126.854248046875
127.02755737304688
127.07084655761719
127.8240966796875
128.0078125
128.33160400390625
128.61959838867188
128.83322143554688
128.9573516845703
129.08523559570312
129.2787628173828
129.676513671875
129.9576873779297
130.23056030273438
130.44921875
130.6790008544922
131.47622680664062
131.5750732421875
131.60926818847656
131.7307891845703
132.42733764648438
133.6226043701172
133.74229431152344
133.95521545410156
134.026123046875
134.05223083496094
134.0596923828125
134.07460021972656
134.149169921875
134.27955627441406
134.52137756347656
134.5659637451172
135.19615173339844
135.48062133789062
135.6097412109375
136.06248474121094
136.7259979248047
137.6117706298828
138.1448516845703
139.06832885742188
139.0755157470703
139.08990478515625
139.3377227783203
139.3592529296875
140.08926391601562
140.22125244140625
140.2996826171875
140.75511169433594
141.0248260498047
141.3470916748047
141.47792053222656
141.66510009765625
142.01760864257812
142.1337432861328
142.17242431640625
142.1900177001953
142.23924255371094
142.28492736816406
142.45701599121094
142.49913024902344
142.56227111816406
142.6148681640625
143.77760314941406
143.80889892578125
144.16310119628906
144.5371856689453
144.88961791992188
145.07928466796875
145.148193359375
145.24806213378906
145.31689453125
146.0239715576172
146.64242553710938
146.8604736328125
147.2243194580078
147.33973693847656
147.37367248535156
147.80731201171875
147.8309783935547
148.3441925048828
148.56985473632812
148.795166015625
150.0066680908203
150.10330200195312
150.54566955566406
150.5921630859375
150.70501708984375
151.49917602539062
151.6575164794922
152.1216583251953
152.34828186035156
152.9477081298828
153.1012725830078
153.47637939453125
153.72052001953125
153.9967498779297
154.5736083984375
154.6350555419922
155.1128692626953
155.21275329589844
155.2836151123047
155.29971313476562
155.3994903564453
155.86532592773438
155.9871826171875
156.33297729492188
156.671630859375
156.70034790039062
157.0350341796875
157.05413818359375
157.08914184570312
157.86070251464844
158.81436157226562
159.17601013183594
159.2042694091797
159.43963623046875
159.7529296875
159.86557006835938
160.00936889648438
160.03125
160.2529296875
160.38079833984375
160.5926513671875
161.1551971435547
161.15830993652344
162.23748779296875
163.159423828125
163.27890014648438
163.57566833496094
164.58432006835938
164.85447692871094
165.1514434814453
165.45391845703125
165.8794708251953
166.2919158935547
166.74830627441406
166.89218139648438
167.33200073242188
167.51119995117188
167.68423461914062
168.9141845703125
168.96153259277344
169.06507873535156
170.42007446289062
170.5549774169922
170.7307891845703
170.7659149169922
170.82154846191406
171.35926818847656
172.90748596191406
174.41329956054688
174.80560302734375
176.0596466064453
176.1136016845703
176.5531005859375
176.75689697265625
177.11013793945312
178.01123046875
178.86587524414062
179.14239501953125
179.4519500732422
179.45751953125
179.51602172851562
180.2886505126953
180.66819763183594
181.27052307128906
181.81033325195312
181.9945068359375
182.93441772460938
182.9617462158203
183.93748474121094
184.8485870361328
186.4349822998047
186.58778381347656
187.7098846435547
187.74717712402344
187.92019653320312
188.54177856445312
188.7326202392578
189.0396728515625
189.26171875
189.6444091796875
190.6147918701172
190.70657348632812
191.25637817382812
192.06248474121094
192.38243103027344
193.24855041503906
194.28587341308594
195.4533233642578
196.17593383789062
196.74856567382812
198.1136016845703
198.45654296875
201.12185668945312
201.4497528076172
201.7275390625
202.97537231445312
203.09356689453125
203.74984741210938
204.85116577148438
205.8834686279297
206.3879852294922
207.50180053710938
209.4325714111328
209.47792053222656
209.8308868408203
210.4352569580078
214.49009704589844
215.851806640625
216.99769592285156
217.0437774658203
218.10777282714844
218.92007446289062
219.05935668945312
219.2236328125
220.029541015625
220.5470428466797
221.36846923828125
222.01576232910156
222.87440490722656
228.32432556152344
232.9828338623047
244.21507263183594
245.19175720214844
277.05413818359375
