723.093017578125 558.1448364257812 815.72119140625 593.2296142578125
767.5249633789062 713.2136840820312 863.2144165039062 721.4879150390625
798.4255981445312 789.125244140625 893.5263061523438 781.0394287109375
743.7015380859375 561.0181274414062 834.8048095703125 593.022705078125
728.2877807617188 562.9469604492188 820.541259765625 596.8043823242188
785.546630859375 769.7979125976562 881.798095703125 766.7919921875
734.017578125 540.1699829101562 824.8543090820312 575.5348510742188
785.820556640625 644.96533203125 873.2957763671875 659.1797485351562
839.865966796875 778.4686889648438 927.7050170898438 762.8233032226562
777.3377685546875 637.97607421875 865.88330078125 654.6160278320312
842.524658203125 638.2974243164062 920.6024780273438 641.6598510742188
726.7882080078125 552.7769165039062 818.4171142578125 588.1412963867188
842.524658203125 638.2974243164062 920.6024780273438 641.6598510742188
824.1595458984375 626.338623046875 905.2578125 635.0853271484375
831.0650634765625 687.5994873046875 915.7631225585938 685.9501342773438
837.5154418945312 635.9536743164062 916.4014282226562 640.383056640625
813.78466796875 771.0686645507812 904.421142578125 762.9669799804688
806.0875854492188 634.621826171875 890.25634765625 646.3361206054688
780.3424072265625 612.9492797851562 867.2344360351562 632.4720458984375
791.0537109375 642.1453247070312 877.8800048828125 656.2184448242188
777.8421020507812 695.1310424804688 871.2568359375 703.60009765625
805.958251953125 618.1324462890625 889.4368896484375 632.0347900390625
736.3312377929688 545.9586181640625 828.12353515625 580.6000366210938
804.8933715820312 596.5441284179688 887.5582275390625 613.4098510742188
874.3099365234375 726.62841796875 951.0474853515625 710.6740112304688
736.3312377929688 545.9586181640625 828.12353515625 580.6000366210938
803.6522827148438 646.1273193359375 888.7825927734375 656.6723022460938
784.2050170898438 719.8814086914062 877.2514038085938 724.839599609375
778.1808471679688 785.5826416015625 875.9625244140625 781.875244140625
736.95166015625 541.540771484375 827.7823486328125 576.3285522460938
735.7974243164062 552.2637329101562 827.0233764648438 586.2255249023438
796.6600952148438 626.6864013671875 882.1090087890625 640.7901000976562
838.5008544921875 775.147705078125 926.1303100585938 760.432373046875
819.2744140625 641.7108764648438 902.11572265625 649.9447631835938
773.9071044921875 715.5744018554688 867.8255615234375 724.7706298828125
781.5211791992188 702.5665893554688 874.5657958984375 709.476806640625
811.385498046875 644.7235107421875 895.136962890625 653.79736328125
792.3546142578125 635.0716552734375 878.7169799804688 649.398193359375
822.7090454101562 611.0352172851562 903.2177124023438 622.2926635742188
831.743408203125 626.4645385742188 911.208251953125 633.6613159179688
841.2728881835938 631.8196411132812 919.2210693359375 636.1948852539062
781.6663818359375 697.9561767578125 874.7272338867188 705.3856811523438
809.9747314453125 630.7062377929688 893.4429321289062 642.464111328125
817.6759643554688 627.2222900390625 898.783447265625 637.5217895507812
785.3920288085938 684.656982421875 877.0176391601562 692.9679565429688
742.5139770507812 554.2904663085938 833.5850830078125 586.9505615234375
823.2093505859375 638.4332885742188 904.5789184570312 646.3012084960938
795.255615234375 647.5267333984375 881.7308959960938 659.4219970703125
775.4555053710938 771.6694946289062 872.4046630859375 769.5693359375
780.3424072265625 612.9492797851562 867.2344360351562 632.4720458984375
857.8544311523438 733.8560791015625 938.8260498046875 719.4161987304688
837.5154418945312 635.9536743164062 916.4014282226562 640.383056640625
843.9073486328125 564.5057373046875 919.2379760742188 577.916748046875
832.9777221679688 632.0985107421875 912.2935791015625 638.0530395507812
788.0239868164062 624.507080078125 873.8779296875 640.9179077148438
869.2591552734375 732.4535522460938 947.4953002929688 715.6331176757812
778.0478515625 685.4052734375 870.2794189453125 695.1846923828125
789.6657104492188 685.0890502929688 880.9782104492188 692.2389526367188
791.0537109375 642.1453247070312 877.8800048828125 656.2184448242188
823.2093505859375 638.4332885742188 904.5789184570312 646.3012084960938
770.7922973632812 688.3472290039062 865.0545043945312 699.0676879882812
851.6514892578125 759.6947631835938 935.8408813476562 744.6560668945312
802.1063842773438 598.6218872070312 885.33935546875 616.3212280273438
826.8310546875 618.1294555664062 906.8118896484375 627.5782470703125
785.1416015625 693.8666381835938 876.6950073242188 701.3987426757812
792.6387939453125 688.173828125 883.6882934570312 694.4388427734375
825.185546875 603.6798095703125 905.1619873046875 615.928466796875
785.8682250976562 689.7470703125 877.7728881835938 697.1550903320312
837.0990600585938 788.0357666015625 925.6044921875 771.8745727539062
822.0243530273438 786.7591552734375 913.061767578125 773.9299926757812
817.6759643554688 627.2222900390625 898.783447265625 637.5217895507812
846.9257202148438 766.4800415039062 932.5301513671875 751.3662109375
822.7090454101562 611.0352172851562 903.2177124023438 622.2926635742188
777.3824462890625 650.2614135742188 866.4646606445312 665.513671875
793.4225463867188 610.007080078125 878.51513671875 627.2156982421875
846.5039672851562 717.4853515625 929.1351928710938 708.64892578125
781.0822143554688 601.30859375 867.3624877929688 622.6185913085938
774.314697265625 696.0951538085938 867.1226806640625 705.4801025390625
805.958251953125 618.1324462890625 889.4368896484375 632.0347900390625
825.2379150390625 633.3908081054688 905.8778686523438 641.186767578125
858.5184936523438 726.4644165039062 938.5670166015625 712.700927734375
777.1273193359375 785.3676147460938 875.1001586914062 781.6845703125
835.402587890625 628.6053466796875 914.4164428710938 634.4207763671875
772.5284423828125 824.5410766601562 873.3955078125 817.1644287109375
799.1049194335938 597.6697387695312 882.5302124023438 615.9771118164062
863.804931640625 706.3391723632812 942.7032470703125 695.2814331054688
845.0751953125 732.9462890625 928.4990844726562 721.470703125
825.2379150390625 633.3908081054688 905.8778686523438 641.186767578125
835.402587890625 628.6053466796875 914.4164428710938 634.4207763671875
730.315185546875 537.6376342773438 820.9795532226562 574.0882568359375
782.1199340820312 820.9000244140625 881.2008666992188 811.9208374023438
750.83349609375 789.1151123046875 852.618408203125 790.0068969726562
805.242919921875 628.0665893554688 889.2344360351562 640.5980224609375
841.2728881835938 631.8196411132812 919.2210693359375 636.1948852539062
802.1739501953125 632.3689575195312 886.77490234375 645.0797119140625
820.6251220703125 600.9522094726562 901.032470703125 614.5045776367188
