51.009803771972656
86.64871978759766
102.35233306884766
103.87492370605469
110.97747802734375
116.88883972167969
118.28778839111328
125.91266632080078
127.02755737304688
129.9730682373047
130.1114959716797
131.0953826904297
132.0530242919922
132.08709716796875
134.48048400878906
140.85098266601562
141.36123657226562
141.48851013183594
143.98263549804688
145.43038940429688
148.50588989257812
150.29969787597656
152.41390991210938
153.6066436767578
153.79531860351562
157.2513885498047
160.09371948242188
162.82505798339844
163.4778289794922
165.556640625
166.55628967285156
167.4007110595703
167.6096649169922
167.9970245361328
170.74835205078125
171.28338623046875
171.41761779785156
174.10629272460938
175.35678100585938
176.3349151611328
179.0614471435547
180.65713500976562
182.39791870117188
183.25665283203125
187.8563232421875
192.6966552734375
194.88970947265625
202.07919311523438
204.2008819580078
205.34848022460938
207.6415252685547
209.39198303222656
211.10897827148438
213.4642791748047
213.76856994628906
220.0
220.8642120361328
222.393798828125
226.54800415039062
232.9914093017578
234.3629608154297
244.6957244873047
247.048583984375
264.1098327636719
