73.13002014160156
75.11990356445312
80.17481231689453
104.46051788330078
114.32847595214844
114.7606201171875
122.61321258544922
129.9653778076172
132.17413330078125
137.4809112548828
138.10865783691406
138.20635986328125
142.0140838623047
143.53048706054688
144.16310119628906
146.11981201171875
146.9013214111328
153.57408142089844
155.52813720703125
156.80880737304688
159.787353515625
160.23731994628906
161.94442749023438
163.41664123535156
166.8682098388672
170.22926330566406
170.6077423095703
170.6370391845703
182.3046875
191.74462890625
195.65530395507812
198.77374267578125
200.08248901367188
202.86448669433594
206.8018341064453
208.17539978027344
209.08132934570312
219.36727905273438
219.8340301513672
221.8783416748047
230.2281494140625
232.15081787109375
235.86224365234375
249.85595703125
253.33969116210938
259.85186767578125
261.8472900390625
