1250.7427978515625 974.3353881835938 477.0277099609375 1022.605224609375
1232.661865234375 962.6657104492188 495.8726501464844 1008.8085327148438
1148.3905029296875 895.2031860351562 595.3145751953125 945.413818359375
1215.6798095703125 887.9735107421875 584.70849609375 1017.5164794921875
1129.8492431640625 1027.5592041015625 469.6922912597656 905.1455688476562
1268.9307861328125 975.9168701171875 468.78466796875 1040.2283935546875
1148.3905029296875 895.2031860351562 595.3145751953125 945.413818359375
1133.31640625 886.0054321289062 611.7044067382812 933.4251708984375
1133.31640625 886.0054321289062 611.7044067382812 933.4251708984375
1105.747802734375 995.7098999023438 505.4942626953125 891.5626220703125
1100.9134521484375 881.3197631835938 624.2415771484375 906.0606079101562
1144.468994140625 871.5684204101562 624.4669799804688 948.2100219726562
907.0776977539062 742.28173828125 859.73095703125 748.462890625
1138.426025390625 824.0194702148438 694.604248046875 955.7279663085938
1274.5133056640625 992.1343994140625 453.5187683105469 1040.0897216796875
1073.37841796875 1025.8863525390625 488.8266906738281 863.27587890625
1140.0068359375 840.1805419921875 667.5637817382812 952.8739013671875
1105.747802734375 995.7098999023438 505.4942626953125 891.5626220703125
1033.4754638671875 990.9050903320312 530.9658203125 837.7689819335938
1246.2291259765625 868.2033081054688 599.4510498046875 1058.3642578125
1104.98486328125 1025.503662109375 479.4539489746094 886.7609252929688
1212.907958984375 854.427734375 630.491455078125 1029.649169921875
1115.025390625 870.0425415039062 633.0279541015625 921.7804565429688
1051.985595703125 1008.5574340820312 510.2413635253906 849.1908569335938
1051.985595703125 1008.5574340820312 510.2413635253906 849.1908569335938
1070.454345703125 862.0795288085938 658.6094970703125 883.08056640625
1097.2412109375 863.808837890625 650.1670532226562 905.707275390625
1141.79736328125 1013.083740234375 479.3489074707031 916.36181640625
1300.9345703125 1008.2504272460938 425.3030700683594 1060.0455322265625
884.9502563476562 1026.0257568359375 541.3280639648438 737.558837890625
