76.28892517089844
81.9695053100586
82.88545989990234
83.10836029052734
86.34233856201172
92.39588928222656
96.35870361328125
98.46826934814453
100.229736328125
101.4100570678711
107.35920715332031
114.52510833740234
115.13036346435547
115.9223861694336
117.91522216796875
118.18206024169922
118.24127960205078
120.86355590820312
126.30914306640625
130.14222717285156
131.4305877685547
134.24232482910156
137.20057678222656
137.25888061523438
142.99301147460938
143.53048706054688
152.53196716308594
154.2108917236328
158.57806396484375
160.89747619628906
162.3668670654297
162.47154235839844
162.9907989501953
163.8444366455078
163.91461181640625
167.833251953125
168.08331298828125
168.11007690429688
169.54940795898438
169.90585327148438
171.2541961669922
175.85220336914062
181.1905059814453
185.34022521972656
187.8376922607422
198.3759002685547
206.58895874023438
209.5948486328125
210.28314208984375
211.59158325195312
212.7909698486328
215.45301818847656
224.9288787841797
248.7569122314453
