1510.062255859375 1022.5665283203125 1258.302978515625 766.8159790039062
1510.062255859375 1022.5665283203125 1258.302978515625 766.8159790039062
1615.1776123046875 863.5257568359375 1301.30810546875 632.91064453125
1603.45556640625 850.2138671875 1292.1439208984375 622.95556640625
832.3927612304688 1038.190673828125 820.6981201171875 922.4037475585938
804.3472290039062 1028.2762451171875 795.3519897460938 922.0328369140625
1128.5361328125 1011.213134765625 1028.8883056640625 833.0179443359375
1063.723876953125 921.5462646484375 963.1014404296875 776.018798828125
832.3927612304688 1038.190673828125 820.6981201171875 922.4037475585938
1063.723876953125 921.5462646484375 963.1014404296875 776.018798828125
1116.274658203125 994.5579833984375 1016.1519165039062 822.9580688476562
1066.304443359375 932.7150268554688 967.1845703125 784.7383422851562
1209.2786865234375 1020.6925048828125 1084.2755126953125 823.9906616210938
1128.5361328125 1011.213134765625 1028.8883056640625 833.0179443359375
1119.669677734375 849.56396484375 984.5816040039062 704.17431640625
1071.375732421875 940.7733154296875 973.488525390625 789.9434814453125
942.0469360351562 901.8438110351562 863.7770385742188 784.927978515625
1149.7396240234375 797.8126831054688 993.6097412109375 651.8564453125
1091.6180419921875 841.7066650390625 961.6627197265625 702.917236328125
1459.4124755859375 1008.7137451171875 1230.6669921875 766.266845703125
1066.304443359375 932.7150268554688 967.1845703125 784.7383422851562
1037.7806396484375 709.6560668945312 878.7425537109375 586.209228515625
1069.078369140625 909.6025390625 964.25048828125 765.1119384765625
1228.5718994140625 711.7952270507812 1030.038818359375 557.500244140625
1143.57861328125 945.0144653320312 1024.307861328125 777.6978149414062
1069.078369140625 909.6025390625 964.25048828125 765.1119384765625
1200.10498046875 706.1384887695312 1008.9773559570312 556.24951171875
1200.10498046875 706.1384887695312 1008.9773559570312 556.24951171875
1037.7806396484375 709.6560668945312 878.7425537109375 586.209228515625
804.3472290039062 1028.2762451171875 795.3519897460938 922.0328369140625
1221.6068115234375 977.522216796875 1085.6134033203125 787.48193359375
942.0469360351562 901.8438110351562 863.7770385742188 784.927978515625
1238.5301513671875 952.6568603515625 1089.8924560546875 764.5196533203125
959.1295776367188 880.3389892578125 870.5916137695312 762.5090942382812
852.24267578125 1044.7298583984375 839.2029418945312 922.3026733398438
1459.4124755859375 1008.7137451171875 1230.6669921875 766.266845703125
926.816650390625 942.3095703125 863.9109497070312 822.9685668945312
975.5245361328125 806.73583984375 859.4222412109375 693.3567504882812
1075.8414306640625 682.2508544921875 901.6464233398438 551.2747802734375
1104.0198974609375 972.9760131835938 1004.0247802734375 809.4819946289062
1236.9766845703125 1009.0147094726562 1099.62890625 808.7992553710938
969.276123046875 758.1236572265625 838.0342407226562 647.3789672851562
1154.1026611328125 838.626708984375 1007.3343505859375 687.56005859375
1029.8509521484375 944.6490478515625 943.9758911132812 803.6300659179688
1134.779296875 983.3698120117188 1026.6690673828125 810.3333740234375
627.26611328125 693.3001098632812 456.78521728515625 646.065673828125
975.5245361328125 806.73583984375 859.4222412109375 693.3567504882812
864.8917236328125 894.892333984375 797.5280151367188 797.6182250976562
1084.9849853515625 822.0650024414062 951.9542236328125 686.64208984375
645.6578369140625 1014.3798217773438 653.8569946289062 951.8887329101562
1302.1939697265625 995.495361328125 1137.4320068359375 785.8033447265625
864.8917236328125 894.892333984375 797.5280151367188 797.6182250976562
1149.4765625 922.0359497070312 1023.069091796875 758.3627319335938
872.2115478515625 908.3345336914062 808.954345703125 807.1118774414062
1224.23828125 932.7622680664062 1076.5322265625 752.0887451171875
1224.23828125 932.7622680664062 1076.5322265625 752.0887451171875
1315.080322265625 872.158447265625 1121.8807373046875 686.7083740234375
834.7578125 923.3104248046875 782.2997436523438 828.908447265625
856.5380859375 915.7721557617188 797.5287475585938 816.6486206054688
1056.7039794921875 908.4127807617188 953.761962890625 766.578125
1085.5545654296875 914.495849609375 975.8873291015625 765.8450317382812
1335.7769775390625 971.5921630859375 1151.6468505859375 760.6400756835938
765.0443115234375 863.7802734375 696.84521484375 792.1019287109375
1059.7069091796875 947.2249755859375 967.1281127929688 798.5077514648438
1256.4981689453125 966.7337646484375 1104.63818359375 772.6015625
1093.6490478515625 834.8580932617188 961.7031860351562 694.9007568359375
1056.7039794921875 908.4127807617188 953.761962890625 766.578125
661.7548828125 985.333251953125 655.5463256835938 925.5164184570312
1274.17138671875 969.4703979492188 1114.6451416015625 771.7562255859375
969.276123046875 758.1236572265625 838.0342407226562 647.3789672851562
1470.437255859375 1043.249755859375 1239.8829345703125 788.966552734375
727.3134155273438 869.6786499023438 663.2428588867188 806.4039306640625
939.9437866210938 875.2603149414062 853.5801391601562 762.926513671875
1335.7769775390625 971.5921630859375 1151.6468505859375 760.6400756835938
1060.4605712890625 711.9562377929688 898.8988037109375 585.4141845703125
1114.060546875 822.5012817382812 974.7258911132812 681.1157836914062
1217.7689208984375 751.1675415039062 1032.3367919921875 598.4321899414062
1060.3533935546875 689.6782836914062 891.6329345703125 562.7457275390625
1064.595458984375 676.23876953125 890.9347534179688 546.4273681640625
876.0255737304688 935.5133056640625 820.7444458007812 828.9908447265625
1104.0198974609375 972.9760131835938 1004.0247802734375 809.4819946289062
1114.7137451171875 922.4984130859375 1000.5610961914062 766.4334716796875
766.8018798828125 880.2574462890625 705.3014526367188 806.7575073242188
898.3643798828125 863.58984375 814.8074951171875 761.726806640625
1255.984375 814.1947631835938 1073.6343994140625 647.8167114257812
1198.96826171875 713.2288818359375 1010.2190551757812 563.3833618164062
1256.4981689453125 966.7337646484375 1104.63818359375 772.6015625
1228.7841796875 637.1141967773438 1012.1182250976562 480.764404296875
1243.63232421875 804.9581298828125 1063.3162841796875 640.9312744140625
899.5677490234375 890.7818603515625 825.2728271484375 784.9898071289062
1133.3045654296875 927.653076171875 1012.84912109375 766.772705078125
1198.96826171875 713.2288818359375 1010.2190551757812 563.3833618164062
507.04449462890625 907.9759521484375 463.0408020019531 899.976318359375
1231.304931640625 639.4862060546875 1015.0314331054688 482.75140380859375
1244.2066650390625 757.2291870117188 1052.5423583984375 599.3848876953125
914.3699340820312 861.6939086914062 828.3314819335938 756.14208984375
768.1973876953125 1009.47119140625 757.9525146484375 916.6557006835938
975.7750854492188 797.08154296875 857.002197265625 683.8618774414062
1063.775390625 835.3524169921875 939.4993286132812 702.5125732421875
1331.2763671875 879.2679443359375 1135.038818359375 690.4415283203125
1046.9815673828125 897.8439331054688 944.1506958007812 760.2181396484375
1302.1939697265625 995.495361328125 1137.4320068359375 785.8033447265625
1047.1171875 690.0875244140625 880.0875244140625 564.1526489257812
1287.5098876953125 821.4599609375 1095.8096923828125 648.6060791015625
1096.0274658203125 639.1171875 904.7645874023438 501.1094055175781
755.8551025390625 875.5830688476562 691.6820678710938 806.3329467773438
1197.6170654296875 727.5230712890625 1011.4513549804688 577.5302124023438
1005.9136352539062 768.7085571289062 872.1495361328125 650.3948974609375
760.8004760742188 857.5498046875 689.6771240234375 787.3556518554688
1078.4552001953125 809.1315307617188 943.1201171875 676.6788940429688
852.24267578125 1044.7298583984375 839.2029418945312 922.3026733398438
1133.3045654296875 927.653076171875 1012.84912109375 766.772705078125
1097.536865234375 821.0211181640625 961.216796875 683.47998046875
1187.70556640625 718.0745849609375 1001.6481323242188 570.0368041992188
1087.518798828125 610.9632568359375 888.0620727539062 471.4269714355469
1041.9652099609375 702.7931518554688 879.5671997070312 578.5718383789062
507.04449462890625 907.9759521484375 463.0408020019531 899.976318359375
1059.7069091796875 947.2249755859375 967.1281127929688 798.5077514648438
893.9853515625 930.9298706054688 834.5361938476562 821.1166381835938
1087.6502685546875 680.2938232421875 911.4500732421875 546.619384765625
1182.1334228515625 724.442138671875 999.5227661132812 577.08056640625
760.5917358398438 899.4126586914062 706.8382568359375 825.6851196289062
893.9853515625 930.9298706054688 834.5361938476562 821.1166381835938
927.271240234375 896.6378784179688 850.2704467773438 783.794677734375
760.249755859375 1030.2403564453125 759.79443359375 935.835205078125
760.5917358398438 899.4126586914062 706.8382568359375 825.6851196289062
1308.83447265625 987.748046875 1142.633544921875 781.7473754882812
595.5914916992188 1030.255615234375 614.16259765625 980.2471313476562
968.15283203125 766.4334106445312 838.5911865234375 656.1966552734375
1125.9830322265625 806.6851806640625 977.73974609375 664.45849609375
765.0443115234375 863.7802734375 696.84521484375 792.1019287109375
885.5083618164062 887.2583618164062 812.7174682617188 785.1593017578125
1093.6490478515625 834.8580932617188 961.7031860351562 694.9007568359375
1217.2110595703125 640.1585693359375 1003.2049560546875 485.8821105957031
1443.051025390625 918.9197387695312 1209.8294677734375 702.5983276367188
586.5606689453125 790.5801391601562 475.274169921875 761.8973388671875
1084.1229248046875 981.3782958984375 992.5132446289062 820.4029541015625
1287.5098876953125 821.4599609375 1095.8096923828125 648.6060791015625
651.50048828125 807.883544921875 557.1787109375 763.4743041992188
570.6888427734375 697.97412109375 392.07086181640625 662.3256225585938
617.2222900390625 687.1680297851562 441.4627990722656 639.8694458007812
889.4105834960938 875.1099243164062 811.6421508789062 772.9635009765625
459.3782043457031 954.2194213867188 436.5304260253906 956.1141357421875
1076.59619140625 705.818115234375 910.275634765625 575.7655639648438
595.5914916992188 1030.255615234375 614.16259765625 980.2471313476562
928.01171875 922.7307739257812 859.128662109375 806.2337646484375
1232.79443359375 746.5264282226562 1042.335205078125 591.4404296875
431.2936706542969 784.781494140625 283.9383544921875 795.023681640625
608.9671020507812 982.4432373046875 604.6989135742188 936.7455444335938
459.3782043457031 954.2194213867188 436.5304260253906 956.1141357421875
656.2933349609375 787.60791015625 551.1419067382812 743.9032592773438
917.6680297851562 924.8606567382812 851.863525390625 810.6255493164062
1448.4952392578125 903.365478515625 1210.8662109375 689.4952392578125
576.19873046875 992.8530883789062 578.9727783203125 953.7933959960938
1457.2362060546875 915.95849609375 1216.5792236328125 697.4952392578125
1112.4398193359375 623.4768676757812 913.9585571289062 482.1659240722656
785.3216552734375 1020.43994140625 776.1394653320312 920.3775634765625
1095.27099609375 690.0253295898438 920.6349487304688 556.206298828125
608.9671020507812 982.4432373046875 604.6989135742188 936.7455444335938
1112.4398193359375 623.4768676757812 913.9585571289062 482.1659240722656
656.2933349609375 787.60791015625 551.1419067382812 743.9032592773438
565.1203002929688 1002.670654296875 572.1487426757812 966.6533203125
1252.190673828125 832.94482421875 1075.139892578125 664.923828125
1169.3909912109375 831.762939453125 1016.313720703125 678.5979614257812
873.7603759765625 882.520751953125 800.749267578125 784.2775268554688
1221.307373046875 633.1251831054688 1005.322509765625 477.6325988769531
962.8740234375 799.2099609375 846.6171875 688.6873779296875
673.0825805664062 627.8075561523438 466.3662414550781 556.3313598632812
1343.7989501953125 858.75390625 1138.8663330078125 671.28369140625
534.1321411132812 755.121826171875 391.8810119628906 738.1077270507812
1204.526123046875 644.155517578125 995.4498291015625 492.0167541503906
881.7625732421875 853.072509765625 796.6929321289062 756.6961059570312
686.7781982421875 709.4268798828125 536.3569946289062 650.622314453125
1190.5152587890625 700.184814453125 999.3357543945312 551.6090087890625
1500.890869140625 877.1761474609375 1236.2230224609375 660.079345703125
1087.290283203125 958.8617553710938 988.7295532226562 800.7030639648438
1241.583740234375 819.7078857421875 1065.3863525390625 656.6591186523438
489.10589599609375 801.4743041992188 370.1531066894531 798.2695922851562
1282.968994140625 847.7809448242188 1097.3890380859375 672.7572021484375
899.5677490234375 890.7818603515625 825.2728271484375 784.9898071289062
950.6336669921875 790.8955078125 833.4749145507812 682.9150390625
1196.6650390625 719.9673461914062 1010.1761474609375 570.22265625
1113.9818115234375 786.594970703125 967.9366455078125 647.70263671875
465.2874755859375 759.66943359375 307.7003173828125 758.091064453125
629.7080078125 667.6829833984375 443.7667541503906 614.6510620117188
1317.8304443359375 837.3222045898438 1119.147705078125 657.7446899414062
526.4786376953125 932.3253784179688 496.5970764160156 916.6771240234375
1118.185546875 634.6947631835938 921.0759887695312 492.4571228027344
1265.8958740234375 846.973876953125 1087.0140380859375 674.578125
950.6336669921875 790.8955078125 833.4749145507812 682.9150390625
1024.13623046875 706.6224365234375 866.9249267578125 585.1847534179688
1041.9652099609375 702.7931518554688 879.5671997070312 578.5718383789062
607.2813720703125 706.64990234375 443.8045959472656 663.7471923828125
1083.5938720703125 711.6493530273438 918.2035522460938 580.7611694335938
1267.51611328125 1012.2384033203125 1118.408935546875 805.6670532226562
1069.501708984375 720.84814453125 908.5599975585938 592.4130859375
598.9483032226562 685.67138671875 417.4530029296875 644.4998168945312
586.4998779296875 1015.9322509765625 600.3961791992188 972.8383178710938
861.7157592773438 878.2376098632812 788.5298461914062 784.2431030273438
372.21942138671875 889.562255859375 292.9644470214844 924.3027954101562
726.7186889648438 832.4334106445312 645.3133544921875 771.3689575195312
424.9447326660156 961.2670288085938 402.4739685058594 970.8990478515625
544.1287841796875 1011.9744873046875 556.2027587890625 979.675048828125
702.0307006835938 862.684814453125 635.9069213867188 805.9965209960938
726.7186889648438 832.4334106445312 645.3133544921875 771.3689575195312
415.40631103515625 855.9595947265625 317.1301574707031 883.0546264648438
969.6530151367188 792.9912109375 849.69580078125 681.6546020507812
626.8544921875 1041.80322265625 647.5398559570312 982.0362548828125
1171.4691162109375 704.3727416992188 986.386474609375 556.9849243164062
1191.7969970703125 746.7351684570312 1010.4112548828125 596.8712158203125
993.3555297851562 807.569091796875 874.7092895507812 691.217041015625
1096.0274658203125 639.1171875 904.7645874023438 501.1094055175781
1060.4605712890625 711.9562377929688 898.7975463867188 586.66845703125
1204.526123046875 644.155517578125 995.4498291015625 492.0167541503906
969.6530151367188 792.9912109375 849.69580078125 681.6546020507812
1226.77685546875 718.87548828125 1029.9818115234375 564.6231079101562
1083.5938720703125 711.6493530273438 918.2035522460938 580.7611694335938
808.3176879882812 1050.04638671875 805.7575073242188 937.3838500976562
702.0307006835938 862.684814453125 635.9069213867188 805.9965209960938
1186.646484375 681.116455078125 994.4884033203125 533.2074584960938
736.7138061523438 881.7996215820312 677.8290405273438 815.4828491210938
1521.190185546875 819.5642700195312 1246.0767822265625 613.1145629882812
508.5304870605469 773.0113525390625 373.37713623046875 765.7202758789062
587.8539428710938 802.0626220703125 483.9158020019531 773.9425048828125
1122.218017578125 745.6470336914062 957.1214599609375 608.0571899414062
515.8690185546875 757.5097045898438 368.2922058105469 743.6090087890625
1093.98095703125 618.4765014648438 896.6321411132812 478.8835754394531
567.6083374023438 1046.553955078125 594.9188232421875 1000.4263916015625
669.5922241210938 636.0796508789062 465.7593994140625 566.8070068359375
1154.5635986328125 828.2155151367188 1003.7781982421875 678.412841796875
578.0121459960938 1030.795166015625 599.4253540039062 984.36767578125
1205.674072265625 656.960693359375 998.9422607421875 505.3334655761719
1234.7442626953125 671.3430786132812 1024.9493408203125 516.6275634765625
353.5480651855469 888.6401977539062 271.1896057128906 928.1920166015625
611.7545166015625 771.2643432617188 489.7325744628906 737.4607543945312
668.8154907226562 614.6480712890625 452.0705261230469 539.8788452148438
613.0973510742188 693.3983154296875 441.2829284667969 647.61376953125
443.75341796875 934.7652587890625 409.3697814941406 943.6039428710938
527.075927734375 889.265625 474.6941223144531 877.0613403320312
449.346923828125 919.4501953125 402.77276611328125 926.9258422851562
1543.739013671875 904.176025390625 1263.591064453125 674.457763671875
603.8363647460938 803.7969360351562 501.3994445800781 771.9497680664062
1202.675048828125 648.7720336914062 995.4633178710938 497.11138916015625
474.91656494140625 972.6190185546875 469.0390625 966.7848510742188
598.9196166992188 823.0574951171875 509.5994567871094 792.8355712890625
1238.6436767578125 660.9169311523438 1026.2874755859375 503.5949401855469
1492.381103515625 904.02197265625 1235.0390625 682.3505249023438
1314.343505859375 854.8670654296875 1119.6229248046875 673.3719482421875
1081.07568359375 692.0243530273438 909.0889892578125 559.5181274414062
709.5050659179688 843.42724609375 631.5685424804688 786.6441650390625
1235.72900390625 727.7457885742188 1039.429443359375 569.8407592773438
611.7545166015625 771.2643432617188 489.7325744628906 737.4607543945312
707.9189453125 713.185791015625 561.8509521484375 651.2098388671875
489.7436828613281 755.869140625 335.8013610839844 749.1854248046875
1302.473388671875 834.6597900390625 1108.320556640625 657.5973510742188
707.9189453125 713.185791015625 561.8509521484375 651.2098388671875
1527.1414794921875 917.3399658203125 1256.8759765625 686.7272338867188
1210.73583984375 726.9114379882812 1021.5304565429688 573.5823364257812
1075.8839111328125 634.6646728515625 885.6527709960938 499.20977783203125
823.4486083984375 874.9761352539062 753.1322631835938 791.067626953125
1186.646484375 681.116455078125 994.4884033203125 533.2074584960938
982.6410522460938 788.11669921875 859.6447143554688 674.74072265625
1107.9912109375 639.0429077148438 914.1966552734375 500.0946350097656
1519.6077880859375 898.1090087890625 1252.181640625 673.656982421875
477.42303466796875 912.0838623046875 428.2838439941406 912.4259643554688
511.8165588378906 746.8782958984375 356.70391845703125 734.1368408203125
726.7186889648438 832.4334106445312 645.3133544921875 771.3689575195312
909.32958984375 840.7435913085938 817.8297729492188 739.3040161132812
1241.5821533203125 650.7551879882812 1024.9735107421875 494.1587219238281
449.346923828125 919.4501953125 402.77276611328125 926.9258422851562
1192.462646484375 734.350341796875 1009.9419555664062 585.0184326171875
637.8805541992188 788.312255859375 527.782470703125 748.3513793945312
566.77001953125 1022.7916259765625 584.2356567382812 982.5243530273438
1055.0758056640625 759.2973022460938 911.2919311523438 631.5013427734375
598.9207153320312 996.9881591796875 605.8590698242188 951.787841796875
634.0411987304688 800.070556640625 532.551025390625 761.069580078125
