781.68017578125 667.012939453125 745.5006713867188 635.9876708984375
587.8539428710938 802.0626220703125 546.7935791015625 646.7706298828125
800.9056396484375 658.547607421875 754.1552124023438 631.8074951171875
800.9056396484375 658.547607421875 754.1552124023438 631.8074951171875
1201.393310546875 745.1712036132812 1208.97900390625 732.9383544921875
800.9056396484375 658.547607421875 754.1552124023438 631.8074951171875
792.5842895507812 655.2921752929688 750.3687744140625 630.3357543945312
786.0814208984375 636.55224609375 746.541748046875 622.665283203125
796.7357177734375 666.01318359375 752.6072387695312 635.1963500976562
779.5223388671875 841.97021484375 769.0810546875 810.5001220703125
796.7357177734375 666.01318359375 752.6072387695312 635.1963500976562
822.5584716796875 662.045654296875 764.4661865234375 633.2501220703125
1201.393310546875 745.1712036132812 1208.97900390625 732.9383544921875
784.872802734375 643.0851440429688 746.5759887695312 626.2224731445312
779.5223388671875 841.97021484375 769.0810546875 810.5001220703125
789.3221435546875 664.25 748.9061889648438 633.9329223632812
792.5842895507812 655.2921752929688 750.3687744140625 630.3357543945312
