1020.3993530273438 764.2474365234375 691.6851196289062 908.6083984375
1069.078369140625 909.6025390625 595.88623046875 787.5414428710938
939.9437866210938 875.2603149414062 710.0054321289062 767.8345947265625
969.5833129882812 784.9094848632812 730.4475708007812 856.0735473632812
962.8740234375 799.2099609375 729.8988647460938 839.4144287109375
1091.8839111328125 803.4637451171875 599.7803344726562 894.6798706054688
1091.6180419921875 841.7066650390625 589.5360717773438 853.7095947265625
1085.5545654296875 914.495849609375 581.1159057617188 790.0470581054688
1119.669677734375 849.56396484375 560.877685546875 858.152587890625
1063.775390625 835.3524169921875 618.7262573242188 847.9617309570312
956.3258056640625 804.3839111328125 732.3694458007812 831.1732177734375
1084.9849853515625 822.0650024414062 602.0662231445312 870.6564331054688
993.3555297851562 807.569091796875 696.0771484375 846.7290649414062
982.6410522460938 788.11669921875 716.2229614257812 858.1931762695312
1000.1433715820312 779.0025634765625 704.0602416992188 875.8363037109375
975.7750854492188 797.08154296875 718.3544921875 846.9749145507812
1084.4521484375 777.82421875 615.6554565429688 924.5519409179688
1046.9815673828125 897.8439331054688 617.2304077148438 788.2501220703125
1091.8839111328125 803.4637451171875 599.7803344726562 894.6798706054688
1039.98291015625 801.1949462890625 653.2196655273438 876.3847045898438
1108.38037109375 838.1768798828125 575.0390625 863.841552734375
1108.23828125 827.6431884765625 578.1102905273438 874.0786743164062
1063.775390625 835.3524169921875 618.7262573242188 847.9617309570312
1097.536865234375 821.0211181640625 589.8624877929688 876.6589965820312
975.5245361328125 806.73583984375 713.8237915039062 837.4627685546875
969.276123046875 758.1236572265625 747.4261474609375 887.7756958007812
939.9437866210938 875.2603149414062 710.0054321289062 767.8345947265625
1105.54248046875 796.0652465820312 587.36767578125 910.0210571289062
1069.4569091796875 966.0564575195312 584.6210327148438 751.2442626953125
1066.304443359375 932.7150268554688 593.1622314453125 771.1882934570312
1078.4552001953125 809.1315307617188 612.1928100585938 882.833984375
1115.797119140625 798.0040283203125 574.9730224609375 913.22509765625
959.1295776367188 880.3389892578125 692.6348266601562 770.7476196289062
1141.945068359375 837.1943359375 542.2703857421875 881.1775512695312
1144.4368896484375 806.2017211914062 541.8229370117188 917.1561889648438
1114.7137451171875 922.4984130859375 556.2317504882812 794.1064453125
1047.076904296875 716.3361206054688 688.1051025390625 996.5825805664062
1113.9818115234375 786.594970703125 579.0317993164062 928.8984985351562
1125.9830322265625 806.6851806640625 563.0926513671875 907.6509399414062
1041.9652099609375 702.7931518554688 704.31689453125 1018.8989868164062
1094.2021484375 934.3237915039062 567.5615234375 780.5010375976562
921.2402954101562 804.0353393554688 766.5533447265625 816.2595825195312
991.2872924804688 770.4718627929688 717.8071899414062 881.97265625
1105.54248046875 796.0652465820312 587.36767578125 910.0210571289062
1139.2271728515625 828.6358642578125 547.8963623046875 888.4781494140625
940.9818115234375 803.645751953125 746.81884765625 825.2157592773438
1104.0198974609375 972.9760131835938 557.8458251953125 759.9235229492188
946.1737670898438 780.9639282226562 756.3339233398438 848.2996215820312
1256.4981689453125 966.7337646484375 438.29638671875 811.48388671875
