91.0
91.17565155029297
93.95743560791016
95.01052856445312
110.37662506103516
112.57441711425781
113.95613098144531
115.55085754394531
116.33572387695312
117.07689666748047
118.1651382446289
118.5200424194336
122.4132308959961
123.77803039550781
124.65552520751953
126.40806579589844
126.41202545166016
126.41202545166016
128.0078125
131.30499267578125
131.38111877441406
132.09844970703125
132.55564880371094
134.50650024414062
135.3513946533203
136.9635009765625
138.09417724609375
140.83323669433594
141.58743286132812
142.9965057373047
143.2270965576172
143.2759552001953
144.03819274902344
145.15853881835938
145.7635040283203
146.386474609375
147.90199279785156
148.22955322265625
150.3562469482422
151.33737182617188
152.43031311035156
152.57785034179688
155.9871826171875
158.84898376464844
160.15304565429688
160.89126586914062
161.28236389160156
161.7559814453125
161.823974609375
162.9232940673828
163.38604736328125
165.0939178466797
165.2725067138672
165.83726501464844
168.45176696777344
168.54969787597656
169.5670928955078
169.63490295410156
172.3252716064453
172.6035919189453
175.1513671875
176.0170440673828
178.07862854003906
179.0223388671875
179.06423950195312
179.5104522705078
180.9198760986328
181.52685546875
183.69540405273438
184.0570526123047
184.31494140625
184.62123107910156
184.9891815185547
185.23228454589844
186.15048217773438
186.9598846435547
187.1897430419922
190.42584228515625
194.97434997558594
195.99745178222656
196.4357452392578
197.54747009277344
199.57203674316406
200.74859619140625
201.1566619873047
201.5663604736328
201.68292236328125
201.7027587890625
201.76223754882812
202.98768615722656
207.7979736328125
208.54495239257812
211.61758422851562
215.33462524414062
215.95370483398438
218.76699829101562
225.43069458007812
225.99557495117188
230.20425415039062
232.22402954101562
232.31443786621094
236.6431884765625
237.67835998535156
239.52035522460938
252.2360076904297
