51.57518768310547
55.89275360107422
82.31645965576172
84.77027893066406
94.15412902832031
106.21205139160156
114.16654205322266
114.41590881347656
115.2302017211914
115.29960632324219
115.41663360595703
116.25833129882812
117.6095199584961
117.87281036376953
118.94956970214844
118.98739624023438
122.77214813232422
123.14219665527344
124.87593841552734
125.02799987792969
125.59856414794922
126.88971710205078
126.93305206298828
127.67536926269531
127.81236267089844
128.3705596923828
128.53793334960938
129.03488159179688
129.71121215820312
130.18447875976562
131.01144409179688
131.23643493652344
131.8673553466797
131.93179321289062
132.589599609375
132.7554168701172
133.0300750732422
133.7310791015625
134.777587890625
135.0259246826172
136.1286163330078
136.18370056152344
138.08331298828125
138.931640625
139.61016845703125
140.06784057617188
140.91131591796875
141.8661346435547
141.90489196777344
142.17945861816406
143.01748657226562
143.2270965576172
143.27944946289062
144.35719299316406
145.67771911621094
145.8526611328125
146.11981201171875
146.6492462158203
146.67991638183594
146.85366821289062
148.83883666992188
149.46237182617188
150.5323944091797
150.7547607421875
151.14231872558594
151.16217041015625
151.1687774658203
153.26121520996094
154.259521484375
154.51536560058594
154.754638671875
155.53134155273438
156.01602172851562
156.2530059814453
156.60140991210938
156.7035369873047
156.9012451171875
157.1527862548828
157.55316162109375
157.91136169433594
157.99050903320312
158.77972412109375
158.94024658203125
158.99685668945312
160.35897827148438
161.53018188476562
162.23748779296875
163.41358947753906
164.6572265625
164.9727325439453
166.07528686523438
166.1896514892578
166.21371459960938
167.922607421875
168.2854766845703
168.31814575195312
168.54376220703125
170.34671020507812
170.8771514892578
171.28338623046875
171.52842712402344
172.09881591796875
172.53985595703125
173.0028839111328
173.3753204345703
173.46180725097656
173.5396270751953
173.5914764404297
173.97413635253906
174.22113037109375
174.3014678955078
174.45343017578125
174.49928283691406
174.8599395751953
175.34536743164062
175.6502227783203
176.7229461669922
177.58941650390625
178.07862854003906
178.5301055908203
178.8155517578125
179.2874755859375
179.3125762939453
179.43801879882812
179.4463653564453
180.33580017089844
180.61837768554688
180.64329528808594
181.26776123046875
181.93954467773438
183.17750549316406
183.4502716064453
184.08692932128906
184.3719024658203
185.01080322265625
186.9812774658203
187.1656951904297
187.41131591796875
187.5153350830078
188.50994873046875
188.69021606445312
189.61012268066406
190.93716430664062
191.0
192.1145477294922
192.6966552734375
192.919677734375
193.31581115722656
193.81434631347656
195.0435791015625
195.45843505859375
195.74217224121094
195.75750732421875
196.0867156982422
196.2371063232422
196.49935913085938
196.66468811035156
199.7147979736328
200.86563110351562
200.8730926513672
201.53907775878906
202.3363494873047
202.8102569580078
203.39862060546875
204.1249542236328
204.3673095703125
204.83163452148438
205.07315063476562
205.533447265625
205.5675048828125
206.25469970703125
207.7137451171875
208.3026580810547
208.7103271484375
209.42062377929688
210.75103759765625
213.34478759765625
214.8557586669922
215.5922088623047
217.13360595703125
218.00228881835938
218.625244140625
218.67327880859375
219.1460723876953
220.6467742919922
222.77792358398438
226.828125
228.34622192382812
230.5970458984375
231.09304809570312
231.4065704345703
231.6851348876953
233.8268585205078
234.30108642578125
235.6140899658203
237.09703063964844
244.92039489746094
253.59022521972656
253.907470703125
