760.249755859375 1030.2403564453125 1018.0115966796875 723.6853637695312
785.3216552734375 1020.43994140625 1006.3462524414062 712.247314453125
804.3472290039062 1028.2762451171875 1007.8128662109375 701.3436279296875
804.3472290039062 1028.2762451171875 1007.8128662109375 701.3436279296875
645.6578369140625 1014.3798217773438 1031.5751953125 796.4419555664062
832.3927612304688 1038.190673828125 1008.4459838867188 684.5503540039062
832.3927612304688 1038.190673828125 1008.4459838867188 684.5503540039062
644.8180541992188 1036.4073486328125 1046.3677978515625 789.2532958984375
843.1957397460938 808.0933837890625 785.0074462890625 724.1026000976562
578.0121459960938 1030.795166015625 1059.94580078125 834.3910522460938
565.1203002929688 1002.670654296875 1043.755859375 858.7314453125
598.9207153320312 996.9881591796875 1030.1571044921875 835.5169677734375
794.9229736328125 1029.992431640625 1010.3410034179688 706.6633911132812
586.4998779296875 1015.9322509765625 1047.4398193359375 835.5499877929688
619.1813354492188 1016.9180297851562 1038.68359375 813.8690795898438
631.8931274414062 993.5890502929688 1019.8839721679688 814.6355590820312
843.1957397460938 808.0933837890625 785.0074462890625 724.1026000976562
727.3134155273438 869.6786499023438 882.1133422851562 799.268798828125
566.77001953125 1022.7916259765625 1057.94970703125 846.7415771484375
