1603.9892578125 860.2590942382812 1389.516357421875 1003.2728881835938
760.249755859375 1030.2403564453125 592.124267578125 901.2206420898438
760.249755859375 1030.2403564453125 592.124267578125 901.2206420898438
1200.10498046875 706.1384887695312 1114.9130859375 711.0511474609375
1200.10498046875 706.1384887695312 1114.9130859375 711.0511474609375
645.6578369140625 1014.3798217773438 517.392333984375 856.3550415039062
1057.617919921875 984.488525390625 830.8458251953125 947.4884643554688
353.6062316894531 903.953369140625 355.92120361328125 679.8168334960938
1012.7589721679688 709.4432983398438 941.2911987304688 660.3446044921875
1066.304443359375 932.7150268554688 865.5233154296875 901.6416015625
811.7349243164062 856.609375 702.4550170898438 754.4052734375
926.816650390625 942.3095703125 749.8098754882812 870.1708984375
1152.863037109375 739.369873046875 1046.107421875 734.2415161132812
1091.8839111328125 803.4637451171875 956.52099609375 782.2979736328125
1012.7589721679688 709.4432983398438 941.2911987304688 660.3446044921875
312.15704345703125 868.3346557617188 337.36553955078125 636.703369140625
804.3472290039062 1028.2762451171875 625.33935546875 911.6651000976562
1228.5718994140625 711.7952270507812 1135.5211181640625 724.3229370117188
1221.307373046875 633.1251831054688 1185.4180908203125 631.2662963867188
1013.2836303710938 976.01318359375 801.6837768554688 927.9661254882812
1228.5718994140625 711.7952270507812 1135.5211181640625 724.3229370117188
856.5380859375 915.7721557617188 708.999755859375 827.572998046875
1063.775390625 835.3524169921875 914.2523193359375 808.1917724609375
1149.4765625 922.0359497070312 938.8054809570312 915.315673828125
1221.6068115234375 977.522216796875 970.4247436523438 991.3668212890625
1249.2041015625 714.2780151367188 1154.0938720703125 732.540283203125
1144.4368896484375 806.2017211914062 1000.330322265625 801.4321899414062
881.2890014648438 924.6806030273438 724.5386352539062 840.14697265625
598.9207153320312 996.9881591796875 491.8628845214844 827.9407958984375
527.7492065429688 913.0048828125 471.39715576171875 732.2442626953125
1091.6180419921875 841.7066650390625 933.7791137695312 822.3799438476562
1143.57861328125 945.0144653320312 921.8275756835938 936.0404052734375
1095.27099609375 690.0253295898438 1027.7935791015625 660.8342895507812
544.1287841796875 1011.9744873046875 448.20172119140625 828.5111083984375
631.8931274414062 993.5890502929688 516.2259521484375 832.9409790039062
443.75341796875 934.7652587890625 406.419189453125 730.1478881835938
889.4105834960938 875.1099243164062 753.8269653320312 795.1156616210938
531.6505126953125 901.7608032226562 477.43231201171875 723.115478515625
1244.2066650390625 757.2291870117188 1119.47998046875 781.0792846679688
1238.5301513671875 952.6568603515625 997.6768798828125 972.0435791015625
150.00814819335938 989.5518798828125 202.25030517578125 707.9603881835938
822.6405029296875 1023.0232543945312 640.6771240234375 912.3857421875
576.19873046875 992.8530883789062 476.9648742675781 818.1336669921875
443.75341796875 934.7652587890625 406.419189453125 730.1478881835938
1226.77685546875 718.87548828125 1129.493408203125 732.0136108398438
1104.0198974609375 972.9760131835938 874.7388305664062 951.4837646484375
917.6680297851562 924.8606567382812 751.6526489257812 850.966796875
619.1813354492188 1016.9180297851562 497.00537109375 851.5343627929688
1063.723876953125 921.5462646484375 869.2003784179688 891.13818359375
1059.7069091796875 947.2249755859375 854.126220703125 913.0595703125
1245.46923828125 860.3031005859375 1058.1715087890625 889.1022338867188
1287.5098876953125 821.4599609375 1117.640380859375 859.9159545898438
1252.190673828125 832.94482421875 1079.516845703125 861.9290771484375
785.3216552734375 1020.43994140625 614.0147094726562 900.745849609375
1029.8509521484375 944.6490478515625 830.471435546875 902.8790893554688
1217.7689208984375 751.1675415039062 1099.283203125 767.1268920898438
975.7750854492188 797.08154296875 861.7688598632812 742.6063232421875
526.4786376953125 932.3253784179688 465.1366882324219 748.5509033203125
1256.4981689453125 966.7337646484375 1003.7711181640625 991.5747680664062
1116.274658203125 994.5579833984375 872.5718994140625 972.5403442382812
702.0307006835938 862.684814453125 615.3936157226562 731.1853637695312
507.04449462890625 907.9759521484375 457.53106689453125 722.483642578125
1236.9766845703125 1009.0147094726562 963.8643798828125 1024.600830078125
583.3706665039062 809.3063354492188 548.2109985351562 646.6458129882812
1241.583740234375 819.7078857421875 1077.972900390625 845.451904296875
1108.23828125 827.6431884765625 956.2146606445312 812.9364624023438
606.4974975585938 828.1859741210938 558.19921875 671.5298461914062
864.8917236328125 894.892333984375 726.11865234375 806.8936157226562
1314.4517822265625 824.6945190429688 1139.083251953125 869.6168823242188
1149.7396240234375 797.8126831054688 1009.46435546875 793.4760131835938
595.5914916992188 1030.255615234375 478.4028625488281 856.034423828125
914.3699340820312 861.6939086914062 781.2330932617188 788.86279296875
343.984130859375 868.2221069335938 360.61273193359375 642.522705078125
928.01171875 922.7307739257812 761.61328125 852.409912109375
1274.17138671875 969.4703979492188 1015.7621459960938 999.6569213867188
942.0469360351562 901.8438110351562 783.2861328125 834.9189453125
881.7625732421875 853.072509765625 755.6195068359375 773.1380615234375
465.6844177246094 791.1141967773438 469.7449645996094 597.6808471679688
736.7138061523438 881.7996215820312 632.6841430664062 758.7479248046875
457.70562744140625 901.8532104492188 424.77008056640625 705.1382446289062
1232.79443359375 746.5264282226562 1115.262939453125 766.9998168945312
571.6038818359375 982.1744384765625 475.9561462402344 809.2157592773438
1134.779296875 983.3698120117188 893.750244140625 969.792724609375
489.7436828613281 755.869140625 500.28546142578125 567.6124267578125
1331.2763671875 879.2679443359375 1118.6785888671875 933.6546020507812
942.0469360351562 901.8438110351562 783.2861328125 834.9189453125
1256.4981689453125 966.7337646484375 1003.7711181640625 991.5747680664062
328.23602294921875 863.7799682617188 351.03173828125 635.1801147460938
885.3146362304688 912.36767578125 733.6129150390625 830.447265625
898.3643798828125 863.58984375 766.2538452148438 786.42578125
916.9041748046875 882.2164916992188 770.7735595703125 810.4741821289062
1289.191650390625 988.6161499023438 1017.4952392578125 1021.7933959960938
1270.01171875 837.4369506835938 1091.8604736328125 871.3626098632812
952.6334838867188 798.8300170898438 841.1309814453125 737.208984375
1299.9910888671875 844.8902587890625 1114.12548828125 888.3605346679688
1253.6317138671875 644.580078125 1208.79296875 654.3331298828125
1069.4569091796875 966.0564575195312 851.5160522460938 933.0943603515625
969.6530151367188 792.9912109375 857.886474609375 735.8283081054688
872.2115478515625 908.3345336914062 723.8905029296875 823.7561645507812
1119.669677734375 849.56396484375 953.385498046875 838.2473754882812
927.775634765625 785.6702880859375 827.771728515625 716.774169921875
861.7921142578125 852.5194091796875 741.3584594726562 765.5410766601562
804.3472290039062 1028.2762451171875 625.33935546875 911.6651000976562
576.19873046875 992.8530883789062 476.9648742675781 818.1336669921875
1159.3125 818.8737182617188 1004.2625122070312 817.8775024414062
1154.1026611328125 838.626708984375 989.5567016601562 836.86767578125
989.7527465820312 618.96142578125 974.7838134765625 547.6528930664062
566.77001953125 1022.7916259765625 461.4771728515625 841.8109130859375
727.3134155273438 869.6786499023438 632.0531005859375 745.4054565429688
515.3961791992188 928.8992919921875 457.0816650390625 744.9003295898438
578.0121459960938 1030.795166015625 466.0774841308594 852.2127075195312
1503.9530029296875 899.0497436523438 1262.8883056640625 1009.7196044921875
861.7157592773438 878.2376098632812 729.8645629882812 792.3153686523438
94.29317474365234 1039.893798828125 155.7618865966797 738.1757202148438
1288.234375 996.7938842773438 1010.845458984375 1030.6129150390625
1197.6170654296875 727.5230712890625 1097.0426025390625 733.2411499023438
1075.8414306640625 682.2508544921875 1014.2310180664062 646.3306884765625
899.5677490234375 890.7818603515625 754.6398315429688 812.757080078125
989.7527465820312 618.96142578125 974.7838134765625 547.6528930664062
507.04449462890625 907.9759521484375 457.53106689453125 722.483642578125
885.5083618164062 887.2583618164062 743.9070434570312 806.8611450195312
969.6530151367188 792.9912109375 857.886474609375 735.8283081054688
1041.9652099609375 702.7931518554688 970.8651733398438 659.9485473632812
353.5480651855469 888.6401977539062 360.76812744140625 663.9148559570312
1241.5821533203125 650.7551879882812 1192.1954345703125 659.0004272460938
574.7077026367188 804.7119140625 543.6571044921875 639.49267578125
1104.0198974609375 972.9760131835938 874.7388305664062 951.4837646484375
962.8740234375 799.2099609375 850.1979370117188 743.7122802734375
614.0113525390625 794.9279174804688 576.5317993164062 639.8941040039062
479.14617919921875 929.2870483398438 432.3516845703125 734.7898559570312
1217.2110595703125 640.1585693359375 1176.2530517578125 638.7347412109375
1093.8447265625 614.6452026367188 1075.9801025390625 572.4127197265625
1105.54248046875 796.0652465820312 971.9298706054688 779.8146362304688
1115.797119140625 798.0040283203125 981.0751953125 784.1687622070312
515.8690185546875 757.5097045898438 517.887451171875 576.209228515625
1299.9910888671875 844.8902587890625 1114.12548828125 888.3605346679688
960.2880859375 750.7425537109375 874.5253295898438 687.6486206054688
1190.5152587890625 700.184814453125 1107.8802490234375 699.5783081054688
1206.3243408203125 740.4115600585938 1096.148681640625 748.8700561523438
1198.96826171875 713.2288818359375 1109.2117919921875 718.7020874023438
566.77001953125 1022.7916259765625 461.4771728515625 841.8109130859375
586.6647338867188 796.4229736328125 555.967529296875 633.8534545898438
969.276123046875 758.1236572265625 877.6048583984375 699.8726806640625
756.68408203125 888.07958984375 646.0428466796875 771.5127563476562
476.0417785644531 789.2340087890625 476.8257751464844 599.7900390625
755.8551025390625 875.5830688476562 646.4485473632812 758.6377563476562
142.29409790039062 1030.7608642578125 187.64498901367188 741.1210327148438
1000.1433715820312 779.0025634765625 889.3710327148438 732.1102294921875
142.29409790039062 1030.7608642578125 187.64498901367188 741.1210327148438
1087.290283203125 958.8617553710938 869.6859130859375 930.796142578125
1288.234375 996.7938842773438 1010.845458984375 1030.6129150390625
1041.4078369140625 696.2423095703125 974.9961547851562 652.935791015625
930.9635009765625 688.1212768554688 881.272216796875 611.557373046875
479.14617919921875 929.2870483398438 432.3516845703125 734.7898559570312
577.3745727539062 793.1178588867188 549.35009765625 629.7113037109375
962.136962890625 689.184814453125 909.512451171875 620.2650146484375
927.775634765625 785.6702880859375 827.771728515625 716.774169921875
940.9818115234375 803.645751953125 828.85302734375 740.7484130859375
583.3706665039062 809.3063354492188 548.2109985351562 646.6458129882812
1500.890869140625 877.1761474609375 1277.3614501953125 984.1093139648438
1094.2021484375 934.3237915039062 885.312744140625 913.049560546875
477.42303466796875 912.0838623046875 436.9748229980469 718.8577880859375
1084.1229248046875 981.3782958984375 854.4234619140625 954.2205200195312
794.9229736328125 1029.992431640625 615.5655517578125 909.5264892578125
923.84423828125 794.3650512695312 820.0794067382812 724.6441040039062
942.0237426757812 836.4265747070312 814.3295288085938 772.6420288085938
766.8018798828125 880.2574462890625 656.0264892578125 765.793701171875
1204.526123046875 644.155517578125 1161.8558349609375 640.4874267578125
1302.473388671875 834.6597900390625 1122.3765869140625 878.5112915039062
586.4998779296875 1015.9322509765625 478.06793212890625 840.1173095703125
927.271240234375 896.6378784179688 771.7174682617188 828.4318237304688
969.276123046875 758.1236572265625 877.6048583984375 699.8726806640625
606.4974975585938 828.1859741210938 558.19921875 671.5298461914062
956.2313232421875 761.88037109375 863.9124755859375 701.4328002929688
909.32958984375 840.7435913085938 784.0369873046875 768.918212890625
1063.723876953125 921.5462646484375 869.2003784179688 891.13818359375
1500.890869140625 877.1761474609375 1277.3614501953125 984.1093139648438
1125.9830322265625 806.6851806640625 983.4075317382812 796.4189453125
1222.7325439453125 725.21337890625 1120.6925048828125 736.8679809570312
1075.8839111328125 634.6646728515625 1045.7337646484375 590.426513671875
461.6238098144531 785.2546997070312 468.973388671875 590.57958984375
1204.8857421875 652.8723754882812 1155.4464111328125 650.332763671875
449.346923828125 919.4501953125 417.04168701171875 719.5667114257812
1097.536865234375 821.0211181640625 950.4095458984375 803.4347534179688
319.9919128417969 890.02880859375 336.45123291015625 657.0154418945312
1154.5635986328125 828.2155151367188 993.4993286132812 824.4904174804688
1520.2515869140625 884.7078247070312 1288.9901123046875 999.3739013671875
1492.381103515625 904.02197265625 1248.298828125 1008.5864868164062
744.372802734375 848.8514404296875 650.5159301757812 729.5364379882812
499.8150329589844 745.829345703125 510.37841796875 559.8294677734375
1486.99560546875 912.8826904296875 1238.926513671875 1017.260009765625
637.8805541992188 788.312255859375 595.2059326171875 639.4334716796875
704.4833984375 610.33642578125 729.906005859375 460.90557861328125
929.1531372070312 673.7401123046875 888.3787231445312 594.8673095703125
1196.6650390625 719.9673461914062 1102.254638671875 725.13916015625
