943.1145629882812 1033.2625732421875 669.9344482421875 1031.389892578125
1174.9599609375 685.8186645507812 1245.4114990234375 997.3110961914062
1056.519775390625 914.05322265625 831.9266357421875 1047.6248779296875
918.8889770507812 1037.3626708984375 660.3504638671875 1016.437255859375
867.54833984375 943.7389526367188 733.130859375 930.1969604492188
801.3018798828125 920.2675170898438 733.6244506835938 876.7025146484375
960.4668579101562 985.2343139648438 719.7460327148438 1016.2349853515625
1053.5933837890625 893.5328369140625 853.5913696289062 1033.433349609375
852.5397338867188 904.2048950195312 764.8264770507812 897.5658569335938
958.0296630859375 799.2417602539062 921.2327880859375 898.7614135742188
1066.27392578125 768.6421508789062 1022.2432861328125 960.3265380859375
1056.519775390625 914.05322265625 831.9266357421875 1047.6248779296875
925.6069946289062 830.69091796875 869.811767578125 898.6548461914062
1074.37255859375 867.41015625 894.4644165039062 1034.028564453125
