29.46183967590332
44.14748001098633
54.460994720458984
55.75840759277344
61.36774444580078
62.585941314697266
63.28506851196289
63.43500518798828
64.78425598144531
65.57438659667969
66.14378356933594
66.92533111572266
67.77167510986328
68.25686645507812
68.65129089355469
68.74591064453125
69.01448822021484
69.01448822021484
70.6682357788086
71.90966796875
72.24264526367188
73.38937377929688
74.18894958496094
75.28611755371094
75.61084747314453
75.67033386230469
76.9090347290039
76.92203521728516
77.08436584472656
77.2593002319336
77.43384552001953
78.68290710449219
78.87965393066406
79.5487289428711
79.74333953857422
79.96874237060547
79.98124694824219
80.09993743896484
80.19975280761719
81.19113159179688
82.27393341064453
82.53484344482422
82.62566375732422
82.64381408691406
83.15647888183594
83.25262451171875
84.15461730957031
84.32674407958984
84.3386001586914
84.57540893554688
84.61087036132812
84.7643814086914
84.78797149658203
85.57453155517578
85.73213958740234
86.191650390625
86.87347412109375
86.87347412109375
87.31552124023438
87.5671157836914
88.20430755615234
88.23265075683594
88.81441497802734
89.11228942871094
89.3028564453125
89.51536560058594
89.7942123413086
89.86656951904297
90.11659240722656
91.0494384765625
91.06591033935547
91.20854949951172
91.55326080322266
92.00543212890625
92.02173614501953
92.75235748291016
93.38629150390625
93.50936126708984
93.60555267333984
93.74433135986328
93.75499725341797
93.78166198730469
93.8349609375
93.91485595703125
94.0
94.03190612792969
94.63614654541016
94.75231170654297
94.82088470458984
94.82088470458984
94.93682098388672
95.04209899902344
95.2313003540039
95.28903198242188
96.28083801269531
96.353515625
96.3638916015625
96.46761322021484
96.63850402832031
96.68505859375
97.13392639160156
97.23168182373047
97.35501861572266
97.76502227783203
97.83148956298828
97.90811920166016
98.43779754638672
98.73196411132812
99.11609649658203
99.12618255615234
99.39315795898438
99.98999786376953
100.36931610107422
100.40418243408203
100.40916442871094
101.054443359375
101.0940170288086
101.11380004882812
101.12368774414062
101.14346313476562
101.26203918457031
101.28178405761719
101.37554168701172
101.51847076416016
101.58740234375
101.59232330322266
101.69562530517578
101.71037292480469
101.78899383544922
101.79390716552734
102.45486450195312
102.6352767944336
102.77159118652344
102.87857055664062
102.91258239746094
102.99028778076172
103.04853057861328
103.08734130859375
103.16976165771484
103.2279052734375
103.29569244384766
103.34408569335938
103.34892272949219
103.3924560546875
103.59536743164062
103.60984802246094
103.93267059326172
104.32640838623047
104.71867370605469
104.8475112915039
105.05712890625
105.12373352050781
105.33755493164062
105.385009765625
105.531982421875
106.0
106.17909240722656
106.21675872802734
106.33908081054688
106.6348876953125
107.18209075927734
107.340576171875
107.58252716064453
107.77754974365234
107.9212646484375
107.9861068725586
108.28665924072266
108.30050659179688
108.49884796142578
108.60478973388672
108.90362548828125
108.97705841064453
109.02751922607422
109.09170532226562
109.21996307373047
109.31148529052734
109.76793670654297
110.34944152832031
110.43550109863281
110.49434661865234
110.6209716796875
110.68423461914062
110.82418823242188
110.87831115722656
110.98197937011719
112.0
112.01785278320312
112.16951751708984
112.32987213134766
112.4277572631836
112.9026107788086
113.1194076538086
113.51211547851562
113.51651763916016
113.71455383300781
113.76730346679688
114.0131607055664
114.44212341308594
114.5556640625
115.06085205078125
115.16944122314453
115.6243896484375
115.76268768310547
115.99137878417969
116.06463623046875
116.30992889404297
116.5160903930664
116.62760925292969
116.7989730834961
117.08116912841797
117.11532592773438
117.38398742675781
117.45637512207031
117.6392822265625
117.66902923583984
117.73274993896484
117.87281036376953
118.50738525390625
118.70552062988281
118.72236633300781
118.91173553466797
119.03781127929688
119.04200744628906
119.27698516845703
119.42361450195312
119.68291473388672
119.68709564208984
119.7163314819336
119.83738708496094
120.35364532470703
120.55289459228516
120.59021759033203
121.01652526855469
121.10326385498047
121.44957733154297
121.4783935546875
121.63880920410156
121.93850708007812
122.17201232910156
122.80065155029297
122.93087768554688
123.0162582397461
123.07720947265625
123.30450439453125
123.4139404296875
123.43014526367188
123.47064208984375
123.49898529052734
123.59611511230469
123.64060974121094
123.80226135253906
123.90319061279297
124.11285400390625
124.45883178710938
124.61139678955078
124.63546752929688
124.70765686035156
125.31958770751953
125.51095581054688
125.54680633544922
125.75373077392578
125.75373077392578
125.9523696899414
125.9920654296875
126.04364013671875
126.3210220336914
126.38829040527344
126.9566879272461
127.16918182373047
127.53038787841797
128.02734375
128.3705596923828
128.57293701171875
128.75169372558594
128.77499389648438
128.81381225585938
129.224609375
129.30197143554688
129.749755859375
130.1537628173828
130.37254333496094
130.3917236328125
130.61776733398438
130.7325439453125
130.7784423828125
130.8739776611328
130.8854522705078
130.96563720703125
131.25929260253906
131.2707061767578
131.5370635986328
131.7763214111328
132.3480224609375
132.84201049804688
132.86459350585938
133.67123413085938
133.8656005859375
134.0223846435547
134.1007080078125
134.22369384765625
134.23486328125
134.71080017089844
135.428955078125
135.6981964111328
135.74977111816406
136.06983947753906
137.32443237304688
137.38632202148438
137.3936004638672
137.4263458251953
137.5354461669922
137.5645294189453
138.05795288085938
138.28231811523438
138.31846618652344
138.41604614257812
138.4738311767578
138.56407165527344
138.58932495117188
139.39154052734375
139.45249938964844
139.7318878173828
139.99642944335938
140.0428466796875
140.0928192138672
140.33175659179688
140.3958740234375
140.6733856201172
140.9042205810547
141.02127075195312
141.0531768798828
141.76388549804688
141.8661346435547
141.89080810546875
142.10208129882812
142.2708740234375
142.29898071289062
143.67323303222656
144.06942749023438
144.48875427246094
145.08963012695312
146.14035034179688
146.19850158691406
146.33865356445312
147.14617919921875
147.91551208496094
147.9188995361328
147.9729766845703
148.92616271972656
149.2414093017578
149.25816345214844
149.4891357421875
149.5927734375
150.05332946777344
150.28306579589844
150.47259521484375
151.28781127929688
151.49588012695312
152.2399444580078
152.33187866210938
152.64337158203125
154.31785583496094
154.6156463623047
154.93223571777344
155.25140380859375
155.26107788085938
155.40591430664062
155.4734649658203
155.92626953125
156.08331298828125
156.57266235351562
156.6205596923828
157.23548889160156
157.69908142089844
158.02847290039062
159.43336486816406
159.76858520507812
160.11245727539062
160.15304565429688
160.33714294433594
160.64556884765625
160.7917938232422
161.0310516357422
161.18312072753906
161.22035217285156
162.21282958984375
162.62533569335938
163.46253967285156
163.4808807373047
163.64901733398438
164.27415466308594
164.5782470703125
164.76649475097656
165.2543487548828
165.2573699951172
165.55361938476562
167.32005310058594
168.5289306640625
170.48753356933594
170.81568908691406
171.34176635742188
171.97674560546875
172.406494140625
173.156005859375
175.9147491455078
176.1249542236328
177.3302001953125
177.57815551757812
178.46849060058594
178.8826446533203
179.02792358398438
181.31463623046875
181.391845703125
182.1949462890625
183.79336547851562
184.63748168945312
185.9327850341797
186.5100555419922
187.5846405029297
187.8563232421875
187.98403930664062
188.30825805664062
189.19566345214844
189.60748291015625
190.48097229003906
192.54869079589844
194.0850372314453
195.3048858642578
195.39703369140625
196.16574096679688
196.6163787841797
197.39553833007812
197.73973083496094
197.84085083007812
198.35069274902344
201.0820770263672
201.13427734375
203.3445281982422
204.2767791748047
204.62649536132812
205.2534942626953
205.9344482421875
206.1868133544922
207.09417724609375
211.1160888671875
211.6199493408203
214.23118591308594
215.09532165527344
217.4764404296875
220.16812133789062
220.5787811279297
221.86032104492188
223.00897216796875
228.18194580078125
258.7643737792969
