1119.0865478515625 878.2645874023438 545.523193359375 893.813232421875
1211.7508544921875 955.1903076171875 414.027587890625 915.4044799804688
1103.07470703125 863.9083251953125 572.5431518554688 891.1148071289062
1067.4732666015625 855.5904541015625 606.5643310546875 865.2100830078125
1037.961181640625 914.69287109375 574.5675048828125 808.3895263671875
1081.7716064453125 927.6887817382812 533.2013549804688 831.8605346679688
1119.0865478515625 878.2645874023438 545.523193359375 893.813232421875
1109.997314453125 886.8155517578125 543.9974365234375 879.532470703125
1119.0865478515625 878.2645874023438 545.523193359375 893.813232421875
1077.555908203125 904.72607421875 555.2337646484375 842.3939819335938
1198.1495361328125 816.5033569335938 535.9967041015625 1029.6461181640625
1074.37255859375 867.41015625 589.946533203125 863.873291015625
1074.37255859375 867.41015625 589.946533203125 863.873291015625
1102.5921630859375 880.1567993164062 555.77490234375 878.3141479492188
1046.5335693359375 758.8322143554688 738.5509643554688 928.0529174804688
1066.27392578125 768.6421508789062 708.5047607421875 939.772705078125
1209.0689697265625 923.5053100585938 436.47198486328125 936.4918212890625
1062.941162109375 929.3721923828125 544.7870483398438 817.8272094726562
1061.3302001953125 902.7115478515625 567.7015380859375 830.4326782226562
1247.0091552734375 922.953125 406.22198486328125 970.6095581054688
1139.26416015625 887.8056030273438 521.7218017578125 904.5812377929688
1106.15966796875 767.8721923828125 677.661376953125 987.7822875976562
1118.3416748046875 903.7052612304688 523.6336059570312 874.55712890625
1258.5206298828125 936.47607421875 386.35479736328125 968.0147094726562
1108.21044921875 912.4777221679688 524.42041015625 861.3291015625
1098.5546875 735.4534912109375 730.310546875 1013.65576171875
1066.27392578125 768.6421508789062 708.5047607421875 939.772705078125
1115.4058837890625 747.8890380859375 696.87158203125 1019.8637084960938
1017.8823852539062 989.9091186523438 531.737060546875 759.2615356445312
1252.245361328125 947.980224609375 384.19573974609375 953.175048828125
1221.794677734375 962.2926635742188 401.4323425292969 916.9556274414062
1193.998046875 972.7655639648438 417.51068115234375 888.8106689453125
1090.38916015625 858.843017578125 586.2005615234375 884.1293334960938
1056.519775390625 914.05322265625 561.5880737304688 821.4727172851562
1061.3302001953125 902.7115478515625 567.7015380859375 830.4326782226562
1099.2772216796875 747.9712524414062 712.6213989257812 999.9299926757812
1252.245361328125 947.980224609375 384.19573974609375 953.175048828125
1057.5087890625 872.182373046875 598.3924560546875 848.7859497070312
1209.454345703125 825.7077026367188 518.3502197265625 1032.361572265625
1040.98095703125 875.616455078125 606.8101196289062 831.866455078125
1261.3126220703125 967.46435546875 364.4309997558594 945.3994750976562
1085.3690185546875 871.9789428710938 578.1535034179688 869.7122192382812
1239.39208984375 967.7269897460938 380.6195373535156 929.1449584960938
1231.1954345703125 951.4443969726562 400.49896240234375 932.375732421875
972.60009765625 994.2568969726562 555.9126586914062 731.261474609375
974.2030639648438 1016.0930786132812 540.6267700195312 724.3932495117188
1237.003662109375 939.8810424804688 402.6335144042969 946.4983520507812
1053.5933837890625 893.5328369140625 581.4829711914062 831.4495849609375
1103.924560546875 924.7993774414062 519.2869262695312 850.0022583007812
1261.3126220703125 967.46435546875 364.4309997558594 945.3994750976562
1269.2559814453125 955.8878173828125 365.2875061035156 960.7334594726562
972.60009765625 994.2568969726562 555.9126586914062 731.261474609375
1271.53173828125 983.2533569335938 346.1088562011719 945.713623046875
