80.0062484741211
85.66212463378906
97.57048797607422
103.10674285888672
103.12128448486328
105.418212890625
107.4709243774414
111.24298095703125
112.04016876220703
115.33429718017578
115.97413635253906
118.50316619873047
122.6702880859375
124.46284484863281
127.29492950439453
128.15225219726562
128.21856689453125
137.5899658203125
140.73023986816406
142.66744995117188
144.0104217529297
145.80465698242188
145.97259521484375
146.25320434570312
152.99346923828125
157.42617797851562
163.08892822265625
163.76507568359375
169.4579620361328
172.9219512939453
173.8533935546875
176.1561737060547
177.79200744628906
183.3766632080078
183.4257354736328
183.64639282226562
185.9354705810547
190.69346618652344
193.60269165039062
196.13771057128906
204.2425079345703
211.4923095703125
212.81211853027344
213.80831909179688
214.32452392578125
216.37698364257812
219.2806396484375
223.237548828125
224.80435180664062
228.8492889404297
234.71046447753906
235.32530212402344
237.1033477783203
244.43812561035156
247.11131286621094
250.16793823242188
