441.73077392578125 918.0880737304688 648.6502075195312 784.9533081054688
806.865478515625 765.930908203125 980.8988037109375 649.7091674804688
770.3964233398438 693.5648803710938 950.0860595703125 579.3389892578125
685.2805786132812 596.468505859375 876.1737060546875 486.7236633300781
701.4021606445312 615.7861938476562 889.608642578125 507.00872802734375
786.5824584960938 704.00927734375 966.2188720703125 588.567138671875
686.6776123046875 605.1586303710938 877.0601806640625 495.4266357421875
693.713134765625 594.9487915039062 884.0150756835938 486.0285949707031
786.5824584960938 704.00927734375 966.2188720703125 588.567138671875
685.2805786132812 596.468505859375 876.1737060546875 486.7236633300781
739.4222412109375 689.4603881835938 919.992919921875 576.4730224609375
770.3964233398438 693.5648803710938 950.0860595703125 579.3389892578125
790.518310546875 668.8843383789062 972.7933349609375 555.9878540039062
748.3203125 686.7782592773438 929.8090209960938 573.679443359375
784.5965576171875 751.0579223632812 961.0996704101562 635.5607299804688
765.5021362304688 658.004150390625 946.4895629882812 547.0471801757812
732.1388549804688 692.2420043945312 912.9835815429688 579.11865234375
748.3203125 686.7782592773438 929.8090209960938 573.679443359375
768.60205078125 662.9526977539062 950.6527099609375 551.3768920898438
683.5779418945312 594.5264282226562 874.6828002929688 485.03680419921875
741.7837524414062 682.4093627929688 923.347900390625 569.9572143554688
745.280029296875 693.1109008789062 926.2488403320312 580.0194702148438
741.2667236328125 765.0460205078125 916.0565185546875 651.2164916992188
694.9334106445312 606.6223754882812 885.0233154296875 497.7919006347656
807.2545166015625 822.425048828125 974.187744140625 706.0694580078125
787.5284423828125 705.5595092773438 966.9896850585938 590.2723999023438
787.5284423828125 705.5595092773438 966.9896850585938 590.2723999023438
797.2692260742188 705.9603271484375 975.361083984375 591.185791015625
798.2431640625 826.5380859375 965.14501953125 710.4282836914062
743.9548950195312 743.6902465820312 920.005615234375 629.5574340820312
734.104736328125 670.2621459960938 916.7347412109375 558.363037109375
748.3203125 686.7782592773438 929.8090209960938 573.679443359375
743.9548950195312 743.6902465820312 920.005615234375 629.5574340820312
734.104736328125 670.2621459960938 916.7347412109375 558.363037109375
768.3298950195312 823.8648071289062 935.8726196289062 709.2373046875
776.0911865234375 820.0092163085938 942.9336547851562 704.9346923828125
685.6610107421875 615.9976806640625 875.6354370117188 505.82452392578125
819.8809204101562 820.0748901367188 986.7655639648438 702.8941040039062
776.0366821289062 709.0266723632812 955.9134521484375 594.4893188476562
789.0997314453125 639.4121704101562 971.3573608398438 529.4840087890625
732.8807373046875 703.5196533203125 912.634765625 590.10546875
801.284912109375 834.4613647460938 967.4298095703125 718.8740234375
782.0678100585938 695.9183349609375 962.2708129882812 581.5635375976562
781.0537719726562 835.804931640625 948.9593505859375 720.8344116210938
741.89599609375 810.123046875 910.8601684570312 695.5925903320312
807.1530151367188 830.423828125 974.3722534179688 713.894287109375
776.0366821289062 709.0266723632812 955.9134521484375 594.4893188476562
740.8600463867188 673.3516845703125 922.9201049804688 562.75244140625
758.5770263671875 690.0970458984375 938.454833984375 576.87255859375
787.0883178710938 698.1096801757812 966.04296875 583.8298950195312
740.8600463867188 673.3516845703125 922.9201049804688 562.75244140625
776.5021362304688 672.980224609375 957.8087768554688 560.5714721679688
792.58837890625 791.3783569335938 963.9591064453125 674.834716796875
796.0247802734375 640.6342163085938 978.7183837890625 530.1531372070312
815.7203979492188 800.0360107421875 985.154296875 682.513427734375
731.7003784179688 659.5667114257812 914.286865234375 548.7725219726562
730.6618041992188 738.198486328125 907.4487915039062 624.6185913085938
747.5435180664062 740.6876831054688 925.5798950195312 626.5761108398438
761.77783203125 693.96142578125 942.048583984375 580.7908325195312
745.280029296875 693.1109008789062 926.2488403320312 580.0194702148438
748.5462646484375 705.3453369140625 928.2003784179688 591.806884765625
763.9329833984375 727.42431640625 942.7185668945312 613.1124267578125
826.8430786132812 803.2532958984375 995.9315795898438 685.170654296875
753.2064208984375 687.9894409179688 934.6613159179688 575.1173095703125
735.0960693359375 742.3474731445312 913.1985473632812 628.6732788085938
739.284912109375 732.0785522460938 918.8866577148438 618.4296264648438
693.3486328125 600.7230834960938 885.4013671875 491.76275634765625
787.158935546875 825.338134765625 953.6446533203125 709.9923706054688
745.38671875 737.4410400390625 923.6029052734375 623.0938720703125
