52.88667297363281
61.22091293334961
70.96478271484375
83.12039184570312
85.58621215820312
88.95504760742188
90.5096664428711
90.763427734375
92.99462127685547
93.85094451904297
94.81033325195312
98.83319091796875
99.55902862548828
101.0940170288086
105.50829315185547
110.97296905517578
112.83616638183594
114.90866088867188
114.92171478271484
118.38919067382812
123.79822540283203
127.54998779296875
128.93020629882812
129.12010192871094
131.8256378173828
136.671142578125
139.34130859375
139.9071044921875
140.39230346679688
143.12582397460938
143.6697540283203
147.09860229492188
155.8300323486328
158.5023651123047
163.9359588623047
164.1614990234375
164.459716796875
165.9969940185547
167.5440216064453
168.22604370117188
169.48451232910156
170.1234893798828
171.05262756347656
177.41195678710938
184.96485900878906
197.32713317871094
197.50442504882812
204.04901123046875
205.93931579589844
210.3473358154297
218.53375244140625
223.35621643066406
223.8972930908203
230.5970458984375
244.8325958251953
257.3538513183594
