56.6921501159668
68.27151489257812
68.37397003173828
91.98369598388672
94.5462875366211
95.36770629882812
97.82637786865234
98.3208999633789
100.49378204345703
103.64844512939453
111.00450134277344
115.09561157226562
115.7842788696289
116.52896881103516
119.62023162841797
121.81954193115234
123.9233627319336
124.55119323730469
125.50697326660156
129.74591064453125
133.48782348632812
136.43679809570312
138.17018127441406
139.06832885742188
141.71096801757812
143.2096405029297
145.24806213378906
149.33518981933594
149.72975158691406
152.64337158203125
153.04248046875
156.6492919921875
157.168701171875
157.9841766357422
159.18228149414062
161.07452392578125
168.0029754638672
176.9350128173828
177.3414764404297
178.8882293701172
179.941650390625
180.8341827392578
182.66909790039062
184.29324340820312
184.54539489746094
184.9540557861328
192.0130157470703
192.73556518554688
195.34584045410156
206.4945526123047
210.2688751220703
214.15647888183594
217.28321838378906
247.5015106201172
