82.4196548461914
87.08616638183594
88.11356353759766
91.81503295898438
92.72000885009766
102.86885070800781
104.177734375
109.86810302734375
113.0751953125
113.95174407958984
117.30302429199219
125.25972747802734
132.40090942382812
139.60658264160156
140.5809326171875
144.16310119628906
150.75808715820312
152.26292419433594
152.27606201171875
156.05447387695312
156.11854553222656
161.13038635253906
167.35890197753906
168.1695556640625
170.7044219970703
176.70314025878906
177.01129150390625
177.66542053222656
178.33395385742188
180.28311157226562
185.45889282226562
188.70877075195312
191.93228149414062
202.69435119628906
214.07708740234375
222.4882049560547
236.23928833007812
239.7602996826172
