1090.9482421875 844.4185791015625 782.3593139648438 811.0997314453125
1100.2498779296875 852.5560913085938 770.381103515625 806.6463012695312
995.0166625976562 809.5029296875 896.8236083984375 812.9116821289062
1111.3385009765625 895.9700927734375 749.9307250976562 770.8169555664062
1001.4823608398438 918.0979614257812 837.5726928710938 721.9940185546875
984.5745239257812 916.3193969726562 851.5533447265625 718.3935546875
962.1170043945312 889.48828125 881.35693359375 729.8286743164062
1068.4033203125 788.5728759765625 827.2794189453125 869.0175170898438
1008.1190185546875 799.2181396484375 889.2214965820312 828.8107299804688
1064.24951171875 863.376953125 803.9201049804688 783.9174194335938
963.3074951171875 927.5925903320312 862.4892578125 706.00390625
1085.1453857421875 857.2030029296875 784.0220947265625 796.0545043945312
1132.5987548828125 843.66748046875 739.0398559570312 829.7861328125
1126.1573486328125 862.4771728515625 742.3502807617188 806.4768676757812
1073.951416015625 849.0770874023438 797.4151611328125 801.4254760742188
1009.9818725585938 799.66796875 886.7276000976562 829.1094360351562
1111.8037109375 823.7769165039062 765.203857421875 842.412109375
1027.2432861328125 786.732666015625 874.5733032226562 852.7872924804688
1109.038330078125 751.3985595703125 795.273193359375 949.831787109375
1003.15283203125 803.7824096679688 891.3785400390625 821.0466918945312
1097.0323486328125 751.0836791992188 813.9859008789062 944.304443359375
1129.44873046875 896.1022338867188 731.44384765625 780.6497192382812
1136.8880615234375 857.2515258789062 732.222900390625 815.75830078125
963.3074951171875 927.5925903320312 862.4892578125 706.00390625
965.3828125 913.7556762695312 867.138671875 714.6242065429688
1086.7806396484375 1028.7899169921875 746.6082153320312 683.6388549804688
1117.970703125 746.844970703125 785.7420043945312 963.386962890625
1287.0672607421875 888.7879638671875 581.671875 836.0447387695312
1096.7174072265625 893.5353393554688 763.0570678710938 768.9934692382812
1044.062744140625 1002.1782836914062 781.1414184570312 686.5240478515625
1109.038330078125 751.3985595703125 795.273193359375 949.831787109375
1004.6708984375 792.8250732421875 896.7034301757812 834.4986572265625
1126.394287109375 753.5016479492188 771.5310668945312 956.4553833007812
1004.6632080078125 777.3309936523438 908.532958984375 856.0147094726562
1152.7335205078125 859.4735717773438 716.0938110351562 820.2733764648438
1114.154541015625 860.4886474609375 754.1900634765625 802.6847534179688
1086.7806396484375 1028.7899169921875 746.6082153320312 683.6388549804688
1054.2843017578125 1010.128173828125 772.2246704101562 684.6712036132812
1095.04150390625 740.4622192382812 820.3037719726562 963.0098876953125
1100.2498779296875 852.5560913085938 770.381103515625 806.6463012695312
1192.574462890625 813.5665893554688 677.627197265625 890.9009399414062
1054.2843017578125 1010.128173828125 772.2246704101562 684.6712036132812
952.64990234375 921.1296997070312 876.7564697265625 707.769775390625
1110.386962890625 833.1036987304688 764.8204956054688 832.5520629882812
1004.6708984375 792.8250732421875 896.7034301757812 834.4986572265625
1010.7452392578125 1024.7232666015625 798.628173828125 669.7913208007812
1142.33642578125 867.7095336914062 724.0473022460938 808.4519653320312
922.4658203125 902.21728515625 908.6671752929688 710.5634765625
1237.284423828125 982.0474853515625 637.6222534179688 748.694580078125
