1104.0966796875 917.0576782226562 776.0767822265625 1014.1064453125
1122.171142578125 876.114013671875 822.6514282226562 1052.3648681640625
1122.171142578125 876.114013671875 822.6514282226562 1052.3648681640625
1104.99462890625 903.5384521484375 792.541015625 1020.1133422851562
1104.0966796875 917.0576782226562 776.0767822265625 1014.1064453125
1096.7174072265625 893.5353393554688 809.8162231445312 1014.8536987304688
1104.99462890625 903.5384521484375 792.541015625 1020.1133422851562
1111.3385009765625 895.9700927734375 798.9319458007812 1030.26513671875
1107.11767578125 873.8995361328125 832.9163818359375 1034.9637451171875
1111.3385009765625 895.9700927734375 798.9319458007812 1030.26513671875
1026.60986328125 1000.3488159179688 720.8448486328125 918.366943359375
1085.778564453125 886.677490234375 824.3412475585938 1005.9061889648438
1086.7806396484375 1028.7899169921875 667.3574829101562 963.8716430664062
1085.778564453125 886.677490234375 824.3412475585938 1005.9061889648438
1100.2498779296875 852.5560913085938 868.146240234375 1036.693603515625
1089.0887451171875 900.268310546875 805.6271362304688 1003.8138427734375
1107.11767578125 873.8995361328125 832.9163818359375 1034.9637451171875
1100.2498779296875 852.5560913085938 868.146240234375 1036.693603515625
1071.6031494140625 883.2238159179688 836.0604858398438 991.2802124023438
1044.062744140625 1002.1782836914062 711.4049072265625 934.228271484375
1054.2843017578125 1010.128173828125 699.8062744140625 939.7225952148438
1066.799072265625 1024.7646484375 678.3450317382812 948.5166625976562
1073.227294921875 1036.8895263671875 666.4598388671875 950.6494750976562
1073.951416015625 849.0770874023438 884.5236206054688 1002.301513671875
978.834228515625 898.9261474609375 849.3687744140625 895.3245849609375
1003.4777221679688 1048.4090576171875 686.9851684570312 896.0037231445312
934.7824096679688 915.8309936523438 842.7360229492188 856.50634765625
934.7824096679688 915.8309936523438 842.7360229492188 856.50634765625
