69.46942138671875
70.48403930664062
81.11103820800781
88.24398040771484
92.2713394165039
96.7470932006836
99.31263732910156
101.13357543945312
101.15829467773438
107.11209106445312
108.60018157958984
110.91889190673828
111.2339859008789
113.12382507324219
113.33137512207031
116.0
119.20570373535156
119.97916412353516
121.38780975341797
123.7537841796875
125.3435287475586
125.54680633544922
126.11502838134766
126.27747344970703
127.56566619873047
129.06199645996094
129.14332580566406
131.45721435546875
132.6197509765625
135.8786163330078
137.8187255859375
139.49192810058594
139.66387939453125
139.66746520996094
139.81773376464844
139.98928833007812
140.4528350830078
141.6580352783203
142.2251739501953
143.26898193359375
143.3910675048828
144.12841796875
144.36065673828125
145.8766632080078
146.5264434814453
147.20733642578125
147.58387756347656
147.73963928222656
147.96282958984375
148.30711364746094
149.15428161621094
149.64291381835938
150.814453125
151.61793518066406
152.83978271484375
153.33949279785156
154.02597045898438
154.330810546875
154.8838348388672
156.2657928466797
156.4097137451172
157.48333740234375
157.70858764648438
158.06011962890625
158.58436584472656
159.68719482421875
160.24668884277344
160.98446655273438
161.16140747070312
161.5425567626953
162.1079864501953
162.2744598388672
162.52076721191406
162.7083282470703
162.7390594482422
163.66734313964844
164.41107177734375
164.81504821777344
165.1998748779297
165.26040649414062
165.61099243164062
166.24981689453125
166.62832641601562
167.2752227783203
169.3753204345703
171.44386291503906
172.10171508789062
173.17332458496094
174.39036560058594
175.39669799804688
176.7597198486328
176.79083251953125
177.5556182861328
177.70199584960938
178.55252075195312
179.5243682861328
179.89163208007812
181.16842651367188
181.31463623046875
183.32484436035156
183.73895263671875
184.35020446777344
185.01080322265625
186.732421875
187.32058715820312
188.48341369628906
189.28549194335938
190.15782165527344
192.6525421142578
196.18869018554688
196.47137451171875
197.0786590576172
198.38095092773438
199.77487182617188
199.927490234375
203.10096740722656
204.86337280273438
205.01951599121094
206.01455688476562
209.0765380859375
211.2321014404297
211.5608673095703
214.05841064453125
215.2812042236328
216.44398498535156
217.1842498779297
218.16278076171875
219.6292266845703
222.9730987548828
223.26441955566406
223.5061492919922
225.30645751953125
228.70068359375
229.91302490234375
231.03030395507812
235.74349975585938
238.4386749267578
253.16397094726562
255.27044677734375
