59.56509017944336
61.78187561035156
71.09149169921875
73.75635528564453
74.135009765625
79.18964385986328
79.24645233154297
83.26464080810547
83.7317123413086
85.47514343261719
86.38865661621094
88.6735610961914
90.52623748779297
90.54833221435547
90.62560272216797
91.32360076904297
92.90855407714844
95.0
95.4620361328125
95.57719421386719
95.85405731201172
97.1956787109375
97.38583374023438
98.34123992919922
98.47334289550781
98.86859893798828
98.9242172241211
98.9494857788086
99.63935089111328
99.88493347167969
101.52339935302734
101.61692810058594
103.52294158935547
103.99519348144531
104.11051940917969
104.14893341064453
104.44615936279297
104.4700927734375
105.2425765991211
106.24029541015625
107.27068328857422
107.56393432617188
109.549072265625
109.99545288085938
110.37210083007812
111.0
113.01327514648438
113.62217712402344
113.91224670410156
114.28035736083984
114.70396423339844
115.68923950195312
117.52446746826172
117.56700134277344
118.60438537597656
119.79983520507812
119.80400848388672
120.29962921142578
121.04544830322266
121.49897003173828
121.53600311279297
121.73741912841797
122.12698364257812
122.28246307373047
122.39280700683594
123.23149108886719
123.99193572998047
124.3181381225586
124.67557525634766
125.13592529296875
125.68213653564453
125.91664123535156
126.479248046875
127.0157470703125
127.14952087402344
127.49117279052734
127.96483612060547
129.17042541503906
129.65338134765625
129.98077392578125
131.0190887451172
131.07630920410156
131.1640167236328
131.2707061767578
131.78770446777344
133.21786499023438
133.45785522460938
133.53651428222656
133.60389709472656
133.6226043701172
133.79087829589844
134.04103088378906
134.1603546142578
134.83694458007812
134.9962921142578
135.0740509033203
135.32553100585938
136.13595581054688
136.821044921875
137.0875701904297
137.41543579101562
138.21360778808594
138.36546325683594
138.3871307373047
138.6398162841797
139.0179901123047
139.06832885742188
139.93927001953125
139.9499969482422
139.95713806152344
140.0714111328125
140.10353088378906
141.5273895263672
142.22166442871094
142.52017211914062
142.56227111816406
142.9335479736328
143.1502685546875
143.42593383789062
144.4956817626953
144.81712341308594
145.86981201171875
146.05821228027344
146.07875061035156
146.35914611816406
146.4615936279297
147.12579345703125
147.74302673339844
147.7937774658203
148.13844299316406
148.30374145507812
149.4757537841797
150.45265197753906
150.93707275390625
151.5387725830078
151.62123107910156
151.65090942382812
151.95065307617188
153.70425415039062
154.0746612548828
154.09413146972656
154.48300170898438
154.70294189453125
154.73849487304688
155.2771759033203
155.52813720703125
155.58277893066406
155.59242248535156
156.1441650390625
156.28179931640625
157.1018829345703
157.41664123535156
157.71493530273438
157.84486389160156
157.92086791992188
158.25927734375
158.707275390625
158.88674926757812
159.15087890625
159.49295043945312
159.8686981201172
161.1396942138672
161.18312072753906
162.9324951171875
163.06134033203125
164.15237426757812
164.2559051513672
165.0575714111328
165.18777465820312
165.31787109375
165.55966186523438
165.66835021972656
165.77996826171875
166.14752197265625
166.4031219482422
166.80528259277344
167.22738647460938
168.5229949951172
168.70684814453125
169.08282470703125
170.1175994873047
170.4024658203125
170.59893798828125
171.23667907714844
172.7715301513672
173.09823608398438
173.57130432128906
174.3014678955078
174.5823516845703
174.65966796875
174.96286010742188
175.03428649902344
175.53347778320312
175.61036682128906
176.94631958007812
180.62115478515625
180.78440856933594
180.8175811767578
181.1049346923828
182.01373291015625
182.34857177734375
182.53219604492188
182.54588317871094
182.8441925048828
182.95355224609375
183.14474487304688
183.2020721435547
183.395751953125
183.52383422851562
183.53201293945312
184.32850646972656
184.90538024902344
184.9432373046875
184.962158203125
185.6690673828125
185.7390594482422
186.2283477783203
186.57705688476562
187.47267150878906
187.71788024902344
188.1781005859375
190.43109130859375
191.8957977294922
192.55908203125
193.72918701171875
194.0154571533203
194.9102325439453
195.25880432128906
196.55279541015625
197.42086791992188
197.89138793945312
198.673095703125
198.89695739746094
198.93214416503906
199.85244750976562
201.4671173095703
201.9034423828125
202.55369567871094
202.99014282226562
204.1249542236328
208.05767822265625
209.59246826171875
209.70455932617188
209.7617645263672
210.47802734375
211.5939483642578
213.51580810546875
214.07708740234375
214.1331329345703
214.315185546875
215.6223602294922
216.22442626953125
218.16278076171875
220.9932098388672
222.3015899658203
224.02455139160156
224.18072509765625
225.15106201171875
225.2509765625
226.828125
228.59571838378906
228.74658203125
242.7303009033203
242.9320831298828
245.25088500976562
249.75587463378906
251.8690185546875
