39.268306732177734
46.69047164916992
50.15974426269531
64.19501495361328
70.62577056884766
74.22937774658203
75.94734954833984
78.75912475585938
83.37865447998047
83.77350616455078
83.98213958740234
84.20214080810547
84.82923889160156
85.02352905273438
85.15867614746094
87.02873229980469
89.9888916015625
90.14987182617188
91.0164794921875
91.16468811035156
91.60240173339844
94.29740142822266
94.58858489990234
95.59288787841797
96.18212127685547
96.34832763671875
96.55050659179688
97.53460693359375
98.67623901367188
99.30256652832031
99.32270812988281
99.33277130126953
99.64437103271484
99.9699935913086
100.11992645263672
100.38924407958984
101.06433868408203
101.60216522216797
102.2007827758789
103.57605743408203
103.62432098388672
103.87492370605469
103.9278564453125
104.0
104.01441955566406
104.09130859375
104.14413452148438
104.55142211914062
104.77595520019531
105.0523681640625
105.12849426269531
105.40398406982422
106.24970245361328
106.4847412109375
107.0
107.0373764038086
107.77754974365234
108.04165649414062
108.34204864501953
108.60939025878906
108.60939025878906
108.69222259521484
109.02293395996094
109.50798797607422
109.64031982421875
110.34491729736328
110.56671905517578
110.9414291381836
111.25196838378906
111.2744369506836
111.52130126953125
111.58853149414062
111.76314544677734
112.54332733154297
112.97344970703125
113.08403778076172
113.2298583984375
113.28282928466797
113.67497253417969
114.47270202636719
116.38298797607422
117.12813568115234
118.51582336425781
118.5200424194336
118.59173583984375
120.81390380859375
121.06610107421875
121.5647964477539
121.70045471191406
122.43773651123047
122.89833068847656
123.02032470703125
123.1259536743164
123.4139404296875
123.46659088134766
123.61634063720703
123.70529174804688
124.28193664550781
125.98809814453125
126.1308822631836
126.38829040527344
126.68070220947266
126.77144622802734
126.81088256835938
126.99606323242188
128.04296875
128.23025512695312
128.7206268310547
128.9069366455078
129.88841247558594
129.94613647460938
130.2190399169922
130.31500244140625
130.31883239746094
130.35720825195312
130.44921875
130.8778076171875
130.95037841796875
131.61306762695312
131.82943725585938
132.14007568359375
132.2951202392578
132.63107299804688
132.9736785888672
133.1427764892578
133.16156005859375
133.31166076660156
133.39414978027344
133.6525421142578
134.026123046875
134.35400390625
134.41354370117188
134.46560668945312
135.0148162841797
135.05184936523438
135.0592498779297
135.46217346191406
135.49539184570312
135.86390686035156
136.3598175048828
136.7259979248047
137.04379272460938
137.1787109375
137.25523376464844
137.59359741210938
137.85499572753906
137.92752075195312
138.02536010742188
138.3943634033203
138.6001434326172
138.7840118408203
139.13302612304688
139.16537475585938
139.57794189453125
139.76766967773438
140.4243621826172
140.51690673828125
140.6627197265625
141.31524658203125
142.14077758789062
142.5552520751953
142.67796325683594
142.73402404785156
143.0524444580078
143.3282928466797
143.4119873046875
144.14923095703125
144.19778442382812
144.3710479736328
144.6720428466797
145.07928466796875
145.33409118652344
145.80123901367188
146.386474609375
146.89451599121094
146.97618103027344
147.5669403076172
147.68885803222656
147.8174591064453
147.8174591064453
147.91551208496094
148.1114501953125
148.17556762695312
149.05703735351562
149.4757537841797
149.51922607421875
149.57606506347656
149.65293884277344
150.814453125
151.40013122558594
151.482666015625
151.7432098388672
151.94406127929688
152.48606872558594
152.6859588623047
153.0555419921875
153.31666564941406
153.63919067382812
154.16224670410156
154.58331298828125
154.73526000976562
155.27073669433594
155.60848999023438
155.85891723632812
155.9198455810547
156.82154846191406
157.4738006591797
157.74346923828125
157.8701934814453
157.9746856689453
158.00949096679688
158.05694580078125
158.4203338623047
159.08802795410156
159.15087890625
160.0843505859375
160.3402557373047
160.5334930419922
161.51470947265625
161.62921142578125
161.99073791503906
162.20358276367188
162.2621307373047
162.38226318359375
162.49000549316406
162.6806640625
162.88645935058594
163.02146911621094
163.16249084472656
163.4931182861328
163.64596557617188
163.71011352539062
164.0975341796875
164.1676025390625
164.42323303222656
165.0999755859375
165.39649963378906
165.5445556640625
165.69851684570312
166.2588348388672
166.92213439941406
167.00299072265625
167.47238159179688
167.53506469726562
169.6820526123047
170.833251953125
171.18702697753906
171.57505798339844
172.2701416015625
172.65573120117188
172.71653747558594
173.38973999023438
173.77284240722656
174.0459747314453
174.06320190429688
174.2412109375
175.50213623046875
175.64453125
175.98863220214844
176.7003173828125
177.46548461914062
178.12355041503906
179.1200714111328
179.251220703125
179.25958251953125
179.36276245117188
179.48538208007812
179.9138641357422
181.23464965820312
181.430419921875
181.73606872558594
182.1400604248047
182.30743408203125
182.87701416015625
183.18569946289062
183.56198120117188
185.1134796142578
185.58016967773438
185.86285400390625
186.1128692626953
186.2417755126953
186.34913635253906
186.37596130371094
186.61724853515625
188.81736755371094
189.76564025878906
189.87100219726562
189.9921112060547
190.97381591796875
192.38502502441406
195.8162384033203
196.17083740234375
196.9213104248047
197.37020874023438
197.67144775390625
201.7324981689453
201.9504852294922
202.8102569580078
203.17726135253906
203.58290100097656
205.24620056152344
205.6769256591797
207.9495086669922
208.9904327392578
213.66094970703125
214.06541442871094
214.27786254882812
214.85809326171875
216.5894775390625
216.72332763671875
219.84085083007812
219.98863220214844
220.42005920410156
221.0836944580078
221.3142547607422
221.6212921142578
223.70516967773438
225.00222778320312
226.85678100585938
232.8325653076172
236.4318084716797
238.09242248535156
241.2281036376953
241.98553466796875
243.19744873046875
258.90924072265625
