1112.17578125 932.4262084960938 711.8997802734375 1037.677490234375
1112.17578125 932.4262084960938 711.8997802734375 1037.677490234375
1089.03564453125 922.326904296875 734.7713012695312 1014.134521484375
1107.190673828125 895.7966918945312 762.5725708007812 1044.9613037109375
1084.4959716796875 939.5230102539062 715.394287109375 1004.4073486328125
1112.17578125 932.4262084960938 711.8997802734375 1037.677490234375
1113.9031982421875 907.131103515625 743.7366943359375 1048.9295654296875
1051.5054931640625 840.5933837890625 864.50048828125 996.166015625
1102.378173828125 917.212158203125 734.667724609375 1030.51416015625
1053.900634765625 802.2346801757812 932.5003051757812 1012.04638671875
1086.89111328125 896.5311279296875 771.1921997070312 1021.76220703125
945.1942138671875 946.7504272460938 758.376953125 871.8527221679688
1119.2203369140625 944.9282836914062 693.335205078125 1040.5435791015625
1084.4959716796875 939.5230102539062 715.394287109375 1004.4073486328125
1039.70947265625 816.652099609375 909.4613037109375 987.7940673828125
1038.56787109375 808.6622924804688 922.2476806640625 988.6572265625
