750.79150390625 1005.1152954101562 899.1624145507812 652.4244384765625
732.3736572265625 955.2745361328125 902.806396484375 689.4246215820312
1127.5379638671875 685.9014892578125 214.97042846679688 861.3272705078125
752.06787109375 948.403564453125 886.232177734375 688.9471435546875
733.9011840820312 996.2900390625 909.7081909179688 661.6233520507812
718.6066284179688 952.3199462890625 912.5107421875 695.7916259765625
742.3607788085938 1002.0675659179688 904.2246704101562 656.09765625
733.9011840820312 996.2900390625 909.7081909179688 661.6233520507812
746.5881958007812 939.5744018554688 887.3417358398438 696.7959594726562
746.5881958007812 939.5744018554688 887.3417358398438 696.7959594726562
722.1557006835938 970.6305541992188 913.4767456054688 680.8775024414062
718.7674560546875 984.5108642578125 918.5596313476562 672.8828125
738.68505859375 963.2615966796875 899.3753051757812 681.7302856445312
707.0853881835938 972.242431640625 925.4558715820312 683.8118896484375
766.1427001953125 984.1961059570312 884.1881713867188 660.970703125
708.964111328125 864.1111450195312 901.42138671875 779.6694946289062
738.68505859375 963.2615966796875 899.3753051757812 681.7302856445312
750.09130859375 958.249267578125 890.1976928710938 682.794921875
761.4717407226562 948.3539428710938 879.1134033203125 686.4310302734375
718.7674560546875 984.5108642578125 918.5596313476562 672.8828125
771.76220703125 996.0985717773438 882.3496704101562 652.2453002929688
766.740234375 958.8045654296875 877.436279296875 677.6708984375
766.740234375 958.8045654296875 877.436279296875 677.6708984375
603.8817138671875 881.62890625 1005.1777954101562 798.3038330078125
746.4601440429688 966.2371215820312 894.0216064453125 677.9080810546875
578.54443359375 1006.8143310546875 1022.8148803710938 694.9099731445312
762.0126342773438 935.49169921875 875.1989135742188 695.0809936523438
547.538818359375 989.8370971679688 1047.8729248046875 715.8157958984375
578.54443359375 1006.8143310546875 1022.8148803710938 694.9099731445312
