1012.2189331054688 1015.3477783203125 939.0082397460938 644.6830444335938
733.9011840820312 996.2900390625 851.863525390625 810.6255493164062
941.4443969726562 1052.0289306640625 951.9542236328125 686.64208984375
771.76220703125 996.0985717773438 863.7770385742188 784.927978515625
733.9011840820312 996.2900390625 851.863525390625 810.6255493164062
941.4443969726562 1052.0289306640625 951.9542236328125 686.64208984375
771.76220703125 996.0985717773438 863.7770385742188 784.927978515625
779.054931640625 941.0606079101562 811.6421508789062 772.9635009765625
1387.9273681640625 1022.193603515625 1003.2049560546875 485.8821105957031
1412.641357421875 1035.489013671875 1015.0314331054688 482.75140380859375
722.1557006835938 970.6305541992188 822.0780029296875 818.6607055664062
924.3590698242188 941.60595703125 859.6447143554688 674.74072265625
