733.9011840820312 996.2900390625 882.7674560546875 777.2340087890625
771.76220703125 996.0985717773438 877.2150268554688 752.7704467773438
597.0948486328125 1014.4534301757812 921.8462524414062 874.1806030273438
927.714111328125 1053.0489501953125 895.5476684570312 650.9646606445312
725.8919067382812 993.078369140625 881.333740234375 785.2666015625
785.6998901367188 976.8031616210938 856.8729858398438 748.6644897460938
941.4443969726562 1052.0289306640625 892.8640747070312 643.81201171875
927.714111328125 1053.0489501953125 895.5476684570312 650.9646606445312
766.1427001953125 984.1961059570312 866.004150390625 758.5855102539062
532.3712768554688 1007.9534912109375 928.955078125 934.6311645507812
