1082.80126953125 851.3683471679688 1040.4022216796875 679.6605224609375
918.4322509765625 932.0626220703125 912.4620971679688 775.5389404296875
1011.982177734375 996.3883056640625 1008.255126953125 821.4137573242188
1044.1275634765625 856.0567016601562 1008.9723510742188 688.1655883789062
1211.9879150390625 737.7774047851562 1132.380859375 554.153564453125
1043.166015625 833.9811401367188 1003.2396850585938 667.0054931640625
1211.9879150390625 737.7774047851562 1132.380859375 554.153564453125
733.130859375 930.1969604492188 737.4517211914062 798.68310546875
703.4263916015625 921.7450561523438 706.1181030273438 793.9578247070312
1011.982177734375 996.3883056640625 1008.255126953125 821.4137573242188
1036.498291015625 983.2159423828125 1026.1903076171875 806.43359375
1102.431640625 920.37158203125 1069.951416015625 740.634033203125
1022.003662109375 830.1459350585938 983.924072265625 665.3935546875
897.7802734375 1019.8460083007812 914.661865234375 857.65478515625
1042.9461669921875 921.1868896484375 1021.1775512695312 749.25146484375
1043.166015625 833.9811401367188 1003.2396850585938 667.0054931640625
1102.431640625 920.37158203125 1069.951416015625 740.634033203125
1160.5408935546875 865.8810424804688 1110.77294921875 684.7613525390625
1234.4798583984375 861.950439453125 1169.810546875 672.0194702148438
1012.905029296875 972.6151123046875 1004.555419921875 800.290771484375
895.86083984375 881.7029418945312 880.7838134765625 730.3770751953125
835.4884033203125 1032.7315673828125 862.2337036132812 878.3529052734375
1192.3416748046875 857.8692626953125 1135.193115234375 673.1050415039062
1110.26123046875 1000.1860961914062 1090.23291015625 811.3456420898438
1181.7255859375 848.9517822265625 1125.12939453125 666.338623046875
869.811767578125 898.6548461914062 860.0822143554688 750.5088500976562
589.251220703125 863.1061401367188 566.2194213867188 750.9583129882812
1107.9444580078125 975.5601806640625 1084.2281494140625 789.8864135742188
825.8732299804688 1006.5499877929688 846.760009765625 856.788330078125
703.4263916015625 921.7450561523438 706.1181030273438 793.9578247070312
939.3103637695312 806.5692749023438 901.6548461914062 650.0930786132812
1012.9395141601562 947.6546630859375 999.807861328125 778.3475341796875
1248.00341796875 869.6200561523438 1182.1719970703125 677.7818603515625
1054.0665283203125 825.3327026367188 1011.29833984375 657.2489624023438
1095.7034912109375 941.6149291992188 1068.531982421875 761.6432495117188
1195.3760986328125 981.1636962890625 1155.7076416015625 783.156982421875
853.5913696289062 1033.433349609375 877.8760986328125 876.1725463867188
1248.00341796875 869.6200561523438 1182.1719970703125 677.7818603515625
1240.623291015625 926.4884643554688 1183.892333984375 730.0203857421875
910.0775146484375 1020.4935302734375 925.3228149414062 856.502685546875
1196.627685546875 867.01416015625 1140.2108154296875 681.2332153320312
1179.703857421875 931.0031127929688 1135.939208984375 741.0679321289062
1024.2503662109375 985.7854614257812 1016.5591430664062 810.1381225585938
918.4322509765625 932.0626220703125 912.4620971679688 775.5389404296875
927.1817016601562 916.6939697265625 916.7840576171875 759.1766967773438
707.9127807617188 927.8490600585938 712.62353515625 799.6795043945312
730.3215942382812 1020.1343383789062 761.1087646484375 882.7200927734375
1229.0955810546875 934.2489624023438 1175.6695556640625 738.25927734375
1096.3988037109375 988.4254760742188 1076.0390625 803.0435180664062
1184.784423828125 860.4210205078125 1128.8385009765625 676.3717651367188
759.691162109375 876.4293823242188 747.7224731445312 742.6381225585938
1056.8865966796875 810.1000366210938 1010.18505859375 642.1741943359375
767.8922119140625 906.0015869140625 764.5771484375 770.3728637695312
1173.8946533203125 808.2764282226562 1111.6214599609375 627.072265625
733.6244506835938 876.7025146484375 722.0706787109375 746.01904296875
1054.0665283203125 825.3327026367188 1011.29833984375 657.2489624023438
768.3313598632812 879.0247192382812 757.2647094726562 744.0791015625
719.7460327148438 1016.2349853515625 751.0538940429688 880.9690551757812
1096.3988037109375 988.4254760742188 1076.0390625 803.0435180664062
1243.9168701171875 948.2244873046875 1189.6968994140625 748.6190795898438
1202.08251953125 698.3853149414062 1117.5831298828125 513.6171875
825.8732299804688 1006.5499877929688 846.760009765625 856.788330078125
1195.3760986328125 981.1636962890625 1155.7076416015625 783.156982421875
1024.2503662109375 985.7854614257812 1016.5591430664062 810.1381225585938
1202.08251953125 698.3853149414062 1117.5831298828125 513.6171875
1046.7119140625 822.362060546875 1004.4151611328125 654.7266845703125
733.6244506835938 876.7025146484375 722.0706787109375 746.01904296875
1202.78662109375 944.427734375 1156.762451171875 750.8714599609375
935.01220703125 871.4539794921875 913.2332763671875 715.35791015625
1095.7034912109375 941.6149291992188 1068.531982421875 761.6432495117188
1035.745361328125 860.5477294921875 1001.3751220703125 693.5452880859375
696.6557006835938 907.975341796875 694.7269287109375 781.9827880859375
768.3313598632812 879.0247192382812 757.2647094726562 744.0791015625
743.0712280273438 920.5584106445312 745.1244506835938 787.1585083007812
1174.3739013671875 822.6856079101562 1114.279296875 641.1690673828125
696.6557006835938 907.975341796875 694.7269287109375 781.9827880859375
1017.0669555664062 808.7731323242188 974.6265869140625 644.902587890625
601.2008056640625 778.43408203125 544.7860717773438 660.25390625
1053.721923828125 974.986083984375 1038.825927734375 796.685791015625
759.691162109375 876.4293823242188 747.7224731445312 742.6381225585938
660.3504638671875 1016.437255859375 693.1817016601562 890.13134765625
1236.5982666015625 969.6611328125 1186.6639404296875 768.615234375
869.811767578125 898.6548461914062 860.0822143554688 750.5088500976562
946.3682861328125 729.309814453125 888.6373901367188 570.0767211914062
1152.6982421875 823.5638427734375 1096.7879638671875 644.8291015625
1011.5406494140625 916.2705078125 992.3203125 748.6408081054688
1062.2249755859375 841.1093139648438 1020.3887939453125 671.829833984375
1023.9212036132812 844.357177734375 987.8997192382812 679.3934326171875
1048.2239990234375 634.0079345703125 964.2349243164062 456.2076110839844
1082.80126953125 851.3683471679688 1040.4022216796875 679.6605224609375
1170.3656005859375 701.1029052734375 1090.5943603515625 519.2854614257812
1023.9212036132812 844.357177734375 987.8997192382812 679.3934326171875
1256.837646484375 965.0010375976562 1201.4896240234375 761.744384765625
809.9924926757812 909.2976684570312 805.6889038085938 768.5230102539062
1011.514404296875 843.1004028320312 977.2871704101562 680.2355346679688
1035.13818359375 853.7785034179688 999.9354248046875 686.7110595703125
1163.5184326171875 713.4174194335938 1087.160400390625 533.1356811523438
1036.303466796875 717.348388671875 971.90966796875 549.0913696289062
940.3404541015625 790.1278686523438 898.3970947265625 633.3582153320312
444.77783203125 902.0079956054688 422.3645935058594 811.5616455078125
872.5763549804688 885.346923828125 858.7353515625 737.0588989257812
1091.8040771484375 950.8059692382812 1066.6495361328125 770.04345703125
1162.3297119140625 733.8779296875 1089.0181884765625 554.5679931640625
904.753662109375 920.311279296875 897.7297973632812 766.61328125
741.8505249023438 887.8828125 733.83447265625 755.7236938476562
1198.4619140625 932.4840087890625 1151.8790283203125 740.4508056640625
707.9127807617188 927.8490600585938 712.62353515625 799.6795043945312
1064.0916748046875 702.8060302734375 994.3638916015625 530.0309448242188
886.5467529296875 886.1168823242188 872.557861328125 736.2325439453125
771.5006713867188 887.3269653320312 762.6116333007812 751.55712890625
1094.748291015625 963.6047973632812 1071.502197265625 781.3539428710938
1181.298828125 970.1724853515625 1143.0970458984375 775.9755859375
1064.0916748046875 702.8060302734375 994.3638916015625 530.0309448242188
1166.0987548828125 840.2491455078125 1111.1956787109375 659.2827758789062
549.9480590820312 1000.456787109375 576.755859375 892.3822021484375
764.8264770507812 897.5658569335938 759.170166015625 762.6574096679688
750.9265747070312 917.0551147460938 751.7117919921875 783.1406860351562
1046.7633056640625 658.3878784179688 968.6521606445312 484.427001953125
589.251220703125 863.1061401367188 566.2194213867188 750.9583129882812
717.0772705078125 887.0098266601562 708.43994140625 758.4227905273438
849.1690063476562 894.0376586914062 839.0685424804688 749.7428588867188
1034.6536865234375 710.9725341796875 968.9454345703125 542.4189453125
761.2982788085938 918.34716796875 761.8671875 782.4627685546875
775.8155517578125 872.154296875 761.7969360351562 735.8109741210938
1035.354248046875 704.46826171875 968.222900390625 535.2506713867188
1140.9083251953125 737.3541259765625 1072.2298583984375 561.0018920898438
1163.1591796875 822.5758666992188 1105.43994140625 642.5126342773438
717.8220825195312 649.0195922851562 623.593505859375 498.91815185546875
842.840576171875 936.5150146484375 844.618408203125 790.0320434570312
771.5006713867188 887.3269653320312 762.6116333007812 751.55712890625
927.5673828125 813.9900512695312 893.0953979492188 660.2268676757812
364.9559020996094 987.897705078125 373.523193359375 910.1111450195312
1167.8133544921875 643.9146728515625 1078.1163330078125 457.96319580078125
1149.4794921875 729.986328125 1078.0679931640625 552.07666015625
692.8129272460938 894.3485107421875 685.8424682617188 770.129638671875
1183.80029296875 774.3251342773438 1113.8685302734375 592.7681274414062
470.1614990234375 1013.076904296875 497.2740478515625 918.1175537109375
1169.9613037109375 854.1576538085938 1117.0755615234375 673.4013061523438
1082.78662109375 953.207275390625 1059.5865478515625 773.707763671875
1158.041015625 723.4089965820312 1083.9130859375 543.8268432617188
622.603515625 787.5767211914062 572.8271484375 668.19677734375
579.5889892578125 858.5560302734375 555.4849243164062 747.3128051757812
706.7080078125 1018.5286865234375 738.8281860351562 885.806884765625
1209.9530029296875 815.0232543945312 1142.6922607421875 630.6219482421875
923.3257446289062 878.39501953125 904.105712890625 724.2343139648438
882.4747314453125 1030.95361328125 903.7274169921875 869.4873657226562
534.3723754882812 880.5836181640625 512.3743896484375 777.3672485351562
1079.7476806640625 962.1420288085938 1058.619873046875 781.7808227539062
566.435302734375 990.3882446289062 591.0967407226562 880.4547729492188
1052.0380859375 961.3419189453125 1035.3863525390625 784.739501953125
955.7390747070312 705.8483276367188 892.134033203125 544.2135620117188
1024.2503662109375 985.7854614257812 1016.5591430664062 810.1381225585938
1069.684814453125 820.2789306640625 1023.5191650390625 649.7796020507812
776.1298828125 900.6221313476562 770.887451171875 762.8271484375
775.8155517578125 872.154296875 761.7969360351562 735.8109741210938
1044.1275634765625 856.0567016601562 1008.9723510742188 688.1655883789062
474.0755615234375 801.8170166015625 409.821044921875 700.0333862304688
729.7312622070312 892.9175415039062 723.49951171875 763.28857421875
933.2103271484375 889.1502685546875 915.9917602539062 732.6192626953125
563.364501953125 916.5770874023438 558.6923217773438 808.8933715820312
1144.142333984375 713.734375 1069.8597412109375 535.3695678710938
1068.6292724609375 805.0624389648438 1022.1151733398438 635.938720703125
1035.6966552734375 810.286865234375 992.076416015625 645.075439453125
622.84375 861.8197631835938 602.642333984375 745.0208740234375
527.8783569335938 1013.4685668945312 559.3604736328125 908.1860961914062
1094.748291015625 963.6047973632812 1071.502197265625 781.3539428710938
1227.2889404296875 811.0673217773438 1156.8671875 624.9688720703125
1195.61669921875 859.7499389648438 1138.327880859375 674.4598388671875
1273.4232177734375 764.0966796875 1187.65283203125 572.8682250976562
1053.674072265625 733.9393310546875 990.5896606445312 565.3260498046875
1171.3363037109375 739.2152709960938 1098.2916259765625 559.4735107421875
1082.086181640625 987.8497314453125 1066.2860107421875 804.14501953125
1080.2486572265625 971.0007934570312 1060.15771484375 789.7803955078125
527.8783569335938 1013.4685668945312 559.3604736328125 908.1860961914062
1156.8096923828125 727.81103515625 1084.04931640625 548.7592163085938
942.50830078125 646.7930297851562 862.9854736328125 478.88055419921875
764.8264770507812 897.5658569335938 759.170166015625 762.6574096679688
561.5292358398438 901.6591796875 550.5126953125 794.1650390625
484.2525329589844 807.3258056640625 422.4998779296875 704.8126220703125
1048.763916015625 698.2368774414062 978.4042358398438 526.73876953125
882.5999755859375 892.12744140625 870.4819946289062 741.955322265625
698.4998168945312 916.9136962890625 699.6327514648438 790.1918334960938
1077.178955078125 718.2818603515625 1009.8228149414062 546.2767333984375
565.98876953125 863.8333129882812 542.39208984375 754.6284790039062
1025.6727294921875 972.6832275390625 1015.6868896484375 798.2552490234375
1201.1131591796875 826.2467651367188 1137.92138671875 641.4144287109375
622.0995483398438 802.547607421875 578.398681640625 682.9534912109375
942.50830078125 646.7930297851562 862.9854736328125 478.88055419921875
886.9042358398438 859.8114624023438 867.0073852539062 710.7374877929688
955.7390747070312 705.8483276367188 892.134033203125 544.2135620117188
1025.47802734375 649.1160888671875 944.9898681640625 475.4851989746094
1236.5982666015625 969.6611328125 1186.6639404296875 768.615234375
1083.1417236328125 732.387451171875 1018.4675903320312 561.2825317382812
1217.305908203125 937.7998046875 1167.0694580078125 742.3943481445312
599.0140991210938 903.7858276367188 592.4176025390625 791.4116821289062
574.0303344726562 894.7487182617188 562.2408447265625 785.2467651367188
747.4679565429688 870.6559448242188 734.8885498046875 737.9340209960938
1036.303466796875 717.348388671875 971.90966796875 549.0913696289062
714.798828125 914.1068725585938 713.4815063476562 784.1953735351562
406.1789245605469 915.7529296875 383.73529052734375 831.10009765625
1161.317626953125 821.6649169921875 1102.62158203125 638.510498046875
1041.4036865234375 651.0535278320312 962.0989379882812 475.3681335449219
684.210693359375 1009.673583984375 714.9921264648438 880.1929931640625
614.9473876953125 872.6629028320312 597.2489624023438 758.1344604492188
505.8450927734375 1029.3870849609375 541.7640991210938 925.9047241210938
1213.3883056640625 832.8955078125 1149.14404296875 647.4075927734375
927.5673828125 813.9900512695312 893.0953979492188 660.2268676757812
743.2305297851562 1011.2881469726562 771.6376953125 872.4539184570312
928.257568359375 805.6943969726562 890.9320068359375 651.7172241210938
390.902099609375 922.3306274414062 368.53289794921875 839.6774291992188
1040.4884033203125 631.3425903320312 955.8267822265625 453.38641357421875
758.99609375 804.8546752929688 724.2258911132812 669.7698974609375
475.6217346191406 1037.14697265625 512.8345947265625 939.0700073242188
480.3888244628906 1043.8702392578125 519.637939453125 944.1567993164062
961.7332763671875 639.390869140625 880.073486328125 469.12420654296875
1054.5299072265625 716.10693359375 988.2022705078125 546.1192626953125
1268.8265380859375 946.1016235351562 1209.1746826171875 744.52734375
1029.429931640625 654.8966674804688 950.328125 481.36248779296875
475.6217346191406 1037.14697265625 512.8345947265625 939.0700073242188
750.9265747070312 917.0551147460938 751.7117919921875 783.1406860351562
732.4866943359375 804.6826171875 696.9456787109375 672.3896484375
1188.718017578125 715.1780395507812 1107.818603515625 532.9749145507812
1221.875 970.0548095703125 1175.110595703125 770.3232421875
647.695556640625 774.9315795898438 595.5972290039062 650.3101806640625
734.8831787109375 885.2244873046875 725.5123901367188 754.4395141601562
964.227294921875 714.4713745117188 902.2544555664062 551.8798828125
598.0469970703125 767.9276123046875 536.650146484375 650.3031616210938
351.5245666503906 1028.519287109375 376.7454528808594 952.0733032226562
451.8984375 870.9119873046875 417.070556640625 777.931884765625
1176.7843017578125 651.7175903320312 1088.065185546875 465.8662414550781
1192.2418212890625 665.7736206054688 1103.8848876953125 481.1117248535156
622.84375 861.8197631835938 602.642333984375 745.0208740234375
718.6292724609375 624.9537963867188 615.3660888671875 469.2677001953125
647.695556640625 774.9315795898438 595.5972290039062 650.3101806640625
562.8253173828125 710.0667114257812 470.4986877441406 585.0254516601562
941.2301635742188 652.2420654296875 863.3444213867188 485.2005920410156
431.15509033203125 909.7015991210938 411.3586120605469 820.3577880859375
1195.61669921875 859.7499389648438 1138.327880859375 674.4598388671875
573.758544921875 750.235595703125 503.7265625 632.2618408203125
480.3888244628906 1043.8702392578125 519.637939453125 944.1567993164062
1024.2503662109375 985.7854614257812 1016.5591430664062 810.1381225585938
453.7989196777344 897.698486328125 431.8595886230469 805.2710571289062
395.84942626953125 898.0264892578125 365.0164489746094 815.3164672851562
491.8648986816406 999.0631103515625 515.5640869140625 900.3065795898438
1188.3692626953125 710.3037109375 1107.7879638671875 527.86962890625
707.4103393554688 683.88818359375 627.2543334960938 541.1167602539062
733.130859375 930.1969604492188 737.4517211914062 798.68310546875
1213.017578125 823.974609375 1147.269287109375 638.8111572265625
605.23046875 642.1871337890625 489.3765563964844 499.2994079589844
561.7678833007812 699.4397583007812 464.82330322265625 572.5025634765625
496.2979736328125 802.465087890625 435.4610900878906 697.7857666015625
682.2392578125 1035.9495849609375 720.9683837890625 904.0277709960938
1041.4036865234375 651.0535278320312 962.0989379882812 475.3681335449219
593.6185302734375 699.8106689453125 501.5971374511719 568.0632934570312
1034.888427734375 723.9889526367188 972.1807250976562 555.5948486328125
639.3284301757812 781.8441772460938 589.8225708007812 658.3650512695312
716.4410400390625 631.9666137695312 615.05810546875 478.24169921875
716.4410400390625 631.9666137695312 615.05810546875 478.24169921875
473.1300048828125 1028.802734375 506.9571228027344 930.7647705078125
1146.6690673828125 664.6155395507812 1064.79541015625 482.3883972167969
1041.5853271484375 641.783935546875 959.3929443359375 465.8327331542969
1151.61376953125 651.1026611328125 1064.2789306640625 467.6597595214844
699.9949340820312 643.8593139648438 600.8800659179688 494.16571044921875
1110.408935546875 715.664794921875 1039.178466796875 540.5068359375
1220.7686767578125 948.2646484375 1170.8525390625 751.9732666015625
466.8201904296875 863.85009765625 430.8720397949219 767.9203491210938
545.7413330078125 922.3163452148438 542.114990234375 816.4312744140625
805.7018432617188 883.4489135742188 795.8900146484375 744.6636962890625
942.8469848632812 638.7125854492188 860.9953002929688 469.9334411621094
1101.537841796875 649.1465454101562 1017.60791015625 468.8193359375
559.1563720703125 690.9923095703125 457.3128967285156 562.6970825195312
549.9480590820312 1000.456787109375 576.755859375 892.3822021484375
611.7398071289062 785.1889038085938 560.38037109375 665.2576904296875
1049.8831787109375 639.011962890625 966.6414794921875 461.906494140625
779.3939819335938 856.1582641601562 761.55712890625 720.094482421875
1208.65625 719.393798828125 1127.6082763671875 536.6506958007812
952.2738037109375 637.2586669921875 870.1594848632812 467.098876953125
743.2305297851562 1011.2881469726562 771.6376953125 872.4539184570312
1195.529296875 738.8924560546875 1120.77978515625 556.4216918945312
449.572021484375 1054.0008544921875 492.8278503417969 958.7820434570312
1051.3348388671875 644.3885498046875 968.8117065429688 467.8185119628906
592.7550048828125 716.1541748046875 508.7303466796875 589.5540161132812
1015.536376953125 704.6721801757812 950.1953125 538.197265625
1184.36865234375 641.6727294921875 1092.643798828125 455.1741943359375
543.0194091796875 898.8274536132812 531.1651000976562 792.95947265625
613.3207397460938 639.5230712890625 497.7449951171875 494.5195007324219
1193.845703125 709.0701293945312 1112.9686279296875 525.8082275390625
491.8648986816406 999.0631103515625 515.5640869140625 900.3065795898438
930.14111328125 781.7503051757812 887.2904663085938 627.0615234375
1081.282958984375 835.4635009765625 1037.177978515625 665.5907592773438
621.8418579101562 758.93896484375 561.4340209960938 634.7640991210938
896.4834594726562 1046.3575439453125 919.221923828125 880.3394165039062
582.3981323242188 685.6278076171875 482.2972717285156 554.1983032226562
588.2398681640625 895.0775756835938 576.8480834960938 783.8167724609375
636.6884765625 791.1460571289062 590.9052734375 667.3267211914062
413.7448425292969 904.046630859375 388.1545104980469 817.7589111328125
1101.537841796875 649.1465454101562 1017.60791015625 468.8193359375
1178.74951171875 646.7819213867188 1087.96044921875 460.7389831542969
609.4754028320312 807.9889526367188 565.4141235351562 690.9205322265625
582.3981323242188 685.6278076171875 482.2972717285156 554.1983032226562
1161.317626953125 821.6649169921875 1102.62158203125 638.510498046875
1199.4119873046875 721.7108154296875 1119.7373046875 538.5771484375
958.8694458007812 647.1724853515625 880.244384765625 478.02606201171875
1229.857421875 955.9850463867188 1179.607666015625 757.4644165039062
1135.67724609375 896.3665161132812 1093.2408447265625 714.0391235351562
688.486083984375 683.6878662109375 605.5781860351562 542.1272583007812
1201.2960205078125 728.318359375 1122.3900146484375 545.1629638671875
750.742919921875 789.6429443359375 710.990966796875 654.6416625976562
921.2327880859375 898.7614135742188 907.7049560546875 743.8588256835938
626.32861328125 729.9375610351562 549.8974609375 600.000732421875
375.92510986328125 999.0825805664062 389.2056884765625 918.905029296875
1025.949462890625 718.4793090820312 962.9901123046875 551.907470703125
896.4834594726562 1046.3575439453125 919.221923828125 880.3394165039062
643.6775512695312 620.7379760742188 526.3106689453125 469.2825927734375
701.0460205078125 648.3275756835938 602.777587890625 499.4242858886719
714.4011840820312 638.8971557617188 615.1812133789062 487.0744323730469
1034.6536865234375 710.9725341796875 968.9454345703125 542.4189453125
719.9773559570312 894.4569702148438 713.0386962890625 766.084716796875
1106.3323974609375 682.031494140625 1028.546630859375 503.9989929199219
1176.7843017578125 651.7175903320312 1088.065185546875 465.8662414550781
696.5650634765625 636.951171875 594.1790161132812 487.5980224609375
1148.345703125 645.9072875976562 1060.715576171875 462.02154541015625
1077.178955078125 718.2818603515625 1009.8228149414062 546.2767333984375
968.1944580078125 647.9912109375 888.1751708984375 477.1026611328125
1033.7860107421875 960.6744995117188 1018.9849243164062 785.862548828125
579.1015625 708.3430786132812 488.97515869140625 581.838134765625
766.3937377929688 844.5740966796875 741.1979370117188 709.7825927734375
872.5763549804688 885.346923828125 858.7353515625 737.0588989257812
1224.6397705078125 824.2153930664062 1156.923095703125 637.9046020507812
347.10443115234375 998.7235717773438 356.64385986328125 923.3710327148438
1059.9949951171875 646.413818359375 978.1905517578125 468.74725341796875
1135.67724609375 896.3665161132812 1093.2408447265625 714.0391235351562
588.685302734375 690.2860717773438 491.5860290527344 559.3575439453125
617.3836669921875 771.260498046875 560.83837890625 649.2462158203125
842.466796875 871.3900756835938 828.5731811523438 728.4575805664062
732.4866943359375 804.6826171875 696.9456787109375 672.3896484375
676.7026977539062 837.1372680664062 649.5318603515625 712.2722778320312
502.1571044921875 776.8995971679688 430.7999572753906 669.2621459960938
597.9989013671875 640.4342041015625 478.4007568359375 499.0671081542969
1022.2432861328125 960.3265380859375 1010.277099609375 787.7700805664062
298.1693115234375 1024.67138671875 312.48114013671875 958.7644653320312
743.0712280273438 920.5584106445312 745.1244506835938 787.1585083007812
918.1681518554688 806.842529296875 882.255859375 654.2182006835938
1224.6397705078125 824.2153930664062 1156.923095703125 637.9046020507812
582.3981323242188 685.6278076171875 482.2972717285156 554.1983032226562
677.590576171875 712.8627319335938 603.0087890625 577.8291625976562
573.7301635742188 698.1221923828125 477.8215637207031 570.7318725585938
554.9573364257812 885.8343505859375 538.3748168945312 778.7640380859375
389.9441223144531 882.135498046875 349.181884765625 798.8895874023438
1060.7445068359375 663.3561401367188 981.0811767578125 488.119384765625
560.149658203125 873.8895263671875 538.7936401367188 766.3092651367188
958.8694458007812 647.1724853515625 880.244384765625 478.02606201171875
1106.3323974609375 682.031494140625 1028.546630859375 503.9989929199219
484.7586975097656 1013.4154663085938 512.8186645507812 916.646728515625
1213.017578125 823.974609375 1147.269287109375 638.8111572265625
1067.248291015625 724.144775390625 1003.252197265625 553.15380859375
639.3152465820312 628.4705810546875 523.3959350585938 479.6726989746094
1161.630859375 698.7706909179688 1081.64697265625 518.0581665039062
509.2002258300781 800.767822265625 450.18829345703125 693.859619140625
1067.9285888671875 644.4373168945312 984.86962890625 466.4090576171875
1081.282958984375 835.4635009765625 1037.177978515625 665.5907592773438
1026.0841064453125 704.4955444335938 958.5725708007812 536.2301025390625
316.216552734375 1042.345458984375 342.66802978515625 969.3217163085938
559.1563720703125 690.9923095703125 457.3128967285156 562.6970825195312
1129.1845703125 642.1131591796875 1043.1483154296875 457.3921203613281
689.2155151367188 703.1702880859375 613.2947387695312 564.5575561523438
347.10443115234375 998.7235717773438 356.64385986328125 923.3710327148438
852.7086791992188 919.2933349609375 849.3475952148438 773.0415649414062
933.9228515625 721.1965942382812 874.6885375976562 562.5950317382812
726.8526611328125 629.7330932617188 625.4927978515625 474.87042236328125
648.5092163085938 796.9757690429688 604.29296875 675.6220092773438
961.7332763671875 639.390869140625 880.073486328125 469.12420654296875
762.261474609375 817.1905517578125 734.0718383789062 680.5527954101562
899.1328125 844.0142211914062 879.006103515625 693.30126953125
586.2078247070312 705.3687744140625 497.0689697265625 576.707763671875
1197.8436279296875 715.5054931640625 1117.223388671875 532.3818969726562
401.64874267578125 883.3214111328125 363.232177734375 798.106689453125
318.8674621582031 1030.49755859375 340.9147033691406 959.2733764648438
833.978515625 884.446533203125 823.857666015625 738.4523315429688
1033.7860107421875 960.6744995117188 1018.9849243164062 785.862548828125
675.0263061523438 1059.1527099609375 720.9232788085938 925.6046752929688
560.149658203125 873.8895263671875 538.7936401367188 766.3092651367188
601.1663208007812 802.6133422851562 555.6136474609375 685.5621948242188
493.9438781738281 1054.446044921875 539.104736328125 952.2149047851562
567.3460693359375 886.2891235351562 551.4131469726562 778.4340209960938
493.9438781738281 1054.446044921875 539.104736328125 952.2149047851562
860.0574951171875 878.1880493164062 845.5848999023438 731.6488037109375
