72.80110168457031
78.6638412475586
80.318115234375
82.08531951904297
86.18004608154297
95.29428100585938
98.40731811523438
98.5393295288086
98.98989868164062
100.01499938964844
100.1448974609375
100.74720764160156
101.05938720703125
101.10884857177734
101.29165649414062
101.8037338256836
102.39140319824219
103.6001968383789
104.29765319824219
104.70912170410156
105.08567810058594
105.8583984375
105.89617919921875
106.23088073730469
106.28734588623047
106.7801513671875
108.2681884765625
108.56334686279297
110.7926025390625
112.29425811767578
112.35657501220703
113.68376922607422
115.20417022705078
116.46887969970703
116.73046112060547
117.09825134277344
117.17507934570312
117.45637512207031
118.02118682861328
119.80818176269531
120.6150894165039
121.58124542236328
122.56427001953125
122.84950256347656
122.89019775390625
123.24365997314453
123.7537841796875
123.93547058105469
125.07597351074219
125.75373077392578
126.31706237792969
126.87789154052734
127.4637222290039
127.96874237060547
128.60015869140625
128.65457153320312
129.53378295898438
129.6803741455078
129.8229522705078
130.8472442626953
131.71180725097656
131.75355529785156
131.79908752441406
131.95074462890625
132.2043914794922
132.49151611328125
132.7215118408203
133.4353790283203
133.50656127929688
134.0895233154297
134.7738800048828
135.1776580810547
135.37355041503906
135.78659057617188
136.3048095703125
137.58270263671875
137.666259765625
137.89488220214844
137.95651245117188
137.97463989257812
139.26234436035156
139.31259155273438
139.66030883789062
140.02499389648438
140.13565063476562
140.39230346679688
141.54151916503906
141.82383728027344
142.2111053466797
142.42190551757812
142.6569366455078
142.71299743652344
143.1712188720703
145.28248596191406
145.99314880371094
147.0714111328125
147.5669403076172
147.6990203857422
147.8174591064453
148.0067596435547
149.140869140625
149.38540649414062
149.98666381835938
150.4160919189453
150.69505310058594
151.21507263183594
151.26466369628906
151.84532165527344
152.36141967773438
153.69125366210938
154.68678283691406
154.9354705810547
155.4091339111328
155.85891723632812
156.1633758544922
156.6811981201172
156.8629913330078
157.1018829345703
157.84169006347656
158.0632781982422
158.25611877441406
159.00942993164062
159.02516174316406
159.6558837890625
159.6558837890625
159.67153930664062
160.5521697998047
160.87261962890625
160.9720458984375
161.28236389160156
161.30406188964844
161.6075439453125
162.7636260986328
163.67039489746094
163.77423095703125
163.8078155517578
164.16455078125
165.04544067382812
165.23316955566406
166.06324768066406
166.66433715820312
166.85922241210938
167.421630859375
167.84219360351562
167.8600616455078
168.24386596679688
168.5526580810547
168.7957305908203
168.90234375
169.4933624267578
169.8440399169922
169.9794158935547
170.28799438476562
171.4117889404297
172.10171508789062
172.95953369140625
173.2137451171875
173.2974395751953
173.62892150878906
173.81312561035156
174.0086212158203
174.9399871826172
175.05142211914062
176.88131713867188
177.08755493164062
178.03651428222656
178.42645263671875
178.563720703125
180.76504516601562
181.24017333984375
181.7828369140625
181.92855834960938
182.17025756835938
182.43080139160156
182.69647216796875
182.833251953125
183.24301147460938
183.2484588623047
183.30029296875
183.512939453125
183.98097229003906
184.09779357910156
184.99729919433594
185.36720275878906
187.0
188.78028869628906
188.78294372558594
188.9709014892578
189.0608367919922
189.62330627441406
190.4993438720703
190.9450225830078
191.0314178466797
191.22238159179688
192.34344482421875
193.23043823242188
193.6595001220703
194.84095764160156
195.0589599609375
195.50192260742188
196.37973022460938
196.50953674316406
197.7523651123047
198.54974365234375
200.36965942382812
200.39959716796875
201.27096557617188
201.67051696777344
201.7572784423828
202.0
203.12803649902344
203.4625244140625
203.5706329345703
204.79989624023438
205.77415466308594
207.05313110351562
207.27276611328125
207.36441040039062
207.60780334472656
208.1153564453125
208.13217163085938
209.0143585205078
210.2332000732422
211.21080017089844
211.26760864257812
211.34095764160156
212.59115600585938
213.7100830078125
214.336181640625
214.8162078857422
215.89349365234375
215.9606475830078
218.011474609375
219.3695526123047
220.79176330566406
223.72303771972656
223.90846252441406
225.19102478027344
226.26974487304688
230.11953735351562
230.1282196044922
231.80810546875
238.7928009033203
239.91873168945312
239.9395751953125
243.06788635253906
243.54466247558594
248.65036010742188
250.48951721191406
253.15805053710938
262.18505859375
269.61083984375
