50.45790481567383
54.51605224609375
55.44366455078125
56.55086135864258
57.026309967041016
62.48999786376953
62.98412322998047
63.079315185546875
63.812225341796875
63.8278923034668
65.87108612060547
66.73080444335938
68.1322250366211
69.82119750976562
70.0
70.420166015625
71.63099670410156
74.48490142822266
74.57881927490234
75.53144836425781
76.24303436279297
76.28892517089844
76.30858612060547
76.67463684082031
76.94153594970703
76.98701477050781
77.5306396484375
78.08329010009766
78.0960922241211
79.50471496582031
80.46117401123047
80.87644958496094
81.20960235595703
81.73126983642578
82.05486297607422
82.07923126220703
82.61961364746094
82.93370819091797
83.00602722167969
83.07225799560547
84.16056060791016
84.41564178466797
84.73487854003906
85.02940368652344
86.191650390625
86.5158920288086
87.4356918334961
87.4757080078125
88.70174407958984
88.8763198852539
89.28045654296875
89.39798736572266
89.8220443725586
91.29074096679688
91.57510375976562
91.68424224853516
92.34175872802734
93.05374908447266
93.10746765136719
93.21480560302734
93.21480560302734
93.49866485595703
93.77099609375
93.81897735595703
93.88822937011719
94.94735717773438
95.0
95.29428100585938
95.41488647460938
95.82275390625
96.0572738647461
96.374267578125
96.74192810058594
97.27281188964844
97.30878448486328
97.31392669677734
97.88258361816406
98.13256072998047
98.27003479003906
98.59513092041016
98.65596771240234
99.04039764404297
99.37806701660156
99.84988403320312
99.87492370605469
101.71037292480469
101.89209747314453
101.90191650390625
102.23013305664062
102.35233306884766
102.61091613769531
102.79591369628906
102.97087097167969
103.28116607666016
103.33924865722656
104.07689666748047
106.01415252685547
106.0613021850586
106.16496276855469
106.34378051757812
106.97196197509766
108.06016540527344
108.07405090332031
108.36511993408203
108.46658325195312
109.3343505859375
109.7406005859375
110.43550109863281
111.01351165771484
111.12155151367188
112.44998931884766
112.44998931884766
112.53443908691406
112.5877456665039
112.64546203613281
112.94689178466797
113.2254409790039
113.76290893554688
113.81124877929688
114.2934799194336
114.3547134399414
115.63304138183594
115.81018829345703
115.95257568359375
116.17658996582031
117.25186920166016
117.31155395507812
117.32859802246094
117.34564208984375
117.67752838134766
117.74124145507812
117.75398254394531
117.77945709228516
118.19052124023438
118.24127960205078
118.63810729980469
118.97898864746094
119.2182846069336
119.33566284179688
119.65784454345703
120.14158630371094
120.22479248046875
120.71868133544922
121.29303741455078
121.34249114990234
121.82364654541016
121.94261169433594
122.95121002197266
122.95934295654297
123.59207153320312
123.76995086669922
123.95563507080078
124.22560119628906
124.88394927978516
126.34476470947266
126.79116821289062
126.80299377441406
126.84636688232422
127.37346649169922
127.42841339111328
127.77715301513672
127.9765625
128.1015167236328
128.46400451660156
129.5878143310547
129.67266845703125
129.68423461914062
129.96153259277344
129.9923095703125
130.0
130.1460723876953
130.2036895751953
130.23440551757812
130.249755859375
130.4453887939453
130.6062774658203
130.78990173339844
130.839599609375
131.26309204101562
132.5669708251953
132.80059814453125
132.83448791503906
132.84201049804688
132.98495483398438
133.64878845214844
133.8506622314453
134.1007080078125
134.8220977783203
135.0037078857422
135.53598022460938
135.7829132080078
135.9595489501953
136.066162109375
136.1029052734375
136.26077270507812
136.31214904785156
136.37081909179688
136.57598876953125
136.6016082763672
136.79547119140625
136.98904418945312
136.99270629882812
137.02554321289062
137.2151641845703
137.24066162109375
137.4263458251953
137.5245361328125
137.60813903808594
137.80783081054688
138.04708862304688
138.36184692382812
138.47743225097656
139.15818786621094
139.22283935546875
139.2300262451172
139.84991455078125
140.06784057617188
140.1570587158203
140.47064208984375
141.0035400390625
142.08448791503906
142.8740692138672
143.09786987304688
143.26548767089844
144.1873779296875
144.4160614013672
144.68931579589844
144.77914428710938
145.25494384765625
145.8526611328125
146.54010009765625
147.39064025878906
147.69224548339844
147.89523315429688
148.22955322265625
149.1509246826172
150.08663940429688
150.2032012939453
150.2797393798828
150.30967712402344
150.36953735351562
150.63531494140625
150.87411499023438
151.06951904296875
151.17208862304688
151.1820068359375
151.36050415039062
151.49917602539062
151.52557373046875
151.6838836669922
151.7300262451172
151.78932189941406
151.9012908935547
151.9276123046875
152.15780639648438
152.4827880859375
152.6466522216797
153.47637939453125
153.88632202148438
154.0746612548828
154.30813598632812
154.67384338378906
154.76434326171875
154.78372192382812
155.23208618164062
155.48312377929688
156.21139526367188
156.6205596923828
156.84068298339844
157.26092529296875
158.0917510986328
158.34771728515625
158.4203338623047
158.86471557617188
159.43023681640625
160.51791381835938
160.66424560546875
160.78245544433594
160.82289123535156
161.33815002441406
161.51470947265625
161.72198486328125
161.97531127929688
162.40074157714844
162.8342742919922
163.9542694091797
164.66026306152344
164.92422485351562
165.0060577392578
165.04544067382812
165.07574462890625
165.13328552246094
165.90960693359375
166.0
166.4091339111328
166.89817810058594
166.91615295410156
167.02694702148438
167.23635864257812
167.79750061035156
167.89877319335938
168.30032348632812
168.3419189453125
168.47254943847656
168.90530395507812
169.61131286621094
169.7468719482422
169.82638549804688
170.41712951660156
170.54031372070312
170.6634063720703
170.76007080078125
170.84202575683594
170.9590606689453
171.4584503173828
171.57505798339844
172.18014526367188
173.27723693847656
173.68362426757812
173.89651489257812
174.95999145507812
175.11138916015625
175.24839782714844
175.28262329101562
175.78680419921875
176.41995239257812
177.25123596191406
177.27943420410156
177.44857788085938
177.75827026367188
177.87355041503906
179.2065887451172
179.44915771484375
179.5550079345703
180.2082061767578
182.010986328125
183.6654510498047
183.7879180908203
183.85047912597656
184.29052734375
184.66726684570312
185.5155029296875
186.4296112060547
186.58778381347656
187.2057647705078
187.4566650390625
188.41973876953125
188.425048828125
190.3496856689453
190.74591064453125
191.4993438720703
192.2160186767578
192.44479370117188
192.75112915039062
193.4425048828125
195.94386291503906
195.95152282714844
196.04336547851562
196.49427795410156
196.79684448242188
196.9340057373047
197.12939453125
198.28514099121094
200.10997009277344
200.42953491210938
200.9975128173828
201.03482055664062
201.14173889160156
202.7732696533203
204.79989624023438
205.6210174560547
205.66477966308594
206.27166748046875
210.15708923339844
211.59158325195312
211.86788940429688
214.4854278564453
215.51101684570312
219.82493591308594
220.86874389648438
230.54718017578125
233.86534118652344
239.8916473388672
246.2437744140625
251.7161102294922
256.616455078125
261.2259521484375
