1110.26123046875 1000.1860961914062 1043.93359375 658.0995483398438
1110.26123046875 1000.1860961914062 1043.93359375 658.0995483398438
1012.905029296875 972.6151123046875 984.7025146484375 689.154052734375
1248.00341796875 869.6200561523438 1016.4173583984375 533.4653930664062
848.369140625 1021.8944091796875 939.2279052734375 801.0446166992188
847.0194702148438 1046.4471435546875 956.2146606445312 812.9364624023438
853.5913696289062 1033.433349609375 950.4095458984375 803.4347534179688
918.4322509765625 932.0626220703125 903.8057250976562 719.5859375
1245.4114990234375 997.3110961914062 1091.8839111328125 599.7593383789062
1080.2486572265625 971.0007934570312 1012.9025268554688 658.8736572265625
733.6244506835938 876.7025146484375 726.11865234375 806.8936157226562
910.0775146484375 1020.4935302734375 968.304931640625 766.739990234375
733.130859375 930.1969604492188 783.2861328125 834.9189453125
719.7460327148438 1016.2349853515625 859.9058227539062 881.7108764648438
726.397705078125 1045.237548828125 887.61572265625 888.5458374023438
822.8306274414062 1030.9215087890625 933.7791137695312 822.3799438476562
1082.80126953125 851.3683471679688 926.5136108398438 593.6475219726562
1053.721923828125 974.986083984375 1003.3582153320312 671.3903198242188
896.4834594726562 1046.3575439453125 981.0751953125 784.1687622070312
921.2327880859375 898.7614135742188 877.6048583984375 699.8726806640625
1094.748291015625 963.6047973632812 1014.2310180664062 646.3306884765625
894.4644165039062 1034.028564453125 971.9298706054688 779.8146362304688
1043.166015625 833.9811401367188 892.0662841796875 599.8103637695312
1181.7255859375 848.9517822265625 974.7838134765625 547.6528930664062
733.6244506835938 876.7025146484375 726.11865234375 806.8936157226562
715.5200805664062 1031.6993408203125 869.2003784179688 891.13818359375
1033.996826171875 835.2408447265625 888.0894775390625 605.2738037109375
904.753662109375 920.311279296875 887.1292114257812 720.2977905273438
1025.2078857421875 948.7324829101562 972.1466064453125 671.7542724609375
896.4834594726562 1046.3575439453125 981.0751953125 784.1687622070312
759.691162109375 876.4293823242188 745.1350708007812 788.9208984375
1033.996826171875 835.2408447265625 888.0894775390625 605.2738037109375
1022.0969848632812 853.6741943359375 896.7577514648438 622.0457153320312
849.1690063476562 894.0376586914062 828.85302734375 740.7484130859375
894.4644165039062 1034.028564453125 971.9298706054688 779.8146362304688
1082.80126953125 851.3683471679688 926.5136108398438 593.6475219726562
1025.6727294921875 972.6832275390625 989.4268798828125 683.2944946289062
775.8155517578125 872.154296875 755.6195068359375 773.1380615234375
1022.0969848632812 853.6741943359375 896.7577514648438 622.0457153320312
682.2392578125 1035.9495849609375 854.126220703125 913.0595703125
1033.0106201171875 844.384033203125 894.9810791015625 610.8001098632812
1193.1920166015625 845.96826171875 979.1132202148438 541.5078125
717.0772705078125 887.0098266601562 723.8905029296875 823.7561645507812
895.86083984375 881.7029418945312 847.1546020507812 703.29833984375
1046.7119140625 822.362060546875 883.6232299804688 589.4927368164062
1229.857421875 955.9850463867188 1062.8935546875 585.2222900390625
1186.7193603515625 653.3336181640625 813.9049682617188 415.2166442871094
