1113.2425537109375 991.8659057617188 1032.591796875 984.3878784179688
1190.9354248046875 718.7935791015625 1164.70654296875 695.0557250976562
1169.7919921875 1005.7284545898438 1081.716796875 1008.0731811523438
983.9005737304688 962.4752807617188 915.8950805664062 934.5896606445312
1175.2718505859375 913.1630249023438 1106.788330078125 911.6744384765625
1044.0731201171875 895.0845947265625 983.6533203125 871.9113159179688
834.0070190429688 955.866943359375 773.9090576171875 904.1442260742188
1218.4542236328125 931.9794311523438 1142.2977294921875 938.8751220703125
959.684814453125 856.1072998046875 910.3607788085938 816.1716918945312
918.8135986328125 1024.2152099609375 844.6595458984375 989.2522583007812
1147.951171875 1031.1632080078125 1056.8035888671875 1031.28759765625
803.3531494140625 1029.82958984375 736.1239624023438 977.0074462890625
912.2394409179688 1005.059326171875 841.4977416992188 968.7692260742188
1217.247802734375 1004.9379272460938 1126.226806640625 1014.3544311523438
948.7073364257812 986.3692016601562 879.0621337890625 954.1824340820312
1019.8935546875 999.4509887695312 942.9660034179688 978.6968994140625
945.5867919921875 638.0463256835938 933.0009765625 557.0145263671875
1218.4542236328125 931.9794311523438 1142.2977294921875 938.8751220703125
1217.247802734375 1004.9379272460938 1126.226806640625 1014.3544311523438
1117.6094970703125 1024.2286376953125 1030.697998046875 1019.8939208984375
1154.2623291015625 1007.5990600585938 1068.133544921875 1006.767578125
964.2518920898438 951.8949584960938 899.9148559570312 919.9363403320312
541.2359008789062 850.8574829101562 504.05718994140625 740.94775390625
954.3090209960938 1017.4302368164062 878.4329833984375 987.47802734375
1020.2269897460938 826.8055419921875 973.8232421875 791.8895263671875
1132.36181640625 899.4100952148438 1068.33203125 891.1792602539062
957.989013671875 1001.2565307617188 884.8114013671875 971.4329223632812
1020.2269897460938 826.8055419921875 973.8232421875 791.8895263671875
1186.35595703125 999.5487670898438 1098.991455078125 1003.5421142578125
1159.9766845703125 910.3634033203125 1092.6044921875 905.22900390625
617.9968872070312 717.1261596679688 591.254150390625 597.6490478515625
825.138427734375 914.3787231445312 771.5232543945312 858.2631225585938
1014.3239135742188 1031.1241455078125 932.0507202148438 1011.110107421875
932.6737060546875 1024.1614990234375 857.599609375 991.0221557617188
951.4529418945312 969.78466796875 883.4115600585938 938.324462890625
561.8143920898438 642.3616333007812 539.302734375 496.6927490234375
619.9840698242188 892.3547973632812 576.6228637695312 801.0532836914062
537.5359497070312 812.8849487304688 502.80950927734375 696.8098754882812
1116.626220703125 910.1280517578125 1051.3233642578125 900.1749267578125
1161.9071044921875 891.7250366210938 1097.7403564453125 887.15966796875
1126.039306640625 839.2853393554688 1074.948486328125 821.9058837890625
986.3103637695312 852.0180053710938 936.7338256835938 814.9403076171875
622.380859375 899.0687866210938 577.9378051757812 808.9562377929688
1198.48681640625 1027.8974609375 1104.39453125 1035.827880859375
1039.7257080078125 871.9359130859375 984.7919921875 845.053466796875
1116.1405029296875 728.435546875 1088.0960693359375 694.3394165039062
619.9840698242188 892.3547973632812 576.6228637695312 801.0532836914062
951.4529418945312 969.78466796875 883.4115600585938 938.324462890625
952.1673583984375 877.1537475585938 899.5068969726562 838.132568359375
1167.4241943359375 1021.8805541992188 1076.850341796875 1023.7490844726562
973.6467895507812 1007.0167846679688 898.4547729492188 979.8088989257812
827.320556640625 618.0025634765625 816.44140625 512.4568481445312
1165.3228759765625 858.8244018554688 1108.99853515625 849.25390625
1153.1943359375 844.72802734375 1099.760986328125 832.11279296875
1123.6163330078125 857.7763671875 1068.5621337890625 842.8621826171875
931.6959838867188 940.1672973632812 870.4661254882812 902.2374877929688
952.1673583984375 877.1537475585938 899.5068969726562 838.132568359375
1203.3272705078125 1042.3133544921875 1105.658203125 1050.73291015625
1015.6734619140625 864.5343627929688 961.0810546875 833.8890991210938
1134.906005859375 997.4011840820312 1051.8001708984375 994.8155517578125
957.989013671875 1001.2565307617188 884.8114013671875 971.4329223632812
617.9968872070312 717.1261596679688 591.254150390625 597.6490478515625
852.01611328125 881.6236572265625 801.5399169921875 826.3795166015625
255.81887817382812 951.7384033203125 219.09742736816406 808.9114379882812
1149.130859375 862.850341796875 1091.4239501953125 851.9852294921875
977.8397216796875 636.1337280273438 967.9046630859375 560.2379760742188
224.96958923339844 943.9049682617188 189.64158630371094 793.938720703125
613.3809204101562 766.051513671875 582.1860961914062 655.1434326171875
926.5482788085938 994.180419921875 856.6131591796875 959.286376953125
926.374267578125 699.97216796875 903.9498291015625 629.5548706054688
795.2528686523438 937.8861694335938 740.3275756835938 879.3095092773438
372.3074951171875 1029.71826171875 329.0305480957031 909.5399780273438
1159.9766845703125 910.3634033203125 1092.6044921875 905.22900390625
826.5164794921875 941.3194580078125 769.1987915039062 887.4501342773438
957.989013671875 1001.2565307617188 884.8114013671875 971.4329223632812
832.0045166015625 675.25341796875 812.4732666015625 583.8563842773438
646.2330322265625 856.9998168945312 605.7254028320312 765.8353881835938
580.419189453125 724.9397583007812 552.03173828125 600.9485473632812
1203.3272705078125 1042.3133544921875 1105.658203125 1050.73291015625
986.3103637695312 852.0180053710938 936.7338256835938 814.9403076171875
1078.9306640625 742.7417602539062 1047.8170166015625 705.420166015625
1155.7275390625 729.6939086914062 1127.2471923828125 702.557861328125
1136.280517578125 859.779296875 1080.2435302734375 847.1388549804688
854.4564208984375 801.2433471679688 816.1585693359375 736.51171875
841.204833984375 926.7586059570312 785.4452514648438 873.3028564453125
805.3775634765625 888.6295776367188 756.7002563476562 826.3109741210938
902.85498046875 786.7623291015625 866.012451171875 726.895751953125
378.1123962402344 948.1921997070312 337.86578369140625 824.11474609375
529.7994384765625 804.697021484375 496.5259094238281 687.2442016601562
648.030029296875 872.1512451171875 605.8346557617188 782.7879638671875
848.153076171875 771.217529296875 814.6098022460938 700.4879760742188
967.1781005859375 1016.82080078125 890.934814453125 988.3231201171875
962.717529296875 683.3157348632812 943.02880859375 614.4257202148438
1201.85205078125 1012.9996337890625 1110.4051513671875 1020.773193359375
981.0950927734375 977.3092041015625 910.3153686523438 949.952392578125
910.899658203125 711.5415649414062 886.1566162109375 641.538818359375
817.9647216796875 894.1209106445312 767.826416015625 834.7919311523438
1168.97021484375 755.7617797851562 1134.10302734375 734.8259887695312
561.8683471679688 634.1310424804688 539.1591796875 486.6331481933594
360.166015625 999.9450073242188 319.0088806152344 877.0614624023438
498.5072021484375 849.6609497070312 460.8317565917969 733.878662109375
795.2528686523438 937.8861694335938 740.3275756835938 879.3095092773438
1167.12890625 722.6879272460938 1140.2322998046875 695.6478271484375
881.261962890625 810.4808959960938 841.21826171875 751.4468994140625
360.2602844238281 975.3607788085938 320.0517272949219 850.0394897460938
255.81887817382812 951.7384033203125 219.09742736816406 808.9114379882812
696.2864379882812 880.7243041992188 651.9661865234375 799.4758911132812
852.01611328125 881.6236572265625 801.5399169921875 826.3795166015625
1044.0731201171875 895.0845947265625 983.6533203125 871.9113159179688
1205.2216796875 919.9032592773438 1132.267822265625 922.7240600585938
391.42864990234375 1036.4915771484375 348.1117248535156 920.1499633789062
406.28558349609375 826.0969848632812 372.3125 691.2003784179688
450.63922119140625 949.6840209960938 408.7931213378906 836.78369140625
648.3010864257812 903.3893432617188 602.4380493164062 817.6737060546875
625.016845703125 906.1668090820312 580.4688110351562 817.0045776367188
1215.932861328125 858.5022583007812 1156.2559814453125 857.6168212890625
870.772216796875 596.6840209960938 865.4804077148438 492.8846435546875
1155.7572021484375 749.7184448242188 1122.9466552734375 725.6188354492188
805.3775634765625 888.6295776367188 756.7002563476562 826.3109741210938
1147.951171875 1031.1632080078125 1056.8035888671875 1031.28759765625
360.166015625 999.9450073242188 319.0088806152344 877.0614624023438
1007.7250366210938 824.4712524414062 963.9716796875 788.02490234375
771.4935913085938 887.0197143554688 723.3850708007812 819.7354736328125
1178.5970458984375 673.641357421875 1165.4901123046875 639.961669921875
1208.2606201171875 731.8588256835938 1177.3131103515625 712.6420288085938
1087.0401611328125 864.654541015625 1032.6514892578125 842.3274536132812
939.0306396484375 717.7857055664062 914.1821899414062 652.9988403320312
895.3947143554688 804.9178466796875 856.0980224609375 746.246337890625
1173.9735107421875 669.2482299804688 1160.8131103515625 633.3991088867188
866.2660522460938 816.0922241210938 824.857421875 755.7384643554688
525.5077514648438 813.366943359375 490.8790588378906 695.5379638671875
648.030029296875 872.1512451171875 605.8346557617188 782.7879638671875
788.236572265625 870.8728637695312 742.0228271484375 804.33544921875
856.8969116210938 592.0092163085938 852.5426025390625 484.7482604980469
967.1781005859375 1016.82080078125 890.934814453125 988.3231201171875
697.1414794921875 865.9204711914062 653.8929443359375 784.0462646484375
1039.7257080078125 871.9359130859375 984.7919921875 845.053466796875
981.8738403320312 622.3237915039062 974.22705078125 543.8538208007812
790.70166015625 930.7539672851562 737.14990234375 870.2322998046875
482.2075500488281 823.386962890625 445.56011962890625 701.0242919921875
358.58587646484375 819.393798828125 323.33905029296875 676.0772705078125
589.6334838867188 753.6958618164062 560.0595703125 637.4429931640625
761.192138671875 872.1860961914062 714.2542724609375 802.0091552734375
1178.701416015625 870.6123046875 1119.48486328125 864.8866577148438
982.0414428710938 831.6679077148438 935.7900390625 791.937255859375
580.3129272460938 715.2070922851562 551.8148193359375 590.0116577148438
378.3475646972656 839.9044189453125 344.1370849609375 701.490966796875
970.8221435546875 1022.6310424804688 894.7401123046875 995.436767578125
771.4935913085938 887.0197143554688 723.3850708007812 819.7354736328125
186.54396057128906 952.1002197265625 152.35284423828125 796.8361206054688
978.3777465820312 817.7347412109375 936.5236206054688 774.6858520507812
604.270751953125 657.6300048828125 584.0237426757812 522.1965942382812
1153.6085205078125 671.0436401367188 1138.5462646484375 633.179443359375
1045.94140625 740.1259155273438 1013.882568359375 696.5397338867188
827.8804321289062 681.381591796875 807.5546264648438 590.684814453125
466.2395935058594 741.3840942382812 433.9896545410156 600.429931640625
991.63818359375 613.6583862304688 985.416259765625 533.4778442382812
870.219970703125 627.5776977539062 857.5849609375 532.030517578125
1032.0184326171875 780.2886352539062 993.4832763671875 740.4979248046875
1087.0401611328125 864.654541015625 1032.6514892578125 842.3274536132812
238.3014678955078 965.9204711914062 205.3531036376953 820.0660400390625
425.7964782714844 959.208251953125 383.69976806640625 843.1686401367188
1219.751953125 725.0791625976562 1191.3623046875 706.6500244140625
810.7860717773438 853.1174926757812 766.5765991210938 790.5761108398438
957.989013671875 1001.2565307617188 884.8114013671875 971.4329223632812
1063.969482421875 730.3945922851562 1036.56396484375 688.464599609375
1077.2762451171875 626.2030029296875 1071.4677734375 564.9287719726562
486.3904724121094 728.443603515625 456.6683654785156 589.2949829101562
1012.4124755859375 844.3223266601562 963.405517578125 809.7527465820312
633.9736328125 855.1756591796875 593.9780883789062 761.8035278320312
1069.8602294921875 704.7354125976562 1046.959716796875 658.4899291992188
224.49545288085938 958.4356689453125 187.9779815673828 814.18212890625
997.1680908203125 852.3877563476562 947.0054931640625 816.1144409179688
613.008544921875 631.2118530273438 593.6744995117188 491.4544372558594
1178.3642578125 732.6765747070312 1150.14794921875 709.4048461914062
401.5685119628906 937.8255615234375 361.81842041015625 815.9999389648438
1041.837158203125 719.56103515625 1016.43994140625 672.0209350585938
828.222412109375 901.3262939453125 775.981689453125 845.4318237304688
983.8509521484375 709.615966796875 959.7416381835938 650.2855224609375
873.7095947265625 782.2177124023438 837.474609375 718.9521484375
1191.37109375 1048.7803955078125 1093.449951171875 1054.1856689453125
620.8427124023438 862.0748901367188 579.3370971679688 767.7664184570312
383.6749267578125 967.4797973632812 343.49383544921875 844.1692504882812
1148.2706298828125 1047.8548583984375 1054.2041015625 1047.57568359375
575.63232421875 758.6140747070312 543.8760986328125 640.1917724609375
797.9397583007812 907.6885375976562 746.4940185546875 846.7830810546875
507.30096435546875 818.84814453125 471.572265625 699.6397094726562
1047.916748046875 856.4176025390625 994.5045776367188 830.9221801757812
476.571044921875 700.537841796875 448.03143310546875 553.8936157226562
1049.4649658203125 647.3739013671875 1037.5076904296875 586.4758911132812
778.1180419921875 894.9945678710938 729.1614990234375 829.7364501953125
612.2890625 713.96826171875 585.5828247070312 593.2208862304688
842.41015625 672.2354736328125 824.4375 580.2631225585938
983.8509521484375 709.615966796875 959.7416381835938 650.2855224609375
1188.187744140625 658.5101928710938 1175.389892578125 622.7135009765625
944.8617553710938 711.7753295898438 920.70166015625 646.8457641601562
1188.187744140625 658.5101928710938 1175.389892578125 622.7135009765625
1153.6085205078125 671.0436401367188 1138.5462646484375 633.179443359375
229.71153259277344 981.3150634765625 195.35662841796875 836.0328979492188
1046.1365966796875 712.6585083007812 1021.5971069335938 664.5006713867188
648.3010864257812 903.3893432617188 602.4380493164062 817.6737060546875
1031.4681396484375 840.1632080078125 982.91552734375 808.0695190429688
900.2728881835938 706.7484741210938 876.90771484375 632.8824462890625
1180.0865478515625 807.4486694335938 1133.89453125 793.8865356445312
833.8894653320312 588.2410278320312 827.7538452148438 475.8636779785156
1158.4296875 918.8167114257812 1088.6116943359375 915.43359375
1043.5926513671875 627.176025390625 1035.46728515625 562.6162109375
897.499755859375 717.6087646484375 871.1363525390625 646.643798828125
834.0070190429688 955.866943359375 773.9090576171875 904.1442260742188
1230.3929443359375 681.3016357421875 1211.720947265625 657.9461669921875
506.3969421386719 808.3878173828125 471.7367858886719 687.602783203125
755.8399658203125 1035.462646484375 690.1392211914062 976.3567504882812
922.5961303710938 708.6619262695312 898.7454833984375 639.4188232421875
870.1491088867188 805.9547729492188 831.0020751953125 744.4116821289062
910.899658203125 711.5415649414062 886.1566162109375 641.538818359375
820.5280151367188 786.4066772460938 784.66650390625 714.0813598632812
888.8253173828125 792.4496459960938 851.4652709960938 731.93359375
628.9309692382812 866.01513671875 587.6912231445312 773.4998168945312
866.1395874023438 602.1817016601562 857.96923828125 498.9864501953125
981.0950927734375 977.3092041015625 910.3153686523438 949.952392578125
919.0724487304688 686.735107421875 899.2962646484375 612.5615234375
360.2602844238281 975.3607788085938 320.0517272949219 850.0394897460938
888.0918579101562 710.6112060546875 863.8323364257812 635.9922485351562
459.385009765625 704.415771484375 429.26556396484375 555.6259155273438
959.2474975585938 609.2314453125 955.2201538085938 523.7847900390625
888.8253173828125 792.4496459960938 851.4652709960938 731.93359375
587.4384765625 645.9429321289062 565.9242553710938 505.3807373046875
573.553466796875 631.0642700195312 552.9541625976562 484.2328796386719
905.8466186523438 695.0311279296875 883.0682983398438 620.7443237304688
404.9943542480469 806.4697875976562 369.6371765136719 667.806396484375
1069.429443359375 622.1503295898438 1064.4124755859375 557.9054565429688
835.1787719726562 913.9476318359375 782.0738525390625 859.4107666015625
845.6190795898438 593.0 839.389404296875 483.72088623046875
1180.526611328125 1055.2818603515625 1081.9854736328125 1061.5787353515625
945.5260620117188 723.8836059570312 918.2352294921875 661.122802734375
298.5000305175781 904.400634765625 264.3692321777344 763.4435424804688
613.3809204101562 766.051513671875 582.1860961914062 655.1434326171875
371.8223571777344 968.0287475585938 332.8806457519531 842.95166015625
400.35614013671875 973.248291015625 359.4916687011719 854.3761596679688
992.2592163085938 832.9332885742188 945.9933471679688 793.5126953125
407.3074645996094 1002.3291625976562 363.7736511230469 887.3242797851562
946.033447265625 682.906005859375 926.8497314453125 612.2197875976562
831.4478149414062 601.4668579101562 822.5901489257812 491.8177490234375
589.6334838867188 753.6958618164062 560.0595703125 637.4429931640625
518.2598266601562 714.6253662109375 490.40447998046875 577.768798828125
1165.040771484375 747.8624877929688 1132.71044921875 725.6395874023438
537.5359497070312 812.8849487304688 502.80950927734375 696.8098754882812
922.5961303710938 708.6619262695312 898.7454833984375 639.4188232421875
962.717529296875 683.3157348632812 943.02880859375 614.4257202148438
924.8350830078125 634.9902954101562 914.07373046875 550.4631958007812
751.5859375 933.4611206054688 697.0735473632812 867.1298828125
340.0955505371094 1007.9266967773438 300.6001892089844 881.951171875
1034.01318359375 710.9349975585938 1009.5758666992188 660.3331909179688
921.4722900390625 977.0119018554688 854.4872436523438 940.7347412109375
764.8345947265625 916.54833984375 713.3910522460938 851.1242065429688
607.179443359375 624.7770385742188 589.587890625 482.6723937988281
839.4268188476562 617.3428955078125 830.7677001953125 513.74609375
859.9391479492188 778.3433837890625 824.9068603515625 711.2028198242188
1176.5147705078125 660.2388305664062 1163.8201904296875 623.2312622070312
484.78753662109375 700.4978637695312 456.57159423828125 555.1367797851562
883.05517578125 700.34619140625 860.0803833007812 624.0054321289062
377.571044921875 796.9451904296875 344.8604431152344 651.6259765625
204.39430236816406 957.7947998046875 170.1702880859375 806.6567993164062
831.5694580078125 596.2096557617188 824.177490234375 485.55621337890625
487.93572998046875 737.2352905273438 457.5817565917969 599.9839477539062
510.0898132324219 831.6824951171875 473.5328063964844 714.8011474609375
1036.2440185546875 862.7152099609375 982.1696166992188 835.5155639648438
1191.37109375 1048.7803955078125 1093.449951171875 1054.1856689453125
628.0951538085938 594.4923706054688 612.3590087890625 447.12176513671875
1112.94580078125 1054.6763916015625 1020.1824951171875 1049.3519287109375
875.00390625 607.1832885742188 867.0126953125 506.7344665527344
835.1787719726562 913.9476318359375 782.0738525390625 859.4107666015625
404.9943542480469 806.4697875976562 369.6371765136719 667.806396484375
955.93212890625 633.7023315429688 946.399658203125 553.9053955078125
1004.5750732421875 839.3660278320312 958.587158203125 802.531982421875
827.149169921875 771.763671875 793.243896484375 699.06689453125
446.0202941894531 738.0557250976562 413.68646240234375 593.0414428710938
959.810302734375 643.299560546875 946.6107177734375 565.9039916992188
949.7366943359375 1040.344970703125 870.5105590820312 1010.9035034179688
568.5326538085938 982.8088989257812 521.15283203125 891.9367065429688
854.4564208984375 801.2433471679688 816.1585693359375 736.51171875
454.396728515625 901.5589599609375 412.22650146484375 783.3751220703125
454.396728515625 901.5589599609375 412.22650146484375 783.3751220703125
183.55526733398438 970.334716796875 150.4759979248047 816.6552124023438
850.435546875 598.0230102539062 843.423095703125 491.1822509765625
650.0711059570312 568.2874755859375 638.1370849609375 417.36993408203125
899.7583618164062 690.748291015625 878.1052856445312 614.8838500976562
593.7022705078125 660.382080078125 571.3384399414062 524.4847412109375
999.509765625 669.9332275390625 984.5911254882812 603.9583740234375
697.1414794921875 865.9204711914062 653.8929443359375 784.0462646484375
954.73779296875 615.1703491210938 947.85791015625 530.8165893554688
843.212646484375 778.023193359375 808.4440307617188 707.9683837890625
518.2979736328125 1032.5517578125 466.84490966796875 936.2239379882812
1087.25537109375 705.5162963867188 1064.5804443359375 661.1483154296875
1230.3929443359375 681.3016357421875 1211.720947265625 657.9461669921875
1169.4390869140625 728.4013671875 1140.3126220703125 702.7900390625
1169.4390869140625 728.4013671875 1140.3126220703125 702.7900390625
1015.8661499023438 700.434814453125 994.025390625 645.656494140625
959.2913818359375 627.8934936523438 950.1829223632812 547.0977783203125
884.6689453125 801.1859741210938 846.6641845703125 741.723876953125
788.236572265625 870.8728637695312 742.0228271484375 804.33544921875
425.8565979003906 984.4650268554688 383.17724609375 869.787353515625
712.1343994140625 1022.7400512695312 651.3787841796875 956.0452270507812
991.63818359375 613.6583862304688 985.416259765625 533.4778442382812
425.66595458984375 808.1388549804688 392.50054931640625 673.474365234375
818.5484008789062 658.2178344726562 802.1561279296875 561.3965454101562
657.3624877929688 883.2490844726562 613.1166381835938 796.5215454101562
823.60791015625 598.7652587890625 815.0604248046875 488.4077453613281
1030.946533203125 653.1829223632812 1018.013671875 591.4830932617188
1178.177001953125 763.6419067382812 1141.3267822265625 745.8362426757812
1006.12548828125 975.1650390625 933.4910278320312 950.9940185546875
728.5712280273438 894.9795532226562 681.6119384765625 820.1708374023438
316.7386779785156 1011.2108154296875 277.6646423339844 880.3320922851562
663.5484008789062 573.9960327148438 650.9188842773438 427.6225891113281
642.5859985351562 592.4190063476562 628.4365234375 447.16204833984375
606.29443359375 722.1555786132812 578.0408935546875 602.3407592773438
1076.3153076171875 938.3209228515625 1008.5121459960938 921.8956298828125
1067.4962158203125 634.1615600585938 1059.3004150390625 573.4895629882812
649.6497192382812 894.25537109375 605.849365234375 808.0169677734375
426.8815612792969 935.9756469726562 387.6256103515625 818.7434692382812
443.3161315917969 718.8151245117188 412.0501708984375 570.2841186523438
593.7222900390625 1032.4344482421875 539.1212158203125 947.7843017578125
674.6272583007812 900.4442138671875 628.67236328125 819.005126953125
425.7964782714844 959.208251953125 383.69976806640625 843.1686401367188
954.73779296875 615.1703491210938 947.85791015625 530.8165893554688
583.4835205078125 624.7381591796875 563.4852905273438 476.56884765625
982.0414428710938 831.6679077148438 935.7900390625 791.937255859375
928.0405883789062 685.8509521484375 908.2318725585938 612.0317993164062
1052.778076171875 698.3626708984375 1030.711669921875 647.656005859375
488.109130859375 826.8630981445312 452.7942810058594 705.8369140625
1012.4124755859375 844.3223266601562 963.405517578125 809.7527465820312
468.07989501953125 710.4833374023438 439.10693359375 564.83837890625
183.55526733398438 970.334716796875 150.4759979248047 816.6552124023438
764.8345947265625 916.54833984375 713.3910522460938 851.1242065429688
391.4867248535156 1020.5549926757812 348.9818420410156 903.4713745117188
1034.01318359375 710.9349975585938 1009.5758666992188 660.3331909179688
400.35614013671875 973.248291015625 359.4916687011719 854.3761596679688
627.747314453125 583.8099975585938 612.7928466796875 434.105712890625
373.74169921875 984.1669921875 333.9085388183594 861.2378540039062
616.7944946289062 642.9021606445312 598.4341430664062 505.0290222167969
1067.947021484375 653.8570556640625 1055.10107421875 598.2932739257812
273.6059875488281 942.9308471679688 238.92674255371094 801.1759643554688
643.1174926757812 846.2008666992188 604.1546020507812 753.0100708007812
509.0019836425781 705.9226684570312 480.3813781738281 566.6747436523438
839.9269409179688 753.114501953125 811.9629516601562 678.8652954101562
939.0306396484375 717.7857055664062 914.1821899414062 652.9988403320312
985.4285888671875 632.771484375 975.9181518554688 556.3162841796875
235.51397705078125 938.3788452148438 201.1753692626953 789.9778442382812
388.19775390625 927.466552734375 349.24285888671875 802.3577880859375
233.65432739257812 930.2131958007812 197.00877380371094 782.1455078125
817.7568359375 926.1493530273438 763.2735595703125 870.01416015625
498.4756164550781 829.7968139648438 462.8319396972656 710.2205200195312
407.3074645996094 1002.3291625976562 363.7736511230469 887.3242797851562
578.0231323242188 734.5433349609375 547.8009643554688 613.3510131835938
1193.897216796875 870.4716796875 1132.2001953125 867.4637451171875
833.6719360351562 892.9422607421875 783.7127685546875 835.6689453125
383.6749267578125 967.4797973632812 343.49383544921875 844.1692504882812
940.9364013671875 620.03173828125 933.0691528320312 534.0673217773438
261.62640380859375 924.2703247070312 225.05722045898438 777.139404296875
545.5911254882812 753.5960083007812 514.0834350585938 629.35791015625
664.4188842773438 915.3024291992188 619.2540283203125 834.8124389648438
476.46142578125 687.1488037109375 447.8843688964844 537.8529052734375
1041.6805419921875 727.3788452148438 1014.0875244140625 680.9483642578125
1151.90478515625 1018.3330688476562 1062.9552001953125 1019.2828369140625
590.396484375 1012.4996337890625 537.293212890625 926.5057983398438
1163.948486328125 668.1145629882812 1149.4095458984375 630.5244750976562
455.8062438964844 714.2914428710938 425.86724853515625 567.1145629882812
538.5291748046875 1019.8192138671875 489.1531066894531 925.8818359375
643.55859375 906.363525390625 597.3475952148438 820.162841796875
674.6272583007812 900.4442138671875 628.67236328125 819.005126953125
1049.4649658203125 647.3739013671875 1037.5076904296875 586.4758911132812
633.095458984375 586.0725708007812 618.567626953125 437.52325439453125
1026.8277587890625 702.3089599609375 1003.5342407226562 648.663330078125
680.0870361328125 843.2513427734375 640.5717163085938 755.7366333007812
590.396484375 1012.4996337890625 537.293212890625 926.5057983398438
937.3648681640625 608.4286499023438 931.6409912109375 519.0439453125
370.31292724609375 828.43359375 335.5398254394531 687.5498046875
389.27783203125 786.9658813476562 354.6629943847656 643.2904663085938
1022.1530151367188 717.1820068359375 996.7136840820312 666.7385864257812
937.3648681640625 608.4286499023438 931.6409912109375 519.0439453125
1019.0391235351562 837.3848876953125 970.0464477539062 802.9647827148438
1157.7060546875 737.7214965820312 1127.58837890625 712.15380859375
303.8410339355469 918.8873291015625 267.73687744140625 779.1431884765625
1229.0841064453125 748.356689453125 1194.1627197265625 736.8695068359375
576.8582153320312 652.6124267578125 554.4637451171875 512.3546142578125
655.909912109375 865.58251953125 614.2882080078125 778.0093994140625
865.680419921875 619.72412109375 855.2577514648438 521.1340942382812
843.6240234375 608.6317749023438 834.9982299804688 503.308837890625
609.1597900390625 730.5194091796875 581.148193359375 612.6099243164062
458.7187194824219 733.3727416992188 428.0890808105469 590.6907958984375
1203.750732421875 755.5850219726562 1168.0970458984375 739.9190063476562
496.15771484375 695.775390625 470.075439453125 551.5068359375
850.435546875 598.0230102539062 843.423095703125 491.1822509765625
1076.3153076171875 938.3209228515625 1008.5121459960938 921.8956298828125
912.9090576171875 684.762451171875 892.257568359375 609.7977905273438
744.8334350585938 1021.5889892578125 681.3287353515625 959.004638671875
912.9090576171875 684.762451171875 892.257568359375 609.7977905273438
572.4935302734375 639.7352905273438 552.64990234375 494.5134582519531
722.6987915039062 1043.4212646484375 659.0550537109375 979.0345458984375
938.1222534179688 700.0123291015625 915.14453125 633.15380859375
1036.5537109375 703.7191772460938 1014.2099609375 652.2986450195312
1145.831298828125 736.2645263671875 1116.3482666015625 708.0684204101562
762.707275390625 1064.9979248046875 693.63232421875 1007.586669921875
1131.3765869140625 649.7134399414062 1121.1630859375 601.4779052734375
592.9031982421875 648.6668090820312 572.2921142578125 509.8218078613281
492.96954345703125 710.8016967773438 464.1804504394531 569.2994995117188
969.2997436523438 625.5482177734375 961.843994140625 545.8577880859375
1197.786376953125 650.743896484375 1186.342041015625 615.4949951171875
1080.6512451171875 660.6975708007812 1064.8194580078125 606.8491821289062
490.3594970703125 715.2614135742188 460.0802917480469 575.5411987304688
980.7186889648438 873.2637939453125 927.8876342773438 836.834228515625
373.74169921875 984.1669921875 333.9085388183594 861.2378540039062
468.07989501953125 710.4833374023438 439.10693359375 564.83837890625
523.73388671875 1007.5892944335938 474.2536315917969 908.6996459960938
821.9776611328125 879.5430908203125 774.3923950195312 819.6818237304688
946.5738525390625 627.57666015625 937.6321411132812 544.6697998046875
251.72117614746094 925.787353515625 218.23028564453125 777.150390625
938.989501953125 613.5560302734375 930.8926391601562 525.3543701171875
1186.2255859375 652.2509765625 1175.6142578125 614.5983276367188
663.7225952148438 857.2521362304688 621.66650390625 769.2774047851562
977.8397216796875 636.1337280273438 967.9046630859375 560.2379760742188
820.5442504882812 753.794677734375 789.3930053710938 675.7664184570312
790.493408203125 862.2599487304688 746.4607543945312 796.0630493164062
896.038330078125 775.0094604492188 861.4178466796875 712.9901123046875
566.3668212890625 1021.7921752929688 513.4025268554688 932.2317504882812
971.8194580078125 860.3545532226562 920.5238037109375 821.7675170898438
500.9559020996094 714.2015380859375 471.7303161621094 574.1649780273438
509.0019836425781 705.9226684570312 480.3813781738281 566.6747436523438
830.1859741210938 807.4808349609375 790.6266479492188 739.2567749023438
1293.7806396484375 811.8706665039062 1242.7989501953125 822.1240234375
940.9364013671875 620.03173828125 933.0691528320312 534.0673217773438
359.7915344238281 802.1435546875 324.5690002441406 656.1045532226562
1033.5615234375 718.1968383789062 1007.6023559570312 668.85595703125
1076.219482421875 716.9927978515625 1051.5390625 674.8778686523438
377.4776916503906 807.259765625 345.5634765625 663.6699829101562
941.3321533203125 691.3841552734375 920.7351684570312 620.9613647460938
654.9581298828125 589.3030395507812 641.1658935546875 445.6621398925781
617.1585693359375 749.1634521484375 587.3284912109375 636.06005859375
617.1585693359375 749.1634521484375 587.3284912109375 636.06005859375
884.2919921875 649.0797119140625 870.2234497070312 560.5386352539062
1081.4923095703125 650.392578125 1070.2867431640625 595.37255859375
1033.5615234375 718.1968383789062 1007.6023559570312 668.85595703125
976.3466796875 630.1046752929688 967.9950561523438 553.1189575195312
1176.5147705078125 660.2388305664062 1163.8201904296875 623.2312622070312
1095.2235107421875 646.1150512695312 1084.635498046875 592.2282104492188
788.236572265625 870.8728637695312 742.0228271484375 804.33544921875
609.1597900390625 730.5194091796875 581.148193359375 612.6099243164062
837.081787109375 774.6444702148438 802.775146484375 702.9115600585938
522.6854858398438 1051.4083251953125 469.3160400390625 955.6468505859375
525.4819946289062 926.15771484375 481.574951171875 820.5162353515625
1193.897216796875 870.4716796875 1132.2001953125 867.4637451171875
701.136474609375 958.90966796875 647.452880859375 889.096923828125
466.5248107910156 725.4110717773438 437.1596374511719 582.1547241210938
812.0289306640625 693.4710083007812 787.0860595703125 601.8335571289062
825.138427734375 914.3787231445312 771.5232543945312 858.2631225585938
246.91355895996094 939.8562622070312 212.80580139160156 793.7227783203125
859.3430786132812 613.8603515625 851.4409790039062 511.5425109863281
