1137.3980712890625 849.2996215820312 702.829833984375 1028.773681640625
1133.45068359375 881.3388671875 668.16064453125 1000.9038696289062
1136.280517578125 859.779296875 691.173828125 1019.2453002929688
1126.039306640625 839.2853393554688 725.6015625 1023.2252807617188
1123.6163330078125 857.7763671875 703.7805786132812 1005.84033203125
1175.2718505859375 913.1630249023438 602.7461547851562 1021.8572998046875
1132.36181640625 899.4100952148438 651.7014770507812 987.9483032226562
1020.2269897460938 826.8055419921875 816.189697265625 914.3380126953125
1007.7250366210938 824.4712524414062 826.6721801757812 904.0089111328125
1007.7250366210938 824.4712524414062 826.6721801757812 904.0089111328125
1047.916748046875 856.4176025390625 761.7109985351562 927.0418701171875
1146.6478271484375 908.40625 629.4969482421875 997.5061645507812
1147.2672119140625 893.9744262695312 643.6467895507812 1006.7662353515625
1004.5750732421875 839.3660278320312 809.8668212890625 895.3622436523438
1033.30419921875 879.1015625 743.6876220703125 901.5436401367188
1133.45068359375 881.3388671875 668.16064453125 1000.9038696289062
1019.0391235351562 837.3848876953125 803.1514282226562 907.6093139648438
1169.7919921875 1005.7284545898438 527.8585205078125 964.8455810546875
1019.0391235351562 837.3848876953125 803.1514282226562 907.6093139648438
1161.9071044921875 891.7250366210938 633.7474975585938 1024.3602294921875
980.7186889648438 873.2637939453125 783.0018920898438 858.7498168945312
1015.6734619140625 864.5343627929688 774.8756713867188 892.7489013671875
983.9005737304688 962.4752807617188 692.0104370117188 832.8704833984375
1153.1943359375 844.72802734375 697.3563232421875 1052.5963134765625
1031.4681396484375 840.1632080078125 792.3233642578125 918.7584228515625
1154.2623291015625 1007.5990600585938 539.8709716796875 947.9583129882812
981.8751831054688 862.5004272460938 794.6367797851562 863.8153686523438
981.8751831054688 862.5004272460938 794.6367797851562 863.8153686523438
1147.951171875 1031.1632080078125 528.2303466796875 933.2996826171875
