979.1152954101562 881.5071411132812 816.974853515625 995.0653076171875
959.684814453125 856.1072998046875 840.1732177734375 962.47509765625
926.5482788085938 994.180419921875 673.7392578125 1008.320556640625
918.8135986328125 1024.2152099609375 640.5762939453125 1016.7891235351562
912.2394409179688 1005.059326171875 656.4470825195312 1003.3167724609375
954.3090209960938 1017.4302368164062 655.1484375 1044.440673828125
997.1680908203125 852.3877563476562 863.8164672851562 995.9954833984375
926.5482788085938 994.180419921875 673.7392578125 1008.320556640625
983.9005737304688 962.4752807617188 723.7092895507812 1045.4295654296875
957.989013671875 1001.2565307617188 673.466796875 1040.7928466796875
825.138427734375 914.3787231445312 731.3431396484375 879.4151000976562
992.2592163085938 832.9332885742188 887.9996337890625 978.4299926757812
926.374267578125 699.97216796875 1038.2978515625 828.8757934570312
1004.5750732421875 839.3660278320312 886.7459106445312 996.377685546875
1078.126953125 725.2453002929688 1099.731689453125 1003.3888549804688
1049.4649658203125 647.3739013671875 1213.474853515625 914.9313354492188
1031.4681396484375 840.1632080078125 896.1732177734375 1023.7736206054688
926.374267578125 699.97216796875 1038.2978515625 828.8757934570312
821.9776611328125 879.5430908203125 769.061279296875 858.8222045898438
815.2383422851562 909.6873779296875 731.1397094726562 872.3634643554688
820.5442504882812 753.794677734375 912.1998291015625 779.1305541992188
805.3775634765625 888.6295776367188 756.3339233398438 848.2996215820312
