1161.2041015625 723.9756469726562 1249.1097412109375 857.94775390625
1044.0731201171875 895.0845947265625 1008.9459838867188 1028.1834716796875
1036.2440185546875 862.7152099609375 1020.1524658203125 985.215087890625
1044.0731201171875 895.0845947265625 1008.9459838867188 1028.1834716796875
1190.9354248046875 718.7935791015625 1291.38671875 862.1151733398438
1033.30419921875 879.1015625 1006.1524658203125 1003.5545043945312
1188.187744140625 658.5101928710938 1324.1455078125 782.830078125
1007.7250366210938 824.4712524414062 1012.684326171875 928.6206665039062
736.0194702148438 867.23095703125 729.0314331054688 888.1090698242188
959.684814453125 856.1072998046875 944.6116333007812 949.415283203125
1126.039306640625 839.2853393554688 1137.3763427734375 990.8563232421875
1012.4124755859375 844.3223266601562 1006.239013671875 953.2040405273438
1123.6163330078125 857.7763671875 1123.3681640625 1013.1482543945312
1190.9354248046875 718.7935791015625 1291.38671875 862.1151733398438
909.0380859375 764.3572998046875 943.107666015625 824.3706665039062
997.1680908203125 852.3877563476562 985.1375732421875 957.2766723632812
989.2860107421875 877.9122314453125 962.9725341796875 985.3427734375
909.0380859375 764.3572998046875 943.107666015625 824.3706665039062
1178.177001953125 763.6419067382812 1247.8914794921875 916.2884521484375
1136.280517578125 859.779296875 1136.8505859375 1022.0027465820312
1155.7572021484375 749.7184448242188 1227.7545166015625 889.8139038085938
1012.4124755859375 844.3223266601562 1006.239013671875 953.2040405273438
1001.7078247070312 831.0732421875 1002.2960815429688 934.1464233398438
1178.3642578125 732.6765747070312 1267.44091796875 876.16552734375
1168.97021484375 755.7617797851562 1240.193359375 902.0200805664062
1020.2269897460938 826.8055419921875 1023.5250244140625 935.0036010742188
1216.810546875 747.272705078125 1307.9075927734375 909.0771484375
1034.01318359375 710.9349975585938 1105.236572265625 800.2815551757812
1215.2584228515625 731.64013671875 1316.2587890625 887.9658203125
1020.2269897460938 826.8055419921875 1023.5250244140625 935.0036010742188
946.033447265625 682.906005859375 1025.562744140625 742.1033325195312
1153.1943359375 844.72802734375 1166.0001220703125 1008.7705688476562
1069.429443359375 622.1503295898438 1197.183349609375 701.6203002929688
1133.45068359375 881.3388671875 1120.5179443359375 1048.365478515625
1176.5147705078125 660.2388305664062 1308.6917724609375 781.7007446289062
1069.8602294921875 704.7354125976562 1150.638671875 802.9052124023438
761.192138671875 872.1860961914062 749.8928833007812 900.8946533203125
950.16259765625 609.7982177734375 1070.2451171875 658.651123046875
945.5260620117188 723.8836059570312 1001.9268188476562 789.6661376953125
1155.7275390625 729.6939086914062 1239.4256591796875 863.7705688476562
979.1152954101562 881.5071411132812 949.5490112304688 987.4773559570312
945.5260620117188 723.8836059570312 1001.9268188476562 789.6661376953125
1219.751953125 725.0791625976562 1325.7958984375 880.5225219726562
1036.2440185546875 862.7152099609375 1020.1524658203125 985.215087890625
1034.01318359375 710.9349975585938 1105.236572265625 800.2815551757812
1229.0841064453125 748.356689453125 1321.557373046875 917.509521484375
1215.2584228515625 731.64013671875 1316.2587890625 887.9658203125
1206.5716552734375 766.5656127929688 1284.255126953125 931.4310302734375
821.348876953125 855.7213745117188 812.7158813476562 902.1165161132812
883.05517578125 700.34619140625 952.7254638671875 746.9923095703125
1069.8602294921875 704.7354125976562 1150.638671875 802.9052124023438
852.01611328125 881.6236572265625 825.563720703125 939.9259033203125
1015.8661499023438 700.434814453125 1092.071044921875 781.9669799804688
1216.810546875 747.272705078125 1307.9075927734375 909.0771484375
896.038330078125 775.0094604492188 925.4014282226562 834.0484619140625
945.5867919921875 638.0463256835938 1048.6636962890625 689.8875122070312
1030.946533203125 653.1829223632812 1134.604736328125 731.2769165039062
1208.6834716796875 643.029541015625 1362.2767333984375 769.049072265625
1022.1530151367188 717.1820068359375 1090.2227783203125 803.4049682617188
852.01611328125 881.6236572265625 825.563720703125 939.9259033203125
902.50830078125 677.5244750976562 986.2024536132812 725.1047973632812
1165.3228759765625 858.8244018554688 1173.761474609375 1031.5982666015625
981.8738403320312 622.3237915039062 1097.33447265625 680.4633178710938
1033.30419921875 879.1015625 1006.1524658203125 1003.5545043945312
858.0877685546875 896.5081176757812 824.0318603515625 958.0300903320312
841.204833984375 926.7586059570312 792.5717163085938 985.899658203125
992.2592163085938 832.9332885742188 991.596923828125 931.4788818359375
1063.969482421875 730.3945922851562 1127.84228515625 833.29248046875
977.8397216796875 636.1337280273438 1085.620849609375 695.8513793945312
821.9776611328125 879.5430908203125 801.6032104492188 927.0635986328125
1041.837158203125 719.56103515625 1109.3585205078125 813.4833374023438
1188.187744140625 658.5101928710938 1324.1455078125 782.830078125
1022.2684936523438 710.0330810546875 1093.6865234375 794.7782592773438
1078.126953125 725.2453002929688 1147.468505859375 831.6560668945312
1168.97021484375 755.7617797851562 1240.193359375 902.0200805664062
895.3947143554688 804.9178466796875 908.5111694335938 867.35791015625
926.374267578125 699.97216796875 995.705078125 757.1978149414062
1133.45068359375 881.3388671875 1120.5179443359375 1048.365478515625
1032.0184326171875 780.2886352539062 1062.5977783203125 883.6771240234375
842.41015625 672.2354736328125 928.7852172851562 703.3762817382812
952.60546875 638.5265502929688 1058.1956787109375 693.3001708984375
897.499755859375 717.6087646484375 957.295654296875 770.7146606445312
910.899658203125 711.5415649414062 973.8914184570312 767.3960571289062
1078.126953125 725.2453002929688 1147.468505859375 831.6560668945312
604.7863159179688 1016.4573364257812 557.4595336914062 1001.265625
1229.377685546875 720.8853759765625 1340.9422607421875 878.705322265625
1031.4681396484375 840.1632080078125 1029.26904296875 954.581787109375
1078.9306640625 742.7417602539062 1138.5869140625 853.3851318359375
604.7863159179688 1016.4573364257812 557.4595336914062 1001.265625
817.9647216796875 894.1209106445312 789.9559936523438 942.3948974609375
866.2660522460938 816.0922241210938 874.32861328125 872.3510131835938
881.261962890625 810.4808959960938 892.02490234375 869.95556640625
1067.947021484375 653.8570556640625 1177.917236328125 742.8396606445312
915.7310791015625 705.7130737304688 982.2399291992188 760.4561767578125
919.0724487304688 686.735107421875 996.0476684570312 740.1639404296875
1169.4390869140625 728.4013671875 1256.8524169921875 866.947998046875
788.236572265625 870.8728637695312 775.49658203125 907.8495483398438
1163.948486328125 668.1145629882812 1287.75537109375 787.5625
821.9776611328125 879.5430908203125 801.6032104492188 927.0635986328125
1149.130859375 862.850341796875 1149.8516845703125 1031.75244140625
1046.1365966796875 712.6585083007812 1117.9342041015625 806.3336791992188
1049.4649658203125 647.3739013671875 1158.6910400390625 728.4501953125
378.1123962402344 948.1921997070312 437.4009704589844 870.4727783203125
1145.831298828125 736.2645263671875 1223.8902587890625 867.6077270507812
1219.751953125 725.0791625976562 1325.7958984375 880.5225219726562
1186.2255859375 652.2509765625 1326.3421630859375 773.9517211914062
1045.94140625 740.1259155273438 1099.970458984375 839.2031860351562
1091.6778564453125 651.7939453125 1207.451904296875 745.5382690429688
870.1491088867188 805.9547729492188 883.2835693359375 861.9387817382812
1033.5615234375 718.1968383789062 1100.611083984375 808.7927856445312
1199.3619384765625 638.5250244140625 1349.59521484375 759.0485229492188
827.320556640625 618.0025634765625 942.2079467773438 642.3978271484375
763.1465454101562 863.0287475585938 755.5781860351562 891.6348266601562
971.8194580078125 860.3545532226562 953.6685791015625 957.6793823242188
839.8916625976562 598.6228637695312 964.0899658203125 622.8869018554688
856.8969116210938 592.0092163085938 986.1552734375 619.200927734375
1041.6805419921875 727.3788452148438 1104.31396484375 822.5634765625
939.0306396484375 717.7857055664062 1000.01513671875 780.9381103515625
1049.4649658203125 647.3739013671875 1158.6910400390625 728.4501953125
1155.7275390625 729.6939086914062 1239.4256591796875 863.7705688476562
788.236572265625 870.8728637695312 775.49658203125 907.8495483398438
939.0306396484375 717.7857055664062 1000.01513671875 780.9381103515625
834.6950073242188 685.245849609375 915.32861328125 716.1697387695312
633.9736328125 855.1756591796875 657.2588500976562 847.7252807617188
910.899658203125 711.5415649414062 973.8914184570312 767.3960571289062
828.222412109375 901.3262939453125 793.3543701171875 955.8844604492188
1178.3642578125 732.6765747070312 1267.44091796875 876.16552734375
870.772216796875 596.6840209960938 997.4248657226562 627.227294921875
950.16259765625 609.7982177734375 1070.2451171875 658.651123046875
1015.6734619140625 864.5343627929688 994.7106323242188 980.3554077148438
926.374267578125 699.97216796875 995.705078125 757.1978149414062
893.7567138671875 696.7243041992188 965.734130859375 745.0067749023438
805.3775634765625 888.6295776367188 781.5858154296875 929.5195922851562
928.0405883789062 685.8509521484375 1005.5393676757812 740.252197265625
1092.5765380859375 658.1846923828125 1203.7933349609375 753.2996826171875
1080.6512451171875 660.6975708007812 1187.901123046875 752.8030395507812
1076.219482421875 716.9927978515625 1148.9395751953125 822.2277221679688
1033.5615234375 718.1968383789062 1100.611083984375 808.7927856445312
1052.76953125 723.8982543945312 1120.0244140625 822.2550659179688
928.682373046875 620.9750366210938 1042.078125 668.3821411132812
981.8751831054688 862.5004272460938 963.8095092773438 964.4685668945312
941.3321533203125 691.3841552734375 1017.3211059570312 749.9285888671875
888.0918579101562 710.6112060546875 952.390625 758.9840087890625
771.4935913085938 887.0197143554688 751.7552490234375 921.3087768554688
1047.916748046875 856.4176025390625 1034.671630859375 984.4425048828125
902.50830078125 677.5244750976562 986.2024536132812 725.1047973632812
1057.7691650390625 635.0980224609375 1175.1622314453125 714.9148559570312
955.93212890625 633.7023315429688 1063.5484619140625 688.2997436523438
805.3775634765625 888.6295776367188 781.5858154296875 929.5195922851562
999.509765625 669.9332275390625 1094.057373046875 739.8605346679688
1095.2235107421875 646.1150512695312 1214.17431640625 739.0490112304688
899.7583618164062 690.748291015625 973.869873046875 739.4362182617188
938.1222534179688 700.0123291015625 1007.4032592773438 761.950927734375
1026.8277587890625 702.3089599609375 1101.86474609375 787.5778198242188
838.2521362304688 765.9962768554688 876.6964721679688 807.8365478515625
981.8751831054688 862.5004272460938 963.8095092773438 964.4685668945312
1218.7667236328125 665.5855712890625 1362.6976318359375 803.343994140625
1070.278564453125 630.119384765625 1193.6500244140625 712.3648071289062
664.4188842773438 915.3024291992188 651.1875610351562 917.689697265625
378.3475646972656 839.9044189453125 483.38385009765625 770.0714721679688
959.2913818359375 627.8934936523438 1069.814697265625 681.9930419921875
666.3938598632812 863.70361328125 678.68017578125 864.4407348632812
696.2864379882812 880.7243041992188 694.619873046875 888.8297729492188
1081.4923095703125 650.392578125 1195.3375244140625 740.5880126953125
831.5694580078125 596.2096557617188 957.9854125976562 619.1919555664062
812.2246704101562 873.9257202148438 796.5087890625 919.9020385742188
498.5072021484375 849.6609497070312 561.2161254882812 807.8568725585938
939.8745727539062 628.2232666015625 1048.049072265625 678.0333862304688
836.4462280273438 838.4541015625 838.423095703125 888.8408203125
498.5072021484375 849.6609497070312 561.2161254882812 807.8568725585938
409.8189697265625 959.9092407226562 454.3865661621094 890.3361206054688
820.5442504882812 753.794677734375 865.2509155273438 787.6161499023438
827.149169921875 771.763671875 863.3870239257812 811.2662353515625
1084.49853515625 633.846923828125 1209.9945068359375 721.41552734375
790.493408203125 862.2599487304688 781.9134521484375 899.5480346679688
833.6719360351562 892.9422607421875 806.5160522460938 946.09912109375
1178.701416015625 870.6123046875 1182.299072265625 1053.4140625
224.96958923339844 943.9049682617188 347.5052490234375 831.432861328125
