75.36577606201172
77.82030487060547
79.63667297363281
80.96295166015625
84.61678314208984
85.91275024414062
86.53323364257812
91.0384521484375
95.21029663085938
95.59288787841797
95.61380767822266
96.22370147705078
97.6166000366211
97.89790344238281
97.98469543457031
99.83987426757812
101.90191650390625
101.9362564086914
102.04901123046875
103.57122802734375
103.77379608154297
106.55984497070312
107.61505126953125
107.72650909423828
108.16191864013672
108.46197509765625
108.7336196899414
109.01834869384766
110.27239227294922
111.18453216552734
111.2968978881836
112.06248474121094
112.85831451416016
112.9513168334961
114.21470642089844
114.76497650146484
114.93476104736328
115.36463928222656
115.46861267089844
116.97863006591797
117.60527038574219
118.13551330566406
118.75605010986328
118.8864974975586
119.72468566894531
120.39102935791016
121.15279388427734
121.8031234741211
122.40506744384766
122.6825180053711
122.78028869628906
123.90319061279297
124.49899291992188
124.87994384765625
125.32357788085938
125.35150909423828
125.3554916381836
125.68213653564453
125.7934799194336
126.1784439086914
126.72411346435547
127.57743072509766
127.64403533935547
128.7711181640625
129.7536163330078
129.76902770996094
131.30117797851562
131.8446044921875
132.23086547851562
132.6009063720703
132.88717651367188
133.55148315429688
134.49534606933594
134.93331909179688
135.16287231445312
135.7387237548828
135.79396057128906
136.066162109375
136.13229370117188
136.80642700195312
137.05838012695312
137.32443237304688
137.36083984375
138.1158905029297
138.79481506347656
138.8272247314453
139.24798583984375
139.3448944091797
140.52401733398438
140.7124786376953
140.9184112548828
140.96453857421875
141.12405395507812
141.53445434570312
142.32357788085938
142.75503540039062
142.9090576171875
143.01048278808594
143.24803161621094
143.8610382080078
144.079833984375
144.12147521972656
144.15269470214844
144.46798706054688
145.11375427246094
145.5369415283203
146.48548889160156
147.16317749023438
147.39402770996094
147.84112548828125
148.5126190185547
148.80860900878906
148.83212280273438
149.17774963378906
149.25146484375
149.46237182617188
149.51254272460938
149.8599395751953
150.4559783935547
150.64195251464844
150.88075256347656
152.941162109375
153.34927368164062
153.8115692138672
153.85057067871094
154.0746612548828
154.7223358154297
155.0032196044922
155.10963439941406
157.0955047607422
157.64199829101562
157.83853149414062
158.26559448242188
158.64109802246094
158.91192626953125
159.02830505371094
159.2011260986328
159.3455352783203
159.4208221435547
159.53683471679688
159.57443237304688
159.7623291015625
160.09371948242188
160.44313049316406
160.8601837158203
160.944091796875
160.96583557128906
161.5332794189453
162.17274475097656
162.79127502441406
163.04293823242188
163.3125762939453
163.54510498046875
163.7345428466797
163.8139190673828
163.90545654296875
163.96340942382812
165.39649963378906
165.50225830078125
165.56268310546875
165.614013671875
165.6864471435547
165.8463134765625
166.42115783691406
166.42115783691406
166.68833923339844
166.7812957763672
167.25430297851562
167.6782684326172
167.72596740722656
167.7706756591797
168.25279235839844
168.7187042236328
168.83424377441406
169.01478576660156
169.0591583251953
169.076904296875
169.41073608398438
169.4402618408203
169.64669799804688
169.93528747558594
170.88299560546875
171.44677734375
172.02035522460938
172.03196716308594
172.7049560546875
172.98265075683594
174.3731689453125
174.3874969482422
174.57090759277344
175.88917541503906
176.42562866210938
177.33865356445312
178.15443420410156
178.21334838867188
178.71485900878906
179.0614471435547
179.10610961914062
180.02777099609375
180.1388397216797
180.35797119140625
181.0662841796875
181.40838623046875
181.45797729492188
182.1757354736328
182.27452087402344
182.41709899902344
183.25392150878906
184.04347229003906
185.10537719726562
185.91664123535156
186.2659454345703
186.38133239746094
186.7752685546875
186.88499450683594
187.2965545654297
188.41973876953125
188.52586364746094
188.87033081054688
189.44920349121094
191.7133331298828
192.8911590576172
195.28440856933594
195.88772583007812
196.81716918945312
196.92384338378906
197.5424041748047
197.81304931640625
198.76870727539062
199.6271514892578
199.96249389648438
200.14744567871094
200.6638946533203
200.67385864257812
201.1268310546875
201.34547424316406
201.36036682128906
201.6283721923828
201.67796325683594
202.242431640625
205.19015502929688
205.19259643554688
208.12255859375
208.14898681640625
208.33627319335938
209.0334930419922
212.6734619140625
212.92721557617188
214.04205322265625
214.33851623535156
215.8124237060547
215.83790588378906
215.99537658691406
216.20361328125
218.4170379638672
221.4949188232422
221.5513458251953
222.31959533691406
225.34417724609375
227.3741455078125
229.58441162109375
229.63230895996094
230.154296875
230.1825408935547
230.91990661621094
233.1458740234375
234.2477264404297
235.3592987060547
242.31797790527344
247.97177124023438
