94.13288116455078
116.67047882080078
129.5646514892578
139.3197784423828
143.09786987304688
147.60081481933594
149.10398864746094
156.5535125732422
156.94265747070312
158.1107177734375
166.2167205810547
167.07183837890625
172.1540069580078
175.288330078125
176.03408813476562
178.2329864501953
182.35679626464844
187.22445678710938
197.1927947998047
198.47166442871094
199.85244750976562
202.815185546875
204.81454467773438
209.11241149902344
210.959716796875
211.22262573242188
211.64830017089844
213.51345825195312
214.1471405029297
217.08523559570312
217.1520233154297
219.91134643554688
221.98423767089844
226.49282836914062
230.42135620117188
230.81378173828125
236.5058135986328
239.24464416503906
241.7953643798828
250.32179260253906
264.06439208984375
