1238.6517333984375 915.0070190429688 468.03118896484375 918.5328979492188
1195.3448486328125 854.9614868164062 552.4963989257812 935.7694702148438
1229.1385498046875 898.559326171875 488.0704650878906 923.9403686523438
1238.6517333984375 915.0070190429688 468.03118896484375 918.5328979492188
1200.0069580078125 936.5003662109375 478.6938171386719 875.8948364257812
1159.2213134765625 911.009765625 526.972900390625 864.1782836914062
1209.3043212890625 893.8408813476562 505.9096984863281 913.1864013671875
1252.252685546875 913.2518310546875 459.57757568359375 931.0126953125
1198.63818359375 878.4945678710938 527.5855712890625 917.3336791992188
1220.548828125 935.039306640625 465.66839599609375 891.1589965820312
1233.4169921875 879.2713012695312 500.4288330078125 944.8095703125
1237.470947265625 904.5034790039062 477.3209533691406 925.4100952148438
1157.8162841796875 885.5564575195312 550.1752319335938 880.53125
1196.3067626953125 912.6832885742188 499.16949462890625 889.1965942382812
1200.3690185546875 870.0145874023438 535.097900390625 926.0394897460938
1145.43994140625 900.7476806640625 545.659912109375 861.3910522460938
1186.296875 921.98486328125 498.9969787597656 875.648193359375
1365.0992431640625 941.8983764648438 352.8541564941406 994.2189331054688
1116.329345703125 1024.76171875 471.76202392578125 779.9170532226562
1197.987548828125 901.4486694335938 507.6424865722656 898.8728637695312
1216.1123046875 866.9509887695312 524.8603515625 942.0036010742188
1161.591796875 899.814208984375 535.1539306640625 873.04833984375
1099.9373779296875 995.452392578125 500.5724182128906 784.1795043945312
1387.4022216796875 947.7944946289062 332.094970703125 1004.5185546875
1204.2908935546875 918.9646606445312 488.7180480957031 890.8765258789062
1197.987548828125 901.4486694335938 507.6424865722656 898.8728637695312
1172.403076171875 882.1384887695312 543.7428588867188 894.2659912109375
1365.5994873046875 955.0349731445312 342.9306335449219 981.3825073242188
1347.819580078125 982.15771484375 343.9715881347656 945.5377197265625
1157.8162841796875 885.5564575195312 550.1752319335938 880.53125
1069.2801513671875 1003.6934204101562 510.4163818359375 764.065673828125
1172.41162109375 891.5516357421875 534.9205932617188 887.1610717773438
1370.3369140625 996.4156494140625 321.94110107421875 949.8120727539062
1237.470947265625 904.5034790039062 477.3209533691406 925.4100952148438
1076.82763671875 1026.2266845703125 493.4582824707031 759.144287109375
1077.8883056640625 989.5248413085938 515.5120239257812 776.0767822265625
1180.96728515625 877.7061767578125 541.8045043945312 904.6616821289062
1093.6982421875 970.301025390625 519.1500854492188 789.8994140625
1403.1466064453125 966.8858642578125 308.96392822265625 999.2748413085938
1112.5087890625 1008.1145629882812 483.10968017578125 785.185546875
1077.8883056640625 989.5248413085938 515.5120239257812 776.0767822265625
1085.3818359375 1012.888916015625 498.0267639160156 768.2262573242188
1058.26513671875 1016.1821899414062 508.7951354980469 753.5647583007812
1232.5782470703125 791.8889770507812 598.11376953125 1040.884521484375
1190.3743896484375 889.6691284179688 522.74072265625 901.9544677734375
1460.9822998046875 995.6290283203125 254.66563415527344 1017.0781860351562
1145.697998046875 737.3614501953125 759.1331787109375 1021.5281372070312
