109.29318237304688
123.47469329833984
124.36639404296875
139.62091064453125
141.24801635742188
149.11404418945312
151.22830200195312
153.3557891845703
155.99359130859375
158.88674926757812
161.26686096191406
163.2880859375
163.70706176757812
163.8780059814453
166.20770263671875
171.2074737548828
171.71197509765625
172.95663452148438
173.4300994873047
173.79010009765625
174.1551055908203
174.97999572753906
178.4376678466797
185.19448852539062
185.54513549804688
187.61929321289062
189.0370330810547
189.6338653564453
190.9450225830078
192.304443359375
192.53570556640625
193.6956329345703
193.793701171875
194.81272888183594
195.49168395996094
196.31861877441406
198.36582946777344
201.2262420654297
203.52149963378906
207.7594757080078
208.24264526367188
210.7083282470703
213.76856994628906
219.30116271972656
223.8101806640625
224.5016632080078
238.29603576660156
244.64259338378906
245.13058471679688
250.56336975097656
258.97491455078125
