55.51576232910156
58.094749450683594
64.637451171875
66.06057739257812
66.16645812988281
66.83561706542969
67.43885803222656
67.93379211425781
67.9705810546875
70.25667572021484
71.49125671386719
72.80110168457031
74.06753540039062
75.47847747802734
76.20367431640625
76.4656753540039
76.80494689941406
77.22046661376953
77.3110580444336
77.76245880126953
78.23043060302734
78.32624053955078
79.39773559570312
79.85611724853516
79.96249389648438
80.11865997314453
82.90959167480469
83.02409362792969
83.68990325927734
84.45709228515625
84.61678314208984
84.62268829345703
84.90583038330078
85.60958099365234
85.6971435546875
85.8952865600586
86.39444732666016
86.51011657714844
86.87922668457031
87.3670425415039
87.61278533935547
88.07950592041016
88.3345947265625
89.20201873779297
90.16096496582031
90.2884292602539
90.94503784179688
90.98351287841797
91.032958984375
91.34549713134766
91.59148406982422
92.260498046875
92.44998931884766
92.7469711303711
93.25770568847656
93.92018127441406
94.23374938964844
94.57801055908203
94.9578857421875
95.03683471679688
95.04735565185547
95.21554565429688
95.38867950439453
95.42536163330078
95.6765365600586
95.9374771118164
96.13011932373047
96.35870361328125
96.54532623291016
96.72125244140625
96.7780990600586
97.14936828613281
97.16995239257812
97.30364990234375
97.38069915771484
97.62683868408203
97.7138671875
97.77525329589844
97.8519287109375
97.8927993774414
98.24459075927734
98.3208999633789
98.36157989501953
98.43779754638672
98.47334289550781
98.59513092041016
99.13626861572266
99.45853424072266
100.28958129882812
100.30453491210938
100.78690338134766
101.0197982788086
101.04949188232422
101.4889144897461
101.76443481445312
101.7791748046875
101.7791748046875
102.05880737304688
102.08329772949219
102.31324768066406
102.35233306884766
102.44998931884766
102.57679748535156
102.59142303466797
102.81536865234375
103.01941680908203
103.1843032836914
103.29569244384766
103.74970245361328
103.79306030273438
103.88455200195312
104.07689666748047
104.19692993164062
104.6661376953125
104.98094940185547
105.07140350341797
105.2425765991211
105.25682830810547
105.32331085205078
105.35179138183594
105.37077331542969
105.76861572265625
105.92449951171875
105.95281982421875
106.07073211669922
106.19322204589844
107.0
107.09808349609375
107.45697021484375
107.65221405029297
107.77291107177734
107.9259033203125
108.46658325195312
108.60478973388672
108.62319946289062
108.84851837158203
109.69503021240234
109.79981994628906
109.91815185546875
110.54410552978516
111.48542785644531
111.50785064697266
111.76314544677734
112.03570556640625
112.12493133544922
112.61438751220703
112.72976684570312
112.87603759765625
112.89375305175781
112.95574188232422
113.0398178100586
113.0707778930664
113.11056518554688
113.30931091308594
113.53413391113281
113.56495666503906
113.65737915039062
114.09645080566406
114.1095962524414
114.28910827636719
114.31098175048828
114.36345672607422
114.69088745117188
114.78675842285156
114.85208129882812
114.97390747070312
115.01304626464844
115.09127044677734
115.09127044677734
115.12601470947266
115.14338684082031
115.22152709960938
115.22152709960938
115.26057434082031
115.60276794433594
115.76268768310547
115.81450653076172
115.90513610839844
116.9487075805664
117.08970642089844
117.43508911132812
117.49893951416016
117.54573822021484
117.66053009033203
117.67752838134766
117.98304748535156
118.00847625732422
118.25396728515625
118.62545776367188
119.07980346679688
119.15955352783203
119.2182846069336
119.24764251708984
119.44873046875
119.79566192626953
119.94998931884766
119.97916412353516
120.03749084472656
120.07081604003906
120.63166809082031
120.74767303466797
120.78079223632812
120.91319274902344
121.20230865478516
121.23530578613281
121.3507308959961
121.36309051513672
121.51543426513672
122.15154266357422
122.16791534423828
122.43773651123047
122.45407104492188
122.71511840820312
122.97154235839844
123.1787338256836
124.05644226074219
124.36237335205078
124.36237335205078
124.76778411865234
125.65030670166016
125.65030670166016
125.70600891113281
126.03173828125
126.11502838134766
126.11502838134766
126.70438385009766
126.91729736328125
127.60093688964844
128.07809448242188
128.36276245117188
128.54571533203125
128.60792541503906
128.60792541503906
128.6701202392578
128.74392700195312
128.9185791015625
129.2207489013672
129.27490234375
129.4179229736328
129.49517822265625
129.86146545410156
130.14222717285156
130.92745971679688
131.1754608154297
131.49143981933594
131.65484619140625
131.68902587890625
131.69662475585938
131.8635711669922
132.46131896972656
132.46131896972656
132.8495330810547
132.88340759277344
133.40914916992188
133.760986328125
134.10816955566406
134.17898559570312
134.26466369628906
134.40237426757812
134.43585205078125
134.94073486328125
135.09255981445312
135.71661376953125
135.73135375976562
135.7608184814453
135.9521942138672
136.05880737304688
136.2204132080078
136.44412231445312
136.7991180419922
136.94525146484375
136.95985412597656
136.98904418945312
137.06202697753906
137.1969451904297
137.2843780517578
137.50999450683594
137.86224365234375
138.01449584960938
138.03260803222656
138.41964721679688
138.59292602539062
138.6434326171875
138.8992462158203
138.9496307373047
138.9496307373047
139.3592529296875
139.90353393554688
140.44215393066406
140.6058349609375
140.6627197265625
140.92196655273438
140.97872924804688
141.11697387695312
141.16302490234375
141.2904815673828
141.55564880371094
141.90489196777344
142.50262451171875
142.8250732421875
142.8950653076172
143.16773986816406
143.24105834960938
143.39456176757812
143.4956512451172
143.69064331054688
143.79847717285156
143.95484924316406
143.96527099609375
144.12147521972656
144.15963745117188
144.30523681640625
144.3468017578125
144.38143920898438
144.71005249023438
145.68458557128906
145.71890258789062
146.05136108398438
146.27371215820312
146.5298614501953
146.5912628173828
146.87069702148438
147.19375610351562
147.76332092285156
148.31385803222656
148.45201110839844
148.4722137451172
149.1743927001953
149.31175231933594
149.4590301513672
149.46905517578125
149.51922607421875
149.6963653564453
150.48255920410156
151.6772918701172
151.6871795654297
152.25636291503906
152.37782287597656
152.53524780273438
152.86923217773438
153.12413024902344
153.31015014648438
153.47312927246094
153.48289489746094
153.66847229003906
153.73353576660156
154.10061645507812
154.62535095214844
155.1160888671875
155.9583282470703
155.96153259277344
156.04165649414062
156.20498657226562
156.5343475341797
156.55030822753906
156.59820556640625
156.9458465576172
157.4642791748047
158.12020874023438
158.27822875976562
158.9276580810547
159.11630249023438
159.36122131347656
159.4114227294922
159.41455078125
159.82177734375
159.92498779296875
160.18115234375
160.78868103027344
161.02484130859375
161.70033264160156
161.90737915039062
161.96604919433594
162.08331298828125
162.38534545898438
162.3976593017578
162.6622314453125
162.75440979003906
163.46865844726562
163.6123504638672
163.8383331298828
163.8566436767578
164.07925415039062
164.08229064941406
164.77560424804688
164.8726806640625
165.05453491210938
165.77394104003906
166.03012084960938
166.15354919433594
166.27085876464844
166.55929565429688
166.76930236816406
166.95208740234375
167.1645965576172
167.23934936523438
168.1814422607422
168.6534881591797
168.8372039794922
169.08282470703125
169.20993041992188
170.27037048339844
170.44061279296875
171.548828125
171.59837341308594
171.7847442626953
171.81094360351562
172.2120819091797
172.57461547851562
173.08956909179688
173.2021942138672
173.33493041992188
174.0804443359375
174.7626953125
175.60182189941406
176.06532287597656
176.1561737060547
176.95196533203125
177.0819091796875
178.67288208007812
178.9916229248047
179.0
179.20938110351562
180.08609008789062
181.54888916015625
181.6122283935547
181.80209350585938
182.98361206054688
183.4420928955078
183.9891357421875
184.4613800048828
184.65643310546875
185.36720275878906
185.7013702392578
186.3008270263672
186.91441345214844
187.02940368652344
187.25918579101562
188.68492126464844
189.0396728515625
189.87628173828125
190.09471130371094
190.71182250976562
190.97120666503906
191.3400115966797
191.61158752441406
191.7498321533203
192.177001953125
192.95594787597656
193.49935913085938
194.1365509033203
194.79989624023438
195.01025390625
195.85708618164062
196.34153747558594
196.87051391601562
197.08627319335938
197.98989868164062
198.82907104492188
200.3272247314453
200.57667541503906
200.66639709472656
202.57591247558594
203.29043579101562
203.8062744140625
204.3991241455078
204.97073364257812
206.63735961914062
208.68637084960938
209.35137939453125
209.84280395507812
211.21080017089844
213.30026245117188
214.315185546875
214.8162078857422
215.33462524414062
216.95852661132812
217.9816436767578
218.1238250732422
220.1499481201172
220.5878448486328
227.16293334960938
228.62632751464844
235.8283233642578
236.14825439453125
238.60427856445312
246.28236389160156
246.31483459472656
252.99801635742188
257.9399108886719
