898.4981079101562 741.326171875 701.6307373046875 782.1618041992188
888.20556640625 733.2857055664062 716.3659057617188 791.6297607421875
891.9065551757812 836.2238159179688 690.08203125 684.1377563476562
929.4349975585938 770.5338134765625 660.2334594726562 753.2266235351562
948.4041137695312 731.4465942382812 640.5750732421875 806.567626953125
921.093017578125 785.4839477539062 666.9173583984375 735.9342041015625
938.8422241210938 753.927978515625 650.8193969726562 775.2055053710938
899.776123046875 778.9107666015625 692.1801147460938 738.935302734375
877.2931518554688 841.1189575195312 703.039306640625 678.2494506835938
931.8941650390625 666.4929809570312 670.2933959960938 911.8411254882812
948.4041137695312 731.4465942382812 640.5750732421875 806.567626953125
990.0164184570312 694.6333618164062 582.9151611328125 875.4658203125
990.0164184570312 694.6333618164062 582.9151611328125 875.4658203125
880.7557373046875 856.45458984375 697.4761962890625 666.623291015625
879.2828979492188 727.2389526367188 728.2884521484375 797.288330078125
914.8919067382812 774.5903930664062 675.8460693359375 745.7437744140625
997.7503051757812 831.9488525390625 583.6930541992188 704.2762451171875
934.5360717773438 704.7052001953125 664.405517578125 844.6973266601562
1000.6832885742188 820.1275634765625 580.4563598632812 714.8848266601562
1022.1416015625 806.8243408203125 554.9567260742188 731.6856079101562
1038.6705322265625 799.8226928710938 535.4046020507812 741.1994018554688
864.8997802734375 862.4352416992188 711.0413208007812 660.8095703125
1024.0621337890625 826.482666015625 555.5724487304688 712.5442504882812
1013.5492553710938 825.218994140625 566.7268676757812 712.158935546875
947.8055419921875 674.0324096679688 645.3887329101562 904.2640991210938
943.0443725585938 663.7369384765625 653.1190795898438 921.8164672851562
974.197021484375 669.5720825195312 604.1430053710938 919.7310180664062
659.123779296875 829.3367309570312 909.7081909179688 661.6233520507812
883.6947631835938 714.9688110351562 725.2947998046875 816.1444091796875
866.07080078125 647.889404296875 780.1607055664062 932.58544921875
1007.4486083984375 835.1598510742188 574.28369140625 702.5631103515625
868.3132934570312 731.6773071289062 740.431640625 788.1027221679688
1040.754150390625 820.1661987304688 536.6211547851562 721.8192138671875
863.9873657226562 714.2764892578125 751.3961181640625 810.5493774414062
