82.8311538696289
88.53247833251953
98.91410064697266
105.59829711914062
107.43370056152344
120.64410400390625
122.0491714477539
123.80226135253906
127.07084655761719
127.07478332519531
127.24778747558594
133.20285034179688
135.7387237548828
139.14381408691406
140.1962890625
142.79705810546875
142.8460693359375
143.06292724609375
143.26548767089844
144.06942749023438
144.11453247070312
144.5268096923828
146.49232482910156
149.46905517578125
150.89068603515625
155.10641479492188
158.2434844970703
158.51182556152344
160.68914794921875
161.27926635742188
167.16758728027344
171.06724548339844
173.38973999023438
174.15797424316406
175.30259704589844
176.13914489746094
182.9480743408203
185.16749572753906
185.40765380859375
185.550537109375
186.2632598876953
191.22238159179688
193.23043823242188
195.8673095703125
196.75872802734375
197.06851196289062
197.90907287597656
201.60604858398438
207.10142517089844
217.62353515625
219.515380859375
223.5262908935547
242.6808624267578
