86.08135986328125
91.34002685546875
108.86229705810547
109.80437469482422
112.03124237060547
119.18473052978516
119.30213928222656
120.83873748779297
121.22293853759766
132.03408813476562
132.1892547607422
133.973876953125
135.4547882080078
139.19052124023438
139.47401428222656
164.6055908203125
166.0782928466797
170.1998748779297
177.32174682617188
183.1884307861328
190.11312866210938
201.88858032226562
209.17457580566406
215.73130798339844
218.4605255126953
224.6063232421875
231.35902404785156
237.04429626464844
239.65809631347656
240.1103973388672
253.49359130859375
270.2831726074219
