1199.714599609375 906.1259155273438 752.2371215820312 982.3154907226562
1231.0960693359375 916.4492797851562 730.9927368164062 1010.7329711914062
1233.43212890625 876.7406005859375 775.733154296875 1029.2291259765625
1233.43212890625 876.7406005859375 775.733154296875 1029.2291259765625
1213.08740234375 1010.4662475585938 644.3363037109375 963.298583984375
1195.818115234375 1005.1419677734375 655.3417358398438 950.6351928710938
1180.6304931640625 999.1722412109375 666.4983520507812 939.4177856445312
1237.116455078125 858.042236328125 798.15625 1041.6307373046875
1225.4893798828125 864.3984375 793.5372924804688 1025.0718994140625
1195.818115234375 1005.1419677734375 655.3417358398438 950.6351928710938
1144.8157958984375 986.40576171875 690.2755126953125 912.58447265625
1195.818115234375 1005.1419677734375 655.3417358398438 950.6351928710938
1173.0601806640625 884.0087890625 785.7420043945312 963.386962890625
1188.745361328125 883.6737670898438 780.4137573242188 978.5076293945312
1198.8902587890625 994.6190795898438 663.9534912109375 955.8406372070312
1207.8565673828125 888.2865600585938 769.611328125 996.7911376953125
1170.737060546875 898.107177734375 771.5310668945312 956.4553833007812
1144.8157958984375 986.40576171875 690.2755126953125 912.58447265625
1169.444580078125 837.5819702148438 846.4237670898438 976.3075561523438
1197.3614501953125 850.0469970703125 823.6729125976562 1003.695068359375
1191.4217529296875 1020.817626953125 643.9671630859375 942.0631713867188
1207.8565673828125 888.2865600585938 769.611328125 996.7911376953125
1186.65380859375 834.3204345703125 847.352783203125 997.5316162109375
1207.561279296875 1025.2421875 634.6956176757812 953.9658813476562
1143.8345947265625 1002.1324462890625 676.4503173828125 908.7798461914062
1179.7744140625 852.7197875976562 825.19091796875 981.5775756835938
1147.24462890625 867.3742065429688 813.9859008789062 944.304443359375
1163.8238525390625 998.5776977539062 672.66357421875 925.8817138671875
1227.4298095703125 853.20361328125 808.8675537109375 1030.6790771484375
1153.9696044921875 843.89404296875 840.9639282226562 957.6423950195312
1213.08740234375 1010.4662475585938 644.3363037109375 963.298583984375
1151.786376953125 1038.6475830078125 643.9912109375 907.8447265625
1242.806884765625 895.3944091796875 750.9365234375 1031.346435546875
1169.495361328125 1028.11962890625 646.5442504882812 924.6826171875
1169.4783935546875 1044.09765625 634.5218505859375 921.2783813476562
1007.4486083984375 835.1598510742188 886.7276000976562 829.1094360351562
1013.5492553710938 825.218994140625 896.7034301757812 834.4986572265625
997.7503051757812 831.9488525390625 891.3785400390625 821.0466918945312
1122.6392822265625 1010.9390869140625 677.627197265625 890.9009399414062
1013.5492553710938 825.218994140625 896.7034301757812 834.4986572265625
1154.089599609375 1022.1668090820312 657.4943237304688 912.2623291015625
1060.98681640625 817.734130859375 899.4370727539062 876.1278686523438
