978.4149169921875 760.7470092773438 627.3023681640625 903.6823120117188
965.734130859375 745.0067749023438 653.1190795898438 921.8164672851562
952.390625 758.9840087890625 663.9009399414062 893.0543212890625
952.390625 758.9840087890625 663.9009399414062 893.0543212890625
965.734130859375 745.0067749023438 653.1190795898438 921.8164672851562
957.295654296875 770.7146606445312 650.3795166015625 879.424072265625
925.4014282226562 834.0484619140625 657.37158203125 790.0611572265625
982.8735961914062 742.8338012695312 629.952392578125 935.5830688476562
995.705078125 757.1978149414062 604.1430053710938 919.7310180664062
889.8760375976562 812.2503662109375 708.9830322265625 797.5032348632812
995.705078125 757.1978149414062 604.1430053710938 919.7310180664062
943.107666015625 824.3706665039062 640.5750732421875 806.567626953125
973.869873046875 739.4362182617188 645.3331298828125 935.4622802734375
952.7254638671875 746.9923095703125 670.2933959960938 911.8411254882812
925.0855712890625 849.2994384765625 650.8193969726562 775.2055053710938
943.107666015625 824.3706665039062 640.5750732421875 806.567626953125
1021.782470703125 759.9498901367188 566.6160278320312 928.3693237304688
1000.01513671875 780.9381103515625 587.9679565429688 886.1867065429688
925.4014282226562 834.0484619140625 657.37158203125 790.0611572265625
903.953857421875 809.89453125 694.3474731445312 805.6388549804688
1001.9268188476562 789.6661376953125 582.9151611328125 875.4658203125
973.869873046875 739.4362182617188 645.3331298828125 935.4622802734375
940.27734375 791.4799194335938 664.405517578125 844.6973266601562
1022.5889892578125 772.933349609375 561.20068359375 909.5008544921875
989.9612426757812 776.7869873046875 604.2695922851562 886.6848754882812
1000.01513671875 780.9381103515625 587.9679565429688 886.1867065429688
903.953857421875 809.89453125 694.3474731445312 805.6388549804688
991.509033203125 748.306640625 613.26123046875 934.1409912109375
982.8735961914062 742.8338012695312 629.952392578125 935.5830688476562
1021.782470703125 759.9498901367188 566.6160278320312 928.3693237304688
970.2586059570312 937.764892578125 575.2724609375 721.5797119140625
1012.684326171875 928.6206665039062 535.4046020507812 741.1994018554688
894.2720947265625 818.0391845703125 700.3595581054688 793.4457397460938
991.596923828125 931.4788818359375 554.9567260742188 731.6856079101562
883.2835693359375 861.9387817382812 688.3493041992188 750.53662109375
994.8375244140625 949.7891235351562 547.92822265625 720.9934692382812
989.9612426757812 776.7869873046875 604.2695922851562 886.6848754882812
1017.3211059570312 749.9285888671875 576.104248046875 943.5966796875
908.5111694335938 867.35791015625 660.2334594726562 753.2266235351562
899.2017211914062 698.4303588867188 788.401611328125 965.1422119140625
886.9957885742188 794.8731079101562 725.2947998046875 816.1444091796875
874.32861328125 872.3510131835938 692.1801147460938 738.935302734375
871.3177490234375 851.3897705078125 706.6976318359375 754.6563720703125
899.2017211914062 698.4303588867188 788.401611328125 965.1422119140625
986.1532592773438 752.6471557617188 621.2891235351562 918.919189453125
1025.562744140625 742.1033325195312 567.9951782226562 962.9224243164062
883.0291748046875 680.6058349609375 833.6712646484375 989.4663696289062
982.2399291992188 760.4561767578125 623.079833984375 906.1884155273438
893.634521484375 714.0491943359375 780.1607055664062 932.58544921875
886.7681884765625 720.3411254882812 785.176025390625 917.9015502929688
961.25341796875 945.4844360351562 580.4563598632812 714.8848266601562
903.2223510742188 717.4029541015625 763.85595703125 932.3323974609375
991.596923828125 931.4788818359375 554.9567260742188 731.6856079101562
985.1375732421875 957.2766723632812 555.5724487304688 712.5442504882812
888.1138916015625 699.2560424804688 803.6207275390625 957.3197021484375
876.6964721679688 807.8365478515625 728.2884521484375 797.288330078125
1005.5393676757812 740.252197265625 597.2540893554688 955.3802490234375
1006.239013671875 953.2040405273438 536.6211547851562 721.8192138671875
874.7953491210938 721.9727783203125 801.7301025390625 908.9171752929688
886.4252319335938 709.1885986328125 795.940185546875 936.7514038085938
1006.239013671875 953.2040405273438 536.6211547851562 721.8192138671875
922.7681274414062 698.81884765625 751.3335571289062 980.1222534179688
963.8095092773438 964.4685668945312 574.28369140625 702.5631103515625
863.3870239257812 811.2662353515625 740.431640625 788.1027221679688
915.32861328125 716.1697387695312 747.20458984375 943.2279052734375
863.3870239257812 811.2662353515625 740.431640625 788.1027221679688
987.7854614257812 766.0741577148438 611.5255737304688 901.4069213867188
869.9152221679688 703.2443237304688 824.8123168945312 938.1985473632812
877.2967529296875 695.9178466796875 822.7101440429688 958.4354248046875
