1241.4083251953125 718.2301635742188 1259.5833740234375 795.9967041015625
1123.3681640625 1013.1482543945312 966.028564453125 1008.3966674804688
1148.9395751953125 822.2277221679688 1100.4637451171875 850.1851806640625
1325.7958984375 880.5225219726562 1226.0281982421875 996.6430053710938
1209.80517578125 763.3638916015625 1196.26171875 825.0344848632812
1148.9395751953125 822.2277221679688 1100.4637451171875 850.1851806640625
1006.1524658203125 1003.5545043945312 878.9581298828125 940.71240234375
631.7489624023438 856.9583740234375 667.6416625976562 647.1119384765625
1228.8201904296875 736.0269775390625 1233.89013671875 807.5311889648438
957.295654296875 770.7146606445312 965.14697265625 708.2437133789062
1209.80517578125 763.3638916015625 1196.26171875 825.0344848632812
1366.7991943359375 827.7392578125 1302.3656005859375 970.9909057617188
1170.8306884765625 808.4630737304688 1131.7796630859375 847.592529296875
953.6685791015625 957.6793823242188 861.4366455078125 877.8079833984375
1256.8524169921875 866.947998046875 1170.85107421875 947.842529296875
1022.5889892578125 772.933349609375 1020.357421875 740.9674072265625
1241.4083251953125 718.2301635742188 1259.5833740234375 795.9967041015625
1223.8902587890625 867.6077270507812 1138.575927734375 932.046142578125
973.8914184570312 767.3960571289062 980.7963256835938 713.4020385742188
1191.5870361328125 848.657470703125 1125.044189453125 896.610107421875
1048.6636962890625 689.8875122070312 1095.2945556640625 671.4367065429688
963.8095092773438 964.4685668945312 865.9408569335938 888.3524169921875
982.8735961914062 742.8338012695312 1003.895263671875 692.9666748046875
1147.468505859375 831.6560668945312 1093.9376220703125 858.0140991210938
982.8735961914062 742.8338012695312 1003.895263671875 692.9666748046875
1150.638671875 802.9052124023438 1116.408935546875 832.2884521484375
1093.6865234375 794.7782592773438 1069.6142578125 796.6290283203125
1092.071044921875 781.9669799804688 1075.04638671875 784.2781372070312
1175.1622314453125 714.9148559570312 1197.3182373046875 759.3134155273438
1362.2767333984375 769.049072265625 1342.2525634765625 912.2045288085938
903.2223510742188 717.4029541015625 950.8952026367188 631.18603515625
747.1439819335938 965.0960083007812 704.360107421875 790.8699951171875
1357.30419921875 815.936767578125 1302.005615234375 954.1290283203125
973.8914184570312 767.3960571289062 980.7963256835938 713.4020385742188
1362.2767333984375 769.049072265625 1342.2525634765625 912.2045288085938
1005.5393676757812 740.252197265625 1025.8763427734375 700.7266845703125
1102.1539306640625 768.4991455078125 1093.025390625 775.611328125
824.0318603515625 958.0300903320312 764.2333374023438 818.5498046875
825.563720703125 939.9259033203125 772.5565795898438 803.3126220703125
1217.2232666015625 752.2625732421875 1212.7265625 816.9639282226562
1224.0345458984375 721.677490234375 1238.3653564453125 788.9966430664062
1094.7718505859375 693.8071899414062 1135.8179931640625 696.9573364257812
1201.0042724609375 716.8631591796875 1220.82763671875 774.18603515625
666.0985107421875 905.3063354492188 673.7197875976562 703.868896484375
1207.19580078125 894.2753295898438 1107.661376953125 947.9984741210938
1366.7991943359375 827.7392578125 1302.3656005859375 970.9909057617188
943.107666015625 824.3706665039062 923.7077026367188 751.0194702148438
1166.0001220703125 1008.7705688476562 1005.0870361328125 1024.9739990234375
1101.86474609375 787.5778198242188 1080.7994384765625 793.7445678710938
1109.3585205078125 813.4833374023438 1071.3485107421875 822.210205078125
1158.6910400390625 728.4501953125 1171.59423828125 764.0621337890625
1272.9315185546875 788.2515869140625 1238.875732421875 883.03759765625
922.7681274414062 698.81884765625 977.9911499023438 621.7057495117188
539.9852905273438 1015.7938842773438 542.6574096679688 746.4586791992188
994.8375244140625 949.7891235351562 897.9004516601562 890.2463989257812
614.98681640625 796.7042846679688 684.343505859375 584.0140991210938
500.7979736328125 766.028564453125 618.8629150390625 509.85699462890625
995.705078125 757.1978149414062 1006.4944458007812 713.227294921875
870.6304931640625 831.8421020507812 860.5313720703125 726.6024169921875
987.3931884765625 909.3786010742188 914.9445190429688 851.3019409179688
571.3128662109375 967.7887573242188 581.6669311523438 719.7138061523438
1090.2227783203125 803.4049682617188 1060.677978515625 803.7286987304688
820.1760864257812 874.545166015625 797.7014770507812 745.2772216796875
1132.8079833984375 789.6780395507812 1108.085205078125 810.1030883789062
858.1302490234375 592.9074096679688 984.9431762695312 482.8420715332031
1021.782470703125 759.9498901367188 1026.5341796875 728.4580078125
1214.17431640625 739.0490112304688 1217.32275390625 802.6669921875
1291.38671875 862.1151733398438 1206.3558349609375 962.047119140625
1207.19580078125 894.2753295898438 1107.661376953125 947.9984741210938
1201.0042724609375 716.8631591796875 1220.82763671875 774.18603515625
1008.9459838867188 1028.1834716796875 868.8859252929688 964.0078125
1104.31396484375 822.5634765625 1061.387451171875 828.1796264648438
1191.5870361328125 848.657470703125 1125.044189453125 896.610107421875
792.5717163085938 985.899658203125 730.4805908203125 827.667236328125
1147.468505859375 831.6560668945312 1093.9376220703125 858.0140991210938
1025.562744140625 742.1033325195312 1041.35302734375 712.294921875
1138.2984619140625 823.1007690429688 1090.744384765625 847.7506713867188
1302.272705078125 919.657958984375 1178.015625 1019.7388305664062
870.6304931640625 831.8421020507812 860.5313720703125 726.6024169921875
561.8989868164062 778.4046630859375 654.5183715820312 545.89501953125
1048.049072265625 678.0333862304688 1101.9036865234375 659.1380615234375
877.8997802734375 704.4976196289062 936.9635009765625 607.4083251953125
973.304443359375 617.8953247070312 1073.5911865234375 560.3915405273438
991.509033203125 748.306640625 1007.2025756835938 702.668212890625
1134.604736328125 731.2769165039062 1147.0982666015625 755.1246948242188
1247.8914794921875 916.2884521484375 1130.2161865234375 988.3197631835938
557.4595336914062 1001.265625 557.9586181640625 741.8104858398438
1056.8433837890625 647.4070434570312 1130.0081787109375 630.9027099609375
1114.35791015625 785.1693725585938 1093.720947265625 797.866455078125
1012.684326171875 928.6206665039062 923.9367065429688 881.4326171875
1150.638671875 802.9052124023438 1116.408935546875 832.2884521484375
997.8812866210938 634.0468139648438 1085.0986328125 589.1126098632812
1103.810791015625 686.8416748046875 1150.2069091796875 694.2640991210938
1001.9268188476562 789.6661376953125 992.4298095703125 747.5197143554688
925.4014282226562 834.0484619140625 903.6701049804688 753.5021362304688
949.5490112304688 987.4773559570312 843.1636962890625 901.4008178710938
1309.3389892578125 754.1702270507812 1300.88623046875 868.8464965820312
1240.193359375 902.0200805664062 1132.7825927734375 970.6187744140625
981.1746215820312 649.9165649414062 1060.5496826171875 597.8555908203125
1247.4752197265625 842.1829833984375 1179.217041015625 920.461669921875
1081.8963623046875 660.1441040039062 1146.363037109375 656.574951171875
527.326416015625 979.7933349609375 547.9891357421875 712.3219604492188
1061.2728271484375 699.8938598632812 1099.8983154296875 687.2282104492188
1197.183349609375 701.6203002929688 1228.3260498046875 756.6433715820312
557.4595336914062 1001.265625 557.9586181640625 741.8104858398438
855.547607421875 600.026123046875 979.3685302734375 489.11962890625
1029.26904296875 954.581787109375 922.593017578125 910.9403076171875
1287.77490234375 771.327880859375 1267.7659912109375 873.4449462890625
874.32861328125 872.3510131835938 842.8043823242188 764.7859497070312
878.4091796875 686.7821655273438 947.1649780273438 589.53466796875
1048.049072265625 678.0333862304688 1101.9036865234375 659.1380615234375
995.705078125 757.1978149414062 1006.4944458007812 713.227294921875
556.3832397460938 793.6959838867188 645.764892578125 557.541259765625
903.652587890625 594.14794921875 1025.76513671875 503.531982421875
1114.35791015625 785.1693725585938 1093.720947265625 797.866455078125
1247.4752197265625 842.1829833984375 1179.217041015625 920.461669921875
986.1552734375 619.200927734375 1084.231689453125 567.9227294921875
1186.172607421875 726.70068359375 1201.9468994140625 778.5982055664062
1177.917236328125 742.8396606445312 1178.8897705078125 789.36083984375
1138.5869140625 853.3851318359375 1073.659423828125 874.1945190429688
996.0476684570312 740.1639404296875 1015.9954833984375 696.8890380859375
953.6685791015625 957.6793823242188 861.4366455078125 877.8079833984375
1203.7933349609375 753.2996826171875 1197.6466064453125 811.7620849609375
877.2967529296875 695.9178466796875 941.0639038085938 598.4901123046875
915.5006713867188 690.908447265625 976.5513305664062 610.6470336914062
1017.3211059570312 749.9285888671875 1029.4495849609375 716.1714477539062
1063.5484619140625 688.2997436523438 1110.4075927734375 677.284423828125
499.93505859375 999.379638671875 522.7667846679688 718.1264038085938
848.3543090820312 821.33544921875 847.7254638671875 707.3513793945312
874.252685546875 822.6935424804688 868.9890747070312 719.5778198242188
909.7762451171875 677.9913330078125 979.7095336914062 594.8052978515625
964.1888427734375 610.9280395507812 1069.2677001953125 548.861328125
1004.9383544921875 629.4149780273438 1094.6798095703125 587.1654663085938
1020.1524658203125 985.215087890625 897.9522705078125 933.062255859375
869.9152221679688 703.2443237304688 930.3353881835938 602.3765258789062
1069.814697265625 681.9930419921875 1119.7755126953125 673.323974609375
424.9953918457031 902.998779296875 510.0780029296875 604.4618530273438
1267.44091796875 876.16552734375 1175.169921875 960.2854614257812
1109.3585205078125 813.4833374023438 1071.3485107421875 822.210205078125
957.9854125976562 619.1919555664062 1058.6754150390625 555.3263549804688
973.869873046875 739.4362182617188 997.5564575195312 686.1982421875
888.1138916015625 699.2560424804688 947.607177734375 606.7984008789062
894.2720947265625 818.0391845703125 886.877197265625 724.2872924804688
1090.07763671875 674.3751831054688 1143.7796630859375 675.3353881835938
557.1842041015625 977.8375244140625 567.7051391601562 722.5035400390625
1060.5361328125 670.3289794921875 1118.4468994140625 657.4388427734375
835.7708129882812 566.9686889648438 982.7642822265625 444.5625
894.2720947265625 818.0391845703125 886.877197265625 724.2872924804688
817.5091552734375 881.0182495117188 793.0139770507812 749.3807983398438
942.2079467773438 642.3978271484375 1030.3123779296875 573.2216186523438
1099.970458984375 839.2031860351562 1046.4041748046875 840.333251953125
472.0722351074219 739.8461303710938 607.993408203125 474.1800231933594
1117.9342041015625 806.3336791992188 1083.464599609375 819.4094848632812
915.4202270507812 696.1104125976562 973.0184326171875 615.9391479492188
987.3002319335938 632.9929809570312 1075.9493408203125 582.9195556640625
775.49658203125 907.8495483398438 750.9034423828125 753.0772705078125
1055.44091796875 684.2752685546875 1104.960693359375 668.781982421875
557.1842041015625 977.8375244140625 567.7051391601562 722.5035400390625
1065.271240234375 819.6008911132812 1030.1373291015625 808.4110717773438
536.5767211914062 992.011474609375 549.2839965820312 725.0641479492188
433.2378234863281 888.2562866210938 521.3628540039062 595.2131958007812
1267.44091796875 876.16552734375 1175.169921875 960.2854614257812
1349.59521484375 759.0485229492188 1334.7208251953125 892.7830200195312
1207.451904296875 745.5382690429688 1206.4654541015625 805.995849609375
1007.4032592773438 761.950927734375 1012.7978515625 723.8980712890625
1101.86474609375 787.5778198242188 1080.7994384765625 793.7445678710938
843.434814453125 936.52294921875 787.9301147460938 808.7781372070312
1240.193359375 902.0200805664062 1132.7825927734375 970.6187744140625
1090.07763671875 674.3751831054688 1143.7796630859375 675.3353881835938
949.4354248046875 637.0217895507812 1039.1925048828125 569.9188232421875
974.7742919921875 625.0770874023438 1069.6326904296875 569.0079956054688
1291.38671875 862.1151733398438 1206.3558349609375 962.047119140625
978.4149169921875 760.7470092773438 989.5540161132812 708.5383911132812
994.8375244140625 949.7891235351562 897.9004516601562 890.2463989257812
1030.188720703125 682.4772338867188 1083.9588623046875 655.9093017578125
411.61846923828125 943.0575561523438 487.6781921386719 634.0447998046875
1187.901123046875 752.8030395507812 1182.0970458984375 802.284912109375
1281.76123046875 860.9026489257812 1197.57861328125 957.051025390625
548.1144409179688 803.0962524414062 635.154296875 563.2169799804688
1287.75537109375 787.5625 1254.7706298828125 889.7664794921875
793.3543701171875 955.8844604492188 742.1896362304688 802.841552734375
964.0899658203125 622.8869018554688 1062.7249755859375 560.5025634765625
1070.2451171875 658.651123046875 1136.583984375 648.9159545898438
1087.44140625 689.1431884765625 1131.569091796875 688.9852294921875
1021.782470703125 759.9498901367188 1026.5341796875 728.4580078125
806.0796508789062 962.5806884765625 747.6521606445312 814.519287109375
1008.9459838867188 1028.1834716796875 868.8859252929688 964.0078125
1227.7545166015625 889.8139038085938 1129.160400390625 955.3983154296875
895.9727172851562 733.0934448242188 935.9949340820312 643.5236206054688
520.2843627929688 752.46142578125 637.4485473632812 504.8760986328125
574.1298828125 804.0552368164062 652.2357177734375 574.6063232421875
439.83929443359375 900.4420166015625 521.5007934570312 608.1842041015625
540.5091552734375 793.1704711914062 631.970458984375 551.5911254882812
781.9134521484375 899.5480346679688 760.0286865234375 750.1123046875
1333.740966796875 769.0245971679688 1313.9078369140625 897.72802734375
597.8896484375 807.113525390625 669.0480346679688 586.2073974609375
1197.5296630859375 724.3076782226562 1211.905517578125 779.5213623046875
994.7106323242188 980.3554077148438 882.650390625 916.3750610351562
744.337646484375 955.020751953125 706.2205200195312 781.2750854492188
414.1355285644531 891.8634643554688 507.0938415527344 590.8402709960938
541.2835083007812 738.64013671875 658.5131225585938 499.8987121582031
1224.2493896484375 798.976318359375 1189.3077392578125 866.2257080078125
323.3042907714844 829.2510986328125 471.3371276855469 501.1064453125
950.85546875 759.6726684570312 965.3684692382812 695.6264038085938
946.6500854492188 630.1004028320312 1041.847900390625 561.4566040039062
865.2509155273438 787.6161499023438 879.9127807617188 682.7723999023438
952.7254638671875 746.9923095703125 974.6149291992188 683.49951171875
869.4525756835938 598.7321166992188 991.8489379882812 493.654052734375
973.869873046875 739.4362182617188 997.5564575195312 686.1982421875
347.3470153808594 853.0765380859375 480.1601867675781 531.330810546875
515.0081787109375 1037.5323486328125 517.0844116210938 754.7088012695312
861.9437255859375 698.3387451171875 926.484130859375 593.8696899414062
1070.2451171875 658.651123046875 1136.583984375 648.9159545898438
1079.1900634765625 697.767578125 1117.9676513671875 694.057373046875
893.634521484375 714.0491943359375 944.424560546875 623.8554077148438
886.4252319335938 709.1885986328125 941.2131958007812 615.5816650390625
418.12664794921875 915.1207275390625 500.99786376953125 613.1964111328125
317.53271484375 1035.96142578125 394.38458251953125 677.1688232421875
582.6302490234375 682.9778442382812 714.8577270507812 461.6476135253906
1175.6705322265625 708.0179443359375 1202.42236328125 752.8070678710938
1369.98388671875 791.4223022460938 1333.214111328125 937.5059814453125
835.7708129882812 566.9686889648438 982.7642822265625 444.5625
529.6890869140625 952.9708862304688 559.0911254882812 689.3709106445312
1007.4032592773438 761.950927734375 1012.7978515625 723.8980712890625
562.0004272460938 824.1163940429688 637.9180908203125 588.4532470703125
1203.7933349609375 753.2996826171875 1197.6466064453125 811.7620849609375
454.3865661621094 890.3361206054688 534.5042724609375 605.6514892578125
1077.4554443359375 701.52392578125 1112.9410400390625 697.052490234375
595.3385009765625 667.985107421875 730.9363403320312 451.8789978027344
965.734130859375 745.0067749023438 987.8165893554688 688.0014038085938
869.5582275390625 816.3909301757812 867.7843017578125 711.78515625
533.1791381835938 1034.221923828125 531.737060546875 759.2615356445312
287.2650451660156 1004.4261474609375 388.4185791015625 638.5123291015625
683.63916015625 892.749755859375 690.736572265625 699.84912109375
832.9981079101562 561.3275146484375 983.1580810546875 437.05609130859375
987.7854614257812 766.0741577148438 993.9466552734375 718.0518188476562
1173.761474609375 1031.5982666015625 998.6602783203125 1048.849365234375
369.5684814453125 835.2086181640625 499.748291015625 522.3607177734375
1307.9075927734375 909.0771484375 1190.2857666015625 1013.7461547851562
903.3732299804688 706.7424926757812 954.899658203125 620.5657958984375
1094.057373046875 739.8605346679688 1106.2088623046875 743.444580078125
1071.586669921875 666.8489990234375 1131.3677978515625 658.483642578125
969.6130981445312 639.9528198242188 1055.745849609375 582.2852783203125
1106.7506103515625 1040.0399169921875 938.1206665039062 1022.2179565429688
972.9046630859375 646.044677734375 1054.447998046875 590.3567504882812
532.4735717773438 749.9403076171875 648.3934326171875 506.99578857421875
475.17364501953125 872.8241577148438 555.9448852539062 599.2025756835938
863.6561889648438 609.7562866210938 979.4100341796875 502.36444091796875
981.1746215820312 649.9165649414062 1060.5496826171875 597.8555908203125
940.27734375 791.4799194335938 939.3702392578125 719.9431762695312
554.0045166015625 821.4689331054688 631.2416381835938 582.1787719726562
635.7161865234375 897.7847900390625 654.9139404296875 685.4169921875
1194.77685546875 706.5108032226562 1221.4437255859375 760.2238159179688
457.719482421875 866.1751098632812 546.1780395507812 585.34765625
1078.8348388671875 1004.6707153320312 937.0184326171875 977.538330078125
644.28515625 875.3753662109375 671.4025268554688 667.5126342773438
1307.9075927734375 909.0771484375 1190.2857666015625 1013.7461547851562
582.6302490234375 682.9778442382812 714.8577270507812 461.6476135253906
469.6671142578125 760.29150390625 598.5328979492188 492.5892639160156
886.9957885742188 794.8731079101562 894.347900390625 699.637939453125
806.0796508789062 962.5806884765625 747.6521606445312 814.519287109375
418.12664794921875 915.1207275390625 500.99786376953125 613.1964111328125
1120.0244140625 822.2550659179688 1079.5472412109375 836.0267944335938
591.8258666992188 816.8009033203125 660.7981567382812 593.302001953125
1070.1453857421875 697.0447387695312 1109.9501953125 688.8933715820312
952.390625 758.9840087890625 967.9762573242188 694.7898559570312
352.3362121582031 842.1127319335938 486.8116149902344 523.436767578125
973.304443359375 617.8953247070312 1073.5911865234375 560.3915405273438
950.85546875 759.6726684570312 965.3684692382812 695.6264038085938
554.0045166015625 821.4689331054688 631.2416381835938 582.1787719726562
789.4229125976562 928.6666870117188 750.6295776367188 778.0706176757812
915.32861328125 716.1697387695312 962.5241088867188 635.3446044921875
1182.0380859375 705.8951416015625 1210.2144775390625 753.668212890625
1095.2435302734375 668.3439331054688 1153.2305908203125 671.5844116210938
528.845703125 1002.700927734375 539.0670166015625 731.3494262695312
915.4202270507812 696.1104125976562 973.0184326171875 615.9391479492188
938.2410278320312 971.450927734375 840.5896606445312 882.3472900390625
890.1338500976562 676.4120483398438 963.97509765625 584.6892700195312
490.56976318359375 732.0057983398438 625.1827392578125 473.74298095703125
898.7532958984375 678.3895874023438 969.312255859375 589.8483276367188
411.61846923828125 943.0575561523438 487.6781921386719 634.0447998046875
874.7953491210938 721.9727783203125 923.6835327148438 622.7786254882812
876.7689208984375 582.4515991210938 1011.5618286132812 478.0069274902344
795.4205322265625 971.1405029296875 735.6155395507812 816.3032836914062
796.5087890625 919.9020385742188 760.4415893554688 772.6640625
454.3628234863281 1014.8436889648438 487.9896545410156 711.2422485351562
1140.7647705078125 1011.6389770507812 982.23583984375 1016.4032592773438
1324.1455078125 782.830078125 1293.950439453125 904.7028198242188
347.5052490234375 831.432861328125 487.43353271484375 512.037841796875
1069.814697265625 681.9930419921875 1119.7755126953125 673.323974609375
833.389404296875 864.2098388671875 815.9177856445312 738.9737548828125
356.98724365234375 821.8325805664062 497.1299133300781 506.8636169433594
486.6053466796875 757.8665161132812 611.3958740234375 496.76092529296875
838.423095703125 888.8408203125 807.6470336914062 764.5904541015625
729.0314331054688 888.1090698242188 726.367919921875 717.146728515625
896.251220703125 609.1829833984375 1009.4196166992188 516.6848754882812
634.7192993164062 1045.6832275390625 592.2276000976562 810.3902587890625
296.35955810546875 1052.2996826171875 378.7214050292969 681.5914306640625
879.8463745117188 715.4194946289062 931.3667602539062 618.7342529296875
461.61676025390625 875.2349853515625 545.2630004882812 593.8108520507812
1053.658447265625 669.0093383789062 1112.856201171875 652.5027465820312
637.5033569335938 864.474365234375 670.5653686523438 655.3021240234375
431.6103820800781 928.089599609375 504.24969482421875 629.7871704101562
377.7856140136719 839.078857421875 504.13671875 531.2022094726562
1372.4923095703125 809.5736083984375 1322.712158203125 955.49169921875
643.9483032226562 851.5073852539062 680.309814453125 646.5419311523438
356.98724365234375 821.8325805664062 497.1299133300781 506.8636169433594
1209.9945068359375 721.41552734375 1225.007568359375 782.75634765625
486.6053466796875 757.8665161132812 611.3958740234375 496.76092529296875
887.2733764648438 592.9690551757812 1011.5401611328125 495.4105529785156
582.8897094726562 809.2300415039062 657.0072021484375 583.18798828125
391.53546142578125 896.656005859375 488.41644287109375 587.16748046875
963.2100219726562 634.9798583984375 1052.9327392578125 574.28515625
338.56622314453125 847.9514770507812 473.2063293457031 523.87548828125
773.3522338867188 979.2385864257812 716.56640625 813.951416015625
694.619873046875 888.8297729492188 700.900634765625 701.7067260742188
963.8095092773438 964.4685668945312 865.9408569335938 888.3524169921875
482.8701171875 1010.9564819335938 505.56463623046875 718.4508666992188
986.2024536132812 725.1047973632812 1017.1390380859375 677.0620727539062
781.5858154296875 929.5195922851562 745.0615234375 776.407470703125
775.49658203125 907.8495483398438 750.9034423828125 753.0772705078125
1053.658447265625 669.0093383789062 1112.856201171875 652.5027465820312
1293.826171875 873.0978393554688 1203.19677734375 975.7451782226562
578.319091796875 791.8822631835938 661.095703125 565.007080078125
870.3421630859375 711.8591918945312 926.0664672851562 611.1436157226562
899.2017211914062 698.4303588867188 957.8014526367188 610.5889892578125
352.041748046875 834.86572265625 488.9897155761719 517.1864013671875
829.300537109375 564.6177978515625 977.5341186523438 439.43646240234375
621.8679809570312 652.2642211914062 759.0570068359375 446.2013854980469
1140.7647705078125 1011.6389770507812 982.23583984375 1016.4032592773438
517.331787109375 723.2800903320312 648.149658203125 475.7134704589844
1195.3375244140625 740.5880126953125 1199.0728759765625 795.557373046875
1338.58203125 787.1221923828125 1304.61083984375 918.7968139648438
457.719482421875 866.1751098632812 546.1780395507812 585.34765625
1127.84228515625 833.29248046875 1077.2889404296875 852.56396484375
985.1375732421875 957.2766723632812 887.010986328125 892.1174926757812
893.1804809570312 588.3941650390625 1019.7870483398438 493.03399658203125
316.17791748046875 863.21923828125 455.8477783203125 526.7271728515625
862.1982421875 602.8399047851562 983.037841796875 495.1600646972656
397.6242980957031 918.422119140625 489.82470703125 607.6151733398438
974.7742919921875 625.0770874023438 1069.6326904296875 569.0079956054688
796.5087890625 919.9020385742188 760.4415893554688 772.6640625
1175.6705322265625 708.0179443359375 1202.42236328125 752.8070678710938
585.4647827148438 784.7471923828125 670.3942260742188 561.3084106445312
1362.6976318359375 803.343994140625 1317.4901123046875 946.2659301757812
909.006591796875 701.0297241210938 964.7630004882812 617.4683227539062
651.1875610351562 917.689697265625 656.7130126953125 708.5426635742188
527.326416015625 979.7933349609375 547.9891357421875 712.3219604492188
840.9130249023438 848.5398559570312 828.492431640625 727.6641845703125
256.3484802246094 1031.7532958984375 360.4072265625 649.7190551757812
949.4354248046875 637.0217895507812 1039.1925048828125 569.9188232421875
1316.2587890625 887.9658203125 1212.2734375 999.072021484375
264.7779541015625 1007.0927124023438 372.7906188964844 631.5714721679688
1055.44091796875 684.2752685546875 1104.960693359375 668.781982421875
338.56622314453125 847.9514770507812 473.2063293457031 523.87548828125
891.8468627929688 599.6304321289062 1011.247314453125 502.90325927734375
893.1804809570312 588.3941650390625 1019.7870483398438 493.03399658203125
1316.2587890625 887.9658203125 1212.2734375 999.072021484375
321.7040100097656 855.5036010742188 463.3878173828125 523.7603759765625
914.0264282226562 685.223876953125 979.0593872070312 603.8037719726562
218.6370391845703 1057.01708984375 330.4846496582031 656.619384765625
1344.922119140625 773.75830078125 1322.26806640625 906.9961547851562
256.3484802246094 1031.7532958984375 360.4072265625 649.7190551757812
669.3889770507812 866.9185180664062 691.250732421875 671.1946411132812
499.93505859375 999.379638671875 522.7667846679688 718.1264038085938
286.3287048339844 1031.419189453125 381.57733154296875 660.732666015625
695.021240234375 868.44970703125 706.1200561523438 681.4286499023438
681.1580200195312 878.5702514648438 696.8189697265625 686.6363525390625
882.241455078125 603.8345947265625 1000.5057983398438 504.87158203125
378.1399841308594 820.3860473632812 511.2318420410156 512.7052001953125
