95.65563201904297
96.02603912353516
114.0657730102539
125.22380065917969
125.31958770751953
130.64456176757812
139.29824829101562
139.61375427246094
143.6001434326172
144.2532501220703
157.85752868652344
160.1905059814453
167.43954467773438
171.90113830566406
172.27304077148438
173.15310668945312
174.02297973632812
182.61434936523438
183.22390747070312
189.9578857421875
194.16744995117188
198.0555419921875
198.1337890625
201.95297241210938
210.44476318359375
212.02830505371094
219.47665405273438
222.1553497314453
223.87049865722656
224.37022399902344
226.55462646484375
236.3006591796875
245.0387725830078
