1128.8338623046875 1035.064697265625 1108.48681640625 650.9262084960938
1128.8338623046875 1035.064697265625 1108.48681640625 650.9262084960938
1128.8338623046875 1035.064697265625 1108.48681640625 650.9262084960938
1012.684326171875 928.6206665039062 999.9163818359375 642.8740844726562
1267.0269775390625 915.1790161132812 1106.490966796875 553.2219848632812
1247.8914794921875 916.2884521484375 1098.2916259765625 559.4735107421875
1023.5250244140625 935.0036010742188 1010.18505859375 642.1741943359375
1000.685546875 923.6729125976562 992.076416015625 645.075439453125
1240.193359375 902.0200805664062 1089.0181884765625 554.5679931640625
949.5490112304688 987.4773559570312 1001.3751220703125 693.5452880859375
1123.3681640625 1013.1482543945312 1096.7879638671875 644.8291015625
985.1375732421875 957.2766723632812 1003.2396850585938 667.0054931640625
944.6116333007812 949.415283203125 977.2871704101562 680.2355346679688
1104.31396484375 822.5634765625 982.6363525390625 555.1953735351562
1005.9697875976562 1011.9910278320312 1044.79052734375 683.6795043945312
1005.9697875976562 1011.9910278320312 1044.79052734375 683.6795043945312
985.1375732421875 957.2766723632812 1003.2396850585938 667.0054931640625
1008.9459838867188 1028.1834716796875 1054.4959716796875 689.0401000976562
970.2586059570312 937.764892578125 983.924072265625 665.3935546875
1106.7506103515625 1040.0399169921875 1102.9725341796875 662.9226684570312
1201.0042724609375 716.8631591796875 966.6414794921875 461.906494140625
1279.1287841796875 852.2247314453125 1081.64697265625 518.0581665039062
1006.1524658203125 1003.5545043945312 1040.4022216796875 679.6605224609375
1006.239013671875 953.2040405273438 1011.29833984375 657.2489624023438
1099.970458984375 839.2031860351562 990.5896606445312 565.3260498046875
1006.239013671875 953.2040405273438 1011.29833984375 657.2489624023438
1105.236572265625 800.2815551757812 968.9454345703125 542.4189453125
1023.5250244140625 935.0036010742188 1010.18505859375 642.1741943359375
1227.7545166015625 889.8139038085938 1078.0679931640625 552.07666015625
1149.8516845703125 1031.75244140625 1114.279296875 641.1690673828125
1246.18359375 884.1304931640625 1083.9130859375 543.8268432617188
1326.3421630859375 773.9517211914062 1060.715576171875 462.02154541015625
1197.183349609375 701.6203002929688 955.8267822265625 453.38641357421875
1029.26904296875 954.581787109375 1023.5191650390625 649.7796020507812
994.7106323242188 980.3554077148438 1020.3887939453125 671.829833984375
1006.1524658203125 1003.5545043945312 1040.4022216796875 679.6605224609375
1147.468505859375 831.6560668945312 1009.8228149414062 546.2767333984375
1313.9078369140625 899.7610473632812 1117.223388671875 532.3818969726562
1195.3375244140625 740.5880126953125 979.0765380859375 478.52862548828125
1100.611083984375 808.7927856445312 971.90966796875 549.0913696289062
