1008.9459838867188 1028.1834716796875 993.7376708984375 1027.8623046875
1291.38671875 862.1151733398438 1404.1351318359375 1024.249267578125
1005.9697875976562 1011.9910278320312 1000.6390380859375 1013.26318359375
753.5266723632812 930.7175903320312 846.1080932617188 835.281494140625
1267.44091796875 876.16552734375 1362.3885498046875 1024.5501708984375
1030.188720703125 682.4772338867188 1225.03271484375 711.3903198242188
973.8914184570312 767.3960571289062 1112.4644775390625 773.6405029296875
1018.5654907226562 684.024169921875 1210.929931640625 708.4407958984375
895.9727172851562 733.0934448242188 1060.4495849609375 711.0531616210938
943.107666015625 824.3706665039062 1050.031005859375 810.9058837890625
1065.271240234375 819.6008911132812 1172.7275390625 863.6557006835938
1134.604736328125 731.2769165039062 1307.993896484375 804.494384765625
1267.44091796875 876.16552734375 1362.3885498046875 1024.5501708984375
957.295654296875 770.7146606445312 1095.56787109375 770.4532470703125
1256.8524169921875 866.947998046875 1356.364501953125 1008.5704956054688
942.622314453125 691.8034057617188 1129.2567138671875 687.0484008789062
995.705078125 757.1978149414062 1139.9830322265625 771.6216430664062
1207.19580078125 894.2753295898438 1276.4964599609375 1008.566162109375
824.0318603515625 958.0300903320312 884.3333129882812 884.4888305664062
792.5717163085938 985.899658203125 849.3687744140625 895.3245849609375
1170.8306884765625 808.4630737304688 1297.322998046875 899.710205078125
874.32861328125 872.3510131835938 965.2567749023438 830.1921997070312
1020.1524658203125 985.215087890625 1028.8148193359375 996.1742553710938
859.6318359375 824.8089599609375 979.2318725585938 782.3314819335938
1246.18359375 884.1304931640625 1330.022705078125 1020.842041015625
930.9609375 693.3488159179688 1116.69873046875 684.9805908203125
994.8375244140625 949.7891235351562 1025.849365234375 951.574462890625
1000.01513671875 780.9381103515625 1130.1575927734375 796.268310546875
892.02490234375 869.95556640625 981.4212036132812 835.0921630859375
903.953857421875 809.89453125 1024.5540771484375 785.4177856445312
919.116943359375 595.5785522460938 1167.916259765625 584.3845825195312
1020.1524658203125 985.215087890625 1028.8148193359375 996.1742553710938
995.705078125 757.1978149414062 1139.9830322265625 771.6216430664062
950.85546875 759.6726684570312 1095.013916015625 758.3175048828125
1223.8902587890625 867.6077270507812 1314.5836181640625 990.312255859375
938.3394775390625 760.9457397460938 1083.2783203125 753.8727416992188
1158.6910400390625 728.4501953125 1336.9776611328125 811.7381591796875
915.5006713867188 690.908447265625 1106.5084228515625 677.89111328125
1006.239013671875 953.2040405273438 1034.1868896484375 960.3807373046875
812.7158813476562 902.1165161132812 902.2897338867188 832.9143676757812
1104.31396484375 822.5634765625 1210.2369384765625 882.62548828125
1175.1622314453125 714.9148559570312 1369.836181640625 805.3042602539062
1005.5393676757812 740.252197265625 1161.6630859375 757.8535766601562
1070.2451171875 658.651123046875 1284.77197265625 700.2928466796875
950.85546875 759.6726684570312 1095.013916015625 758.3175048828125
744.337646484375 955.020751953125 827.3381958007812 851.59765625
1132.8079833984375 789.6780395507812 1263.968017578125 861.3364868164062
1134.604736328125 731.2769165039062 1307.993896484375 804.494384765625
1308.6917724609375 781.7007446289062 1492.7469482421875 948.04296875
940.27734375 791.4799194335938 1066.35400390625 781.3021240234375
806.0796508789062 962.5806884765625 867.7322998046875 881.1836547851562
970.2586059570312 937.764892578125 1011.489013671875 929.1337890625
1104.31396484375 822.5634765625 1210.2369384765625 882.62548828125
964.1888427734375 610.9280395507812 1201.9093017578125 614.6151123046875
744.9546508789062 934.1490478515625 838.06396484375 835.0797729492188
825.563720703125 939.9259033203125 892.7931518554688 869.3084106445312
629.3193969726562 880.8638916015625 786.2020263671875 752.3270263671875
886.9957885742188 794.8731079101562 1018.8543701171875 765.912841796875
987.3931884765625 909.3786010742188 1044.3590087890625 913.1424560546875
817.5091552734375 881.0182495117188 913.9585571289062 816.916259765625
1004.9383544921875 629.4149780273438 1232.6201171875 646.610107421875
1003.6426391601562 638.1088256835938 1225.43505859375 654.56005859375
843.434814453125 936.52294921875 908.56103515625 874.0061645507812
986.1552734375 619.200927734375 1219.8555908203125 629.61083984375
1197.183349609375 701.6203002929688 1407.0572509765625 799.6282958984375
533.1791381835938 1034.221923828125 665.6320190429688 840.1150512695312
989.9612426757812 776.7869873046875 1121.9801025390625 787.854736328125
962.9725341796875 985.3427734375 978.7138671875 968.5830078125
861.9437255859375 698.3387451171875 1050.8372802734375 667.6771850585938
793.3543701171875 955.8844604492188 861.965087890625 870.807861328125
748.0621948242188 983.9859008789062 816.171142578125 876.992919921875
751.7552490234375 921.3087768554688 848.8167724609375 826.5040893554688
843.434814453125 936.52294921875 908.56103515625 874.0061645507812
1150.638671875 802.9052124023438 1277.23291015625 884.7032470703125
433.2378234863281 888.2562866210938 667.7304077148438 702.1222534179688
888.1138916015625 699.2560424804688 1073.5103759765625 677.8316650390625
785.4481811523438 913.92138671875 876.3907470703125 832.3182983398438
978.4149169921875 760.7470092773438 1122.2301025390625 767.8543701171875
994.8375244140625 949.7891235351562 1025.849365234375 951.574462890625
892.0462646484375 856.108642578125 988.733154296875 823.397216796875
985.1375732421875 957.2766723632812 1012.9010009765625 954.2455444335938
952.390625 758.9840087890625 1097.611083984375 756.3224487304688
1070.3848876953125 697.0308227539062 1258.513916015625 741.0721435546875
1093.6865234375 794.7782592773438 1218.6956787109375 849.7991943359375
1001.9268188476562 789.6661376953125 1126.2122802734375 805.1732788085938
1147.468505859375 831.6560668945312 1251.374755859375 912.4528198242188
1092.071044921875 781.9669799804688 1225.14013671875 836.9447631835938
1326.3421630859375 773.9517211914062 1524.1798095703125 948.045654296875
795.4205322265625 971.1405029296875 855.5597534179688 883.8644409179688
870.3421630859375 711.8591918945312 1050.45068359375 682.9893188476562
1070.2451171875 658.651123046875 1284.77197265625 700.2928466796875
499.93505859375 999.379638671875 659.5078735351562 803.5128173828125
666.0985107421875 905.3063354492188 798.677490234375 783.704345703125
1148.9395751953125 822.2277221679688 1259.8065185546875 904.0642700195312
925.4014282226562 834.0484619140625 1029.6610107421875 816.065673828125
1150.638671875 802.9052124023438 1277.23291015625 884.7032470703125
1094.7718505859375 693.8071899414062 1287.6209716796875 747.13427734375
978.5664672851562 642.225830078125 1198.0528564453125 651.132568359375
528.845703125 1002.700927734375 674.5014038085938 815.3658447265625
991.509033203125 748.306640625 1142.7569580078125 760.5171508789062
877.2967529296875 695.9178466796875 1065.6280517578125 670.5221557617188
1092.75732421875 815.7796020507812 1202.360107421875 870.7447509765625
1177.917236328125 742.8396606445312 1351.4246826171875 838.1693115234375
973.869873046875 739.4362182617188 1129.25341796875 745.9794311523438
833.389404296875 864.2098388671875 938.1369018554688 806.7600708007812
1138.5869140625 853.3851318359375 1230.3902587890625 929.1759033203125
766.0123901367188 933.483642578125 853.4901123046875 841.2883911132812
1227.7545166015625 889.8139038085938 1304.38818359375 1017.5110473632812
903.2223510742188 717.4029541015625 1077.5621337890625 698.713623046875
896.251220703125 609.1829833984375 1135.7119140625 592.4595947265625
499.93505859375 999.379638671875 659.5078735351562 803.5128173828125
870.6304931640625 831.8421020507812 985.0726928710938 793.4080810546875
789.4229125976562 928.6666870117188 871.67626953125 846.7670288085938
1279.1287841796875 852.2247314453125 1394.9884033203125 1005.03369140625
775.49658203125 907.8495483398438 872.0784912109375 823.74169921875
1017.3211059570312 749.9285888671875 1167.520751953125 772.5838012695312
771.5910034179688 997.483154296875 826.12451171875 896.165771484375
806.0796508789062 962.5806884765625 867.7322998046875 881.1836547851562
785.4481811523438 913.92138671875 876.3907470703125 832.3182983398438
635.7161865234375 897.7847900390625 782.0548095703125 768.4033813476562
1148.9395751953125 822.2277221679688 1259.8065185546875 904.0642700195312
527.326416015625 979.7933349609375 683.3059692382812 799.0265502929688
863.3870239257812 811.2662353515625 989.4215087890625 773.0795288085938
773.3522338867188 979.2385864257812 836.1307373046875 881.4828491210938
683.63916015625 892.749755859375 816.8580322265625 778.8195190429688
1007.4032592773438 761.950927734375 1148.334228515625 781.5949096679688
781.5858154296875 929.5195922851562 866.2387084960938 845.25927734375
986.2024536132812 725.1047973632812 1151.969482421875 736.1322021484375
557.4595336914062 1001.265625 691.0559692382812 823.3909301757812
952.7254638671875 746.9923095703125 1105.2838134765625 745.4422607421875
877.8997802734375 704.4976196289062 1060.1448974609375 678.09326171875
1034.671630859375 984.4425048828125 1042.10400390625 1003.6781005859375
317.53271484375 1035.96142578125 553.6505737304688 777.8162231445312
502.3952941894531 970.9803466796875 670.5185546875 784.0982666015625
909.7762451171875 677.9913330078125 1106.530517578125 662.6917114257812
997.8812866210938 634.0468139648438 1222.3304443359375 649.4852294921875
574.1298828125 804.0552368164062 784.6475219726562 674.4556274414062
762.79345703125 953.1840209960938 842.7360229492188 856.50634765625
925.0855712890625 849.2994384765625 1022.3207397460938 829.955322265625
482.8701171875 1010.9564819335938 644.5238037109375 807.4584350585938
748.0621948242188 983.9859008789062 816.171142578125 876.992919921875
562.0004272460938 824.1163940429688 769.5227661132812 686.4694213867188
1294.1685791015625 779.7077026367188 1474.3223876953125 935.7630615234375
869.5084838867188 693.8218383789062 1059.21337890625 665.9385986328125
1006.1524658203125 1003.5545043945312 1006.3281860351562 1002.9945678710938
1086.114013671875 665.8313598632812 1298.2049560546875 714.5223999023438
323.3042907714844 829.2510986328125 632.2891845703125 631.8883056640625
1007.4032592773438 761.950927734375 1148.334228515625 781.5949096679688
781.9134521484375 899.5480346679688 881.6185302734375 820.4048461914062
986.1532592773438 752.6471557617188 1134.052978515625 763.1328125
903.3732299804688 706.7424926757812 1083.2398681640625 689.6455688476562
859.6318359375 824.8089599609375 979.2318725585938 782.3314819335938
775.49658203125 907.8495483398438 872.0784912109375 823.74169921875
961.25341796875 945.4844360351562 998.2814331054688 932.416015625
511.7858581542969 762.8480834960938 766.5653686523438 624.116943359375
1080.715576171875 670.2391967773438 1289.6007080078125 717.1812133789062
915.4202270507812 696.1104125976562 1100.30810546875 682.8151245117188
1000.01513671875 780.9381103515625 1130.1575927734375 796.268310546875
548.1144409179688 803.0962524414062 769.9649658203125 666.2118530273438
556.3832397460938 793.6959838867188 780.4527587890625 660.4168090820312
826.89599609375 561.6505126953125 1098.5113525390625 527.0125732421875
414.1355285644531 891.8634643554688 655.840576171875 699.6824951171875
1069.814697265625 681.9930419921875 1268.048828125 725.3059692382812
957.9854125976562 619.1919555664062 1191.3271484375 621.6641845703125
972.9046630859375 646.044677734375 1187.49609375 653.515869140625
1293.826171875 873.0978393554688 1400.5692138671875 1038.3553466796875
478.69873046875 749.8927612304688 750.0639038085938 607.3099365234375
781.5858154296875 929.5195922851562 866.2387084960938 845.25927734375
724.6946411132812 972.6510009765625 805.6389770507812 856.2404174804688
952.390625 758.9840087890625 1097.611083984375 756.3224487304688
594.766357421875 935.43994140625 741.3215942382812 784.636962890625
1079.1900634765625 697.767578125 1268.0137939453125 742.5816650390625
946.6500854492188 630.1004028320312 1173.8824462890625 628.6968994140625
1060.5361328125 670.3289794921875 1264.970458984375 710.0422973632812
747.1439819335938 965.0960083007812 825.1402587890625 861.2952270507812
755.5595092773438 983.4332885742188 820.7472534179688 880.1475830078125
1029.26904296875 954.581787109375 1054.4066162109375 971.955078125
1217.2232666015625 752.2625732421875 1393.6724853515625 864.6891479492188
972.9046630859375 646.044677734375 1187.49609375 653.515869140625
1071.586669921875 666.8489990234375 1280.3343505859375 710.444091796875
1061.2728271484375 699.8938598632812 1246.6810302734375 740.9302368164062
557.1842041015625 977.8375244140625 699.9757080078125 806.36962890625
361.072265625 845.4642944335938 649.1596069335938 651.2295532226562
838.423095703125 888.8408203125 929.9256591796875 832.2322998046875
1006.239013671875 953.2040405273438 1034.1868896484375 960.3807373046875
507.17547607421875 844.8753051757812 727.4566650390625 689.3038940429688
762.79345703125 953.1840209960938 842.7360229492188 856.50634765625
848.3543090820312 821.33544921875 969.3916015625 775.1531372070312
892.02490234375 869.95556640625 981.4212036132812 835.0921630859375
1324.1455078125 782.830078125 1513.947265625 957.3043823242188
994.7106323242188 980.3554077148438 1009.7791137695312 975.6962890625
991.596923828125 931.4788818359375 1034.117431640625 932.49169921875
431.6103820800781 928.089599609375 651.084716796875 731.2178955078125
1087.44140625 689.1431884765625 1283.4193115234375 739.7212524414062
418.12664794921875 915.1207275390625 649.6607666015625 717.9970092773438
1195.3375244140625 740.5880126953125 1375.5078125 842.35498046875
338.56622314453125 847.9514770507812 634.0841064453125 649.5093383789062
865.2509155273438 787.6161499023438 1003.4467163085938 751.9805908203125
369.5684814453125 835.2086181640625 655.6929321289062 646.1231079101562
520.2843627929688 752.46142578125 775.1622314453125 618.2351684570312
644.28515625 875.3753662109375 798.9664306640625 752.041748046875
969.6130981445312 639.9528198242188 1188.566162109375 645.8262939453125
347.5052490234375 831.432861328125 645.1854248046875 638.9136962890625
1105.236572265625 800.2815551757812 1226.5784912109375 861.2317504882812
391.53546142578125 896.656005859375 641.2451171875 697.5230102539062
869.4525756835938 598.7321166992188 1116.11669921875 574.5379028320312
694.619873046875 888.8297729492188 825.4279174804688 779.422607421875
1090.07763671875 674.3751831054688 1296.594970703125 725.4428100585938
1168.1514892578125 723.042236328125 1356.2618408203125 809.6221923828125
869.5582275390625 816.3909301757812 991.5682983398438 778.2738647460938
338.56622314453125 847.9514770507812 634.0841064453125 649.5093383789062
264.7779541015625 1007.0927124023438 538.3961181640625 743.3294067382812
397.6242980957031 918.422119140625 639.5676879882812 714.5338745117188
681.1580200195312 878.5702514648438 821.0877075195312 766.6171875
1369.98388671875 791.4223022460938 1573.126953125 994.2753295898438
1197.5296630859375 724.3076782226562 1390.4461669921875 825.3698120117188
887.2733764648438 592.9690551757812 1136.876708984375 574.0095825195312
1147.468505859375 831.6560668945312 1251.374755859375 912.4528198242188
1349.59521484375 759.0485229492188 1570.32421875 944.0841064453125
1294.1685791015625 779.7077026367188 1474.3223876953125 935.7630615234375
868.6351318359375 591.3326416015625 1120.8216552734375 567.2485961914062
871.3177490234375 851.3897705078125 974.653564453125 810.4769897460938
973.304443359375 617.8953247070312 1207.622802734375 624.3040161132812
1186.172607421875 726.70068359375 1374.798095703125 824.6425170898438
974.7742919921875 625.0770874023438 1203.1162109375 632.8290405273438
1362.6976318359375 803.343994140625 1547.5323486328125 1003.485107421875
651.1875610351562 917.689697265625 782.6774291992188 789.7758178710938
806.5160522460938 946.09912109375 875.5783081054688 867.6869506835938
963.8095092773438 964.4685668945312 990.919189453125 950.339599609375
582.8897094726562 809.2300415039062 789.3646850585938 681.4969482421875
1104.31396484375 822.5634765625 1210.2369384765625 882.62548828125
1100.611083984375 808.7927856445312 1215.5303955078125 866.8585815429688
877.8997802734375 704.4976196289062 1060.1448974609375 678.09326171875
1168.1514892578125 723.042236328125 1356.2618408203125 809.6221923828125
877.8997802734375 704.4976196289062 1060.1448974609375 678.09326171875
963.8095092773438 964.4685668945312 990.919189453125 950.339599609375
