773.3522338867188 979.2385864257812 860.75634765625 656.2173461914062
771.5910034179688 997.483154296875 872.1495361328125 650.3948974609375
806.0796508789062 962.5806884765625 838.0342407226562 647.3789672851562
769.6621704101562 1016.4456176757812 882.7485961914062 643.198974609375
744.9546508789062 934.1490478515625 843.2031860351562 694.62744140625
795.4205322265625 971.1405029296875 847.7691040039062 649.0910034179688
629.3193969726562 880.8638916015625 851.863525390625 810.6255493164062
629.3193969726562 880.8638916015625 851.863525390625 810.6255493164062
557.4595336914062 1001.265625 964.25048828125 765.1119384765625
683.63916015625 892.749755859375 837.1900024414062 760.4669799804688
539.9852905273438 1015.7938842773438 975.8873291015625 765.8450317382812
793.3543701171875 955.8844604492188 838.5911865234375 656.1966552734375
666.0985107421875 905.3063354492188 853.5801391601562 762.926513671875
694.619873046875 888.8297729492188 828.3314819335938 756.14208984375
527.326416015625 979.7933349609375 967.1281127929688 798.5077514648438
