65.015380859375
72.91776275634766
74.40430450439453
85.93020629882812
97.15966033935547
97.80081939697266
104.68524169921875
108.46658325195312
111.35079956054688
114.51637268066406
115.4772720336914
118.224365234375
121.70455932617188
123.28422546386719
125.15989685058594
126.31706237792969
130.4147186279297
137.00729370117188
137.47000122070312
145.60906982421875
147.08840942382812
153.50570678710938
155.9102325439453
159.82177734375
164.4293212890625
174.32154846191406
188.72467041015625
192.76409912109375
192.79522705078125
197.48670959472656
203.71058654785156
206.25469970703125
207.64633178710938
211.25103759765625
214.02102661132812
214.77197265625
217.22108459472656
217.7888946533203
218.1100616455078
219.02511596679688
219.897705078125
221.033935546875
222.6836395263672
243.84011840820312
251.91268920898438
253.07508850097656
