81.05553436279297
112.22299194335938
121.17343139648438
122.01639556884766
125.21581268310547
125.4990005493164
131.34686279296875
135.9889678955078
137.0474395751953
138.22445678710938
139.47042846679688
139.54568481445312
147.6211395263672
149.18780517578125
154.48300170898438
159.5587615966797
162.41305541992188
164.98484802246094
166.03012084960938
168.57936096191406
173.99713134765625
178.09266662597656
179.4825897216797
189.33567810058594
191.54373168945312
192.98704528808594
194.0386505126953
238.30442810058594
239.678955078125
250.0659942626953
