48.69291687011719
48.89785385131836
50.45790481567383
52.47856521606445
63.06346130371094
67.61656951904297
67.76429748535156
68.02940368652344
70.22107696533203
70.59037017822266
71.32321166992188
71.40028381347656
73.31439208984375
74.28324127197266
74.52516174316406
75.02666473388672
76.11833190917969
76.83749389648438
76.9740219116211
78.26238250732422
79.0
79.21489715576172
79.59271240234375
79.6868896484375
79.88742065429688
80.26206970214844
80.77127838134766
81.28345489501953
81.88406372070312
82.07923126220703
82.2192153930664
82.23745727539062
82.26177978515625
82.97589874267578
83.13843536376953
84.08329010009766
84.13679504394531
84.25556182861328
84.48076629638672
84.71717834472656
84.7289810180664
85.66796112060547
86.51011657714844
86.74099731445312
88.58329772949219
88.85381317138672
89.3028564453125
89.72736358642578
90.0
90.7303695678711
91.3619155883789
91.5641860961914
92.0
92.03260040283203
92.29843139648438
92.58509826660156
92.6498794555664
92.93008422851562
94.33451080322266
95.01578521728516
96.70574188232422
96.70574188232422
96.80908966064453
96.85040283203125
96.90201568603516
96.98453521728516
97.75479888916016
98.18859100341797
98.28021240234375
98.38191223144531
98.40223693847656
98.89894104003906
99.01010131835938
99.20181274414062
99.20181274414062
99.5389404296875
99.72462463378906
99.85489654541016
99.88493347167969
100.5932388305664
100.63299560546875
100.88607788085938
101.14346313476562
101.83810424804688
102.05390930175781
102.52804565429688
103.06793975830078
103.4794692993164
103.54708862304688
104.12012481689453
104.18733215332031
104.24010467529297
104.93807983398438
105.14276123046875
105.26158142089844
105.4845962524414
105.63143157958984
105.75443267822266
105.91033935546875
106.19792938232422
106.67239379882812
106.78951263427734
107.00934600830078
107.15876007080078
107.41508483886719
107.55463409423828
107.77754974365234
107.95369720458984
108.28203582763672
108.43431091308594
108.55413055419922
108.91281127929688
109.10086822509766
109.32520294189453
109.44404602050781
109.56732940673828
109.70414733886719
109.8134765625
110.00454711914062
110.14989471435547
110.2542495727539
110.29505920410156
110.29505920410156
110.35850524902344
110.45361328125
111.16654205322266
111.37324523925781
111.37773895263672
111.48094177246094
111.51681518554688
111.52130126953125
111.62885284423828
111.99553680419922
112.80514526367188
113.18126678466797
113.28724670410156
113.48127746582031
113.55175018310547
113.59136962890625
114.31098175048828
114.41590881347656
114.61675262451172
114.88690185546875
115.07389068603516
115.56383514404297
115.71516418457031
115.77564239501953
115.81018829345703
115.92670440673828
116.32283020019531
116.3271255493164
116.67475891113281
116.89311218261719
116.91022491455078
116.91449737548828
117.1025161743164
117.12386322021484
117.34564208984375
117.49468231201172
117.63077545166016
117.87281036376953
117.92794036865234
118.03813171386719
118.06354522705078
118.11434936523438
118.36384582519531
118.65917205810547
119.02100372314453
119.4654769897461
119.59515380859375
119.63694763183594
119.77478790283203
119.96249389648438
120.33702850341797
120.44500732421875
120.96693420410156
121.1197738647461
121.25180053710938
121.49073791503906
121.55657196044922
121.67169189453125
121.71277618408203
121.74974060058594
122.05326843261719
122.65398406982422
122.80879211425781
122.82508087158203
122.93494415283203
122.97154235839844
123.0243911743164
123.79418182373047
123.83456420898438
124.334228515625
124.43472290039062
124.55921936035156
124.61540985107422
125.15989685058594
125.55875396728516
125.67020416259766
126.11502838134766
126.24578857421875
126.48715209960938
126.72805786132812
126.83454132080078
126.9566879272461
127.09445190429688
127.17311096191406
127.23207092285156
127.63619995117188
128.06248474121094
128.07029724121094
128.1054229736328
128.27703857421875
128.39781188964844
128.86427307128906
129.089111328125
129.10073852539062
129.1859130859375
129.2864990234375
129.2864990234375
129.61480712890625
129.66880798339844
129.7998504638672
129.88072204589844
129.90380859375
129.96153259277344
130.0615234375
130.10765075683594
130.7363739013672
130.9083709716797
130.9351043701172
131.24404907226562
131.29737854003906
131.52566528320312
131.7649383544922
131.7725372314453
131.78392028808594
131.79530334472656
132.02651977539062
132.35557556152344
132.4122314453125
132.54432678222656
132.85330200195312
132.981201171875
133.25538635253906
133.54025268554688
134.02984619140625
134.05223083496094
134.24977111816406
134.39122009277344
134.75161743164062
134.80726623535156
135.20724487304688
135.30335998535156
135.74977111816406
136.12493896484375
136.16900634765625
136.32681274414062
136.34515380859375
136.53204345703125
136.65650939941406
136.74794006347656
136.93429565429688
137.24795532226562
137.30987548828125
137.64810180664062
137.70620727539062
137.77154541015625
138.08331298828125
138.7479705810547
139.2048797607422
139.2048797607422
139.2910614013672
139.37001037597656
139.3843536376953
139.60301208496094
139.62091064453125
139.63882446289062
139.8070068359375
139.92855834960938
139.9642791748047
140.32106018066406
140.4314727783203
140.44215393066406
140.55247497558594
140.96453857421875
141.07798767089844
141.2196807861328
141.3400115966797
141.87318420410156
142.43243408203125
142.53070068359375
142.57980346679688
143.28294372558594
143.31434631347656
143.34573364257812
143.9722137451172
144.16310119628906
144.2185821533203
144.28790283203125
144.35719299316406
144.551025390625
145.02069091796875
145.06895446777344
145.08273315429688
145.44070434570312
145.5094451904297
145.93492126464844
146.0376739501953
146.16429138183594
146.396728515625
146.42404174804688
146.67311096191406
146.7753448486328
147.17337036132812
147.2480926513672
147.49575805664062
147.72947692871094
148.13507080078125
148.71449279785156
148.9362335205078
149.04696655273438
149.86660766601562
149.89663696289062
149.90997314453125
149.91331481933594
150.1798858642578
150.33961486816406
150.72491455078125
150.80783081054688
151.03311157226562
151.2745819091797
151.5420684814453
151.6772918701172
151.7333221435547
151.75967407226562
151.79261779785156
151.92103576660156
152.44671630859375
152.45655822753906
152.63027954101562
152.79397583007812
153.05227661132812
153.5968780517578
154.02597045898438
154.0681610107422
154.18820190429688
154.44093322753906
154.50242614746094
154.7934112548828
155.3447723388672
155.56671142578125
155.70164489746094
155.74017333984375
155.82040405273438
155.8268280029297
155.90060424804688
155.92306518554688
155.94871520996094
155.9551239013672
156.61097717285156
157.1496124267578
157.31179809570312
157.3276824951172
157.59442138671875
158.0253143310547
158.09490966796875
158.3824462890625
158.707275390625
158.74822998046875
158.78286743164062
158.85528564453125
158.88674926757812
159.4459228515625
159.5054931640625
159.8186492919922
160.06561279296875
160.16554260253906
160.41819763183594
160.77935791015625
160.79800415039062
160.90370178222656
162.13882446289062
162.24363708496094
162.5238494873047
162.96932983398438
163.35238647460938
163.581787109375
163.69178771972656
164.07925415039062
164.4506072998047
165.76791381835938
165.990966796875
166.30393981933594
166.3159637451172
166.93112182617188
167.11074829101562
167.41265869140625
168.33596801757812
168.54969787597656
168.92898559570312
169.07986450195312
169.0946502685547
169.4402618408203
170.4523468017578
171.1782684326172
171.3009033203125
171.95347595214844
172.0552215576172
172.20046997070312
172.2440185546875
172.3774871826172
172.87857055664062
173.6922607421875
173.76708984375
174.2670440673828
174.67684936523438
174.70260620117188
174.85421752929688
175.12281799316406
175.66729736328125
176.0426025390625
176.09088134765625
176.5049591064453
176.6295623779297
176.70314025878906
176.70880126953125
179.192626953125
179.60791015625
180.76504516601562
181.187744140625
183.53746032714844
184.5535125732422
185.44271850585938
186.56365966796875
186.64404296875
186.7993621826172
188.1249542236328
188.56033325195312
188.7432098388672
189.4228057861328
189.56265258789062
189.85520935058594
190.67510986328125
191.33740234375
191.817626953125
192.56947326660156
192.92227172851562
192.9378204345703
192.9585418701172
193.72918701171875
196.24729919433594
197.4917755126953
198.07826232910156
202.41542053222656
202.54876708984375
203.98529052734375
204.9414520263672
206.07037353515625
206.5671844482422
208.1826171875
208.691162109375
210.24746704101562
210.35684204101562
213.58135986328125
220.07725524902344
220.99095153808594
221.2080535888672
225.93804931640625
226.58331298828125
231.0194854736328
231.48866271972656
233.4287872314453
240.6449737548828
250.63917541503906
255.0999755859375
260.7719421386719
