874.17138671875 1006.3009643554688 1016.2783203125 729.1650390625
861.4618530273438 968.2127685546875 983.6085815429688 731.4017333984375
715.394287109375 1004.4073486328125 984.8624267578125 834.478271484375
891.2545776367188 964.4003295898438 985.9961547851562 712.6607055664062
864.50048828125 996.166015625 1007.4057006835938 733.064208984375
747.5233154296875 1030.3809814453125 1014.0733642578125 812.5945434570312
932.5003051757812 1012.04638671875 1029.43896484375 697.122802734375
932.5003051757812 1012.04638671875 1029.43896484375 697.122802734375
909.4613037109375 987.7940673828125 1008.5887451171875 706.2570190429688
693.335205078125 1040.5435791015625 1013.0487670898438 851.2728271484375
762.5725708007812 1044.9613037109375 1027.4510498046875 803.0338134765625
817.75439453125 848.0648803710938 859.73095703125 748.462890625
743.7366943359375 1048.9295654296875 1027.7359619140625 815.7384033203125
758.376953125 871.8527221679688 864.1740112304688 794.0560302734375
813.28173828125 872.0933227539062 881.720703125 755.5927734375
785.5780639648438 868.2089233398438 869.22412109375 771.2501831054688
879.0274047851562 993.5155029296875 1007.7212524414062 725.7017822265625
944.6956787109375 1015.2120971679688 1034.2542724609375 690.7106323242188
743.7366943359375 1048.9295654296875 1027.7359619140625 815.7384033203125
938.3753051757812 1002.1315307617188 1022.6098022460938 693.2333984375
1100.749267578125 832.0282592773438 919.824951171875 572.653076171875
