1134.2730712890625 813.5459594726562 691.9512939453125 990.49755859375
1161.00830078125 834.2485961914062 650.3317260742188 1017.1090087890625
1056.818359375 742.5467529296875 827.7361450195312 913.075439453125
1124.6812744140625 861.9761962890625 625.2178955078125 967.4747314453125
1136.54931640625 850.4331665039062 637.6865844726562 984.4396362304688
1123.8704833984375 817.6132202148438 689.299560546875 975.862060546875
1091.955322265625 738.7285766601562 828.0634765625 954.572509765625
1126.9425048828125 726.12255859375 842.2461547851562 1004.6595458984375
1123.8704833984375 817.6132202148438 689.299560546875 975.862060546875
1101.9134521484375 730.3871459960938 841.968017578125 970.178466796875
1146.5948486328125 819.218505859375 679.3963623046875 1002.2711181640625
1174.3004150390625 953.6878051757812 493.67401123046875 1001.8687133789062
1116.67236328125 829.6968994140625 674.5606079101562 965.9168701171875
1100.749267578125 832.0282592773438 676.2847900390625 946.5555419921875
1190.5592041015625 951.939453125 488.35211181640625 1020.064208984375
1092.666015625 808.5497436523438 712.0101928710938 940.7973022460938
1094.2841796875 713.7816162109375 875.242431640625 964.8329467773438
1116.67236328125 829.6968994140625 674.5606079101562 965.9168701171875
1092.666015625 808.5497436523438 712.0101928710938 940.7973022460938
1174.3004150390625 953.6878051757812 493.67401123046875 1001.8687133789062
1098.06005859375 688.3614501953125 926.9791870117188 976.6710205078125
1065.4788818359375 731.5565185546875 843.3377075195312 929.0252075195312
340.6006774902344 823.9425048828125 835.3057250976562 458.9662170410156
1094.2841796875 713.7816162109375 875.242431640625 964.8329467773438
1179.4073486328125 1007.0515747070312 435.2814636230469 996.9939575195312
1102.4371337890625 696.0524291992188 909.7593383789062 979.6334838867188
944.6956787109375 1015.2120971679688 525.1090087890625 796.1908569335938
1083.8155517578125 709.1870727539062 887.8486328125 952.828857421875
1121.783935546875 806.6832885742188 706.9876708984375 974.41064453125
1100.749267578125 832.0282592773438 676.2847900390625 946.5555419921875
1146.822265625 837.0042724609375 653.3310546875 995.0093383789062
1087.5484619140625 723.0645751953125 858.3206176757812 953.1651611328125
909.4613037109375 987.7940673828125 562.2418212890625 770.1058349609375
1069.3475341796875 705.362060546875 892.4822998046875 935.3365478515625
