71.99305725097656
114.49890899658203
114.68653106689453
114.7911148071289
127.73410034179688
134.9740753173828
138.41604614257812
138.85243225097656
141.7427215576172
143.06642150878906
144.32948303222656
144.9241180419922
146.57080078125
147.49575805664062
147.57032775878906
150.25978088378906
156.81517028808594
159.38946533203125
162.56690979003906
163.4564208984375
165.1605224609375
166.2197265625
166.34902954101562
166.43917846679688
168.80758666992188
170.52272033691406
172.203369140625
176.59841918945312
176.67483520507812
176.980224609375
177.03106689453125
177.6316375732422
177.9971923828125
179.76095581054688
180.14715576171875
182.11534118652344
184.0706329345703
184.0923614501953
185.14588928222656
185.91664123535156
186.26861572265625
186.5690155029297
187.9441375732422
188.52586364746094
188.62661743164062
190.54396057128906
190.58331298828125
190.895263671875
191.5515594482422
193.8994598388672
194.72544860839844
195.6885223388672
195.74473571777344
195.79837036132812
195.86219787597656
199.30128479003906
202.7362823486328
212.99765014648438
213.02581787109375
213.7475128173828
214.22885131835938
215.851806640625
220.39736938476562
222.86767578125
222.94842529296875
228.64601135253906
230.7401123046875
231.7994842529297
235.51644897460938
237.47000122070312
245.48727416992188
260.3919982910156
261.0057373046875
