40.33608627319336
43.30126953125
46.42197799682617
46.711883544921875
46.86149978637695
46.893497467041016
47.13809585571289
47.180503845214844
48.435523986816406
49.658836364746094
49.839744567871094
50.793701171875
50.83306121826172
51.254268646240234
51.71073532104492
51.77837371826172
52.10566329956055
52.23025894165039
52.32590103149414
52.564247131347656
52.611785888671875
52.63079071044922
52.73518753051758
52.87721633911133
52.88667297363281
53.02829360961914
53.24471664428711
53.329166412353516
53.563045501708984
53.7959098815918
54.75399398803711
54.80875778198242
54.83612060546875
55.226806640625
55.389530181884766
55.398555755615234
55.4707145690918
55.596763610839844
55.73149871826172
55.74047088623047
55.830101013183594
56.16938781738281
56.19608688354492
56.56854248046875
56.595054626464844
56.61272048950195
56.70096969604492
56.87705993652344
57.026309967041016
57.04384231567383
57.04384231567383
57.07889175415039
57.41950988769531
57.628116607666016
57.71481704711914
57.80138397216797
57.87918472290039
57.96550750732422
58.28378677368164
58.446556091308594
58.52349853515625
58.60887145996094
58.61740493774414
58.85575485229492
59.16925048828125
59.346439361572266
59.430633544921875
59.47268295288086
59.69087219238281
59.93329620361328
59.99166488647461
60.083274841308594
60.69596481323242
60.794734954833984
61.04916000366211
61.19640350341797
61.489837646484375
61.595455169677734
61.6846809387207
61.6846809387207
61.87083435058594
61.89507293701172
61.94352340698242
62.120849609375
62.21736145019531
62.361846923828125
62.36986541748047
62.56196975708008
62.64183807373047
62.72957992553711
62.78534698486328
62.85697937011719
63.087242126464844
63.28506851196289
63.28506851196289
63.39558410644531
63.61603546142578
63.7181282043457
63.8278923034668
63.86705017089844
64.07027435302734
64.09368133544922
64.26507568359375
64.49031066894531
64.72248077392578
64.73020935058594
64.74565887451172
64.80740356445312
65.14598846435547
65.1536636352539
65.19969177246094
65.25334930419922
65.27633666992188
65.96211242675781
66.01515197753906
66.11354064941406
66.27970886230469
66.3551025390625
66.40782928466797
66.46051788330078
66.48307800292969
66.52067565917969
66.58828735351562
66.76825714111328
66.8879623413086
67.21607208251953
67.3052749633789
67.31270599365234
68.02940368652344
68.14689636230469
68.330078125
68.62944030761719
68.73863220214844
68.7677230834961
68.84039306640625
68.84765625
68.85491943359375
69.01448822021484
69.10137176513672
69.10861206054688
69.1158447265625
69.17369079589844
69.20982360839844
69.22427368164062
69.31810760498047
69.36858367919922
69.37578582763672
69.38299560546875
69.39740753173828
69.49819946289062
69.79254913330078
69.80687713623047
69.81404113769531
69.8999252319336
69.92138671875
69.99285888671875
70.1783447265625
70.34912872314453
70.43436431884766
70.59745025634766
70.61161041259766
70.65408325195312
70.85901641845703
70.87312316894531
71.00704193115234
71.05631256103516
71.21095275878906
71.4142837524414
71.48426055908203
71.56116485595703
71.56814575195312
71.67286682128906
71.70076751708984
71.7077407836914
71.73562622070312
71.87489318847656
71.99305725097656
72.06941223144531
72.10408782958984
72.14568328857422
72.17340087890625
72.27032470703125
72.29107666015625
72.31182098388672
72.42237091064453
72.49137878417969
72.51896667480469
72.51896667480469
72.58098602294922
72.64984893798828
72.71176147460938
72.84229278564453
72.88346862792969
72.90404510498047
72.95889282226562
72.96574401855469
73.08214569091797
73.32803344726562
73.32803344726562
73.34848022460938
73.60027313232422
73.64781188964844
73.73601531982422
73.80379486083984
74.18220520019531
74.24284362792969
74.29669952392578
74.35052490234375
74.5654067993164
74.59222412109375
74.63912963867188
74.83314514160156
74.91996002197266
74.95999145507812
75.0133285522461
75.32595825195312
75.41220092773438
75.72978210449219
75.8683090209961
75.88807678222656
76.03289031982422
76.14459991455078
76.28892517089844
76.6093978881836
76.67463684082031
76.94153594970703
76.9740219116211
77.0
77.2139892578125
77.44029998779297
77.54353332519531
77.57576751708984
77.58221435546875
77.85884857177734
77.86526489257812
77.96153259277344
77.96794128417969
78.10249328613281
78.14729309082031
78.16648864746094
78.23043060302734
78.26238250732422
78.70197296142578
79.07591247558594
79.09487915039062
79.21489715576172
79.61783599853516
79.73706817626953
79.8122787475586
80.14362335205078
80.18104553222656
80.41765594482422
80.4549560546875
80.4673843383789
80.56053924560547
80.57294464111328
80.79603576660156
80.82079315185547
80.87644958496094
81.0
81.00617218017578
81.0308609008789
81.25269317626953
81.32649993896484
81.44322967529297
81.4923324584961
81.64557647705078
81.76184844970703
81.85963439941406
82.18880462646484
82.44392395019531
82.68010711669922
82.93370819091797
82.97589874267578
83.02409362792969
83.1324234008789
83.22259521484375
83.38465118408203
83.61219787597656
83.67198181152344
84.16650390625
84.19619750976562
84.24962615966797
84.49259948730469
84.53993225097656
84.75257873535156
84.87638092041016
84.8881607055664
84.92349243164062
85.02352905273438
85.070556640625
85.21736907958984
85.26429748535156
85.48099517822266
85.55699920654297
85.93020629882812
86.11620330810547
86.22064971923828
86.52745056152344
86.53323364257812
86.61985778808594
86.6256332397461
86.87922668457031
87.10338592529297
87.24677276611328
87.40709686279297
87.53285217285156
87.6584243774414
87.71544647216797
88.31195068359375
88.61151123046875
88.6510009765625
88.72992706298828
88.79752349853516
89.005615234375
89.44831085205078
89.47066497802734
90.11659240722656
90.13877868652344
90.29949951171875
90.34931945800781
90.42123413085938
90.68075561523438
90.78546142578125
91.0164794921875
91.50955963134766
91.58056640625
91.58602142333984
91.6515121459961
91.82048034667969
91.89124298095703
91.94020080566406
91.96195220947266
91.99456787109375
92.02716827392578
92.2333984375
92.30926513671875
92.42835235595703
92.47161865234375
92.6876449584961
92.85472869873047
92.86549377441406
93.01074981689453
93.35416412353516
93.48796844482422
93.62158203125
93.69097900390625
93.77099609375
93.92549896240234
94.09038543701172
94.29209899902344
94.56214904785156
94.66783905029297
95.01052856445312
95.1052017211914
95.17352294921875
95.44107818603516
95.53009796142578
95.58765411376953
95.78099822998047
96.32237243652344
96.54014587402344
96.59192657470703
96.65919494628906
96.69539642333984
96.7780990600586
96.7884292602539
96.81425476074219
97.1236343383789
97.2882308959961
97.36015319824219
97.48332977294922
97.62171936035156
97.70874786376953
97.87747192382812
98.0204086303711
98.03570556640625
98.29547119140625
98.35140991210938
98.4834976196289
98.7825927734375
98.89388275146484
98.98484802246094
99.12618255615234
99.37303161621094
99.60923767089844
99.77975463867188
100.17485046386719
100.23971557617188
100.28459167480469
100.32946014404297
100.50373077392578
100.54849243164062
100.59821319580078
100.6280288696289
100.75713348388672
101.03959655761719
101.7005386352539
101.76443481445312
101.9460678100586
101.9705810546875
102.0
102.01470184326172
102.14205932617188
102.21056365966797
102.40116882324219
103.02912139892578
103.13583374023438
103.23758697509766
103.30537414550781
103.81233215332031
103.88936614990234
104.35516357421875
104.59923553466797
104.93807983398438
104.98571014404297
105.91033935546875
105.9480972290039
106.00942993164062
106.03301239013672
106.70988464355469
106.87843322753906
107.2893295288086
107.44300842285156
107.46162414550781
107.89346313476562
107.96295928955078
108.0462875366211
108.0647964477539
108.17578125
108.18040466308594
108.24971008300781
108.32820129394531
108.44353485107422
108.51728057861328
108.61399841308594
108.78418731689453
108.8393325805664
109.3069076538086
109.73604583740234
109.93634796142578
109.99090576171875
110.14535522460938
110.20435333251953
110.28599548339844
110.29959106445312
110.48981475830078
110.60289001464844
111.0495376586914
111.14405059814453
111.26994323730469
111.3193588256836
111.3238525390625
111.53026580810547
111.56612396240234
111.78103637695312
111.83917236328125
111.96874237060547
112.41441345214844
112.43220520019531
112.45887756347656
112.52111053466797
112.66765594482422
113.47246551513672
113.67937469482422
113.73653411865234
113.74972534179688
114.0657730102539
114.42028045654297
114.49017333984375
114.67781066894531
114.95651245117188
115.8921890258789
116.00862121582031
116.12493133544922
116.23682403564453
116.32283020019531
116.52467346191406
116.5547103881836
116.64047241210938
116.7775650024414
116.8417739868164
117.42231750488281
117.42657470703125
117.67752838134766
117.8600845336914
117.8770523071289
117.95338439941406
118.52426147460938
118.58751678466797
118.9033203125
118.95377349853516
119.13018035888672
119.5575180053711
119.82904815673828
120.44085693359375
120.64824676513672
120.9090576171875
120.92146301269531
121.04544830322266
121.10326385498047
121.19818115234375
121.73741912841797
122.17201232910156
122.28246307373047
122.49897766113281
122.74363708496094
122.89019775390625
122.90239715576172
122.99186706542969
123.0162582397461
123.13001251220703
124.22962951660156
124.4387435913086
124.71968841552734
125.06797790527344
125.37942504882812
125.86103820800781
126.13484954833984
126.15467071533203
126.22994995117188
126.25371551513672
126.34081268310547
126.86212921142578
127.18883514404297
127.9296646118164
128.37445068359375
128.49513244628906
129.76902770996094
129.79214477539062
129.80369567871094
130.4913787841797
130.70578002929688
131.03053283691406
131.2516632080078
131.31260681152344
131.39634704589844
131.4305877685547
131.48764038085938
131.82943725585938
132.0037841796875
132.08331298828125
132.65745544433594
132.879638671875
132.89093017578125
133.0300750732422
133.7348175048828
135.43264770507812
135.61341857910156
135.76449584960938
135.7681884765625
136.67478942871094
136.87220764160156
137.51364135742188
137.80783081054688
137.90576171875
137.9347686767578
138.16294860839844
138.5460205078125
139.18333435058594
140.14634704589844
140.16775512695312
140.4919891357422
140.7764129638672
141.1878204345703
141.5238494873047
141.58389282226562
141.71096801757812
141.99647521972656
141.99647521972656
142.35519409179688
142.411376953125
142.73402404785156
142.87057495117188
144.33987426757812
144.4472198486328
145.148193359375
146.92515563964844
147.23110961914062
147.24130249023438
148.44190979003906
148.5294647216797
148.6068572998047
148.70440673828125
150.65855407714844
150.76803588867188
150.9569549560547
151.04635620117188
151.60475158691406
151.78602600097656
152.7350616455078
153.12413024902344
153.66522216796875
154.6156463623047
154.76434326171875
154.93223571777344
156.61737060546875
157.1368865966797
157.2227783203125
157.27999877929688
158.8175048828125
159.3831787109375
159.76858520507812
160.85086059570312
161.94442749023438
162.88645935058594
162.8956756591797
164.21023559570312
166.19265747070312
168.67127990722656
168.72462463378906
169.41073608398438
169.4933624267578
171.27171325683594
171.3534393310547
172.80624389648438
174.1981658935547
174.4419708251953
175.4508514404297
176.92654418945312
177.46548461914062
178.04212951660156
178.53570556640625
179.0
179.58285522460938
180.28033447265625
181.20982360839844
181.7415771484375
183.68995666503906
188.43301391601562
188.4489288330078
190.5098419189453
191.4575653076172
191.9947967529297
193.79112243652344
194.1829071044922
203.57554626464844
204.48716735839844
209.30599975585938
210.28314208984375
210.60626220703125
212.49705505371094
212.59115600585938
216.9746551513672
218.86297607421875
219.9727325439453
220.8393096923828
222.87216186523438
224.046875
224.8866424560547
242.35304260253906
255.62863159179688
