429.27764892578125 463.00634765625 1325.0772705078125 313.86322021484375
390.8002014160156 425.4549560546875 1314.86328125 264.8297424316406
359.9242858886719 395.1673583984375 1308.868896484375 225.39581298828125
415.76171875 431.3079528808594 1333.216552734375 280.959716796875
435.496826171875 459.3009033203125 1332.4344482421875 313.6429138183594
393.6769104003906 391.3857421875 1338.8631591796875 236.2955322265625
435.5616149902344 455.2569274902344 1335.9757080078125 310.839599609375
421.4001770019531 456.6818542480469 1320.876220703125 304.56292724609375
373.5712585449219 406.8307800292969 1311.8067626953125 241.50718688964844
408.8146057128906 445.8252258300781 1317.5928955078125 289.91571044921875
412.4540100097656 475.85552978515625 1302.348388671875 317.0054931640625
383.0165100097656 462.16558837890625 1285.1429443359375 292.15240478515625
393.5509033203125 401.1438903808594 1332.568359375 244.88058471679688
423.7668151855469 437.5156555175781 1336.97509765625 289.4693298339844
395.38287353515625 486.2710266113281 1280.4052734375 317.6415710449219
405.34588623046875 475.1391906738281 1295.156494140625 312.9721374511719
440.3791809082031 399.8653564453125 1379.8701171875 262.8890686035156
445.1293640136719 444.27581787109375 1348.847412109375 305.2886962890625
433.99188232421875 402.1134338378906 1370.82568359375 263.1105041503906
408.337890625 451.5912170410156 1314.39013671875 294.8211364746094
405.2372131347656 462.6902770996094 1302.7615966796875 302.67694091796875
383.85784912109375 442.77178955078125 1297.3311767578125 278.3998107910156
455.4139099121094 391.8858337402344 1402.654296875 263.56829833984375
405.2372131347656 462.6902770996094 1302.7615966796875 302.67694091796875
