70.80960083007812
83.86894226074219
92.94084167480469
96.7884292602539
97.76502227783203
97.84681701660156
98.73196411132812
100.50870513916016
105.21406555175781
108.66001892089844
110.0
112.16505432128906
113.4460220336914
117.49893951416016
119.33985137939453
119.74556732177734
121.7620620727539
121.99180603027344
122.84542846679688
123.89108276367188
127.06297302246094
133.4503631591797
136.29379272460938
137.11309814453125
138.88124084472656
141.0850830078125
144.0
146.40013122558594
147.62791442871094
148.0810546875
153.82781982421875
154.17198181152344
154.63182067871094
155.17410278320312
157.2641143798828
160.0968475341797
163.97560119628906
166.8802032470703
171.88949584960938
173.6807403564453
176.1448211669922
183.58377075195312
183.82872009277344
185.47776794433594
189.15866088867188
195.0205078125
197.91917419433594
209.66163635253906
217.54080200195312
227.4423065185547
