956.9489135742188 903.4219970703125 566.6160278320312 928.3693237304688
956.9489135742188 903.4219970703125 566.6160278320312 928.3693237304688
742.2138061523438 291.9798889160156 1779.5684814453125 437.3472595214844
1057.7484130859375 728.1795654296875 833.6712646484375 989.4663696289062
740.9246826171875 289.5107421875 1779.311279296875 432.8503112792969
781.3388061523438 276.59326171875 1869.2470703125 455.79107666015625
980.0425415039062 854.3585205078125 629.952392578125 935.5830688476562
766.2811279296875 281.0128479003906 1836.821533203125 446.66357421875
1055.8939208984375 737.7159423828125 816.167236328125 988.42724609375
1031.909912109375 732.1796875 822.7101440429688 958.4354248046875
1037.5784912109375 782.1265258789062 738.7536010742188 976.6119384765625
1053.8409423828125 637.9442138671875 1011.3660278320312 957.3349609375
1062.5008544921875 659.1004028320312 969.566650390625 973.7161254882812
1031.909912109375 732.1796875 822.7101440429688 958.4354248046875
1055.8939208984375 737.7159423828125 816.167236328125 988.42724609375
1018.4137573242188 758.93115234375 776.1510620117188 949.2568359375
960.7659912109375 862.3428955078125 621.2891235351562 918.919189453125
1052.1632080078125 746.44140625 800.9915771484375 985.6373901367188
1097.5301513671875 641.2622680664062 1016.5051879882812 1018.1836547851562
1040.4801025390625 744.022705078125 803.2960205078125 970.1674194335938
1018.4137573242188 758.93115234375 776.1510620117188 949.2568359375
1011.6036987304688 746.7352905273438 795.940185546875 936.7514038085938
956.5177612304688 874.7345581054688 604.1430053710938 919.7310180664062
951.3485107421875 844.2138061523438 645.3887329101562 904.2640991210938
