65.81033325195312
67.32756042480469
69.73521423339844
76.77239227294922
79.78721618652344
86.25543212890625
87.49857330322266
88.83692932128906
89.02246856689453
89.52095031738281
96.5556869506836
96.85040283203125
97.6370849609375
98.0
98.46318817138672
99.91996765136719
100.04499053955078
100.23971557617188
100.43903350830078
100.6379623413086
100.68763732910156
100.84146118164062
101.054443359375
101.60708618164062
103.96153259277344
104.13452911376953
104.33599853515625
104.39348602294922
105.66456604003906
106.2967529296875
106.63957977294922
107.07473754882812
108.14342498779297
108.41586303710938
108.41586303710938
108.75201416015625
110.51244354248047
110.71133422851562
111.5123291015625
111.55268096923828
112.47222137451172
113.52532958984375
114.26722717285156
114.61238861083984
115.72380828857422
116.0603256225586
117.07689666748047
117.20494842529297
117.6095199584961
117.75398254394531
118.6338882446289
119.55333709716797
120.21646881103516
120.3245620727539
121.86467742919922
122.57650756835938
123.9798355102539
125.09996032714844
125.18785858154297
125.22779083251953
125.7417984008789
126.02777099609375
126.04364013671875
126.27747344970703
126.6214828491211
127.11412048339844
127.19670104980469
127.64795684814453
127.95311737060547
128.5301513671875
128.6468048095703
128.74005126953125
129.59552001953125
130.1383819580078
131.10682678222656
133.1202392578125
133.244140625
135.0592498779297
137.09121704101562
137.4736328125
137.71347045898438
137.9492645263672
138.22445678710938
139.53135681152344
140.03927612304688
140.23907470703125
140.70892333984375
140.91131591796875
141.51324462890625
142.33059692382812
142.48509216308594
142.7655487060547
142.90206909179688
143.25502014160156
143.32479858398438
143.4747314453125
143.81585693359375
145.086181640625
145.40289306640625
145.45101928710938
146.27029418945312
146.79237365722656
147.76670837402344
147.96282958984375
149.62954711914062
149.84658813476562
150.20652770996094
150.65524291992188
151.96380615234375
152.54835510253906
154.4441680908203
155.86212158203125
155.90060424804688
156.1441650390625
156.3425750732422
156.93948364257812
157.4515838623047
158.02215576171875
160.97515869140625
161.45587158203125
161.57969665527344
162.33299255371094
162.57305908203125
162.99693298339844
164.5873565673828
164.9757537841797
165.6864471435547
167.13168334960938
167.45745849609375
167.8660125732422
168.0267791748047
168.3330078125
168.6742401123047
169.27197265625
170.34376525878906
170.38192749023438
171.0029296875
171.0906219482422
171.40011596679688
171.51385498046875
171.58963012695312
172.0959014892578
172.21788024902344
173.27146911621094
173.63755798339844
174.7369384765625
175.51638793945312
175.6331329345703
175.8067169189453
176.340576171875
176.3831024169922
177.67385864257812
177.74700927734375
177.88198852539062
178.19090270996094
179.5550079345703
179.59954833984375
180.61561584472656
181.40286254882812
181.48553466796875
181.5296173095703
183.91574096679688
184.1439666748047
184.75389099121094
186.5958251953125
187.07217407226562
187.1202850341797
187.22714233398438
187.79776000976562
187.843017578125
188.17544555664062
188.82266235351562
189.6918487548828
190.37857055664062
190.8612060546875
192.54869079589844
192.70962524414062
193.10101318359375
194.03607177734375
196.9213104248047
198.11865234375
198.8693084716797
199.47682189941406
201.06964111328125
202.86695861816406
204.3991241455078
205.385009765625
205.72068786621094
206.27166748046875
206.39524841308594
206.71478271484375
207.20521545410156
208.341064453125
209.30599975585938
210.94786071777344
212.6287841796875
216.11570739746094
218.51315307617188
218.6046600341797
219.358154296875
220.2680206298828
221.9729766845703
222.66342163085938
226.43983459472656
228.2432861328125
230.02825927734375
235.46124267578125
242.28701782226562
245.76614379882812
251.98214721679688
