1098.87109375 674.25634765625 1130.599365234375 734.2466430664062
941.4486694335938 681.4271850585938 951.4595947265625 706.6634521484375
1219.6495361328125 818.2130737304688 1227.1668701171875 948.1854248046875
1098.87109375 674.25634765625 1130.599365234375 734.2466430664062
1147.50732421875 801.28662109375 1144.58984375 906.4241333007812
1183.2205810546875 780.6728515625 1195.2554931640625 888.9085083007812
1245.534423828125 695.9193115234375 1303.5404052734375 797.1069946289062
1162.0911865234375 808.2777709960938 1159.3394775390625 918.8811645507812
1215.247314453125 772.7960205078125 1238.4810791015625 888.9598999023438
1261.2774658203125 595.027587890625 1357.677490234375 672.4363403320312
1263.347412109375 666.6823120117188 1335.4267578125 763.762939453125
1057.7484130859375 728.1795654296875 1064.8907470703125 790.2470703125
1238.4931640625 580.31689453125 1334.093017578125 649.8135375976562
1214.3245849609375 608.4847412109375 1294.7376708984375 679.7160034179688
975.2334594726562 765.5558471679688 958.26904296875 816.780517578125
1087.1236572265625 636.5604248046875 1132.13232421875 685.5587768554688
1006.4028930664062 596.052001953125 1054.504150390625 620.296142578125
928.224609375 706.978515625 927.9390258789062 733.7327880859375
1229.3760986328125 781.9019775390625 1252.540283203125 903.7727661132812
1163.6871337890625 755.81494140625 1179.8089599609375 851.6918334960938
1112.875 559.2306518554688 1189.02392578125 598.768798828125
1056.0697021484375 639.366943359375 1095.8397216796875 683.7025756835938
1100.472412109375 867.0504150390625 1063.667724609375 976.7394409179688
962.5888671875 613.1521606445312 1000.3157348632812 632.4381103515625
1234.2257080078125 679.8965454101562 1294.718017578125 773.8671875
975.2334594726562 765.5558471679688 958.26904296875 816.780517578125
1098.35693359375 585.7708740234375 1162.4512939453125 628.0635986328125
1031.909912109375 732.1796875 1034.204345703125 788.9563598632812
1006.4028930664062 596.052001953125 1054.504150390625 620.296142578125
976.202392578125 594.38720703125 1021.362060546875 613.3071899414062
1031.909912109375 732.1796875 1034.204345703125 788.9563598632812
600.7177734375 727.9861450195312 592.5849609375 690.4823608398438
739.259521484375 776.9989013671875 706.7130737304688 774.0325927734375
1214.3245849609375 608.4847412109375 1294.7376708984375 679.7160034179688
1213.13525390625 667.5739135742188 1272.590576171875 753.1703491210938
1031.1778564453125 723.7965698242188 1037.0169677734375 778.9060668945312
1078.2972412109375 582.0303344726562 1140.5804443359375 619.2568359375
937.2429809570312 818.0774536132812 897.3475341796875 869.5840454101562
1161.3780517578125 796.4916381835938 1163.3216552734375 903.4387817382812
1220.4635009765625 706.9251098632812 1268.6434326171875 804.8834228515625
1055.8939208984375 737.7159423828125 1059.1231689453125 801.4359130859375
1112.875 559.2306518554688 1189.02392578125 598.768798828125
1037.5784912109375 782.1265258789062 1021.7989501953125 852.6533813476562
941.4486694335938 681.4271850585938 951.4595947265625 706.6634521484375
1229.3760986328125 781.9019775390625 1252.540283203125 903.7727661132812
894.9307250976562 677.97509765625 903.9899291992188 694.0440063476562
602.1544189453125 662.5067138671875 619.1356811523438 620.8800659179688
669.5949096679688 789.940673828125 633.6166381835938 773.3077392578125
913.9675903320312 731.0702514648438 903.02880859375 759.5111694335938
451.14691162109375 681.4425048828125 475.6755065917969 613.9530029296875
1118.0400390625 572.2642822265625 1190.8565673828125 615.197509765625
962.5888671875 613.1521606445312 1000.3157348632812 632.4381103515625
1202.742431640625 656.9490356445312 1263.1287841796875 737.1366577148438
1251.6234130859375 713.0471801757812 1304.7431640625 821.2203369140625
1211.099609375 675.0797729492188 1266.9468994140625 761.7192993164062
1220.421142578125 602.7425537109375 1302.875732421875 673.4724731445312
1254.875 598.3992919921875 1347.154052734375 676.661865234375
623.4828491210938 717.9823608398438 617.9530639648438 683.1117553710938
1192.15234375 759.6557006835938 1213.700927734375 864.469482421875
1062.5008544921875 659.1004028320312 1096.377685546875 707.8912963867188
943.677001953125 629.6742553710938 973.419189453125 648.32275390625
1055.9658203125 745.4970703125 1056.5999755859375 810.8922119140625
1147.7637939453125 564.9725341796875 1228.38623046875 612.1530151367188
843.5852661132812 851.3671264648438 782.574462890625 887.302978515625
937.2429809570312 818.0774536132812 897.3475341796875 869.5840454101562
1158.1568603515625 778.069091796875 1166.316650390625 878.7340087890625
1263.347412109375 666.6823120117188 1335.4267578125 763.762939453125
973.9765625 548.3690795898438 1035.73388671875 560.34716796875
1163.6871337890625 755.81494140625 1179.8089599609375 851.6918334960938
1016.24072265625 526.0703125 1090.0655517578125 541.72705078125
1053.376220703125 656.6904296875 1085.4173583984375 702.8555908203125
1054.1807861328125 557.1619262695312 1122.54931640625 585.0068359375
1251.764892578125 612.0777587890625 1340.45166015625 692.95166015625
1136.2139892578125 597.6136474609375 1202.179931640625 649.5320434570312
917.5764770507812 514.8232421875 986.9279174804688 512.9234008789062
1233.7548828125 799.3447875976562 1250.994873046875 927.6575927734375
1087.1236572265625 636.5604248046875 1132.13232421875 685.5587768554688
937.8341674804688 615.8054809570312 972.2193603515625 631.1195068359375
1079.1558837890625 633.01171875 1123.052001953125 679.9464721679688
915.0081787109375 157.03611755371094 1104.7906494140625 126.94168853759766
1089.90966796875 555.482421875 1164.0313720703125 590.0462646484375
1153.6224365234375 748.1296997070312 1171.9410400390625 839.2228393554688
1064.274658203125 758.279052734375 1061.603759765625 828.837646484375
1204.4056396484375 698.7337036132812 1250.823486328125 790.2603759765625
1066.37548828125 585.5004272460938 1125.9124755859375 621.7455444335938
623.4828491210938 717.9823608398438 617.9530639648438 683.1117553710938
1238.70751953125 616.7818603515625 1322.5762939453125 696.8052368164062
1228.0692138671875 662.7283325195312 1293.015869140625 750.6173095703125
1171.673095703125 586.5430908203125 1250.0247802734375 643.8755493164062
1231.1038818359375 834.8464965820312 1234.787353515625 974.0513916015625
949.7085571289062 888.724853515625 884.0387573242188 960.1043090820312
1109.658203125 593.2301635742188 1175.16455078125 639.439453125
762.1719970703125 831.3358764648438 708.122802734375 843.3567504882812
1097.17333984375 861.2217407226562 1062.24072265625 967.19287109375
426.07989501953125 739.9055786132812 429.93572998046875 670.773193359375
399.6994323730469 813.1629028320312 379.34393310546875 742.2523193359375
641.8186645507812 926.0645141601562 553.1356201171875 922.1342163085938
511.7535095214844 551.3214111328125 578.5125732421875 489.5006103515625
963.1176147460938 600.0946655273438 1005.239013671875 617.4326782226562
1074.26171875 754.205810546875 1074.5859375 826.1885375976562
859.4299926757812 786.0407104492188 826.2169189453125 811.5010375976562
991.8673095703125 879.7364501953125 933.2984619140625 960.2054443359375
1211.099609375 675.0797729492188 1266.9468994140625 761.7192993164062
1002.5673217773438 733.983154296875 1000.4967041015625 783.9668579101562
399.6994323730469 813.1629028320312 379.34393310546875 742.2523193359375
1156.9739990234375 626.5913696289062 1218.091552734375 689.5380249023438
1162.0911865234375 808.2777709960938 1159.3394775390625 918.8811645507812
913.9675903320312 731.0702514648438 903.02880859375 759.5111694335938
1066.37548828125 585.5004272460938 1125.9124755859375 621.7455444335938
572.4279174804688 873.52392578125 508.7281494140625 845.6871337890625
1177.8038330078125 790.3936767578125 1184.3428955078125 899.39208984375
1202.9832763671875 758.5955810546875 1227.9542236328125 865.3967895507812
1216.0584716796875 655.2476196289062 1280.240234375 737.5925903320312
669.5949096679688 789.940673828125 633.6166381835938 773.3077392578125
890.601806640625 508.73651123046875 959.8582763671875 501.399658203125
1037.4578857421875 644.253173828125 1072.4580078125 685.0399780273438
548.1075439453125 911.6480712890625 471.502197265625 881.97021484375
602.1544189453125 662.5067138671875 619.1356811523438 620.8800659179688
999.332763671875 608.2994995117188 1042.081787109375 633.5101928710938
1147.7637939453125 564.9725341796875 1228.38623046875 612.1530151367188
972.6930541992188 865.9656372070312 916.11376953125 937.4766235351562
1141.3353271484375 906.1661376953125 1097.5750732421875 1039.9320068359375
1213.13525390625 667.5739135742188 1272.590576171875 753.1703491210938
1075.4686279296875 627.501220703125 1119.5634765625 671.6686401367188
1172.66064453125 775.7083740234375 1184.7015380859375 879.8299560546875
949.7085571289062 888.724853515625 884.0387573242188 960.1043090820312
980.0425415039062 854.3585205078125 929.2926025390625 925.5731201171875
523.3731079101562 646.9224853515625 553.1226196289062 590.2085571289062
991.5077514648438 900.3474731445312 924.8026123046875 987.4708862304688
1039.0498046875 766.585205078125 1029.711669921875 832.9249877929688
1040.4801025390625 744.022705078125 1039.1861572265625 805.2456665039062
1025.9691162109375 664.98876953125 1051.6861572265625 707.5782470703125
1011.4683227539062 533.6974487304688 1082.407958984375 550.359375
841.1038208007812 784.756103515625 807.0744018554688 806.48974609375
338.4264221191406 672.083984375 381.9481201171875 585.6384887695312
970.1513671875 604.2742309570312 1011.551025390625 624.276611328125
1064.3984375 669.646728515625 1095.4893798828125 721.7023315429688
925.4188232421875 520.3948364257812 992.9220581054688 520.1160278320312
951.3485107421875 844.2138061523438 901.8800659179688 905.724609375
1187.0447998046875 666.5175170898438 1240.84814453125 745.7113037109375
990.4826049804688 922.2822265625 915.0628662109375 1014.9200439453125
497.78387451171875 595.4727783203125 549.6849365234375 531.5946044921875
934.249755859375 855.2761840820312 881.1427001953125 914.6649169921875
1124.6685791015625 577.79296875 1196.8553466796875 624.0055541992188
1245.534423828125 695.9193115234375 1303.5404052734375 797.1069946289062
1049.4573974609375 669.7479248046875 1078.4140625 718.2930297851562
1224.389404296875 581.3233032226562 1316.43212890625 648.0963745117188
1097.5301513671875 641.2622680664062 1142.2611083984375 694.9495849609375
1204.506103515625 580.0869750976562 1292.5550537109375 644.012451171875
1133.2181396484375 587.32568359375 1202.9866943359375 636.3706665039062
1105.8687744140625 652.7283935546875 1148.06787109375 709.5789184570312
451.14691162109375 681.4425048828125 475.6755065917969 613.9530029296875
539.435546875 637.5302124023438 570.8112182617188 582.5003662109375
1097.5301513671875 641.2622680664062 1142.2611083984375 694.9495849609375
1005.8030395507812 714.2153930664062 1011.4759521484375 760.7739868164062
956.3231201171875 728.0889282226562 952.3519897460938 765.8919067382812
1035.611083984375 592.0592651367188 1089.5927734375 621.3816528320312
681.1817626953125 964.6640014648438 575.1890869140625 978.2548217773438
794.838623046875 818.7420043945312 746.3256225585938 834.578369140625
497.78387451171875 595.4727783203125 549.6849365234375 531.5946044921875
1002.126220703125 557.1198120117188 1064.028564453125 575.9722290039062
1177.4566650390625 689.7786254882812 1221.02783203125 772.2124633789062
359.18048095703125 698.6299438476562 388.99822998046875 616.733642578125
1133.2181396484375 587.32568359375 1202.9866943359375 636.3706665039062
924.8740234375 690.556396484375 931.1215209960938 712.1561889648438
1045.44091796875 641.7244262695312 1082.439697265625 682.8668823242188
988.6821899414062 610.9302978515625 1029.569091796875 635.0584106445312
1047.7269287109375 663.1973876953125 1077.8668212890625 709.793212890625
576.7638549804688 758.0601196289062 559.6657104492188 717.86669921875
972.6930541992188 865.9656372070312 916.11376953125 937.4766235351562
1069.4644775390625 735.4496459960938 1075.892333984375 801.0978393554688
640.5928955078125 787.3726196289062 605.996826171875 765.0904541015625
1103.442626953125 575.9071044921875 1172.3427734375 616.5986938476562
535.6135864257812 532.1904907226562 607.554443359375 472.7161560058594
975.291259765625 894.3238525390625 909.3241577148438 974.5159301757812
528.1721801757812 543.8984375 595.7045288085938 484.25274658203125
1055.8939208984375 737.7159423828125 1059.1231689453125 801.4359130859375
429.0423889160156 716.7389526367188 441.9521179199219 646.9627075195312
742.5696411132812 773.0121459960938 710.86669921875 770.3733520507812
1010.5698852539062 738.3179931640625 1007.4044799804688 791.844482421875
399.1593017578125 731.7108764648438 410.1743469238281 657.2880859375
1260.5372314453125 688.27001953125 1324.6005859375 791.3876953125
1229.93310546875 695.8194580078125 1283.7100830078125 792.9990844726562
520.0436401367188 742.8469848632812 513.3185424804688 691.4371337890625
1118.0400390625 572.2642822265625 1190.8565673828125 615.197509765625
673.184814453125 936.3136596679688 578.3964233398438 942.4905395507812
1033.01513671875 752.2028198242188 1028.3505859375 813.7019653320312
719.8923950195312 771.8563232421875 689.7842407226562 763.340576171875
1034.724853515625 532.1048583984375 1108.527099609375 552.2505493164062
509.9548034667969 884.3103637695312 446.40789794921875 844.210693359375
617.3574829101562 972.6383666992188 508.6214294433594 972.7057495117188
386.0116271972656 680.5316772460938 419.3114013671875 601.6222534179688
1150.2303466796875 902.97607421875 1110.2186279296875 1039.192138671875
1078.2972412109375 582.0303344726562 1140.5804443359375 619.2568359375
625.6467895507812 793.2340698242188 589.875732421875 768.8194580078125
919.9036865234375 887.9810791015625 850.7196655273438 950.9010009765625
897.9244995117188 508.33563232421875 968.992431640625 502.59930419921875
342.0135803222656 681.859619140625 381.2709655761719 595.7593994140625
951.3485107421875 844.2138061523438 901.8800659179688 905.724609375
1101.8201904296875 920.5219116210938 1045.8179931640625 1045.8778076171875
1155.5355224609375 897.3096313476562 1117.472900390625 1032.23779296875
1197.8353271484375 802.3704833984375 1205.7578125 921.5460815429688
925.4188232421875 520.3948364257812 992.9220581054688 520.1160278320312
1193.1031494140625 655.7611083984375 1250.6165771484375 732.8119506835938
1035.611083984375 592.0592651367188 1089.5927734375 621.3816528320312
1011.7735595703125 850.9435424804688 966.5877685546875 929.7644653320312
1172.668701171875 756.6565551757812 1191.51123046875 855.3477172851562
892.79296875 537.4411010742188 951.7245483398438 534.04052734375
927.7576904296875 838.5907592773438 878.653076171875 892.5805053710938
526.4488525390625 756.4959716796875 512.5941772460938 707.1652221679688
776.6073608398438 808.9095458984375 731.51806640625 820.4223022460938
1104.2454833984375 903.7177124023438 1053.1900634765625 1026.975341796875
413.1361389160156 618.935791015625 466.4889221191406 543.3905029296875
1026.1861572265625 771.6591186523438 1013.14013671875 835.8837280273438
728.6019897460938 923.380615234375 639.7363891601562 940.053955078125
699.4534912109375 814.6273193359375 651.574951171875 808.3172607421875
961.3941650390625 826.0665893554688 920.846923828125 885.185791015625
483.709228515625 702.1062622070312 494.7247009277344 638.6808471679688
566.0651245117188 896.5027465820312 495.1996765136719 867.8116455078125
680.7713012695312 897.2832641601562 602.4827880859375 898.5606079101562
877.9678955078125 756.4815673828125 854.1258544921875 781.7070922851562
420.00341796875 819.0958862304688 394.2162170410156 752.7492065429688
833.9155883789062 803.098388671875 792.224853515625 826.6127319335938
1197.8353271484375 802.3704833984375 1205.7578125 921.5460815429688
1019.0111083984375 554.2783813476562 1083.045654296875 575.1046142578125
589.68994140625 717.6827392578125 586.5783081054688 676.9501342773438
784.7717895507812 776.1763305664062 753.4689331054688 782.7068481445312
1064.274658203125 758.279052734375 1061.603759765625 828.837646484375
1022.8046875 727.907470703125 1025.2293701171875 781.05322265625
247.0067138671875 1021.9844360351562 164.73814392089844 933.2379760742188
707.8939208984375 782.2898559570312 673.4793090820312 772.212890625
382.13128662109375 840.602783203125 352.0555114746094 768.791259765625
1176.840087890625 903.98193359375 1141.788818359375 1047.567138671875
802.0728149414062 800.0460815429688 760.843017578125 815.1741943359375
921.9422607421875 511.79913330078125 992.9129028320312 510.14825439453125
707.8939208984375 782.2898559570312 673.4793090820312 772.212890625
508.7751770019531 643.0977172851562 540.6615600585938 584.3397827148438
545.5722045898438 626.3529663085938 581.4711303710938 571.84375
924.8740234375 690.556396484375 931.1215209960938 712.1561889648438
894.9307250976562 677.97509765625 903.9899291992188 694.0440063476562
219.64492797851562 1031.445556640625 138.62945556640625 936.95166015625
551.9420776367188 869.6790161132812 492.1678771972656 837.0203247070312
412.12548828125 721.4296264648438 426.7305603027344 647.9943237304688
940.35888671875 869.2467041015625 880.3504028320312 933.5827026367188
476.9253234863281 609.6446533203125 525.3535766601562 543.9150390625
529.1339721679688 549.5372314453125 594.5274047851562 489.69622802734375
913.1525268554688 715.4031372070312 909.1298217773438 741.35791015625
466.5621032714844 597.08251953125 521.021240234375 529.1454467773438
649.8815307617188 955.0709228515625 546.66455078125 962.5512084960938
904.581787109375 893.64013671875 831.7343139648438 954.72021484375
1040.4801025390625 744.022705078125 1039.1861572265625 805.2456665039062
529.1339721679688 549.5372314453125 594.5274047851562 489.69622802734375
695.9752807617188 802.0534057617188 653.5983276367188 793.6805419921875
591.6678466796875 749.4027709960938 574.9476318359375 712.7174072265625
176.3592987060547 1011.8157958984375 112.36953735351562 905.49658203125
900.318115234375 541.9904174804688 958.43359375 540.6245727539062
479.5888671875 902.5506591796875 413.0299377441406 856.1160278320312
911.6522827148438 535.2548217773438 973.227783203125 534.9159545898438
1045.44091796875 641.7244262695312 1082.439697265625 682.8668823242188
690.019775390625 756.27099609375 666.8632202148438 740.2914428710938
552.1992797851562 719.5177612304688 550.973876953125 672.1101684570312
552.0370483398438 606.1801147460938 594.4718017578125 552.1619262695312
542.615478515625 616.3687133789062 583.7235717773438 561.8869018554688
591.7815551757812 729.3353881835938 584.0626220703125 689.76708984375
508.7751770019531 643.0977172851562 540.6615600585938 584.3397827148438
813.6644897460938 795.0721435546875 773.773681640625 811.5398559570312
955.0484619140625 625.9229736328125 987.9034423828125 646.1799926757812
426.07989501953125 739.9055786132812 429.93572998046875 670.773193359375
819.577392578125 817.1060791015625 772.795654296875 839.9489135742188
382.13128662109375 840.602783203125 352.0555114746094 768.791259765625
463.0928039550781 918.890869140625 390.4136962890625 871.6239013671875
325.97052001953125 675.8515625 370.1660461425781 587.4249877929688
690.019775390625 756.27099609375 666.8632202148438 740.2914428710938
676.549072265625 955.00146484375 574.2709350585938 965.21923828125
463.0928039550781 918.890869140625 390.4136962890625 871.6239013671875
681.1817626953125 964.6640014648438 575.1890869140625 978.2548217773438
1110.2838134765625 638.4104614257812 1158.397216796875 693.232177734375
813.6644897460938 795.0721435546875 773.773681640625 811.5398559570312
661.3218994140625 778.2803344726562 630.2305297851562 758.3815307617188
643.7799682617188 913.1689453125 559.1007080078125 909.4102172851562
1010.5698852539062 738.3179931640625 1007.4044799804688 791.844482421875
959.4356689453125 595.6640014648438 1002.3649291992188 611.150146484375
930.1821899414062 617.3173217773438 962.71484375 632.2993774414062
859.4299926757812 786.0407104492188 826.2169189453125 811.5010375976562
487.78369140625 926.0809326171875 408.6885681152344 885.8554077148438
421.1216125488281 853.623291015625 381.5425109863281 789.9346923828125
984.710693359375 546.6958618164062 1047.89404296875 560.3251342773438
699.4534912109375 814.6273193359375 651.574951171875 808.3172607421875
1118.9298095703125 910.4750366210938 1069.1600341796875 1039.116943359375
990.4826049804688 922.2822265625 915.0628662109375 1014.9200439453125
706.2659301757812 953.9260864257812 605.302734375 970.5149536132812
538.0086669921875 724.209228515625 535.5986328125 675.3844604492188
1089.598388671875 581.3019409179688 1155.203125 619.562744140625
450.7397766113281 690.124755859375 472.5060729980469 622.2242431640625
900.7319946289062 516.7720947265625 968.4160766601562 511.7453918457031
580.9763793945312 811.3837890625 536.6857299804688 779.4016723632812
445.3311767578125 744.8267211914062 444.0076599121094 679.8473510742188
297.9107360839844 701.2665405273438 336.35784912109375 608.8064575195312
938.9052734375 880.146484375 874.0975952148438 946.381103515625
501.14666748046875 807.0128784179688 472.12188720703125 752.4688110351562
1032.83349609375 762.2006225585938 1023.6484985351562 825.7056884765625
1087.0885009765625 588.4259033203125 1148.1834716796875 630.0492553710938
981.828125 630.3446655273438 1014.5713500976562 656.6650390625
898.4832153320312 759.094970703125 880.141357421875 791.9690551757812
706.2659301757812 953.9260864257812 605.302734375 970.5149536132812
810.6725463867188 845.5895385742188 751.5620727539062 871.2826538085938
911.6522827148438 535.2548217773438 973.227783203125 534.9159545898438
686.3209228515625 744.787353515625 667.2062377929688 726.6146850585938
982.6270141601562 616.3264770507812 1021.829833984375 640.2069091796875
896.898193359375 702.3472290039062 896.0542602539062 721.9005126953125
431.0050048828125 726.3281860351562 439.8831787109375 656.9013061523438
424.0492858886719 625.9713745117188 473.1477966308594 552.5096435546875
464.7899169921875 728.021484375 468.7786865234375 665.1468505859375
445.3311767578125 744.8267211914062 444.0076599121094 679.8473510742188
472.8248291015625 618.6820678710938 519.1918334960938 551.7239990234375
778.3308715820312 824.4016723632812 727.1591186523438 838.0543212890625
412.9040222167969 869.8897705078125 369.9081115722656 803.6517333984375
584.172119140625 707.8687744140625 585.1572265625 665.2124633789062
478.177001953125 594.0337524414062 532.9111938476562 527.6844482421875
1003.1072387695312 532.3533325195312 1073.2191162109375 546.9014282226562
541.8139038085938 892.1873779296875 472.38751220703125 861.0449829101562
676.6546630859375 925.811279296875 585.9244995117188 931.3521728515625
676.6546630859375 925.811279296875 585.9244995117188 931.3521728515625
602.9187622070312 712.9436645507812 600.8952026367188 673.9239501953125
885.8516845703125 512.1131591796875 954.203125 505.74066162109375
686.3053588867188 949.5098876953125 586.3648681640625 959.890380859375
641.8186645507812 926.0645141601562 553.1356201171875 922.1342163085938
552.0517578125 745.7879028320312 540.8953247070312 699.3173828125
969.71728515625 846.4891357421875 921.9100341796875 914.8568725585938
566.3529663085938 767.936279296875 544.0558471679688 728.0380249023438
543.1394653320312 540.2392578125 611.8084106445312 482.1401062011719
1217.7786865234375 693.4900512695312 1268.4881591796875 787.6119384765625
896.898193359375 702.3472290039062 896.0542602539062 721.9005126953125
503.84564208984375 866.6036376953125 448.37445068359375 822.9046630859375
414.4245300292969 850.3831787109375 375.1397705078125 786.0601196289062
502.3691101074219 927.91064453125 422.289306640625 889.9956665039062
1025.5380859375 562.9329833984375 1086.107666015625 587.2619018554688
1062.1396484375 749.8799438476562 1062.8294677734375 817.962646484375
803.880859375 775.2508544921875 770.9840698242188 789.08447265625
913.1525268554688 715.4031372070312 909.1298217773438 741.35791015625
686.3209228515625 744.787353515625 667.2062377929688 726.6146850585938
696.2575073242188 968.2647705078125 586.9152221679688 987.9464721679688
495.6170349121094 909.2909545898438 423.41522216796875 869.1386108398438
888.9974365234375 706.5320434570312 887.0074462890625 725.9014282226562
364.1337585449219 677.9259643554688 402.0707092285156 595.2528076171875
881.1442260742188 518.5576171875 946.5675048828125 510.5406799316406
532.2412109375 687.2591552734375 545.8334350585938 630.6616821289062
1205.3756103515625 810.965576171875 1212.0791015625 935.7440795898438
906.4019775390625 686.473876953125 911.9581909179688 705.5512084960938
884.5293579101562 520.8475341796875 949.5154418945312 513.9521484375
543.3264770507812 552.6532592773438 605.7922973632812 494.9125671386719
565.6865844726562 614.0093994140625 604.76611328125 562.1568603515625
973.546142578125 596.5258178710938 1017.2037963867188 614.8952026367188
1104.2454833984375 903.7177124023438 1053.1900634765625 1026.975341796875
176.3592987060547 1011.8157958984375 112.36953735351562 905.49658203125
906.6089477539062 521.3240356445312 972.4471435546875 518.7606811523438
522.6939086914062 855.6100463867188 471.61151123046875 813.866455078125
219.64492797851562 1031.445556640625 138.62945556640625 936.95166015625
354.1764221191406 692.0732421875 386.9212341308594 609.1336669921875
281.2082824707031 996.9201049804688 203.4298858642578 912.5989379882812
1033.01513671875 752.2028198242188 1028.3505859375 813.7019653320312
989.6094360351562 673.3988037109375 1010.0030517578125 708.0023803710938
819.577392578125 817.1060791015625 772.795654296875 839.9489135742188
1026.1861572265625 771.6591186523438 1013.14013671875 835.8837280273438
486.8918151855469 602.887939453125 537.7415771484375 537.7286987304688
423.7550048828125 613.1593017578125 478.62481689453125 539.1544189453125
1212.8201904296875 796.7660522460938 1225.864501953125 918.4185180664062
1002.5673217773438 733.983154296875 1000.4967041015625 783.9668579101562
234.55345153808594 959.79736328125 179.36575317382812 864.6571044921875
439.1781005859375 740.0946655273438 441.6309509277344 672.8880615234375
662.2840576171875 752.7125244140625 638.289306640625 732.0697021484375
1141.179931640625 887.4950561523438 1104.2183837890625 1015.3150024414062
460.17962646484375 738.9853515625 461.5533752441406 674.9920043945312
185.12716674804688 995.7223510742188 123.5345230102539 892.6028442382812
191.78274536132812 1043.81298828125 111.33853912353516 943.1378173828125
534.8258056640625 538.640625 604.7119140625 479.2064514160156
572.3714599609375 736.2263793945312 562.4790649414062 693.9603881835938
561.9701538085938 856.813232421875 506.9333190917969 824.5413818359375
979.132080078125 525.3487548828125 1048.301025390625 536.5582885742188
214.1263427734375 980.2518310546875 152.99664306640625 883.2953491210938
1230.118408203125 603.4630126953125 1316.308837890625 676.767822265625
757.4444580078125 789.6991577148438 719.587158203125 791.3936157226562
529.4161987304688 619.5399780273438 568.5384521484375 562.5440063476562
940.35888671875 869.2467041015625 880.3504028320312 933.5827026367188
823.79296875 776.812744140625 793.1119384765625 793.5890502929688
722.1021118164062 853.5562744140625 659.5484008789062 862.985107421875
234.55345153808594 959.79736328125 179.36575317382812 864.6571044921875
567.4489135742188 620.6920166015625 602.8049926757812 569.5941772460938
616.7200927734375 647.9395751953125 637.3512573242188 607.8197631835938
1026.1861572265625 771.6591186523438 1013.14013671875 835.8837280273438
580.0298461914062 621.119384765625 614.515869140625 571.3734130859375
940.35888671875 869.2467041015625 880.3504028320312 933.5827026367188
570.2489013671875 713.3338623046875 569.8176879882812 668.9612426757812
434.5282897949219 605.2987670898438 489.6363830566406 532.9468994140625
543.2070922851562 546.2340087890625 608.8624267578125 488.4410705566406
1003.1072387695312 532.3533325195312 1073.2191162109375 546.9014282226562
827.5913696289062 838.352294921875 772.353271484375 866.3951416015625
379.5586853027344 1018.8275146484375 275.86895751953125 962.0108032226562
888.0927124023438 688.9793090820312 892.7903442382812 705.013671875
1082.82421875 648.1797485351562 1121.266845703125 698.1918334960938
984.710693359375 546.6958618164062 1047.89404296875 560.3251342773438
911.1676025390625 528.9127807617188 973.931884765625 527.2312622070312
421.8761291503906 723.877685546875 432.7360534667969 652.8150024414062
546.0480346679688 768.2951049804688 526.9302978515625 724.9230346679688
1089.598388671875 581.3019409179688 1155.203125 619.562744140625
459.09423828125 594.1044311523438 515.888427734375 525.2443237304688
444.9243469238281 723.1373291015625 454.1889343261719 656.3963623046875
688.223388671875 764.5654296875 662.4865112304688 749.7843017578125
411.5082702636719 1029.91650390625 299.8272399902344 982.0213012695312
452.45989990234375 629.0444946289062 495.96600341796875 559.048095703125
676.549072265625 955.00146484375 574.2709350585938 965.21923828125
980.8021850585938 534.6085205078125 1047.9453125 545.8159790039062
989.7479858398438 604.2973022460938 1033.47705078125 627.7886962890625
427.85089111328125 603.8089599609375 484.69384765625 530.2752075195312
444.8774719238281 610.83837890625 497.721923828125 539.5601196289062
900.7319946289062 516.7720947265625 968.4160766601562 511.7453918457031
971.57080078125 537.3866577148438 1037.1689453125 547.60546875
695.9752807617188 802.0534057617188 653.5983276367188 793.6805419921875
685.0001831054688 932.6144409179688 590.4765625 941.9368286132812
390.1902160644531 873.3175659179688 344.4249267578125 806.0138549804688
823.79296875 776.812744140625 793.1119384765625 793.5890502929688
1207.372802734375 594.0192260742188 1291.6666259765625 660.6119995117188
1004.9551391601562 527.1741943359375 1077.5755615234375 541.5333251953125
1011.6036987304688 746.7352905273438 1005.6884155273438 801.5844116210938
518.4293212890625 539.5756225585938 588.6410522460938 478.0914306640625
546.1167602539062 862.0631103515625 489.5550231933594 826.42333984375
672.3838500976562 770.2836303710938 643.2735595703125 751.9037475585938
323.0423889160156 686.4762573242188 364.7571716308594 597.5478515625
979.2042236328125 608.76806640625 1019.0703735351562 630.4118041992188
1204.4056396484375 698.7337036132812 1250.823486328125 790.2603759765625
531.3242797851562 862.2324829101562 475.0853271484375 823.9736938476562
981.2423095703125 602.4088745117188 1023.8727416992188 623.708740234375
877.9678955078125 756.4815673828125 854.1258544921875 781.7070922851562
367.5921936035156 847.521240234375 337.3617248535156 774.3002319335938
671.7645874023438 978.0425415039062 559.08203125 991.212646484375
534.8258056640625 538.640625 604.7119140625 479.2064514160156
629.2314453125 644.3713989257812 650.3479614257812 605.9592895507812
501.14666748046875 807.0128784179688 472.12188720703125 752.4688110351562
531.3242797851562 862.2324829101562 475.0853271484375 823.9736938476562
1022.057373046875 533.4282836914062 1094.0374755859375 551.6074829101562
885.8516845703125 512.1131591796875 954.203125 505.74066162109375
404.4199523925781 1056.287109375 280.5780334472656 1011.5081787109375
570.2489013671875 713.3338623046875 569.8176879882812 668.9612426757812
937.85791015625 622.456787109375 969.6354370117188 638.4032592773438
875.0393676757812 524.117431640625 939.1803588867188 515.3583984375
324.46630859375 706.8575439453125 357.24267578125 618.0923461914062
911.1676025390625 528.9127807617188 973.931884765625 527.2312622070312
364.1337585449219 677.9259643554688 402.0707092285156 595.2528076171875
331.27545166015625 699.8665771484375 364.3172302246094 611.8257446289062
420.00341796875 819.0958862304688 394.2162170410156 752.7492065429688
542.615478515625 616.3687133789062 583.7235717773438 561.8869018554688
719.8923950195312 771.8563232421875 689.7842407226562 763.340576171875
1186.2926025390625 763.336669921875 1205.1551513671875 868.0317993164062
413.5365295410156 830.8419799804688 382.5629577636719 765.70849609375
1091.2769775390625 654.7656860351562 1128.9215087890625 709.5850830078125
802.9401245117188 831.3251342773438 749.3643188476562 852.0643310546875
1199.9188232421875 667.6131591796875 1257.0948486328125 747.7200317382812
313.2137756347656 706.523193359375 347.61328125 616.5040283203125
1052.1632080078125 746.44140625 1054.5340576171875 810.9560546875
548.0346069335938 528.4691772460938 619.4249267578125 470.48388671875
1114.2509765625 925.7861328125 1058.07763671875 1056.998291015625
