1163.6871337890625 755.81494140625 1096.3037109375 1028.0240478515625
1242.97265625 662.2205810546875 1322.763671875 1001.60986328125
1025.9691162109375 664.98876953125 1073.8021240234375 810.8323364257812
1228.0692138671875 662.7283325195312 1300.1468505859375 985.895751953125
1112.875 559.2306518554688 1305.2186279296875 756.5313110351562
1177.4566650390625 689.7786254882812 1199.9017333984375 969.4482421875
985.7852783203125 867.455078125 814.6163940429688 984.4232788085938
916.7162475585938 879.1498413085938 755.5115356445312 942.3279418945312
1177.4566650390625 689.7786254882812 1199.9017333984375 969.4482421875
991.8673095703125 879.7364501953125 806.3931274414062 999.5043334960938
1136.2139892578125 597.6136474609375 1277.5318603515625 820.4398803710938
963.1176147460938 600.0946655273438 1093.5665283203125 693.6238403320312
1229.93310546875 695.8194580078125 1254.1798095703125 1028.814453125
963.1176147460938 600.0946655273438 1093.5665283203125 693.6238403320312
706.2659301757812 953.9260864257812 574.8496704101562 863.68505859375
956.9489135742188 903.4219970703125 757.6626586914062 997.9915771484375
1187.0447998046875 666.5175170898438 1243.21240234375 950.6573486328125
972.6930541992188 865.9656372070312 805.3529052734375 969.8952026367188
1002.5673217773438 733.983154296875 973.8624267578125 864.0015869140625
1202.742431640625 656.9490356445312 1276.799560546875 953.9411010742188
949.7085571289062 888.724853515625 768.0167236328125 977.3283081054688
980.1676025390625 844.0338134765625 834.4927368164062 957.7685546875
1238.70751953125 616.7818603515625 1383.2044677734375 944.4302368164062
956.5177612304688 874.7345581054688 786.9122924804688 968.9010620117188
972.6930541992188 865.9656372070312 805.3529052734375 969.8952026367188
1031.909912109375 732.1796875 1002.3759765625 887.3690795898438
1097.5301513671875 641.2622680664062 1176.224365234375 841.7169189453125
1109.658203125 593.2301635742188 1257.5010986328125 797.9119873046875
1172.668701171875 756.6565551757812 1105.8385009765625 1039.2005615234375
1062.5008544921875 659.1004028320312 1119.3892822265625 830.3554077148438
1031.909912109375 732.1796875 1002.3759765625 887.3690795898438
1172.66064453125 775.7083740234375 1079.965087890625 1059.0731201171875
1103.442626953125 575.9071044921875 1271.712158203125 769.385009765625
1097.5301513671875 641.2622680664062 1176.224365234375 841.7169189453125
938.9052734375 880.146484375 769.621826171875 959.08154296875
1098.35693359375 585.7708740234375 1248.98583984375 778.2003173828125
956.9489135742188 903.4219970703125 757.6626586914062 997.9915771484375
1234.2257080078125 679.8965454101562 1283.093505859375 1014.13525390625
938.9052734375 880.146484375 769.621826171875 959.08154296875
990.9796142578125 552.2786254882812 1177.68310546875 660.391357421875
1262.44091796875 610.7501831054688 1427.318359375 959.7154541015625
1124.6685791015625 577.79296875 1293.5491943359375 790.839111328125
1039.9129638671875 775.2769165039062 958.9888916015625 935.9918212890625
802.9401245117188 831.3251342773438 732.8886108398438 817.9408569335938
674.0247192382812 796.328369140625 693.8106079101562 710.9270629882812
951.3485107421875 844.2138061523438 813.80322265625 934.3988037109375
951.3485107421875 844.2138061523438 813.80322265625 934.3988037109375
1040.4801025390625 744.022705078125 994.1262817382812 903.5770874023438
1011.6036987304688 746.7352905273438 966.5031127929688 883.7319946289062
1098.35693359375 585.7708740234375 1248.98583984375 778.2003173828125
681.1817626953125 964.6640014648438 553.9424438476562 858.6441650390625
833.9155883789062 803.098388671875 777.4231567382812 812.81982421875
949.7085571289062 888.724853515625 768.0167236328125 977.3283081054688
681.1817626953125 964.6640014648438 553.9424438476562 858.6441650390625
686.3053588867188 949.5098876953125 570.5335693359375 845.20068359375
665.7201538085938 919.901123046875 583.8494262695312 811.4097900390625
940.35888671875 869.2467041015625 780.716796875 950.5162963867188
877.9678955078125 756.4815673828125 848.5751342773438 796.5010375976562
980.0425415039062 854.3585205078125 822.7048950195312 965.2723388671875
