69.46221923828125
74.50503540039062
81.59656524658203
81.94510650634766
85.51608276367188
88.4307632446289
93.82963562011719
95.2575454711914
96.17172241210938
97.44229125976562
100.28958129882812
107.34989166259766
108.71062469482422
111.59300994873047
111.6646728515625
112.60994720458984
116.97008514404297
119.85408020019531
121.5236587524414
122.52754974365234
129.4681396484375
130.0845947265625
130.72108459472656
133.52902221679688
140.03927612304688
141.2232208251953
141.30816650390625
146.86729431152344
147.1291961669922
151.61463928222656
177.8594970703125
179.01954650878906
184.65643310546875
185.22418212890625
200.0924835205078
203.3445281982422
210.9312744140625
213.030517578125
214.0070037841797
219.0867462158203
226.7222900390625
228.0898895263672
229.10696411132812
231.2963409423828
