73.7088851928711
85.6329345703125
96.90201568603516
97.42689514160156
106.15554809570312
118.11011505126953
119.47803497314453
122.50714111328125
128.7633514404297
143.29689025878906
146.60150146484375
146.63900756835938
157.01910400390625
157.47698974609375
158.31614685058594
159.35494995117188
162.6898956298828
167.06585693359375
169.34579467773438
170.44061279296875
171.33009338378906
172.7049560546875
173.3753204345703
174.0459747314453
177.76951599121094
181.430419921875
181.8790740966797
183.4175567626953
185.2943572998047
185.60711669921875
185.80096435546875
187.40330505371094
187.48866271972656
187.8110809326172
189.63912963867188
191.11514282226562
192.4889678955078
193.22007751464844
193.8582000732422
195.6910858154297
198.6026153564453
199.86495971679688
199.89747619628906
200.494384765625
200.65892028808594
205.0
209.36570739746094
210.7842559814453
211.30783081054688
212.2639923095703
217.4764404296875
219.364990234375
220.97511291503906
221.14927673339844
221.5468292236328
226.2034454345703
228.35498046875
231.91162109375
237.5394744873047
240.7488250732422
