118.26242065429688
139.36642456054688
142.2005615234375
149.5459747314453
158.72618103027344
159.21682739257812
159.69345092773438
161.0279541015625
161.08692932128906
165.34207153320312
166.04818725585938
168.26170349121094
169.103515625
169.11239624023438
173.6548309326172
173.7152862548828
174.36456298828125
174.6195831298828
178.60011291503906
181.86534118652344
182.64993286132812
183.33302307128906
186.1074981689453
187.20042419433594
187.82704162597656
188.45689392089844
189.90524291992188
191.39749145507812
193.1527862548828
194.38877868652344
199.69476318359375
203.86270141601562
204.77792358398438
206.20135498046875
206.36618041992188
209.65447998046875
213.0891876220703
213.4549102783203
216.32846069335938
218.53146362304688
218.7989959716797
223.34278869628906
240.9356689453125
244.8550567626953
254.4503936767578
259.41473388671875
