79.86864471435547
85.5628433227539
90.62008666992188
90.91204833984375
99.75971221923828
105.99056243896484
113.0751953125
114.25410461425781
118.34272003173828
124.87994384765625
127.7380142211914
127.8436508178711
129.8653106689453
131.37351989746094
136.8795166015625
138.1339874267578
138.6109619140625
138.6866912841797
141.77093505859375
141.9542236328125
144.63401794433594
145.03448486328125
147.49575805664062
148.1046905517578
149.3251495361328
149.64291381835938
149.6763153076172
151.2018585205078
152.08221435546875
157.58489990234375
159.24508666992188
160.18739318847656
164.33807373046875
170.226318359375
178.162841796875
179.424072265625
181.7910919189453
188.05850219726562
193.6156005859375
202.0445556640625
208.24024963378906
216.64256286621094
216.9239501953125
223.98660278320312
225.2198944091797
238.78651428222656
