49.50757598876953
138.931640625
143.85061645507812
149.1375274658203
159.219970703125
159.7153778076172
163.4961700439453
164.3015594482422
169.18923950195312
178.44326782226562
180.27755737304688
180.5436248779297
183.83416748046875
184.3258056640625
187.9361572265625
190.96334838867188
192.74334716796875
207.00241088867188
209.4445037841797
210.49465942382812
214.8394775390625
220.52210998535156
220.60145568847656
223.5911407470703
234.16233825683594
235.9682159423828
236.09320068359375
239.56419372558594
254.9274444580078
