58.33523941040039
59.37171173095703
59.98332977294922
60.8276252746582
62.40192413330078
63.458648681640625
64.28063201904297
64.5755386352539
64.77654266357422
66.58828735351562
67.15653228759766
67.69047546386719
67.89698028564453
68.22023010253906
68.42514038085938
68.60758209228516
69.13754272460938
69.25315856933594
69.33253479003906
69.65629577636719
69.74954986572266
70.14984130859375
70.24955749511719
70.7601547241211
71.07038879394531
71.11258697509766
71.14773559570312
71.1547622680664
71.4212875366211
72.3602066040039
73.02738952636719
73.33484649658203
73.43023681640625
73.8985824584961
73.97296905517578
74.20242309570312
74.4311752319336
74.75961303710938
75.09327697753906
75.1531753540039
75.41220092773438
76.03946685791016
76.34133911132812
76.5506362915039
76.5636978149414
76.64855194091797
77.26577758789062
77.48548126220703
77.801025390625
77.85242462158203
78.61297607421875
78.87965393066406
78.88599395751953
78.97467803955078
79.30951690673828
79.7496109008789
79.80601501464844
79.89994049072266
80.93206787109375
81.71903228759766
81.74961853027344
82.32861328125
83.1324234008789
83.336669921875
83.63013458251953
83.63013458251953
83.64209747314453
84.30895233154297
84.38008880615234
84.5103530883789
84.52218627929688
85.10581970214844
85.46343994140625
85.68547058105469
85.84288024902344
86.37129211425781
86.61408996582031
87.46427917480469
87.53856658935547
87.55569458007812
87.70974731445312
87.75534057617188
87.89766693115234
87.93179321289062
88.23265075683594
88.46468353271484
88.89881896972656
88.94380187988281
89.5600357055664
89.7552261352539
89.90550231933594
90.31610870361328
90.4101791381836
90.98351287841797
91.02197265625
91.0878677368164
91.23595428466797
91.9673843383789
92.01087188720703
92.07605743408203
92.12491607666016
92.15204620361328
92.26592254638672
92.36341094970703
92.46080017089844
92.61209106445312
92.80086517333984
92.94084167480469
93.1826171875
93.40235900878906
93.57350158691406
93.5948715209961
93.60555267333984
93.60555267333984
93.61089324951172
93.66963195800781
93.70165252685547
93.75499725341797
94.00531768798828
94.05317687988281
94.64671325683594
94.74703216552734
94.79978942871094
94.8577880859375
94.87360382080078
95.14199829101562
95.32575988769531
95.33625030517578
95.4515609741211
95.46726989746094
95.51439666748047
95.69744110107422
95.82275390625
95.85926818847656
96.10931396484375
96.85040283203125
96.89169311523438
97.02577209472656
97.4114990234375
97.48846435546875
97.52947998046875
97.59610748291016
98.2089614868164
98.46826934814453
98.52410888671875
99.0252456665039
99.0302963256836
99.06563568115234
99.2118911743164
99.43339538574219
99.59919738769531
99.60923767089844
99.79979705810547
99.97999572753906
100.06497955322266
100.17984008789062
100.47885131835938
100.62306213378906
100.98514556884766
101.13357543945312
101.4051284790039
101.43963623046875
101.6513671875
101.96568298339844
101.9705810546875
101.9754867553711
102.07350158691406
102.09309387207031
102.39140319824219
102.39628601074219
102.503662109375
102.92230224609375
103.26664733886719
104.14893341064453
104.97142791748047
105.37551879882812
105.58409118652344
105.77806854248047
105.82532501220703
105.9480972290039
106.17909240722656
106.23088073730469
106.37198638916016
106.63957977294922
106.80824279785156
107.0887451171875
107.24271392822266
107.55463409423828
108.101806640625
108.12030029296875
108.24971008300781
108.29127502441406
108.30512237548828
108.39280700683594
108.57255554199219
108.64160919189453
108.74281311035156
108.95870971679688
109.14669036865234
109.23369598388672
109.44404602050781
109.50342559814453
109.88175201416016
110.4671859741211
110.48076629638672
110.51244354248047
110.7564926147461
110.90987396240234
111.175537109375
111.1980209350586
111.24298095703125
111.35977935791016
111.52130126953125
111.56612396240234
112.0223159790039
112.12493133544922
113.19893646240234
113.2254409790039
113.23868560791016
114.100830078125
114.23221588134766
114.26285552978516
114.28035736083984
114.95651245117188
115.39497375488281
115.57681274414062
115.70652770996094
115.80587005615234
116.15506744384766
116.29703521728516
116.30563354492188
116.35291290283203
116.61475372314453
116.61475372314453
116.71760559082031
116.97435760498047
117.5372314453125
117.71575927734375
117.8006820678711
117.94914245605469
117.95338439941406
118.00423431396484
118.03388977050781
118.19052124023438
118.19052124023438
118.4651870727539
118.8864974975586
119.03781127929688
119.0630111694336
119.07140350341797
119.1385726928711
119.26860809326172
119.52823638916016
119.54915618896484
120.10411834716797
120.22062683105469
120.30793762207031
120.51970672607422
120.58606719970703
120.5943603515625
121.18993377685547
121.26829528808594
121.2847900390625
121.71277618408203
121.91800689697266
121.93850708007812
122.03688049316406
122.61321258544922
122.64990997314453
122.73956298828125
123.40583801269531
123.54756164550781
123.7214584350586
123.83052825927734
123.89915466308594
123.95967102050781
123.9758071899414
123.9798355102539
123.9798355102539
124.00403594970703
124.43070220947266
124.4829330444336
124.50702667236328
124.5712661743164
124.58731842041016
124.75175476074219
124.7838134765625
125.55875396728516
125.92855072021484
126.24578857421875
126.48320007324219
126.61358642578125
126.82270812988281
126.8818359375
126.88577270507812
126.96849822998047
127.35383605957031
127.4950942993164
127.78105926513672
127.79280090332031
127.88666534423828
128.4445343017578
128.66622924804688
128.84486389160156
129.05812072753906
129.1123504638672
129.1936492919922
129.52992248535156
130.54501342773438
130.80520629882812
130.89691162109375
130.9312744140625
131.0839385986328
131.2326202392578
131.2516632080078
131.52186584472656
131.67384338378906
131.67764282226562
131.73458862304688
132.03787231445312
132.52923583984375
132.61221313476562
132.62730407714844
132.7478790283203
133.4840850830078
134.1007080078125
134.44329833984375
134.65882873535156
134.684814453125
134.78501892089844
134.7924346923828
135.0555419921875
135.76449584960938
135.8786163330078
136.01470947265625
136.02940368652344
136.1286163330078
136.30113220214844
136.50274658203125
136.6162567138672
136.67478942871094
136.93429565429688
136.9488983154297
137.1094512939453
137.13861083984375
137.13861083984375
137.1422576904297
137.47000122070312
137.51364135742188
137.52818298339844
137.65536499023438
137.95289611816406
137.96739196777344
138.22445678710938
138.231689453125
138.44854736328125
138.6614532470703
138.697509765625
138.92083740234375
139.2156524658203
139.42739868164062
139.64598083496094
139.82846069335938
139.87852478027344
139.93569946289062
139.98214721679688
140.28543090820312
140.74444580078125
140.98226928710938
141.0531768798828
141.44610595703125
141.81678771972656
142.126708984375
142.2286834716797
142.26734924316406
142.4886016845703
142.73751831054688
143.01748657226562
143.20265197753906
143.32131958007812
143.79847717285156
144.04859924316406
145.00344848632812
145.03103637695312
145.07583618164062
145.15164184570312
145.36849975585938
145.4991455078125
145.90750122070312
146.30447387695312
146.5912628173828
147.27525329589844
147.65499877929688
147.7159423828125
148.1046905517578
148.5631103515625
149.25482177734375
149.41552734375
149.86660766601562
149.90997314453125
150.12994384765625
151.0
151.0099334716797
151.4496612548828
151.7036590576172
151.7135467529297
151.8255615234375
151.97039794921875
152.35484313964844
152.50901794433594
152.6990509033203
152.81361389160156
153.42750549316406
153.47964477539062
154.05519104003906
154.56390380859375
154.81602478027344
154.81924438476562
154.82247924804688
155.72412109375
155.7819061279297
156.5151824951172
156.5279541015625
156.57586669921875
157.1527862548828
158.075927734375
158.83639526367188
159.4082794189453
159.646484375
160.50233459472656
160.51791381835938
160.8695068359375
160.95651245117188
161.0310516357422
161.0931396484375
161.77761840820312
162.64378356933594
162.7206268310547
163.14410400390625
163.32789611816406
164.08534240722656
164.1858673095703
164.24676513671875
164.70579528808594
164.79684448242188
164.85145568847656
164.92726135253906
164.9757537841797
165.91262817382812
165.9186553955078
165.97891235351562
166.04818725585938
166.099365234375
166.7633056640625
167.02395629882812
167.46641540527344
168.24090576171875
168.8490447998047
171.63916015625
172.07266235351562
172.16851806640625
172.91326904296875
173.62026977539062
174.39036560058594
175.78680419921875
177.4429473876953
177.70762634277344
177.76107788085938
177.9241485595703
177.9297637939453
178.8714599609375
178.90220642089844
179.1256561279297
180.7124786376953
183.42300415039062
184.3936004638672
186.57974243164062
186.7725830078125
187.36328125
192.35903930664062
194.0798797607422
195.3125762939453
196.05101013183594
196.0586700439453
196.11985778808594
197.9621124267578
199.5444793701172
200.6962890625
200.93531799316406
203.12803649902344
206.18438720703125
208.09132385253906
208.49220275878906
213.66796875
218.50857543945312
218.94976806640625
219.33535766601562
220.05226135253906
222.1193389892578
222.9551544189453
229.32945251464844
229.3686981201172
234.23919677734375
