1121.9462890625 745.6670532226562 574.307373046875 1032.44970703125
1121.9462890625 745.6670532226562 574.307373046875 1032.44970703125
1084.523681640625 740.5606079101562 603.0387573242188 992.1529541015625
1081.4581298828125 844.8601684570312 480.9278869628906 947.4385375976562
1100.988037109375 741.30419921875 592.9224853515625 1012.0691528320312
1063.3917236328125 826.8387451171875 510.5911865234375 938.3524780273438
1094.1236572265625 751.5922241210938 585.7050170898438 996.0283813476562
1121.583251953125 741.1744384765625 579.9334716796875 1034.475830078125
1042.0804443359375 824.6061401367188 527.5855712890625 917.3336791992188
1053.3236083984375 851.3243408203125 491.3936462402344 919.6890869140625
1178.3900146484375 943.7542724609375 332.094970703125 1004.5185546875
1081.53369140625 644.911376953125 749.9866943359375 1037.98388671875
1028.6856689453125 834.271728515625 522.74072265625 901.9544677734375
1042.0804443359375 824.6061401367188 527.5855712890625 917.3336791992188
1163.34619140625 930.4539794921875 352.8541564941406 994.2189331054688
1172.4219970703125 955.3964233398438 325.9478759765625 995.3453979492188
1160.313232421875 1017.673583984375 288.44097900390625 964.7586669921875
1081.53369140625 644.911376953125 749.9866943359375 1037.98388671875
1038.2049560546875 663.27783203125 739.8395385742188 974.0416870117188
1153.667724609375 952.1279296875 342.9306335449219 981.3825073242188
1023.6583862304688 821.3356323242188 541.8045043945312 904.6616821289062
1068.7724609375 643.6564331054688 759.1331787109375 1021.5281372070312
1081.53369140625 644.911376953125 749.9866943359375 1037.98388671875
1073.3505859375 638.4285888671875 765.3423461914062 1029.2513427734375
1154.7476806640625 992.0411987304688 309.36083984375 964.047607421875
1142.633056640625 976.59765625 330.8587341308594 960.0099487304688
