741.53369140625 824.0785522460938 890.9320068359375 651.7172241210938
758.115234375 842.5755004882812 888.23388671875 635.312255859375
733.3632202148438 815.1004638671875 893.0953979492188 660.2268676757812
758.115234375 842.5755004882812 888.23388671875 635.312255859375
674.5375366210938 771.3860473632812 913.2332763671875 715.35791015625
714.7156982421875 817.581787109375 904.435302734375 666.239990234375
815.5361328125 953.9061889648438 893.4000854492188 566.9038696289062
766.2271118164062 852.4757690429688 887.2904663085938 627.0615234375
679.9898071289062 758.2196044921875 904.105712890625 724.2343139648438
816.068115234375 991.12158203125 902.2544555664062 551.8798828125
1194.316650390625 579.9271240234375 463.8183898925781 649.087158203125
647.4113159179688 721.412109375 912.4620971679688 775.5389404296875
591.8622436523438 922.4153442382812 999.9163818359375 642.8740844726562
664.2858276367188 759.2468872070312 915.9917602539062 732.6192626953125
609.5320434570312 851.9068603515625 977.2871704101562 680.2355346679688
593.0916748046875 862.30908203125 987.8997192382812 679.3934326171875
795.79345703125 954.8213500976562 902.303466796875 571.1534423828125
751.9329223632812 815.3265380859375 882.255859375 654.2182006835938
572.4021606445312 935.7606201171875 1010.18505859375 642.1741943359375
511.6127624511719 905.8009033203125 1040.4022216796875 679.6605224609375
606.2987670898438 876.0842895507812 983.924072265625 665.3935546875
673.297119140625 707.0066528320312 890.0516357421875 777.2007446289062
863.3377075195312 991.5436401367188 881.5960693359375 543.1630859375
749.4960327148438 833.4509887695312 889.84619140625 643.45849609375
593.0916748046875 862.30908203125 987.8997192382812 679.3934326171875
626.0379028320312 653.6817016601562 895.925537109375 874.1491088867188
579.2333984375 907.3534545898438 1004.4151611328125 654.7266845703125
704.090087890625 739.0067749023438 880.7838134765625 730.3770751953125
720.5459594726562 733.6212158203125 867.4904174804688 728.154052734375
844.2772216796875 971.7730102539062 883.9634399414062 552.020751953125
847.7296752929688 943.4429931640625 874.6885375976562 562.5950317382812
842.3270874023438 997.0386352539062 892.134033203125 544.2135620117188
847.7296752929688 943.4429931640625 874.6885375976562 562.5950317382812
542.8807373046875 904.9219970703125 1020.3887939453125 671.829833984375
693.9581298828125 704.7841186523438 872.822021484375 769.9407348632812
709.000244140625 723.9791259765625 870.4819946289062 741.955322265625
