952.6831665039062 720.0689086914062 648.6619262695312 770.73486328125
1084.523681640625 740.5606079101562 519.2965087890625 792.4837646484375
952.6831665039062 720.0689086914062 648.6619262695312 770.73486328125
940.9110717773438 699.458984375 666.9435424804688 787.3334350585938
997.0894775390625 644.65478515625 626.7646484375 873.064453125
940.9110717773438 699.458984375 666.9435424804688 787.3334350585938
1022.2592163085938 662.8064575195312 594.114013671875 859.2650146484375
1041.0968017578125 804.694091796875 553.9329833984375 726.1500244140625
961.80322265625 727.4337158203125 638.67822265625 766.4356689453125
930.7528686523438 749.800048828125 660.3580932617188 737.5647583007812
1041.5926513671875 842.1204223632812 550.361083984375 700.2698974609375
1042.0804443359375 824.6061401367188 551.0436401367188 711.8333129882812
1139.4058837890625 720.5479125976562 459.3331298828125 836.6249389648438
1081.8868408203125 632.672607421875 528.5621337890625 929.3267822265625
1041.0968017578125 804.694091796875 553.9329833984375 726.1500244140625
943.0697631835938 595.8349609375 711.1006469726562 924.981201171875
1028.8135986328125 633.0676879882812 592.02197265625 905.0919189453125
1068.7724609375 643.6564331054688 543.6267700195312 903.7213134765625
950.8614501953125 744.0360107421875 644.5146484375 748.2781982421875
1054.53662109375 622.9722900390625 558.2182006835938 930.8926391601562
1169.739990234375 722.9541625976562 432.35809326171875 842.4149169921875
995.1363525390625 839.5928955078125 587.005126953125 690.4705200195312
935.0321044921875 568.7742919921875 738.7322387695312 969.9341430664062
1020.0288696289062 861.2115478515625 564.9169311523438 683.0015258789062
1007.4733276367188 850.3005981445312 572.914794921875 687.5050659179688
939.06005859375 584.8475341796875 722.3104858398438 942.667236328125
963.1317138671875 578.3748779296875 696.2736206054688 966.3452758789062
1041.5926513671875 842.1204223632812 550.361083984375 700.2698974609375
1028.435791015625 849.780517578125 559.7118530273438 691.8529663085938
1042.0804443359375 824.6061401367188 550.2024536132812 711.6630859375
1275.7205810546875 872.111572265625 359.8511657714844 738.2821044921875
