1028.47607421875 510.00372314453125 1149.7974853515625 934.3116455078125
986.969970703125 769.9287719726562 669.8264770507812 898.2198486328125
1122.7523193359375 799.0582275390625 608.2921752929688 1049.818115234375
1073.8021240234375 810.8323364257812 603.0387573242188 992.1529541015625
1122.7523193359375 799.0582275390625 608.2921752929688 1049.818115234375
1119.3892822265625 830.3554077148438 565.3157348632812 1041.9788818359375
1109.9737548828125 825.3450927734375 574.307373046875 1032.44970703125
1119.3892822265625 830.3554077148438 565.3157348632812 1041.9788818359375
1109.9737548828125 825.3450927734375 574.307373046875 1032.44970703125
1089.8387451171875 815.7345581054688 592.9224853515625 1012.0691528320312
1114.939453125 717.4508056640625 736.0219116210938 1046.5963134765625
1020.9054565429688 893.9971313476562 510.5911865234375 938.3524780273438
1002.6261596679688 844.0478515625 572.6408081054688 914.228271484375
1097.6007080078125 713.161376953125 743.3916015625 1024.1015625
1102.6630859375 699.5084228515625 765.3423461914062 1029.2513427734375
973.8624267578125 864.0015869140625 556.437744140625 891.5880737304688
1098.79248046875 577.0692749023438 1006.3941650390625 1037.8482666015625
953.8677978515625 755.2537841796875 694.729736328125 864.3172607421875
1002.3759765625 887.3690795898438 527.5855712890625 917.3336791992188
877.798583984375 774.3681640625 677.2586669921875 795.369873046875
1002.3759765625 887.3690795898438 527.5855712890625 917.3336791992188
1024.2332763671875 601.84619140625 944.8577880859375 931.3424072265625
983.8299560546875 878.2075805664062 541.8045043945312 904.6616821289062
