1073.8021240234375 810.8323364257812 522.8247680664062 957.3516235351562
1097.6007080078125 713.161376953125 635.374755859375 1028.484130859375
1122.7523193359375 799.0582275390625 507.00177001953125 1014.722900390625
1089.8387451171875 815.7345581054688 507.4799499511719 971.9486083984375
1093.5665283203125 693.6238403320312 668.0081176757812 1033.8414306640625
1073.8021240234375 810.8323364257812 522.8247680664062 957.3516235351562
1093.5665283203125 693.6238403320312 668.0081176757812 1033.8414306640625
1110.5933837890625 797.3154907226562 517.2222900390625 1003.5942993164062
1066.6439208984375 672.172119140625 716.7086791992188 1009.2584838867188
1097.6007080078125 713.161376953125 635.374755859375 1028.484130859375
1080.6590576171875 710.1110229492188 652.1517944335938 1007.8865966796875
1157.2620849609375 861.5289306640625 414.2367248535156 1022.416015625
1147.7459716796875 849.6598510742188 433.2369079589844 1019.2330322265625
1059.662353515625 683.4782104492188 701.8262329101562 994.9768676757812
1104.6475830078125 722.610595703125 617.9408569335938 1032.2547607421875
1143.825439453125 823.6671142578125 465.79510498046875 1027.2208251953125
1118.1732177734375 813.5929565429688 492.32879638671875 1003.3016967773438
1002.6261596679688 844.0478515625 525.0540161132812 873.0547485351562
1143.825439453125 823.6671142578125 465.79510498046875 1027.2208251953125
1151.2845458984375 833.6094970703125 446.9341125488281 1031.7403564453125
1007.585693359375 864.8721923828125 501.4017639160156 875.1087036132812
1157.2620849609375 861.5289306640625 414.2367248535156 1022.416015625
943.594970703125 777.0402221679688 622.9387817382812 840.10302734375
1013.8153686523438 942.0023193359375 425.70989990234375 859.3136596679688
1002.6261596679688 844.0478515625 525.0540161132812 873.0547485351562
1102.6630859375 699.5084228515625 654.0750732421875 1040.8765869140625
966.5031127929688 883.7319946289062 503.17529296875 837.0421752929688
953.8677978515625 755.2537841796875 649.7238159179688 854.46630859375
953.8677978515625 755.2537841796875 649.7238159179688 854.46630859375
1024.2332763671875 601.84619140625 862.5260620117188 993.8729858398438
1032.343505859375 615.73583984375 831.6178588867188 996.2384033203125
1007.585693359375 864.8721923828125 501.4017639160156 875.1087036132812
