1327.1983642578125 252.40487670898438 899.8203125 310.5815734863281
1297.3311767578125 278.3998107910156 885.1016845703125 334.9794616699219
1320.876220703125 304.56292724609375 907.3095092773438 353.0268859863281
1308.868896484375 225.39581298828125 882.1098022460938 292.09954833984375
991.9210205078125 544.772216796875 581.671875 836.0447387695312
1333.216552734375 280.959716796875 911.0040283203125 332.06329345703125
1338.8631591796875 236.2955322265625 904.4744873046875 296.5645446777344
1297.3311767578125 278.3998107910156 885.1016845703125 334.9794616699219
1430.4522705078125 303.4426574707031 976.1358642578125 336.3929748535156
991.9210205078125 544.772216796875 581.671875 836.0447387695312
1348.847412109375 305.2886962890625 927.4176025390625 348.8621520996094
1317.5928955078125 289.91571044921875 901.210693359375 341.6924743652344
