821.0543823242188 1005.3782958984375 933.1947631835938 616.3115234375
757.6626586914062 997.9915771484375 946.5780639648438 649.960205078125
757.6626586914062 997.9915771484375 946.5780639648438 649.960205078125
783.0978393554688 1021.4404296875 952.2149047851562 631.1006469726562
805.3529052734375 969.8952026367188 917.835693359375 633.494384765625
805.3529052734375 969.8952026367188 917.835693359375 633.494384765625
821.0543823242188 1005.3782958984375 933.1947631835938 616.3115234375
544.0438232421875 1018.3674926757812 1021.3972778320312 758.737060546875
792.1146850585938 934.2830200195312 899.7862548828125 651.3720092773438
786.9122924804688 968.9010620117188 922.1024169921875 643.3604736328125
792.1146850585938 934.2830200195312 899.7862548828125 651.3720092773438
768.0167236328125 977.3283081054688 932.4097900390625 650.30615234375
746.7448120117188 966.0267944335938 931.85205078125 664.6826171875
732.5294189453125 947.0628051757812 924.5208740234375 679.6336669921875
787.9785766601562 834.5821533203125 828.7655639648438 688.3036499023438
835.1181640625 943.6267700195312 894.108154296875 625.4478149414062
806.3931274414062 999.5043334960938 933.5949096679688 625.5426635742188
736.2865600585938 863.1246948242188 865.8733520507812 709.3925170898438
633.597900390625 989.6193237304688 979.8794555664062 719.445068359375
748.08740234375 951.4026489257812 923.3084716796875 669.5189819335938
823.2755737304688 916.739013671875 879.916259765625 639.115478515625
835.1181640625 943.6267700195312 894.108154296875 625.4478149414062
627.3162231445312 1017.7696533203125 995.3815307617188 712.2379760742188
822.7048950195312 965.2723388671875 911.1265258789062 625.4742431640625
950.3009643554688 921.924072265625 849.4752197265625 573.2586669921875
946.5658569335938 875.0631713867188 817.9048461914062 585.124755859375
814.6163940429688 984.4232788085938 924.1599731445312 624.593505859375
950.3009643554688 921.924072265625 849.4752197265625 573.2586669921875
740.94384765625 840.5156860351562 847.4178466796875 717.0856323242188
780.716796875 950.5162963867188 913.2294921875 651.83740234375
785.478271484375 821.97509765625 818.8344116210938 695.7342529296875
931.2879638671875 913.875244140625 847.95849609375 584.9920043945312
787.9785766601562 834.5821533203125 828.7655639648438 688.3036499023438
747.0608520507812 729.3394165039062 733.94580078125 774.4370727539062
549.4458618164062 1033.51904296875 1027.7313232421875 749.2711791992188
780.716796875 950.5162963867188 913.2294921875 651.83740234375
588.3976440429688 1033.74072265625 1015.3043212890625 727.3045043945312
736.81982421875 783.1116943359375 795.212646484375 750.5
608.6310424804688 1044.200927734375 1013.5140991210938 712.4701538085938
958.9888916015625 935.9918212890625 856.0745239257812 566.2643432617188
978.9285888671875 907.8680419921875 832.65283203125 562.0552368164062
966.5031127929688 883.7319946289062 818.6769409179688 572.6220703125
973.8624267578125 864.0015869140625 802.388427734375 573.150146484375
966.5031127929688 883.7319946289062 818.6769409179688 572.6220703125
593.8197631835938 1049.642578125 1021.033935546875 718.2022094726562
1002.3759765625 887.3690795898438 812.0513305664062 554.60546875
780.716796875 950.5162963867188 913.2294921875 651.83740234375
593.8197631835938 1049.642578125 1021.033935546875 718.2022094726562
1002.3759765625 887.3690795898438 812.0513305664062 554.60546875
777.4231567382812 812.81982421875 811.8850708007812 704.604736328125
570.5335693359375 845.20068359375 908.921630859375 837.95556640625
811.800048828125 780.121826171875 774.1805419921875 693.3910522460938
670.13427734375 905.2412719726562 918.2078247070312 737.9071044921875
786.181884765625 794.467041015625 794.3015747070312 707.5322875976562
