47.21228790283203
61.392181396484375
61.44916534423828
61.61168670654297
62.68971252441406
63.96874237060547
64.46704864501953
64.69930267333984
65.85590362548828
68.680419921875
69.0941390991211
70.29224395751953
71.07742309570312
73.23250579833984
74.10128021240234
74.32361602783203
74.95999145507812
75.03998565673828
75.07329559326172
75.17313385009766
76.32168579101562
76.3609848022461
76.86351776123047
78.0768814086914
78.82258605957031
78.89866638183594
78.95568084716797
79.08855438232422
79.5487289428711
80.36167907714844
81.89016723632812
81.96340942382812
82.07313537597656
82.94576263427734
83.17451477050781
83.34266662597656
83.37865447998047
83.77350616455078
83.83316802978516
83.9404525756836
84.53993225097656
86.33075714111328
86.45808410644531
86.70063781738281
86.76404571533203
86.97700500488281
87.57853698730469
87.94316101074219
87.96590423583984
89.9166259765625
90.19977569580078
90.23857116699219
91.13726043701172
91.20307159423828
91.26335144042969
91.50409698486328
92.55809020996094
93.25770568847656
93.30594635009766
94.20191192626953
94.64671325683594
95.7287826538086
95.84362030029297
96.15092468261719
96.29122161865234
96.65919494628906
97.08759307861328
97.20596313476562
97.4371566772461
97.88258361816406
98.18859100341797
98.40223693847656
98.76740264892578
99.24212646484375
99.32774353027344
99.36800384521484
99.43842315673828
99.5740966796875
99.659423828125
100.05498504638672
101.02970123291016
101.6513671875
102.06370544433594
102.36698913574219
102.5182876586914
102.58167266845703
102.8250961303711
102.88343048095703
103.04853057861328
103.36343383789062
103.5422592163086
103.78343200683594
103.89418029785156
104.39348602294922
104.704345703125
104.81889343261719
104.990478515625
105.009521484375
105.3043212890625
106.09429931640625
106.84100341796875
106.9392318725586
107.36852264404297
107.52208709716797
107.55463409423828
107.68936920166016
107.99073791503906
108.06941986083984
108.11567687988281
108.42508697509766
108.90821838378906
108.97705841064453
109.0
109.02293395996094
109.58101654052734
109.9772720336914
110.24971771240234
110.2587890625
110.59837341308594
110.87831115722656
110.98648834228516
111.09455108642578
111.48094177246094
111.5616455078125
111.58404541015625
111.66020202636719
111.9553451538086
112.01338958740234
112.04463195800781
112.50777435302734
112.63658142089844
112.65877532958984
112.73863220214844
113.1547622680664
113.25634765625
113.53853607177734
113.74533081054688
113.76290893554688
113.82442474365234
114.04823303222656
114.08330535888672
114.58184814453125
114.68653106689453
115.38630676269531
115.52056121826172
115.79291534423828
116.7261734008789
116.82893371582031
116.83321380615234
117.18788146972656
117.4010238647461
117.50318908691406
117.60102081298828
118.50316619873047
118.59173583984375
118.63810729980469
119.01260375976562
119.0630111694336
119.23086547851562
119.59933471679688
119.64530944824219
119.712158203125
119.76644134521484
119.86241912841797
120.05415344238281
120.17487335205078
120.26637268066406
120.47406005859375
120.65653991699219
120.86355590820312
120.93800354003906
121.58124542236328
121.77848815917969
121.81133270263672
121.8482666015625
122.47040557861328
122.76807403564453
122.98780059814453
123.1949691772461
123.91932678222656
123.93143463134766
124.32215881347656
124.41462707519531
124.74373626708984
124.7557601928711
125.33953857421875
125.37942504882812
126.15070343017578
126.38433074951172
126.48715209960938
126.66490936279297
126.70832824707031
126.87001037597656
126.98818969726562
127.08658599853516
127.36168670654297
127.37346649169922
127.45980072021484
127.50294494628906
127.51470184326172
127.7027816772461
127.81236267089844
128.7633514404297
128.7982940673828
128.88754272460938
129.07749938964844
129.24008178710938
130.57565307617188
130.8854522705078
131.05723571777344
131.70420837402344
131.78770446777344
131.96591186523438
131.96969604492188
132.0719451904297
132.3177947998047
132.43865966796875
132.53302001953125
132.7478790283203
132.92478942871094
133.52528381347656
133.6151123046875
134.18270874023438
134.666259765625
134.67739868164062
135.05184936523438
135.0962677001953
135.2738037109375
135.31814575195312
135.5507354736328
135.63185119628906
136.22775268554688
136.76622009277344
136.85028076171875
137.12767028808594
137.4117889404297
137.7606658935547
137.8441162109375
138.07968139648438
138.13037109375
138.91363525390625
138.9892120361328
139.85707092285156
140.07855224609375
140.63783264160156
140.84033203125
140.9184112548828
141.1276092529297
141.8485107421875
142.09503173828125
142.1900177001953
142.29898071289062
142.36923217773438
142.42190551757812
142.43594360351562
142.5447235107422
142.6954803466797
142.9440460205078
142.98251342773438
143.02098083496094
143.23406982421875
143.4364013671875
143.49215698242188
144.5752410888672
144.6029052734375
144.81712341308594
145.00344848632812
145.0517120361328
145.29624938964844
145.40289306640625
145.45101928710938
145.53005981445312
145.59877014160156
145.81495666503906
145.8355255126953
146.03424072265625
146.9591827392578
147.77685546875
148.5126190185547
148.5765838623047
149.05703735351562
149.48577880859375
149.53260803222656
150.3429412841797
150.5821990966797
150.87742614746094
150.90394592285156
151.55526733398438
151.7036590576172
151.7036590576172
152.728515625
152.9051971435547
152.9803924560547
153.02940368652344
153.06861877441406
153.39491271972656
153.4861602783203
153.57408142089844
153.73028564453125
154.7223358154297
154.98709106445312
155.62454223632812
157.171875
157.54998779296875
157.57537841796875
157.8068389892578
158.94024658203125
159.4082794189453
159.69972229003906
159.8499298095703
161.12107849121094
161.89193725585938
163.22377014160156
163.97256469726562
164.04876708984375
164.07925415039062
164.2893829345703
164.67544555664062
165.23316955566406
165.248291015625
165.3269500732422
165.51434326171875
165.647216796875
167.03892517089844
167.75576782226562
168.11007690429688
168.19334411621094
169.14785766601562
169.31036376953125
169.36351013183594
169.3812255859375
169.50811767578125
170.01470947265625
170.23806762695312
170.27919006347656
171.8953094482422
172.1394805908203
172.91616821289062
173.62603759765625
174.63389587402344
174.8313446044922
175.6957550048828
176.5531005859375
176.8926239013672
177.97190856933594
178.04212951660156
179.08099365234375
179.34603881835938
179.3990020751953
179.74703979492188
180.01943969726562
180.12217712402344
180.3662872314453
180.41064453125
180.96131896972656
181.15187072753906
181.25672912597656
181.58468627929688
181.5984649658203
182.7101593017578
182.93714904785156
183.0355224609375
183.26210021972656
183.29757690429688
183.30029296875
184.92971801757812
186.1021270751953
186.20687866210938
186.362548828125
188.05850219726562
189.39376831054688
189.557373046875
189.7498321533203
189.80780029296875
190.5255889892578
190.738037109375
192.2108154296875
198.73348999023438
200.13246154785156
200.63150024414062
200.83575439453125
203.55343627929688
204.5042724609375
206.06309509277344
208.49940490722656
208.67678833007812
218.81956481933594
218.9657440185547
219.4105682373047
220.33157348632812
223.07846069335938
229.04803466796875
229.19424438476562
229.786865234375
230.31283569335938
231.5059356689453
239.4180450439453
244.73251342773438
263.94696044921875
