1116.5599365234375 790.515380859375 579.05517578125 1013.0319213867188
1078.0469970703125 751.92138671875 647.5398559570312 982.0362548828125
1103.56494140625 782.4464111328125 594.9188232421875 1000.4263916015625
1101.1676025390625 742.1381225585938 651.6605224609375 1014.4141845703125
1093.615478515625 749.7158203125 643.6265258789062 1001.336669921875
1092.5673828125 795.3280639648438 584.2356567382812 982.5243530273438
1053.9788818359375 754.4631958007812 653.8569946289062 951.8887329101562
1080.1414794921875 787.1080932617188 600.3961791992188 972.8383178710938
1098.0928955078125 816.841796875 556.2027587890625 979.675048828125
1079.5279541015625 796.6376342773438 587.4598999023438 967.2791748046875
1056.4061279296875 685.046142578125 754.2283935546875 982.9111328125
1056.7666015625 650.2595825195312 811.8403930664062 997.970703125
1046.7271728515625 692.2095947265625 746.0527954101562 965.5713500976562
1092.5673828125 795.3280639648438 584.2356567382812 982.5243530273438
1030.4678955078125 761.4269409179688 655.5463256835938 925.5164184570312
1107.66650390625 927.6898193359375 436.5304260253906 956.1141357421875
1070.9810791015625 808.0489501953125 578.9727783203125 953.7933959960938
1110.5543212890625 806.010009765625 562.9506225585938 999.1759033203125
1063.3515625 657.5872192382812 798.1798095703125 1002.8922729492188
1003.48681640625 670.523193359375 795.3519897460938 922.0328369140625
1056.7666015625 650.2595825195312 811.8403930664062 997.970703125
1104.674072265625 959.688232421875 409.3697814941406 943.6039428710938
1005.1156005859375 693.9011840820312 757.9525146484375 916.6557006835938
1107.58740234375 892.7172241210938 469.0390625 966.7848510742188
1055.658447265625 675.89990234375 769.843994140625 984.5372924804688
1005.1156005859375 693.9011840820312 757.9525146484375 916.6557006835938
1052.1112060546875 657.6522827148438 801.4425659179688 989.7797241210938
1082.4381103515625 905.8214721679688 469.8736267089844 936.0208129882812
1023.9966430664062 644.256103515625 833.9669799804688 955.7105102539062
1070.9810791015625 808.0489501953125 578.9727783203125 953.7933959960938
1055.658447265625 675.89990234375 769.843994140625 984.5372924804688
1090.7037353515625 976.07421875 402.77276611328125 926.9258422851562
898.3758544921875 819.7150268554688 631.5685424804688 786.6441650390625
1104.674072265625 959.688232421875 409.3697814941406 943.6039428710938
1023.66748046875 677.274658203125 777.9508056640625 943.5411987304688
1023.9966430664062 644.256103515625 833.9669799804688 955.7105102539062
891.7039184570312 965.716796875 501.3994445800781 771.9497680664062
1081.825439453125 942.6920166015625 436.39447021484375 927.1613159179688
1045.662353515625 685.93505859375 758.7665405273438 967.9653930664062
1040.18017578125 665.9169921875 788.7891235351562 968.7598266601562
1022.538818359375 652.41357421875 819.7840576171875 952.4025268554688
1065.40771484375 768.1832275390625 630.6158447265625 955.566162109375
914.83154296875 787.4032592773438 663.2428588867188 806.4039306640625
981.3817749023438 780.1378784179688 648.7634887695312 869.1280517578125
916.6652221679688 800.0470581054688 649.2498779296875 806.2853393554688
1064.23779296875 791.237060546875 605.8590698242188 951.787841796875
