55.25395965576172
113.5693588256836
142.2532958984375
142.4745635986328
144.62710571289062
146.11981201171875
163.0
176.1902313232422
181.76632690429688
186.7217254638672
186.95721435546875
188.5152587890625
188.68226623535156
193.7085418701172
194.6072998046875
195.94642639160156
201.21133422851562
202.3660125732422
206.39767456054688
216.561767578125
219.26467895507812
221.57843017578125
221.8062286376953
224.80435180664062
229.22259521484375
236.8417205810547
240.75921630859375
248.20556640625
