525.3421630859375 704.2020263671875 354.36883544921875 672.9482421875
1311.4647216796875 342.3665466308594 892.4971923828125 159.84478759765625
1368.52587890625 759.3682861328125 1180.04931640625 570.1685791015625
1425.1578369140625 984.28662109375 1300.2239990234375 710.1630249023438
1389.2789306640625 723.8412475585938 1177.2869873046875 541.3699951171875
1389.2789306640625 723.8412475585938 1177.2869873046875 541.3699951171875
1305.176025390625 786.7924194335938 1161.168212890625 599.836669921875
1528.8538818359375 768.0059814453125 1268.8248291015625 557.996337890625
1439.2506103515625 1009.1559448242188 1311.7913818359375 720.67138671875
1250.7801513671875 818.0985107421875 1142.78955078125 630.04345703125
1373.477783203125 981.5006103515625 1274.1177978515625 716.6347045898438
1496.70556640625 861.7508544921875 1289.880126953125 624.7597045898438
1480.1072998046875 925.0848388671875 1302.98876953125 667.5875854492188
1384.4429931640625 1003.5821533203125 1286.9879150390625 727.5609130859375
1041.401123046875 1048.44873046875 1133.6142578125 820.0819091796875
1546.1220703125 777.4468994140625 1280.8531494140625 562.5630493164062
1201.2335205078125 903.140869140625 1155.319091796875 697.25390625
1327.8929443359375 808.0905151367188 1181.82568359375 611.2828369140625
1030.633544921875 1018.7806396484375 1110.1602783203125 803.7123413085938
1546.1220703125 777.4468994140625 1280.8531494140625 562.5630493164062
1250.8253173828125 825.170654296875 1144.154052734375 634.42138671875
1194.7955322265625 886.6483764648438 1143.467041015625 687.0409545898438
1027.9632568359375 993.9373168945312 1099.1156005859375 790.4933471679688
1267.7203369140625 685.7821655273438 1086.5308837890625 524.7100830078125
953.1834106445312 861.6782836914062 975.8323364257812 714.5249633789062
1360.722900390625 1029.141845703125 1286.2572021484375 746.4491577148438
1371.492919921875 1013.605712890625 1284.1097412109375 735.410888671875
1267.7203369140625 685.7821655273438 1086.5308837890625 524.7100830078125
