94.57272338867188
111.8659896850586
123.23554992675781
139.5421142578125
148.3206024169922
159.11317443847656
164.23458862304688
170.49046325683594
171.265869140625
176.05397033691406
177.21737670898438
178.15162658691406
179.11727905273438
179.37391662597656
197.0203094482422
201.23617553710938
202.51419067382812
203.7473907470703
205.3387451171875
215.2719268798828
218.12611389160156
221.54232788085938
221.91665649414062
238.26666259765625
242.43556213378906
257.064208984375
260.30560302734375
