1536.9117431640625 780.1900634765625 1417.816650390625 653.991455078125
1533.80029296875 775.653564453125 1415.033935546875 650.5069580078125
700.7507934570312 958.781982421875 772.4727172851562 863.98779296875
1450.4376220703125 1002.2347412109375 1394.0042724609375 838.4624633789062
1409.8033447265625 981.1741333007812 1362.0118408203125 825.1380615234375
1287.966552734375 804.4046630859375 1237.2750244140625 686.1690063476562
1287.966552734375 804.4046630859375 1237.2750244140625 686.1690063476562
760.7850952148438 765.1827392578125 753.3862915039062 675.0779418945312
1397.0419921875 984.4443969726562 1354.2447509765625 828.4783325195312
1516.95654296875 806.0123291015625 1407.7708740234375 676.747314453125
1389.2789306640625 723.8412475585938 1298.357177734375 610.241943359375
1480.1072998046875 925.0848388671875 1401.158935546875 776.0438842773438
1546.1220703125 777.4468994140625 1424.0521240234375 651.4602661132812
1425.1578369140625 984.28662109375 1374.15478515625 826.4798583984375
1368.52587890625 759.3682861328125 1288.5892333984375 642.3499755859375
1384.4429931640625 1003.5821533203125 1348.89111328125 844.2822265625
803.6482543945312 717.8286743164062 776.4404907226562 623.5726318359375
1528.8538818359375 768.0059814453125 1410.09033203125 644.1478881835938
1305.176025390625 786.7924194335938 1248.1636962890625 670.354248046875
1352.3770751953125 971.3915405273438 1319.3260498046875 822.2003784179688
1423.6910400390625 1038.1378173828125 1381.786376953125 867.6077270507812
1319.0296630859375 1012.7723388671875 1303.6014404296875 855.6361083984375
1447.1998291015625 865.194091796875 1368.417236328125 729.5804443359375
1389.2789306640625 723.8412475585938 1298.357177734375 610.241943359375
1140.3828125 634.5435791015625 1070.8319091796875 530.7864379882812
1226.24462890625 917.4937744140625 1214.724609375 786.56201171875
1530.514892578125 801.3815307617188 1416.8946533203125 672.561767578125
1516.95654296875 806.0123291015625 1407.7708740234375 676.747314453125
1122.77587890625 655.2507934570312 1062.0294189453125 552.37548828125
1462.2801513671875 854.8760986328125 1377.6788330078125 721.0010986328125
1085.4713134765625 1036.747802734375 1133.32861328125 896.0322265625
1530.514892578125 801.3815307617188 1416.8946533203125 672.561767578125
1414.0743408203125 989.6676635742188 1366.1728515625 831.3016967773438
1371.492919921875 1013.605712890625 1341.83984375 853.14453125
1168.3974609375 759.3155517578125 1130.4228515625 651.334716796875
1168.765625 928.9696655273438 1172.6181640625 800.2276611328125
1570.521240234375 780.7059326171875 1441.3597412109375 653.2135620117188
1515.47607421875 910.7361450195312 1423.4610595703125 762.2932739257812
1570.521240234375 780.7059326171875 1441.3597412109375 653.2135620117188
684.0201416015625 779.611083984375 680.0149536132812 691.518798828125
1546.1220703125 777.4468994140625 1424.0521240234375 651.4602661132812
1292.3966064453125 1012.8786010742188 1284.432861328125 857.90234375
1514.3046875 898.2832641601562 1421.08447265625 752.5654907226562
1357.7064208984375 714.2427368164062 1272.0654296875 602.4862060546875
1056.9283447265625 848.6285400390625 1061.2137451171875 738.7413940429688
1466.59619140625 873.7113037109375 1383.1617431640625 735.2532348632812
1250.8253173828125 825.170654296875 1211.8292236328125 705.84716796875
1496.70556640625 861.7508544921875 1403.7427978515625 724.214111328125
1584.291748046875 780.3423461914062 1452.117919921875 652.7144775390625
1266.27197265625 697.5093994140625 1195.7545166015625 590.1116333007812
1373.477783203125 981.5006103515625 1336.6883544921875 827.8333740234375
1155.2265625 754.2033081054688 1117.3372802734375 646.9451904296875
779.1737670898438 757.7713623046875 769.961669921875 667.4754638671875
736.1527709960938 930.1785278320312 793.9453125 834.14306640625
1111.083740234375 805.6175537109375 1095.9423828125 697.2485961914062
1515.47607421875 910.7361450195312 1423.4610595703125 762.2932739257812
1146.9300537109375 640.3893432617188 1078.8616943359375 536.9734497070312
1296.370849609375 678.857177734375 1215.74609375 571.2897338867188
1272.9700927734375 799.9767456054688 1224.6131591796875 682.9330444335938
754.21337890625 978.8822631835938 831.2139892578125 875.702880859375
1143.6219482421875 913.9519653320312 1149.5860595703125 789.7672729492188
1030.633544921875 1018.7806396484375 1083.7249755859375 884.6383056640625
1601.7669677734375 789.965087890625 1465.5267333984375 659.4278564453125
1041.401123046875 1048.44873046875 1102.3814697265625 908.951171875
990.980224609375 896.6820068359375 1016.2664184570312 787.423095703125
1414.0743408203125 989.6676635742188 1366.1728515625 831.3016967773438
1240.1072998046875 662.3086547851562 1165.338623046875 556.8677368164062
1308.105224609375 679.041015625 1225.279296875 571.4202270507812
754.21337890625 978.8822631835938 831.2139892578125 875.702880859375
1176.8848876953125 883.87841796875 1168.137451171875 761.2780151367188
709.3798217773438 668.31494140625 654.8451538085938 573.7771606445312
1008.5408935546875 1016.78515625 1065.7059326171875 886.5751953125
1420.541015625 1023.2244873046875 1376.89892578125 856.221923828125
700.0946044921875 780.4719848632812 696.9927978515625 693.115478515625
1122.77587890625 655.2507934570312 1062.0294189453125 552.37548828125
1341.7891845703125 1013.2478637695312 1320.0968017578125 854.882568359375
1429.6365966796875 1047.82177734375 1387.5245361328125 874.3739013671875
1056.9283447265625 848.6285400390625 1061.2137451171875 738.7413940429688
1330.111083984375 739.0198364257812 1256.5850830078125 625.2978515625
1548.0093994140625 900.0758056640625 1443.884033203125 751.922119140625
1155.2265625 754.2033081054688 1117.3372802734375 646.9451904296875
871.965576171875 919.8033447265625 918.9711303710938 813.6151733398438
1141.431396484375 755.6159057617188 1105.3587646484375 648.426025390625
1145.4117431640625 632.405029296875 1075.666015625 528.779541015625
1106.6474609375 859.393798828125 1103.728515625 746.0225830078125
1222.487548828125 812.9262084960938 1187.4599609375 696.7151489257812
1587.10009765625 819.5921630859375 1458.6055908203125 685.2327270507812
1148.014892578125 670.0056762695312 1088.670654296875 566.0177612304688
708.21728515625 1026.111083984375 804.5330810546875 922.6781616210938
385.8039245605469 941.2066040039062 428.3643798828125 879.8388671875
1175.4482421875 725.488037109375 1128.132080078125 619.5654296875
1241.5643310546875 811.1812744140625 1202.97314453125 694.0809936523438
1194.7955322265625 886.6483764648438 1183.1134033203125 762.653564453125
1061.060791015625 992.5110473632812 1101.6322021484375 859.4252319335938
1314.7752685546875 845.8134765625 1267.6898193359375 720.3720092773438
659.935546875 907.5377197265625 710.0384521484375 822.9503173828125
860.8751831054688 846.0568237304688 883.49853515625 749.743896484375
953.1834106445312 861.6782836914062 975.4362182617188 756.4500122070312
1267.7203369140625 685.7821655273438 1194.3594970703125 578.64501953125
1305.24609375 811.1671752929688 1252.6614990234375 691.5717163085938
892.3736572265625 886.9228515625 926.7627563476562 782.9072875976562
805.2169189453125 870.9522094726562 841.5643310546875 774.8192749023438
1240.6456298828125 674.6646118164062 1169.6041259765625 568.8517456054688
1040.4073486328125 982.0511474609375 1083.956298828125 854.1538696289062
775.623046875 983.38330078125 852.760498046875 881.0308227539062
1000.2129516601562 877.503173828125 1020.1716918945312 767.6498413085938
779.5611572265625 768.2074584960938 774.0386352539062 677.3453369140625
1168.3974609375 759.3155517578125 1130.4228515625 651.334716796875
1514.5584716796875 875.6160888671875 1418.692138671875 734.8329467773438
892.3736572265625 886.9228515625 926.7627563476562 782.9072875976562
1257.7333984375 801.1536865234375 1213.1778564453125 685.088623046875
1318.4473876953125 798.6866455078125 1258.165771484375 680.9373779296875
1611.215576171875 810.1597290039062 1473.7733154296875 675.6158447265625
1156.8612060546875 642.611328125 1088.620849609375 538.9940795898438
1040.4073486328125 982.0511474609375 1083.956298828125 854.1538696289062
1176.8848876953125 883.87841796875 1168.137451171875 761.2780151367188
1439.2506103515625 1009.1559448242188 1386.916015625 843.2831420898438
539.258544921875 851.2158813476562 555.720703125 775.1378784179688
1170.41845703125 743.4579467773438 1127.1461181640625 636.1265869140625
891.70263671875 934.6664428710938 941.7603759765625 825.212158203125
738.0399780273438 791.0152587890625 739.8215942382812 702.9804077148438
1064.1123046875 832.7084350585938 1062.0640869140625 723.74365234375
1253.79296875 662.97265625 1177.3914794921875 557.2299194335938
539.258544921875 851.2158813476562 555.720703125 775.1378784179688
1458.093505859375 1026.8328857421875 1403.25439453125 856.1787719726562
707.1268310546875 839.7899780273438 734.8592529296875 750.436279296875
1455.41943359375 1011.0715942382812 1398.23974609375 844.9190673828125
1183.69677734375 736.6865234375 1136.696533203125 629.2625732421875
1458.093505859375 1026.8328857421875 1403.25439453125 856.1787719726562
1558.24755859375 789.4175415039062 1433.2291259765625 661.0621337890625
1360.722900390625 1029.141845703125 1336.7784423828125 866.10107421875
1036.5079345703125 963.4115600585938 1073.439208984375 838.0090942382812
961.9332275390625 855.6627807617188 983.3969116210938 751.4702758789062
781.7222900390625 695.218505859375 744.36376953125 601.80712890625
457.99365234375 1008.4434204101562 548.7813110351562 931.5222778320312
1149.1961669921875 659.5402221679688 1086.1158447265625 555.8521728515625
1526.6368408203125 888.4525756835938 1428.1446533203125 743.9765625
700.0946044921875 780.4719848632812 696.9927978515625 693.115478515625
1247.6680908203125 793.3775024414062 1202.537109375 678.716064453125
626.2977905273438 913.4807739257812 680.4364013671875 827.5958862304688
1206.9853515625 727.5814208984375 1154.8443603515625 620.5210571289062
828.452392578125 815.2128295898438 840.5765380859375 720.5358276367188
1172.2003173828125 859.8262329101562 1158.341552734375 740.801513671875
1548.775390625 783.3141479492188 1426.826904296875 656.7057495117188
738.053466796875 722.1830444335938 713.53662109375 633.8319702148438
911.9251098632812 931.8924560546875 959.0734252929688 822.0852661132812
739.2264404296875 1007.225341796875 826.6721801757812 904.0089111328125
1305.24609375 811.1671752929688 1252.6614990234375 691.5717163085938
1166.0582275390625 895.8028564453125 1160.0352783203125 767.3269653320312
1137.3780517578125 746.5900268554688 1100.481689453125 640.841064453125
1027.9632568359375 993.9373168945312 1077.0045166015625 866.0781860351562
821.7595825195312 727.6587524414062 799.1717529296875 633.2074584960938
1346.7877197265625 741.022705078125 1269.1583251953125 627.56591796875
878.6876831054688 887.63427734375 914.3472290039062 784.0512084960938
1439.2506103515625 1009.1559448242188 1386.916015625 843.2831420898438
1404.6661376953125 759.0848999023438 1317.5301513671875 641.15283203125
1589.332275390625 807.207275390625 1458.2432861328125 674.3126220703125
1421.3182373046875 888.677490234375 1353.3629150390625 750.4117431640625
1500.3878173828125 916.7955322265625 1414.163330078125 767.8676147460938
703.823486328125 768.2411499023438 693.6531982421875 680.4171752929688
871.5577392578125 902.7256469726562 913.441650390625 799.1605834960938
354.9247741699219 910.071044921875 376.5923156738281 849.5912475585938
1577.26318359375 821.8627319335938 1452.0355224609375 687.3294677734375
1182.100341796875 920.6932983398438 1181.306640625 792.5946655273438
421.5841369628906 1017.7915649414062 513.1732788085938 945.2418823242188
1225.572998046875 927.457275390625 1216.65673828125 795.4047241210938
1232.1273193359375 690.2235717773438 1166.042236328125 583.578857421875
799.0201416015625 672.1976318359375 752.8483276367188 576.2688598632812
593.101318359375 892.9638061523438 634.2893676757812 812.3594970703125
1141.65283203125 721.38232421875 1097.27978515625 616.4144897460938
743.1939086914062 766.141357421875 737.8338012695312 676.3070678710938
704.6387329101562 672.3057861328125 652.1373291015625 578.7274780273438
363.9673156738281 902.0443725585938 385.7330322265625 837.9165649414062
1039.6739501953125 964.906982421875 1077.9454345703125 840.1600952148438
609.8782348632812 820.863037109375 618.2843627929688 742.4284057617188
1053.3302001953125 1014.4794921875 1103.78857421875 880.9901733398438
1183.69677734375 736.6865234375 1136.696533203125 629.2625732421875
1150.174560546875 646.2175903320312 1083.35009765625 542.3286743164062
1285.0081787109375 691.5841064453125 1210.346435546875 583.032958984375
750.9198608398438 788.37060546875 754.7492065429688 697.601318359375
590.6305541992188 716.4386596679688 547.6373901367188 629.4407348632812
1158.6685791015625 709.4700927734375 1107.8751220703125 605.0269165039062
1400.9010009765625 723.59521484375 1307.51904296875 610.7003784179688
1221.7979736328125 775.8944702148438 1178.93896484375 662.9801025390625
1429.6365966796875 1047.82177734375 1387.5245361328125 874.3739013671875
876.9437866210938 837.4595336914062 900.3599853515625 736.2378540039062
528.4024047851562 828.2706909179688 533.3944702148438 751.3216552734375
718.2697143554688 807.5203857421875 729.2694702148438 719.53955078125
728.2775268554688 970.4437866210938 803.9287719726562 871.4515991210938
1247.4102783203125 690.214599609375 1177.8194580078125 583.1327514648438
1267.7203369140625 685.7821655273438 1194.3594970703125 578.64501953125
795.9061889648438 817.9251098632812 809.201904296875 725.6818237304688
1149.71337890625 903.4046020507812 1151.29638671875 780.0770874023438
1151.446533203125 888.5076293945312 1148.6749267578125 767.64111328125
661.6419677734375 874.1893310546875 697.8466796875 788.6546020507812
1309.0245361328125 709.1968994140625 1233.87353515625 598.4144897460938
936.2537841796875 898.3358764648438 970.641845703125 790.1829833984375
1595.404541015625 824.2559814453125 1465.4532470703125 688.4181518554688
941.2587280273438 869.6058349609375 964.0294189453125 763.9765625
1002.1903686523438 861.920654296875 1020.6890869140625 754.4395141601562
676.2909545898438 873.7973022460938 712.550048828125 787.0849609375
444.9084167480469 1021.9739379882812 539.8709716796875 947.9583129882812
421.5841369628906 1017.7915649414062 513.1732788085938 945.2418823242188
1135.7772216796875 640.4891967773438 1070.451904296875 538.8374633789062
1204.544677734375 926.958251953125 1202.01416015625 798.134033203125
986.924072265625 1030.2698974609375 1053.4351806640625 897.36865234375
480.29925537109375 985.3611450195312 558.1907958984375 910.4119873046875
1052.40234375 814.8775024414062 1047.5565185546875 708.4055786132812
559.0527954101562 820.8076171875 564.2491455078125 741.707763671875
1250.7801513671875 818.0985107421875 1210.826416015625 699.3112182617188
971.8483276367188 888.1103515625 997.723876953125 779.8870849609375
1162.8641357421875 896.1468505859375 1160.5382080078125 773.2057495117188
731.5796508789062 786.1914672851562 731.5669555664062 698.158935546875
1334.2049560546875 822.9632568359375 1277.58203125 700.3112182617188
935.9537963867188 882.9488525390625 964.8824462890625 777.820068359375
971.8483276367188 888.1103515625 997.723876953125 779.8870849609375
1070.61865234375 801.5438842773438 1059.369873046875 695.3409423828125
829.6713256835938 841.9466552734375 854.0948486328125 747.06591796875
1052.40234375 814.8775024414062 1047.5565185546875 708.4055786132812
728.2775268554688 970.4437866210938 803.9287719726562 871.4515991210938
870.8418579101562 861.79931640625 898.5427856445312 763.4366455078125
1311.4423828125 821.7722778320312 1260.657470703125 699.319091796875
1309.0245361328125 709.1968994140625 1233.87353515625 598.4144897460938
1136.53271484375 647.4378051757812 1071.10546875 545.2730712890625
1140.7135009765625 731.8842163085938 1098.50390625 627.0132446289062
1272.2542724609375 817.2827758789062 1227.377685546875 697.2745361328125
1039.6739501953125 964.906982421875 1077.9454345703125 840.1600952148438
769.1289672851562 672.1469116210938 720.782958984375 576.1981201171875
1043.93310546875 838.1287841796875 1044.7471923828125 728.4364624023438
1257.7333984375 801.1536865234375 1213.1778564453125 685.088623046875
694.2667236328125 1019.5473022460938 792.3233642578125 918.7584228515625
1183.0567626953125 747.9014282226562 1139.902587890625 640.2810668945312
834.1952514648438 829.0661010742188 854.9775390625 734.6672973632812
1057.310546875 824.1297607421875 1053.839599609375 716.0142822265625
1207.486328125 892.2623901367188 1196.845703125 767.8999633789062
1589.332275390625 807.207275390625 1458.2432861328125 674.3126220703125
724.2097778320312 995.1663208007812 809.8668212890625 895.3622436523438
450.79791259765625 984.8186645507812 526.764892578125 911.2559814453125
822.9354248046875 822.529541015625 837.32861328125 727.2294921875
450.79791259765625 984.8186645507812 526.764892578125 911.2559814453125
555.5440673828125 831.6854858398438 566.7061157226562 754.0227661132812
920.6415405273438 863.4109497070312 945.2666015625 758.624755859375
442.5656433105469 1005.8679809570312 528.2303466796875 933.2996826171875
1014.6336059570312 1005.5584106445312 1068.1771240234375 875.9334716796875
