70.79547882080078
77.2593002319336
78.05126190185547
79.4040298461914
90.79647827148438
97.07213592529297
104.96665954589844
105.36602783203125
105.81114959716797
106.65364837646484
106.95793914794922
107.79610443115234
108.15267181396484
110.04998779296875
110.5305404663086
111.11255645751953
111.3238525390625
111.81681823730469
112.34322357177734
116.94015502929688
124.7838134765625
125.35948181152344
126.30518341064453
130.4913787841797
135.70187377929688
136.15798950195312
136.43679809570312
139.73545837402344
144.9862060546875
157.6261444091797
161.33505249023438
166.63133239746094
166.6703338623047
167.88687133789062
169.88230895996094
170.10879516601562
170.98245239257812
172.04359436035156
173.6778564453125
173.859130859375
173.8763885498047
190.87168884277344
193.8917236328125
198.5144805908203
201.54156494140625
220.58331298828125
228.3440399169922
243.6144561767578
248.22772216796875
