471.7314147949219 1012.3724975585938 337.2158203125 904.6585083007812
713.072265625 998.8316040039062 567.7559204101562 910.9647216796875
354.9247741699219 910.071044921875 228.54310607910156 774.2179565429688
461.3865661621094 976.7783203125 330.3348388671875 862.6597900390625
593.101318359375 892.9638061523438 464.8155517578125 777.2415771484375
354.9247741699219 910.071044921875 228.54310607910156 774.2179565429688
592.2853393554688 817.6537475585938 472.04376220703125 685.4169921875
591.40380859375 821.57275390625 470.2557067871094 690.1509399414062
471.7314147949219 1012.3724975585938 337.2158203125 904.6585083007812
567.331298828125 848.0928344726562 445.94464111328125 720.1088256835938
720.3491821289062 1020.3551025390625 572.4021606445312 935.7606201171875
424.81243896484375 1040.1458740234375 292.230224609375 930.9131469726562
402.7855529785156 1050.9381103515625 269.1244812011719 941.6401977539062
1389.2789306640625 723.8412475585938 1269.223876953125 645.0150756835938
1389.2789306640625 723.8412475585938 1269.223876953125 645.0150756835938
565.7427368164062 906.0364379882812 436.5995788574219 789.4818115234375
713.072265625 998.8316040039062 567.7559204101562 910.9647216796875
724.2097778320312 995.1663208007812 579.2333984375 907.3534545898438
720.3491821289062 1020.3551025390625 572.4021606445312 935.7606201171875
640.0645141601562 731.9004516601562 529.7376708984375 581.4761962890625
669.9116821289062 746.5602416992188 559.18896484375 603.65576171875
385.8039245605469 941.2066040039062 257.9916687011719 814.6912841796875
606.4943237304688 883.671630859375 479.0189208984375 766.486572265625
754.243896484375 685.1284790039062 653.626220703125 533.0189819335938
453.98309326171875 976.7872924804688 322.6646728515625 861.84521484375
356.1896057128906 942.04736328125 229.2481689453125 811.7869262695312
729.471435546875 662.6336669921875 631.5219116210938 499.6910095214844
626.2977905273438 913.4807739257812 494.87860107421875 805.43603515625
1060.2833251953125 633.3810424804688 976.094970703125 496.6686096191406
918.2377319335938 938.8883056640625 772.2682495117188 859.7735595703125
559.0527954101562 820.8076171875 438.8149719238281 685.7511596679688
411.1656799316406 883.8421630859375 287.249267578125 747.501708984375
408.2401428222656 997.7437133789062 277.46502685546875 881.7293701171875
748.4028930664062 965.420654296875 606.2987670898438 876.0842895507812
708.21728515625 1026.111083984375 560.29248046875 940.5101928710938
594.7044677734375 920.9490356445312 463.82574462890625 810.722900390625
450.79791259765625 984.8186645507812 319.4278869628906 871.0606689453125
555.5440673828125 831.6854858398438 434.2232666015625 699.2434692382812
1050.1229248046875 633.5812377929688 964.2788696289062 496.51458740234375
659.935546875 907.5377197265625 529.3012084960938 801.64013671875
1140.7135009765625 731.8842163085938 1028.8135986328125 633.0676879882812
663.3184204101562 753.1918334960938 551.1613159179688 611.680419921875
617.26171875 902.4613647460938 488.0738220214844 790.8264770507812
958.398193359375 912.5932006835938 813.7459106445312 834.102294921875
669.9116821289062 746.5602416992188 559.18896484375 603.65576171875
750.9198608398438 788.37060546875 635.6660766601562 664.7138671875
644.87353515625 740.5858764648438 534.2763671875 593.0569458007812
581.1255493164062 698.9273681640625 472.7529602050781 531.2947387695312
738.0399780273438 791.0152587890625 620.9613647460938 667.586181640625
374.75555419921875 1043.8115234375 242.96229553222656 931.683837890625
586.7409057617188 801.0924072265625 467.8518981933594 664.2503662109375
681.4054565429688 713.8485717773438 574.0369873046875 562.6435546875
430.7383117675781 1025.3021240234375 296.7881164550781 916.0682983398438
329.9998779296875 963.3477783203125 204.22596740722656 837.0507202148438
661.8344116210938 883.1497192382812 533.253662109375 772.5759887695312
661.6419677734375 874.1893310546875 534.099853515625 761.689453125
641.0021362304688 901.282958984375 510.8028259277344 792.1820678710938
768.4476928710938 686.6697387695312 667.1862182617188 536.6859130859375
719.672607421875 781.1141357421875 604.3753662109375 653.369873046875
990.980224609375 896.6820068359375 849.4929809570312 817.0308837890625
644.7324829101562 735.4016723632812 533.61279296875 586.6383056640625
1258.323486328125 793.3892211914062 1124.4295654296875 719.7741088867188
436.4013977050781 1018.6546020507812 303.05908203125 908.4824829101562
747.183837890625 652.8727416992188 650.7821655273438 488.68353271484375
733.6248168945312 749.8873901367188 621.8870849609375 615.376708984375
385.97979736328125 1002.4052124023438 253.86810302734375 885.3109741210938
730.9733276367188 643.712890625 635.3240966796875 474.7127380371094
571.5845947265625 903.8666381835938 443.6611633300781 787.9932250976562
408.2401428222656 997.7437133789062 277.46502685546875 881.7293701171875
480.29925537109375 985.3611450195312 347.169921875 874.7646484375
596.0171508789062 810.1639404296875 476.2626037597656 676.8262329101562
674.3866577148438 891.2312622070312 544.8016357421875 783.6331787109375
429.39862060546875 1004.6333618164062 297.3441467285156 891.9263916015625
606.2943115234375 686.6741943359375 500.2320556640625 517.629638671875
768.3380126953125 759.5316162109375 655.050048828125 631.5366821289062
735.23291015625 657.4592895507812 638.2039794921875 493.5470275878906
766.9721069335938 750.4252319335938 656.851806640625 619.808349609375
353.8738708496094 936.8341674804688 227.1597442626953 805.9209594726562
628.4786376953125 868.3441772460938 501.0843505859375 752.01318359375
737.224853515625 650.4828491210938 640.9347534179688 484.4303894042969
754.21337890625 978.8822631835938 609.3424682617188 892.285888671875
1050.1229248046875 633.5812377929688 964.2788696289062 496.51458740234375
411.1656799316406 883.8421630859375 287.249267578125 747.501708984375
721.1104736328125 936.076171875 583.2473754882812 840.6591796875
465.50421142578125 967.0890502929688 333.9558410644531 852.2728881835938
1286.6031494140625 681.2327270507812 1185.18603515625 582.2774047851562
718.0548706054688 952.9093627929688 578.7404174804688 859.3399658203125
526.1917724609375 844.270751953125 403.8421325683594 711.395263671875
718.2697143554688 807.5203857421875 598.7041015625 685.755859375
747.183837890625 652.8727416992188 650.7821655273438 488.68353271484375
699.3971557617188 653.2454833984375 601.1454467773438 483.4053649902344
610.7599487304688 689.593505859375 505.2860107421875 522.0894165039062
660.4240112304688 739.160400390625 550.1790771484375 593.1806030273438
993.7893676757812 1017.40283203125 827.1516723632812 953.8523559570312
737.201904296875 961.783447265625 596.3914794921875 871.4064331054688
442.5656433105469 1005.8679809570312 309.6180114746094 894.5813598632812
1000.2129516601562 877.503173828125 860.4667358398438 797.2055053710938
860.8751831054688 846.0568237304688 732.530517578125 748.1708984375
911.9251098632812 931.8924560546875 766.2271118164062 852.4757690429688
1016.0101928710938 987.3004760742188 853.5966186523438 924.287841796875
1076.270263671875 1014.3276977539062 902.19921875 958.1068115234375
1030.633544921875 1018.7806396484375 860.5221557617188 959.033935546875
599.0789184570312 904.488525390625 469.3981018066406 791.6065063476562
891.3787231445312 916.9656372070312 749.4960327148438 833.4509887695312
1077.068115234375 690.0807495117188 977.0764770507812 573.9729614257812
958.398193359375 912.5932006835938 813.7459106445312 834.102294921875
1014.6336059570312 1005.5584106445312 847.7296752929688 943.4429931640625
356.3598327636719 930.564208984375 229.66311645507812 798.5858764648438
614.5801391601562 702.4953002929688 508.8348693847656 539.4818115234375
559.0527954101562 820.8076171875 438.8149719238281 685.7511596679688
1070.61865234375 801.5438842773438 943.480712890625 712.6115112304688
1357.7064208984375 714.2427368164062 1244.300048828125 631.3258666992188
713.2730102539062 650.4668579101562 616.2437744140625 481.4021301269531
722.822265625 656.9783325195312 625.1513061523438 491.08148193359375
721.946533203125 640.270751953125 626.228759765625 468.7304382324219
1204.544677734375 926.958251953125 1039.6064453125 868.857177734375
1482.4215087890625 1017.0592041015625 1264.53515625 986.19384765625
517.4251098632812 829.6519775390625 395.0978088378906 692.7205810546875
794.8115844726562 862.6611938476562 664.2858276367188 759.2468872070312
683.377197265625 744.0890502929688 573.8781127929688 601.3710327148438
731.5796508789062 786.1914672851562 614.7916870117188 661.1692504882812
1217.744873046875 671.6084594726562 1119.5052490234375 564.5514526367188
668.099365234375 1010.6614990234375 524.2379150390625 920.3618774414062
1239.2164306640625 928.0018920898438 1072.4720458984375 871.9921264648438
444.9084167480469 1021.9739379882812 312.00189208984375 912.7696533203125
425.07562255859375 909.98974609375 298.8009948730469 781.2145385742188
1296.370849609375 678.857177734375 1194.316650390625 579.9271240234375
702.7240600585938 975.7631225585938 561.4813842773438 881.58251953125
421.777099609375 1005.1942138671875 289.6260070800781 891.376220703125
1482.4215087890625 1017.0592041015625 1264.53515625 986.19384765625
1162.8641357421875 896.1468505859375 1008.63525390625 831.8839721679688
1082.324462890625 682.3187866210938 985.4261474609375 564.4417114257812
668.099365234375 1010.6614990234375 524.2379150390625 920.3618774414062
918.7338256835938 952.131591796875 769.0546875 875.694580078125
1086.6199951171875 705.8304443359375 983.523193359375 594.3731689453125
731.5796508789062 786.1914672851562 614.7916870117188 661.1692504882812
571.5845947265625 903.8666381835938 443.6611633300781 787.9932250976562
1083.6619873046875 828.1617431640625 950.8614501953125 744.0360107421875
716.8832397460938 644.8504028320312 620.1237182617188 474.1905212402344
1006.9542236328125 998.8181762695312 841.2540283203125 936.5271606445312
429.39862060546875 1004.6333618164062 297.3441467285156 891.9263916015625
1040.4073486328125 982.0511474609375 875.6905517578125 919.0824584960938
419.86138916015625 879.779541015625 294.7582092285156 744.033203125
986.924072265625 1030.2698974609375 817.6735229492188 968.2161254882812
1186.8077392578125 879.1502685546875 1034.9271240234375 814.075439453125
414.244140625 900.1641235351562 288.8934326171875 767.0934448242188
1111.4820556640625 742.47998046875 997.0894775390625 644.65478515625
600.6878662109375 693.1012573242188 493.61773681640625 525.6914672851562
632.28466796875 890.3768920898438 503.27117919921875 778.376220703125
724.8172607421875 757.3272094726562 611.2544555664062 623.3372192382812
1080.8441162109375 693.7110595703125 980.4376220703125 579.0774536132812
457.99365234375 1008.4434204101562 325.5875549316406 898.5821533203125
737.224853515625 650.4828491210938 640.9347534179688 484.4303894042969
1052.40234375 814.8775024414062 922.554443359375 726.5189819335938
609.8782348632812 820.863037109375 489.7272033691406 692.3613891601562
1141.65283203125 721.38232421875 1031.31103515625 621.1256713867188
907.1793823242188 885.72607421875 769.7771606445312 798.6702270507812
747.505615234375 942.9337158203125 609.5320434570312 851.9068603515625
705.0419921875 647.0855102539062 607.6806030273438 475.89813232421875
1062.865234375 626.8604125976562 979.0303955078125 488.831298828125
657.5076904296875 721.1952514648438 547.22900390625 570.2429809570312
455.94097900390625 998.20458984375 322.7093811035156 887.7249145507812
427.64556884765625 991.8214721679688 293.1324462890625 877.7747802734375
430.7383117675781 1025.3021240234375 296.7881164550781 916.0682983398438
1318.4473876953125 798.6866455078125 1180.453857421875 729.7774658203125
1447.7667236328125 843.7963256835938 1288.6397705078125 795.677490234375
1050.963134765625 713.0419311523438 945.4241333007812 601.2703857421875
1527.8931884765625 923.4810791015625 1333.09228515625 892.0484008789062
1053.3302001953125 1014.4794921875 879.8154907226562 954.1593627929688
647.8123779296875 750.9388427734375 535.1525268554688 607.1058349609375
770.5408935546875 765.2352294921875 657.3858032226562 638.7109985351562
703.823486328125 768.2411499023438 588.9569702148438 636.1024780273438
636.1885375976562 741.52001953125 524.2860717773438 593.5347290039062
1404.590087890625 771.5387573242188 1267.1771240234375 704.642578125
1080.8441162109375 693.7110595703125 980.4376220703125 579.0774536132812
1360.722900390625 1029.141845703125 1154.7476806640625 992.0411987304688
1146.25048828125 663.8932495117188 1051.660888671875 546.3704223632812
1373.477783203125 981.5006103515625 1178.3900146484375 943.7542724609375
1286.6031494140625 681.2327270507812 1185.18603515625 582.2774047851562
1224.09912109375 901.6624755859375 1063.913330078125 842.9962768554688
348.25579833984375 920.8478393554688 222.92726135253906 786.0382080078125
1186.8077392578125 879.1502685546875 1034.9271240234375 814.075439453125
647.3505859375 696.8652954101562 542.6199340820312 535.7348022460938
588.1161499023438 695.5239868164062 480.4852294921875 527.2803344726562
436.4013977050781 1018.6546020507812 303.05908203125 908.4824829101562
1172.2003173828125 859.8262329101562 1027.878173828125 788.814697265625
334.6226501464844 928.4622192382812 208.7301483154297 793.8207397460938
406.0526428222656 905.6278076171875 280.9838562011719 773.380859375
1158.6685791015625 709.4700927734375 1053.7281494140625 606.41943359375
1162.8641357421875 896.1468505859375 1008.63525390625 831.8839721679688
1147.91650390625 929.3109130859375 985.5064697265625 868.2868041992188
949.5103149414062 903.524658203125 807.154541015625 822.8145141601562
581.1255493164062 698.9273681640625 472.7529602050781 531.2947387695312
1224.09912109375 901.6624755859375 1063.913330078125 842.9962768554688
971.8483276367188 888.1103515625 831.9365234375 806.4677124023438
630.1412353515625 999.62548828125 489.1705627441406 904.1324462890625
676.2909545898438 873.7973022460938 549.413330078125 763.4567260742188
796.1116943359375 834.9093627929688 671.5859375 728.003662109375
1327.8929443359375 808.0905151367188 1185.41748046875 743.549072265625
687.7442626953125 995.588134765625 542.8807373046875 904.9219970703125
1285.0081787109375 691.5841064453125 1180.1943359375 594.4691162109375
1018.8297729492188 392.0021667480469 994.7664184570312 146.1271209716797
496.9449157714844 997.51708984375 362.5293273925781 891.74755859375
708.2150268554688 949.4535522460938 568.635498046875 854.72314453125
431.5155334472656 876.8623657226562 306.6991882324219 739.7266235351562
1230.9312744140625 891.4320678710938 1073.89306640625 832.408203125
1017.5870971679688 966.8134765625 856.9517211914062 902.049072265625
1305.24609375 811.1671752929688 1162.462890625 743.6961059570312
1047.370849609375 616.7723999023438 966.0385131835938 473.3451843261719
829.6713256835938 841.9466552734375 704.090087890625 739.0067749023438
669.2385864257812 741.1027221679688 557.927001953125 596.9234619140625
728.2775268554688 970.4437866210938 586.1656494140625 880.6161499023438
654.10302734375 691.3278198242188 549.9140014648438 529.8295288085938
1514.5584716796875 875.6160888671875 1337.369384765625 836.38916015625
609.7970581054688 900.5762939453125 480.3941955566406 788.0240478515625
694.2667236328125 1019.5473022460938 547.7590942382812 932.8120727539062
1091.7828369140625 693.5507202148438 991.8259887695312 579.0585327148438
1352.8250732421875 707.215087890625 1241.4351806640625 621.4512939453125
392.7236328125 916.6522216796875 266.6921081542969 786.4751586914062
1308.105224609375 679.041015625 1207.0850830078125 580.7882690429688
1496.70556640625 861.7508544921875 1327.111328125 819.4304809570312
1137.3780517578125 746.5900268554688 1020.809326171875 651.13037109375
1330.111083984375 739.0198364257812 1207.210693359375 660.6533203125
1091.7828369140625 693.5507202148438 991.8259887695312 579.0585327148438
1421.3182373046875 888.677490234375 1247.806640625 846.2471923828125
1194.7955322265625 886.6483764648438 1042.0804443359375 824.6061401367188
1141.431396484375 755.6159057617188 1022.2592163085938 662.8064575195312
659.7416381835938 734.0524291992188 549.3361206054688 586.6050415039062
768.3380126953125 759.5316162109375 655.050048828125 631.5366821289062
1134.8795166015625 632.224853515625 1050.7425537109375 503.0835266113281
959.0924682617188 882.5841064453125 820.3134155273438 799.512939453125
1074.087158203125 624.346435546875 992.0628662109375 486.0375061035156
1322.0499267578125 828.0955810546875 1175.465087890625 765.0130004882812
1037.227294921875 623.7200317382812 955.1092529296875 481.5997314453125
1368.52587890625 759.3682861328125 1240.5509033203125 688.4293823242188
1119.1317138671875 636.0389404296875 1032.2364501953125 507.5714111328125
1352.3770751953125 971.3915405273438 1163.34619140625 930.4539794921875
609.7970581054688 900.5762939453125 480.3941955566406 788.0240478515625
547.056396484375 848.66552734375 426.189697265625 718.4144287109375
1056.9283447265625 848.6285400390625 918.7754516601562 767.231689453125
457.99365234375 1008.4434204101562 325.5875549316406 898.5821533203125
1391.71337890625 738.4646606445312 1266.9393310546875 663.4662475585938
584.5233764648438 819.95654296875 463.37335205078125 687.4071655273438
693.9768676757812 890.500244140625 564.5068359375 784.8911743164062
1122.07275390625 650.4183349609375 1032.321533203125 526.6510620117188
743.1939086914062 766.141357421875 629.7156372070312 636.7940063476562
1206.9853515625 727.5814208984375 1094.985107421875 633.3098754882812
953.1834106445312 861.6782836914062 817.6187133789062 776.1565551757812
935.9537963867188 882.9488525390625 797.5540161132812 797.5592041015625
971.8483276367188 888.1103515625 831.9365234375 806.4677124023438
1064.1123046875 832.7084350585938 930.7528686523438 749.800048828125
406.0526428222656 905.6278076171875 280.9838562011719 773.380859375
1015.1608276367188 1031.1119384765625 844.2772216796875 971.7730102539062
1016.0101928710938 987.3004760742188 853.5966186523438 924.287841796875
594.2427978515625 697.8050537109375 486.7002868652344 531.1358642578125
1350.7958984375 823.9146728515625 1204.3367919921875 761.424072265625
1253.79296875 662.97265625 1159.2120361328125 555.4910888671875
1074.3177490234375 786.868408203125 953.8134765625 697.1536254882812
1245.3709716796875 697.0817260742188 1139.400634765625 599.5971069335938
1051.914306640625 803.8267211914062 925.7501220703125 713.8768920898438
1240.6456298828125 674.6646118164062 1141.77099609375 569.7274169921875
547.056396484375 848.66552734375 426.189697265625 718.4144287109375
1040.4073486328125 982.0511474609375 875.6905517578125 919.0824584960938
803.8262939453125 807.151123046875 682.5643310546875 694.7276000976562
722.822265625 656.9783325195312 625.1513061523438 491.08148193359375
1215.201904296875 747.5916137695312 1098.03173828125 658.094970703125
768.366943359375 698.755615234375 665.658447265625 552.5438232421875
1149.71337890625 903.4046020507812 995.1363525390625 839.5928955078125
1352.8250732421875 707.215087890625 1241.4351806640625 621.4512939453125
404.5820007324219 927.0950927734375 276.3987121582031 799.6934814453125
795.9061889648438 817.9251098632812 673.297119140625 707.0066528320312
751.6028442382812 692.1383666992188 650.1041870117188 542.1055297851562
1458.093505859375 1026.8328857421875 1240.16064453125 998.3170776367188
1341.7891845703125 1013.2478637695312 1142.633056640625 976.59765625
603.8939208984375 698.286376953125 496.4037780761719 533.1932983398438
1516.378662109375 769.1914672851562 1373.9783935546875 715.4053344726562
1055.2762451171875 684.2869873046875 957.5187377929688 564.75048828125
1535.3856201171875 907.2033081054688 1346.7152099609375 874.671142578125
1041.401123046875 1048.44873046875 863.3377075195312 991.5436401367188
1439.2506103515625 1009.1559448242188 1229.4296875 979.88525390625
1311.4423828125 821.7722778320312 1164.4002685546875 757.6233520507812
1228.9696044921875 671.0503540039062 1132.257568359375 564.281494140625
1182.100341796875 920.6932983398438 1020.0288696289062 861.2115478515625
1404.6661376953125 759.0848999023438 1272.078857421875 689.4479370117188
528.4024047851562 828.2706909179688 407.8146667480469 691.6266479492188
1124.43359375 645.6009521484375 1035.7935791015625 520.4864501953125
806.3807983398438 823.5602416992188 682.3427734375 714.2597045898438
1397.0419921875 984.4443969726562 1199.7891845703125 945.6806640625
623.0536499023438 690.419921875 517.69140625 524.7614135742188
623.321533203125 686.2467651367188 518.0983276367188 519.0656127929688
1124.902587890625 961.3770751953125 957.9008178710938 901.8966674804688
1039.6739501953125 964.906982421875 879.0606079101562 900.0764770507812
1347.098388671875 808.3821411132812 1203.7960205078125 744.7615966796875
1037.227294921875 623.7200317382812 955.1092529296875 481.5997314453125
1330.111083984375 739.0198364257812 1207.210693359375 660.6533203125
1106.6474609375 859.393798828125 966.8579711914062 783.410400390625
715.0015258789062 779.8204345703125 598.8679809570312 650.899169921875
1558.24755859375 789.4175415039062 1407.7347412109375 740.397705078125
708.7091674804688 660.4998779296875 612.201904296875 495.18719482421875
1577.26318359375 821.8627319335938 1414.2420654296875 781.4850463867188
1409.77294921875 1005.9099731445312 1204.852294921875 971.9202880859375
1080.8441162109375 693.7110595703125 980.4376220703125 579.0774536132812
1327.8929443359375 808.0905151367188 1185.41748046875 743.549072265625
636.1885375976562 741.52001953125 524.2860717773438 593.5347290039062
1035.69482421875 628.872802734375 950.277587890625 488.3099365234375
1056.9283447265625 848.6285400390625 918.7754516601562 767.231689453125
1305.24609375 811.1671752929688 1162.462890625 743.6961059570312
1146.9300537109375 640.3893432617188 1058.6849365234375 515.6239013671875
1418.8529052734375 760.4730834960938 1288.3514404296875 691.1837768554688
1055.500732421875 619.1939697265625 973.309326171875 477.679931640625
1155.2265625 754.2033081054688 1038.2049560546875 663.27783203125
1045.6185302734375 609.6558837890625 965.2443237304688 463.9964294433594
1458.093505859375 1026.8328857421875 1240.16064453125 998.3170776367188
1267.7203369140625 685.7821655273438 1165.4481201171875 586.642333984375
1158.6685791015625 709.4700927734375 1053.7281494140625 606.41943359375
1391.71337890625 738.4646606445312 1266.9393310546875 663.4662475585938
1065.1373291015625 694.8880004882812 963.1317138671875 578.3748779296875
1314.7752685546875 845.8134765625 1158.6470947265625 783.9462280273438
819.6928100585938 833.2266845703125 695.4271850585938 728.8939208984375
627.4420166015625 693.2166748046875 522.3978271484375 528.7250366210938
770.5977783203125 691.5050048828125 669.4268798828125 543.6062622070312
891.3787231445312 916.9656372070312 749.4960327148438 833.4509887695312
949.5103149414062 903.524658203125 807.154541015625 822.8145141601562
1171.56298828125 647.9891357421875 1081.3427734375 528.0514526367188
1015.1608276367188 1031.1119384765625 844.2772216796875 971.7730102539062
1266.27197265625 697.5093994140625 1159.662109375 601.0979614257812
669.2385864257812 741.1027221679688 557.927001953125 596.9234619140625
728.2775268554688 970.4437866210938 586.1656494140625 880.6161499023438
1055.2762451171875 684.2869873046875 957.5187377929688 564.75048828125
411.78948974609375 1054.0736083984375 278.318115234375 945.9158935546875
834.1952514648438 829.0661010742188 709.000244140625 723.9791259765625
1595.404541015625 824.2559814453125 1430.2672119140625 784.7390747070312
941.2587280273438 869.6058349609375 807.6510620117188 784.2913818359375
1183.69677734375 736.6865234375 1068.7724609375 643.6564331054688
594.9288940429688 693.2462768554688 488.2741394042969 525.0275268554688
1358.0435791015625 730.9854736328125 1240.44189453125 650.996337890625
1030.505859375 812.94970703125 903.70703125 723.7573852539062
1546.1220703125 777.4468994140625 1400.3680419921875 724.3372802734375
822.9354248046875 822.529541015625 700.4717407226562 715.9031372070312
1043.665283203125 623.129638671875 961.8028564453125 480.8974609375
1052.669921875 627.3912353515625 967.3930053710938 488.6497802734375
1226.24462890625 917.4937744140625 1062.4879150390625 861.687255859375
672.8984985351562 723.7283325195312 563.9312133789062 574.3262329101562
1183.0567626953125 747.9014282226562 1063.99755859375 656.3282470703125
583.3295288085938 706.765380859375 474.8334045410156 541.8238525390625
1589.332275390625 807.207275390625 1429.0208740234375 763.4440307617188
1546.1220703125 777.4468994140625 1400.3680419921875 724.3372802734375
1052.73388671875 899.7973022460938 905.4138793945312 824.8396606445312
1528.1790771484375 780.0938720703125 1381.705078125 726.2305908203125
1346.7877197265625 741.022705078125 1224.4617919921875 662.782470703125
1176.8848876953125 883.87841796875 1023.6583862304688 821.3356323242188
1201.2335205078125 903.140869140625 1041.5926513671875 842.1204223632812
941.2587280273438 869.6058349609375 807.6510620117188 784.2913818359375
