26.229753494262695
42.04759216308594
43.30126953125
51.50728225708008
53.11308670043945
56.61272048950195
61.8385009765625
62.585941314697266
62.64982223510742
63.458648681640625
66.41535949707031
66.5056381225586
67.29041290283203
68.70953369140625
69.63475799560547
69.72087097167969
70.33491516113281
71.40727996826172
72.58098602294922
73.04108428955078
73.15736389160156
74.2765121459961
74.8064193725586
74.95331573486328
76.90253448486328
77.40155029296875
77.64663696289062
77.98076629638672
79.24645233154297
79.36624145507812
79.59271240234375
79.65550994873047
79.84359741210938
80.19975280761719
80.22468566894531
80.48602294921875
80.80223083496094
83.85701751708984
83.9404525756836
85.24083709716797
85.53946685791016
85.8836441040039
85.9476547241211
85.95347595214844
86.22644805908203
86.24964141845703
86.63717651367188
86.8216552734375
87.06319427490234
87.132080078125
87.42996978759766
87.63561248779297
87.86922454833984
87.88629150390625
88.00568389892578
88.0227279663086
88.28929901123047
88.37420654296875
89.66604614257812
89.9888916015625
90.37699127197266
90.62008666992188
91.2743148803711
91.4166259765625
92.2442398071289
92.49864959716797
92.6876449584961
92.92469787597656
93.3327407836914
93.3327407836914
93.95743560791016
94.07975006103516
94.16474914550781
94.33981323242188
94.5304183959961
94.72064208984375
94.87360382080078
95.12097930908203
95.86448669433594
95.87491607666016
95.8957748413086
96.15092468261719
97.20596313476562
97.33447265625
97.59610748291016
98.40223693847656
98.5393295288086
98.63569641113281
99.03534698486328
99.12618255615234
99.22196960449219
99.31767272949219
100.00499725341797
100.12991333007812
100.18482971191406
100.90093994140625
101.23240661621094
101.4839859008789
101.92153930664062
102.13716125488281
102.18610382080078
102.37187194824219
102.66450500488281
102.72293090820312
102.87857055664062
102.93201446533203
103.22306060791016
103.3295669555664
103.74005889892578
104.10091400146484
104.18733215332031
104.23051452636719
104.4700927734375
104.85227966308594
105.57461547851562
106.01886749267578
106.07073211669922
106.1602554321289
106.1602554321289
106.34848022460938
106.61144256591797
106.6348876953125
106.65364837646484
106.95793914794922
107.06539916992188
107.20541381835938
107.35455322265625
107.55463409423828
108.0555419921875
108.07867431640625
108.49884796142578
108.65081787109375
108.7474136352539
108.78418731689453
108.80257415771484
109.61751556396484
109.76793670654297
109.77249145507812
109.96817779541016
110.19982147216797
110.40833282470703
110.92339324951172
111.0495376586914
111.1395492553711
111.1395492553711
111.83023071289062
112.03124237060547
112.10263061523438
112.1115493774414
112.57886505126953
112.84945678710938
113.80245971679688
114.02631378173828
114.16216278076172
114.54693603515625
114.59494018554688
114.68216705322266
114.84772491455078
115.19114685058594
115.8965072631836
116.24112701416016
116.41735076904297
116.67904663085938
117.64778137207031
117.77520751953125
117.91522216796875
117.9364242553711
118.03813171386719
118.23281860351562
118.3934097290039
119.15535736083984
119.18892669677734
119.42780303955078
119.44454956054688
119.79148864746094
119.88744354248047
120.52800750732422
120.56118774414062
120.63996124267578
120.89665222167969
121.15279388427734
121.30952453613281
121.31364440917969
121.37133026123047
121.38780975341797
121.4454574584961
121.59358215332031
121.71688842773438
121.97541046142578
122.3233413696289
122.59281921386719
122.84136199951172
122.91867065429688
122.96340942382812
123.3328857421875
123.8062973022461
124.56324005126953
124.72369384765625
124.7557601928711
125.18386840820312
125.24375915527344
125.67020416259766
125.9245834350586
126.00396728515625
126.41597747802734
126.71621704101562
127.06690979003906
127.08264923095703
127.21635437011719
127.82801055908203
127.89057922363281
128.1054229736328
128.48345947265625
128.6934356689453
128.74781799316406
128.86038208007812
129.20140075683594
129.40634155273438
129.78057861328125
129.7998504638672
130.3955535888672
130.610107421875
130.63307189941406
130.7478485107422
130.81285095214844
130.88162231445312
131.21737670898438
131.2707061767578
131.3430633544922
131.66244506835938
131.67764282226562
131.76873779296875
132.11358642578125
132.30645751953125
132.8946990966797
132.92103576660156
133.76846313476562
134.01119995117188
134.12307739257812
134.14544677734375
134.5994110107422
134.6699676513672
134.71080017089844
135.20724487304688
135.5507354736328
135.81973266601562
136.67845153808594
136.69674682617188
136.74063110351562
137.13131713867188
137.1896514892578
137.43362426757812
137.54635620117188
137.575439453125
138.4088134765625
138.7840118408203
139.05393981933594
139.2012939453125
139.42381286621094
139.42739868164062
139.58868408203125
139.69610595703125
139.82489013671875
140.3246307373047
140.3638153076172
140.75511169433594
141.32232666015625
141.38246154785156
141.47438049316406
141.9542236328125
142.36923217773438
142.3903045654297
142.50613403320312
142.79356384277344
142.95803833007812
142.98251342773438
143.4956512451172
144.04513549804688
144.10760498046875
144.3156280517578
144.32948303222656
144.7515106201172
144.972412109375
145.04136657714844
145.41664123535156
145.54380798339844
145.66400146484375
145.70175170898438
145.76007080078125
146.0684814453125
146.21900939941406
146.48548889160156
146.85707092285156
147.35670471191406
147.72610473632812
147.93917846679688
148.53955078125
150.30967712402344
150.46261596679688
151.0
152.23666381835938
152.2793426513672
152.45982360839844
152.54835510253906
152.56802368164062
152.86595153808594
152.91500854492188
153.45358276367188
153.48941040039062
153.60337829589844
154.00650024414062
154.11683654785156
154.1817169189453
155.9102325439453
156.03204345703125
157.28953552246094
157.58172607421875
157.7307891845703
158.22769165039062
158.707275390625
159.1697235107422
159.19485473632812
159.3267059326172
159.4490509033203
159.718505859375
159.96249389648438
160.14369201660156
160.2498016357422
160.73269653320312
160.9627227783203
161.47755432128906
161.81161499023438
161.9104766845703
162.0216064453125
164.63291931152344
164.8726806640625
165.67135620117188
166.77828979492188
167.06884765625
167.92855834960938
168.47552490234375
171.0204620361328
171.78765869140625
171.88076782226562
172.90460205078125
173.2079620361328
173.68362426757812
174.8199005126953
176.11643981933594
176.81912231445312
177.5556182861328
178.12355041503906
179.1200714111328
180.04165649414062
181.3808135986328
182.2059326171875
183.131103515625
183.1338348388672
183.88583374023438
185.72830200195312
185.7363739013672
187.36862182617188
187.9361572265625
188.09571838378906
188.2684326171875
189.8130645751953
190.7432861328125
191.1988525390625
192.94039916992188
193.35977172851562
193.7369384765625
194.64840698242188
195.43284606933594
195.77027893066406
195.93365478515625
196.1045684814453
196.4001007080078
196.55787658691406
196.89590454101562
199.75485229492188
200.2698211669922
202.3462371826172
202.51666259765625
203.15757751464844
204.84384155273438
205.6210174560547
205.73770141601562
212.36996459960938
213.71241760253906
213.97430419921875
216.0902557373047
220.65357971191406
235.773193359375
236.77626037597656
237.84869384765625
249.845947265625
