54.635154724121094
64.95382690429688
66.91038513183594
74.44461059570312
75.63068389892578
94.75231170654297
97.07213592529297
97.22139739990234
99.86490631103516
101.18794250488281
102.72779846191406
103.81714630126953
103.98076629638672
104.45094299316406
104.89041900634766
106.87843322753906
108.07405090332031
108.80716705322266
109.99545288085938
111.14855194091797
113.19893646240234
115.45128631591797
116.88883972167969
117.16654968261719
118.53269958496094
118.6676025390625
120.04165649414062
120.53215026855469
123.21525573730469
123.34098815917969
123.58802795410156
123.68103790283203
124.10076904296875
124.49899291992188
124.85591888427734
125.24775695800781
125.54680633544922
125.80142974853516
126.42784881591797
130.904541015625
131.79908752441406
132.6197509765625
134.49163818359375
135.0037078857422
136.0808563232422
138.18466186523438
138.24253845214844
139.57435607910156
140.7373504638672
141.65451049804688
141.8379364013672
142.35519409179688
144.38836669921875
145.6331024169922
145.98629760742188
146.181396484375
146.6594696044922
147.03741455078125
148.46548461914062
149.07716369628906
150.08331298828125
150.55563354492188
150.6320037841797
151.02980041503906
151.08937072753906
151.52886962890625
151.578369140625
152.29248046875
152.89866638183594
152.941162109375
153.02940368652344
153.37210083007812
153.69125366210938
154.14279174804688
154.76756286621094
155.21597290039062
155.31259155273438
155.43809509277344
158.06011962890625
158.12969970703125
158.25927734375
158.63795471191406
158.9654083251953
159.63082885742188
160.11245727539062
160.25604248046875
160.28724670410156
160.72647094726562
160.81044006347656
165.40858459472656
167.5022430419922
167.86900329589844
168.1576690673828
168.22900390625
168.41317749023438
168.68905639648438
168.7809295654297
168.82534790039062
170.93565368652344
171.67120361328125
171.98545837402344
172.3281707763672
172.76573181152344
173.51657104492188
174.41329956054688
174.43336486816406
175.72137451171875
176.8389129638672
176.9350128173828
178.03370666503906
178.15162658691406
178.50210571289062
179.37669372558594
179.70809936523438
180.23040771484375
181.25396728515625
182.15103149414062
184.57789611816406
186.7966766357422
187.7738037109375
188.5762481689453
191.3034210205078
192.36683654785156
192.70703125
192.75372314453125
193.3907928466797
193.9561767578125
194.72030639648438
195.0999755859375
195.48146057128906
197.82568359375
198.49685668945312
198.52203369140625
198.9899444580078
199.00753784179688
200.90545654296875
201.36285400390625
202.669677734375
203.02955627441406
203.2609100341797
203.72775268554688
204.06126403808594
204.2008819580078
204.33795166015625
204.50672912597656
206.0606689453125
206.22560119628906
206.261962890625
207.7257843017578
207.8917999267578
208.66000366210938
211.38827514648438
214.03036499023438
214.4364776611328
216.5733184814453
218.5520477294922
223.49049377441406
224.58628845214844
225.21322631835938
226.5303497314453
228.9279327392578
229.5125274658203
231.0346221923828
255.34878540039062
256.6028137207031
