101.83810424804688
102.89801025390625
126.87395477294922
138.65785217285156
139.47042846679688
145.8663787841797
164.71490478515625
168.38348388671875
170.6487579345703
172.58331298828125
174.6510772705078
174.8113250732422
177.21737670898438
178.6616973876953
179.26795959472656
180.51593017578125
181.78009033203125
184.14125061035156
188.4913787841797
188.6504669189453
192.70703125
194.0309295654297
194.63555908203125
199.66221618652344
200.17242431640625
204.81698608398438
207.4439697265625
209.15066528320312
210.61813354492188
213.43617248535156
216.82711791992188
218.7327117919922
219.52903747558594
219.56092834472656
220.69888305664062
223.37860107421875
227.08148193359375
227.62249755859375
228.97816467285156
229.83689880371094
232.7938995361328
235.044677734375
238.00210571289062
245.83328247070312
