33.03028869628906
58.76223373413086
71.77046966552734
71.80529022216797
80.1872787475586
85.37564086914062
85.65628814697266
87.77812957763672
90.87353515625
93.60555267333984
93.61089324951172
93.97340393066406
95.37295532226562
97.32933807373047
97.73944854736328
98.3361587524414
98.67623901367188
100.37928009033203
106.42838287353516
107.0140151977539
109.0962905883789
112.9822998046875
113.4900894165039
114.7911148071289
116.56757354736328
117.38824462890625
120.6938247680664
122.3233413696289
122.35604095458984
124.04434967041016
125.22779083251953
125.2796859741211
127.11805725097656
127.21241760253906
128.4172821044922
128.53793334960938
129.51834106445312
129.9153594970703
130.29965209960938
131.07249450683594
131.5294647216797
131.9052734375
132.42356872558594
133.8133087158203
134.07833862304688
138.30763244628906
138.9388427734375
139.2300262451172
143.92706298828125
146.29080200195312
148.4722137451172
151.09268188476562
153.7498016357422
155.6149139404297
161.51780700683594
162.80355834960938
167.8451690673828
171.7905731201172
172.2614288330078
174.71405029296875
175.2854766845703
179.78875732421875
182.42259216308594
186.14511108398438
186.5743865966797
190.50196838378906
193.28475952148438
196.47137451171875
196.89590454101562
199.19085693359375
203.42074584960938
208.73667907714844
210.52552795410156
235.51856994628906
236.61782836914062
