50.793701171875
51.7397346496582
56.09812927246094
62.74551773071289
63.9921875
64.83055114746094
65.96968841552734
66.128662109375
68.89847564697266
69.48381042480469
70.46275329589844
70.80960083007812
71.0
71.812255859375
72.2080307006836
72.42927551269531
72.69112396240234
72.74613189697266
73.55950164794922
74.26304626464844
75.41220092773438
76.95452880859375
78.85429382324219
80.1061782836914
80.52949523925781
80.96295166015625
81.4616470336914
81.93289947509766
82.77680969238281
83.52245330810547
83.68990325927734
83.74365997314453
84.40971374511719
84.54584503173828
85.33463287353516
85.55115509033203
86.01744079589844
86.04068756103516
86.48120880126953
86.4985580444336
86.55634307861328
87.1722412109375
87.69264221191406
87.8179931640625
87.99431610107422
88.87068939208984
88.98876190185547
89.21322631835938
90.80748748779297
91.02197265625
91.0274658203125
91.16468811035156
91.47677612304688
91.52595520019531
91.6187744140625
92.06519317626953
92.9031753540039
93.04837799072266
93.16651916503906
93.89888000488281
94.0265884399414
94.14881896972656
94.38749694824219
94.60972595214844
95.31002044677734
95.4515609741211
95.9478988647461
96.10931396484375
97.38583374023438
99.2471694946289
99.38813018798828
99.69453430175781
100.15987396240234
100.29955291748047
100.31450653076172
100.33444213867188
100.99009704589844
101.25215911865234
101.46920776367188
101.7398681640625
101.88228607177734
102.2252426147461
102.37675476074219
102.4743881225586
102.71319580078125
102.91744232177734
103.00970458984375
103.05823516845703
103.20368194580078
103.42147064208984
104.36474609375
105.13800811767578
105.19506072998047
105.22357177734375
105.28532409667969
105.61723327636719
106.12257385253906
106.9205322265625
106.99065399169922
107.0887451171875
107.3452377319336
107.37318420410156
107.55463409423828
108.12955474853516
108.13880157470703
108.6462173461914
108.8760757446289
109.29318237304688
109.64488220214844
109.80892181396484
109.89995574951172
110.00454711914062
110.01818084716797
110.82869720458984
111.24747467041016
111.26544952392578
111.31037902832031
111.80339813232422
112.33877563476562
112.56109619140625
112.78297424316406
112.97787475585938
113.1194076538086
113.79806518554688
113.93418884277344
114.13150024414062
114.5556640625
114.69088745117188
115.53787231445312
115.73677062988281
115.88356018066406
116.55899810791016
116.79041290283203
116.81181335449219
116.95726013183594
117.08544158935547
117.37120819091797
117.443603515625
117.45211791992188
117.66477966308594
117.86856842041016
117.9576187133789
118.71394348144531
119.09659576416016
119.17633819580078
119.84573364257812
120.12493133544922
120.47821044921875
120.50726318359375
120.87596893310547
121.04544830322266
121.46192932128906
121.56068420410156
121.71277618408203
121.9590072631836
121.98770141601562
122.1310806274414
122.49897766113281
122.53978729248047
122.5479507446289
122.9471435546875
123.9798355102539
124.20950317382812
124.38247680664062
124.41864776611328
124.84790802001953
125.2038345336914
125.4272689819336
125.72986602783203
126.249755859375
127.25957489013672
127.73018646240234
127.84756469726562
127.96874237060547
128.07809448242188
128.26535034179688
128.4873504638672
128.7982940673828
128.8177032470703
129.33677673339844
129.95384216308594
130.06536865234375
130.25360107421875
130.4837188720703
131.00381469726562
131.0953826904297
131.33163452148438
131.7231903076172
132.12493896484375
132.15899658203125
132.264892578125
133.05638122558594
133.105224609375
133.3229217529297
133.9178924560547
134.63282775878906
134.89996337890625
135.13327026367188
135.34400939941406
135.61341857910156
135.62078857421875
135.66502380371094
135.8123779296875
135.8271026611328
135.8271026611328
136.09922790527344
136.10658264160156
136.11024475097656
137.30987548828125
137.71710205078125
137.80783081054688
137.9963836669922
138.1376190185547
138.19912719726562
138.65785217285156
138.91004943847656
139.23361206054688
139.41664123535156
139.52777099609375
139.73904418945312
140.00714111328125
140.23194885253906
140.32106018066406
140.5382537841797
140.5809326171875
140.73023986816406
141.67921447753906
141.71803283691406
141.97535705566406
142.22166442871094
142.3411407470703
142.50613403320312
143.3038787841797
143.88189697265625
144.23245239257812
144.5302734375
144.5337371826172
144.57870483398438
145.25494384765625
145.32720947265625
145.46133422851562
145.6605682373047
145.83895874023438
146.11297607421875
146.1266632080078
146.36256408691406
146.57421875
146.8604736328125
147.05101013183594
147.78700256347656
148.12832641601562
148.1721954345703
148.60350036621094
148.60350036621094
148.76828002929688
148.98992919921875
149.24476623535156
149.35862731933594
149.43560791015625
150.02333068847656
150.06997680664062
150.3163299560547
150.73486328125
150.96026611328125
151.23822021484375
151.26136779785156
151.2745819091797
151.57505798339844
151.85848999023438
152.226806640625
152.4729461669922
152.56802368164062
153.2644805908203
153.3786163330078
153.417724609375
153.44705200195312
154.25628662109375
154.3210906982422
154.3567352294922
154.7707977294922
154.7707977294922
155.2836151123047
155.3801727294922
155.58277893066406
155.65988159179688
155.7176971435547
156.05126953125
157.23231506347656
157.44522094726562
157.71493530273438
158.31298828125
158.4771270751953
158.48028564453125
158.68836975097656
159.14144897460938
159.5305633544922
159.89996337890625
160.1593017578125
160.18115234375
160.33714294433594
160.35585021972656
160.56150817871094
160.60198974609375
160.92855834960938
161.0310516357422
161.2606658935547
161.3319549560547
161.45587158203125
161.73744201660156
162.09255981445312
162.85269165039062
163.59706115722656
163.9451141357422
163.9481658935547
164.2041473388672
164.33807373046875
164.42626953125
164.49923706054688
165.1211700439453
165.1907958984375
165.25132751464844
166.5472869873047
166.56829833984375
166.69732666015625
166.8172607421875
167.1705780029297
167.9255828857422
168.75721740722656
169.103515625
169.3487548828125
169.48451232910156
169.8675994873047
170.6927032470703
170.7307891845703
170.90933227539062
171.09353637695312
171.3826141357422
171.78184509277344
171.8516845703125
171.91567993164062
173.5194549560547
174.086181640625
174.65394592285156
174.70545959472656
175.67015075683594
175.7384490966797
175.83514404296875
177.2061004638672
177.5049285888672
177.76107788085938
178.07862854003906
178.2470245361328
178.7036590576172
178.93016052246094
179.82769775390625
180.32192993164062
180.40232849121094
180.7456817626953
182.00823974609375
182.75119018554688
182.81137084960938
183.30029296875
184.04075622558594
184.53726196289062
185.67982482910156
185.98387145996094
186.28741455078125
187.14166259765625
187.1656951904297
187.4619903564453
188.36666870117188
189.21945190429688
190.27874755859375
192.0234375
192.72259521484375
192.91189575195312
194.43251037597656
194.84095764160156
195.23831176757812
196.00509643554688
197.43099975585938
197.5322723388672
197.61578369140625
198.27001953125
198.385986328125
198.59254455566406
200.13494873046875
200.2698211669922
200.9303436279297
201.8489532470703
202.3264617919922
202.9507293701172
203.0615692138672
203.70567321777344
204.66558837890625
204.82675170898438
205.4507293701172
205.6210174560547
207.7979736328125
211.92922973632812
215.08602905273438
215.14646911621094
215.22314453125
219.87269592285156
220.74420166015625
224.73985290527344
226.45529174804688
228.65695190429688
231.6117401123047
232.8604736328125
235.02340698242188
236.19906616210938
237.7014923095703
241.00830078125
245.0408172607422
250.309814453125
263.56591796875
268.42877197265625
