1084.6864013671875 794.6751708984375 1056.410888671875 956.9407958984375
1155.2392578125 719.322509765625 1169.9329833984375 890.0767211914062
1210.193603515625 741.1993408203125 1224.8836669921875 935.3514404296875
1170.0137939453125 816.3638916015625 1145.0048828125 1012.4768676757812
1084.6864013671875 794.6751708984375 1056.410888671875 956.9407958984375
486.8072509765625 529.869140625 598.8716430664062 527.649658203125
478.1009216308594 533.1958618164062 590.1204223632812 528.8197631835938
1210.193603515625 741.1993408203125 1224.8836669921875 935.3514404296875
478.1009216308594 533.1958618164062 590.1204223632812 528.8197631835938
1085.8680419921875 873.9398803710938 1022.7205200195312 1053.8004150390625
1156.7362060546875 600.206787109375 1223.9219970703125 748.1212768554688
1044.6962890625 453.3200988769531 1159.546875 550.2372436523438
1201.8663330078125 707.7184448242188 1229.5015869140625 891.7680053710938
1180.4166259765625 695.1664428710938 1209.569580078125 868.8876953125
1037.68798828125 541.285888671875 1114.277587890625 648.698974609375
1074.897216796875 799.4979248046875 1043.2845458984375 960.3719482421875
1196.939208984375 726.6572875976562 1215.8907470703125 911.9542236328125
1156.0928955078125 610.8341674804688 1218.4085693359375 760.5889282226562
1209.82568359375 817.7889404296875 1190.1807861328125 1029.1134033203125
1011.8385620117188 719.28173828125 1009.8401489257812 846.1649780273438
1156.7362060546875 600.206787109375 1223.9219970703125 748.1212768554688
1231.0142822265625 748.8990478515625 1246.3544921875 952.5736694335938
1200.1527099609375 605.0479125976562 1273.3421630859375 766.2670288085938
1021.6200561523438 475.1016845703125 1125.25146484375 570.188232421875
1190.262939453125 632.4025268554688 1249.4112548828125 796.4057006835938
1036.9324951171875 726.1403198242188 1033.7181396484375 861.35009765625
1074.897216796875 799.4979248046875 1043.2845458984375 960.3719482421875
1183.446044921875 814.7396240234375 1160.244384765625 1015.767578125
1160.48095703125 729.0406494140625 1171.0703125 903.6926879882812
519.1116333007812 704.9903564453125 554.931640625 706.380126953125
1188.0931396484375 606.8873291015625 1257.6405029296875 764.6124267578125
1057.1451416015625 869.6614379882812 993.51611328125 1039.0179443359375
1196.939208984375 726.6572875976562 1215.8907470703125 911.9542236328125
1156.0928955078125 610.8341674804688 1218.4085693359375 760.5889282226562
1043.929443359375 845.0022583007812 990.0503540039062 1004.0043334960938
519.1116333007812 704.9903564453125 554.931640625 706.380126953125
409.3702087402344 616.3137817382812 501.30328369140625 598.5870361328125
1070.450439453125 616.4115600585938 1117.8197021484375 744.0580444335938
918.5596313476562 672.8828125 932.48388671875 767.5693969726562
1217.3563232421875 699.6349487304688 1251.916748046875 886.4573364257812
1167.2255859375 619.1217651367188 1228.686767578125 773.9804077148438
1200.1527099609375 605.0479125976562 1273.3421630859375 766.2670288085938
1196.1124267578125 808.8793334960938 1177.6141357421875 1012.4993286132812
1170.5430908203125 637.734619140625 1223.6717529296875 796.876708984375
1047.6571044921875 604.8939819335938 1097.7711181640625 723.618408203125
918.5596313476562 672.8828125 932.48388671875 767.5693969726562
1061.02783203125 589.7095336914062 1119.4490966796875 709.894287109375
543.84912109375 734.4884643554688 564.4381103515625 747.045654296875
1155.7073974609375 696.4358520507812 1180.7115478515625 862.7477416992188
1037.0526123046875 678.7461547851562 1054.467041015625 806.3106689453125
1059.0703125 717.0442504882812 1062.1278076171875 857.7295532226562
605.8843383789062 688.81689453125 634.4701538085938 708.3163452148438
1061.1668701171875 697.130126953125 1073.732421875 834.36962890625
1001.3844604492188 723.9440307617188 997.3262939453125 849.1124267578125
1073.7469482421875 835.8655395507812 1026.314208984375 1004.0999755859375
1107.3994140625 614.0039672851562 1160.90380859375 751.3740844726562
1006.3462524414062 712.247314453125 1006.9930419921875 836.833740234375
900.8410034179688 497.76861572265625 987.107666015625 569.7774658203125
1182.8680419921875 826.7886962890625 1154.5477294921875 1030.5606689453125
1031.5751953125 796.4419555664062 997.837646484375 942.2318115234375
1167.2255859375 619.1217651367188 1228.686767578125 773.9804077148438
1036.9324951171875 726.1403198242188 1033.7181396484375 861.35009765625
1170.3431396484375 601.6627807617188 1239.288818359375 753.2801513671875
1057.160888671875 726.6441040039062 1056.3526611328125 868.6587524414062
1045.02099609375 731.6085205078125 1040.6119384765625 871.1336669921875
1036.5953369140625 612.560546875 1082.7847900390625 730.2244873046875
1168.989990234375 738.2357177734375 1178.153564453125 917.9096069335938
1058.4420166015625 690.3712158203125 1073.0556640625 825.8069458007812
1073.1290283203125 700.1131591796875 1084.831298828125 842.0596313476562
1050.5830078125 676.6649780273438 1072.3682861328125 807.1913452148438
902.213623046875 456.5780334472656 1008.4669189453125 525.9653930664062
1037.68798828125 541.285888671875 1114.277587890625 648.698974609375
1155.2392578125 719.322509765625 1169.9329833984375 890.0767211914062
1225.251220703125 710.6008911132812 1255.93017578125 904.6158447265625
1170.5430908203125 637.734619140625 1223.6717529296875 796.876708984375
1224.1700439453125 811.90869140625 1209.39306640625 1026.100830078125
1041.4014892578125 524.3309936523438 1124.61669921875 630.0333251953125
1024.6522216796875 613.757568359375 1069.1077880859375 728.1456909179688
1022.6414184570312 619.6715698242188 1065.173095703125 734.23095703125
811.8176879882812 823.2621459960938 763.38818359375 908.0909423828125
1038.575439453125 590.9993896484375 1094.3682861328125 705.6776733398438
885.5570068359375 689.3194580078125 893.1074829101562 777.5547485351562
877.6522216796875 768.9246215820312 850.8820190429688 863.9031982421875
380.3849182128906 903.0626831054688 367.1661682128906 872.77197265625
520.5172119140625 678.9029541015625 568.773193359375 680.4318237304688
846.449462890625 792.3629150390625 810.0970458984375 881.6730346679688
1225.9573974609375 694.276611328125 1264.4036865234375 881.828369140625
1214.005615234375 707.278076171875 1245.40625 894.96484375
925.125 463.95526123046875 1028.1348876953125 538.2185668945312
856.528564453125 828.3099365234375 803.3235473632812 927.2506103515625
760.3986206054688 902.249755859375 683.9279174804688 977.4470825195312
902.806396484375 689.4246215820312 909.2638549804688 781.8274536132812
1148.1224365234375 635.0969848632812 1198.487548828125 787.128173828125
1133.8466796875 594.2589721679688 1200.2291259765625 733.4334106445312
1018.3152465820312 614.349365234375 1060.664306640625 726.8270263671875
1070.450439453125 616.4115600585938 1117.8197021484375 744.0580444335938
1170.3675537109375 730.9677124023438 1182.4324951171875 909.6143188476562
547.92822265625 720.9934692382812 572.6615600585938 729.0250244140625
1076.631591796875 682.2180786132812 1096.075439453125 821.5883178710938
594.4527587890625 708.8507080078125 616.6441650390625 726.1721801757812
928.1829833984375 602.404541015625 972.0474243164062 691.337158203125
990.6699829101562 814.9566650390625 947.4010620117188 949.4515380859375
1019.8839721679688 814.6355590820312 979.9425048828125 959.8684692382812
1019.5984497070312 539.2938232421875 1095.2161865234375 642.7215576171875
431.8328552246094 681.5037231445312 494.6507873535156 663.566162109375
1007.8128662109375 701.3436279296875 1014.07763671875 824.3478393554688
578.9119262695312 686.2730712890625 612.3697509765625 699.5757446289062
1146.2310791015625 617.2788696289062 1204.1690673828125 765.859130859375
999.9967041015625 692.1397094726562 1009.8778076171875 810.870849609375
913.7457275390625 566.371337890625 972.079833984375 647.8118896484375
925.125 463.95526123046875 1028.1348876953125 538.2185668945312
434.6141662597656 619.37890625 520.1297607421875 606.0006713867188
895.6309814453125 790.1190795898438 860.5704956054688 892.3193969726562
1033.77294921875 509.4706115722656 1124.1517333984375 611.1737670898438
1018.0115966796875 723.6853637695312 1014.3419189453125 853.5574951171875
1007.35205078125 460.5168151855469 1115.683349609375 551.1724853515625
916.9666137695312 438.3831481933594 1028.776611328125 508.4734802246094
899.25 830.0025634765625 844.72021484375 943.693359375
967.4583740234375 518.7777709960938 1049.0972900390625 607.1098022460938
1025.1787109375 465.15252685546875 1132.9580078125 559.5859375
1046.554931640625 703.6885986328125 1053.616943359375 839.2955932617188
1021.6200561523438 475.1016845703125 1125.25146484375 570.188232421875
1043.755859375 858.7314453125 984.3038940429688 1019.9957275390625
1212.60791015625 644.5784301757812 1270.2613525390625 818.4328002929688
1110.0595703125 658.91357421875 1144.8614501953125 804.122802734375
409.3702087402344 616.3137817382812 501.30328369140625 598.5870361328125
1058.2769775390625 859.5084228515625 999.623291015625 1025.4747314453125
887.3417358398438 696.7959594726562 892.037353515625 786.5498657226562
925.3693237304688 458.7552185058594 1030.32080078125 532.9480590820312
1146.0443115234375 709.9237060546875 1164.2349853515625 874.4241943359375
1033.445556640625 451.7624206542969 1148.2882080078125 546.4356689453125
1185.719482421875 642.89013671875 1240.42236328125 807.9605712890625
1214.005615234375 707.278076171875 1245.40625 894.96484375
393.69610595703125 681.9669799804688 462.63104248046875 657.8165893554688
1148.045654296875 744.9283447265625 1150.671142578125 919.6197509765625
1035.736328125 461.9508361816406 1146.5528564453125 558.1007080078125
993.699951171875 521.6837158203125 1076.032470703125 616.020751953125
922.579345703125 707.197509765625 921.103515625 807.9436645507812
621.2891235351562 918.919189453125 553.4072265625 954.3790893554688
1003.5827026367188 624.1704711914062 1042.0618896484375 735.515380859375
431.8328552246094 681.5037231445312 494.6507873535156 663.566162109375
393.69610595703125 681.9669799804688 462.63104248046875 657.8165893554688
1028.815185546875 528.541259765625 1109.911376953125 632.0831909179688
611.5255737304688 901.4069213867188 552.9058837890625 932.8912353515625
492.3633728027344 736.9729614257812 518.386474609375 736.3792724609375
1005.1777954101562 798.3038330078125 970.5162353515625 935.14111328125
925.3693237304688 458.7552185058594 1030.32080078125 532.9480590820312
903.7879638671875 599.0772094726562 949.47265625 682.1370239257812
1052.1256103515625 467.8763732910156 1161.7662353515625 568.5436401367188
1007.8128662109375 701.3436279296875 1014.07763671875 824.3478393554688
887.3417358398438 696.7959594726562 892.037353515625 786.5498657226562
1201.1158447265625 630.180419921875 1263.3206787109375 797.4563598632812
1081.952880859375 710.3204956054688 1089.684814453125 857.173095703125
350.271484375 698.5796508789062 421.9853820800781 666.5968627929688
1010.3410034179688 706.6633911132812 1014.8538208007812 831.0401611328125
1046.554931640625 703.6885986328125 1053.616943359375 839.2955932617188
1039.549072265625 518.0701293945312 1125.8817138671875 622.7282104492188
1012.9210205078125 469.3916320800781 1117.9228515625 561.9798583984375
895.6309814453125 790.1190795898438 860.5704956054688 892.3193969726562
1148.1224365234375 635.0969848632812 1198.487548828125 787.128173828125
913.7457275390625 566.371337890625 972.079833984375 647.8118896484375
909.905029296875 764.4140625 884.6087036132812 867.6429443359375
1024.6522216796875 613.757568359375 1069.1077880859375 728.1456909179688
447.3109436035156 615.115478515625 532.7511596679688 603.4026489257812
510.2927551269531 532.2079467773438 615.3121948242188 533.3402099609375
763.85595703125 932.3323974609375 673.9214477539062 1012.8770751953125
1033.341064453125 686.6902465820312 1047.4451904296875 814.8291015625
547.7446899414062 741.6876220703125 564.5381469726562 750.5908203125
1058.2769775390625 859.5084228515625 999.623291015625 1025.4747314453125
472.9608154296875 885.3106689453125 445.91156005859375 878.1577758789062
1025.1787109375 465.15252685546875 1132.9580078125 559.5859375
1038.68359375 813.8690795898438 996.9070434570312 964.9559936523438
283.72088623046875 884.6234741210938 302.19085693359375 830.3934326171875
925.4558715820312 683.8118896484375 934.2495727539062 781.4063110351562
909.905029296875 764.4140625 884.6087036132812 867.6429443359375
670.2933959960938 911.8411254882812 598.9848022460938 960.2323608398438
922.706298828125 437.06878662109375 1035.864990234375 507.5763244628906
771.2348022460938 920.417724609375 689.6661376953125 999.5828247070312
504.13433837890625 608.8550415039062 582.50537109375 606.2011108398438
1018.0115966796875 723.6853637695312 1014.3419189453125 853.5574951171875
760.3986206054688 902.249755859375 683.9279174804688 977.4470825195312
877.6522216796875 768.9246215820312 850.8820190429688 863.9031982421875
616.6124267578125 608.1873168945312 675.7587890625 628.930419921875
1221.3243408203125 726.8826293945312 1244.8563232421875 921.095947265625
604.2695922851562 886.6848754882812 553.6810913085938 915.1791381835938
424.1691589355469 611.549560546875 515.0778198242188 595.5067749023438
1014.3504638671875 803.4131469726562 977.09326171875 945.2908325195312
525.9873657226562 686.2081909179688 568.8829345703125 689.8980712890625
941.9743041992188 502.4521484375 1028.33447265625 583.0933227539062
919.8595581054688 455.78338623046875 1024.93408203125 527.8502197265625
547.7446899414062 741.6876220703125 564.5381469726562 750.5908203125
1026.147216796875 448.25567626953125 1140.9716796875 540.5157470703125
645.3887329101562 904.2640991210938 580.869873046875 946.1065063476562
908.2213745117188 500.92742919921875 994.06884765625 574.9269409179688
525.9873657226562 686.2081909179688 568.8829345703125 689.8980712890625
938.0352783203125 448.81787109375 1046.6905517578125 524.2927856445312
1015.346435546875 466.8282775878906 1121.3677978515625 559.2579956054688
1022.8148803710938 694.9099731445312 1031.22998046875 820.6223754882812
903.8917846679688 437.8973388671875 1016.0166625976562 505.4583740234375
895.3077392578125 595.6102905273438 941.3751220703125 676.3778076171875
580.4563598632812 714.8848266601562 602.6827392578125 729.5479736328125
1200.7882080078125 620.1202392578125 1267.50439453125 785.9764404296875
1180.5537109375 623.74560546875 1241.8818359375 783.2284545898438
1059.3167724609375 613.8306274414062 1106.535400390625 736.7506103515625
1238.4306640625 821.41015625 1222.671630859375 1044.2486572265625
937.0382080078125 592.601318359375 984.2791748046875 682.38134765625
420.6921081542969 611.7421264648438 512.3342895507812 597.7864990234375
420.6921081542969 611.7421264648438 512.3342895507812 597.7864990234375
1219.07666015625 735.02978515625 1238.9774169921875 931.2205200195312
882.8397827148438 597.9806518554688 928.2285766601562 675.8767700195312
1073.3121337890625 861.9066772460938 1014.8531494140625 1034.12353515625
350.271484375 698.5796508789062 421.9853820800781 666.5968627929688
908.9025268554688 604.6434326171875 952.8211059570312 689.7259521484375
1055.2803955078125 824.0852661132812 1012.03662109375 983.146484375
645.3887329101562 904.2640991210938 580.869873046875 946.1065063476562
899.7208862304688 585.37353515625 949.5935668945312 665.8624267578125
1178.451171875 614.0009155273438 1243.567626953125 771.77734375
660.2334594726562 753.2266235351562 655.4255981445312 790.4025268554688
566.7268676757812 712.158935546875 591.552734375 724.900634765625
801.7301025390625 908.9171752929688 718.228515625 995.43701171875
528.1273193359375 729.5918579101562 552.8484497070312 734.4453125
854.8848266601562 795.3564453125 817.2760620117188 887.481689453125
507.2318420410156 510.665283203125 621.6259765625 511.3658447265625
1188.6787109375 702.9572143554688 1216.568603515625 881.81982421875
520.5172119140625 678.9029541015625 568.773193359375 680.4318237304688
1057.94970703125 846.7415771484375 1004.8872680664062 1010.5067749023438
613.26123046875 934.1409912109375 540.640869140625 968.53466796875
554.9567260742188 731.6856079101562 572.8755493164062 743.04150390625
900.4467163085938 565.2205810546875 959.8080444335938 643.8264770507812
528.133544921875 531.8146362304688 630.958984375 535.4334716796875
604.5501708984375 606.43310546875 666.8516235351562 624.14111328125
1008.1019287109375 532.4844360351562 1087.121826171875 631.9739379882812
640.5750732421875 806.567626953125 615.80322265625 841.5052490234375
553.372802734375 520.2501831054688 657.5038452148438 528.008056640625
916.3776245117188 465.6431884765625 1017.5474243164062 538.6747436523438
417.6830139160156 720.921142578125 467.823486328125 700.0040893554688
1056.024658203125 604.31884765625 1107.825927734375 725.6419067382812
1223.99951171875 819.37255859375 1206.0941162109375 1037.3475341796875
650.8193969726562 775.2055053710938 638.1754760742188 811.4420166015625
582.9151611328125 875.4658203125 540.1634521484375 897.5418090820312
561.20068359375 909.5008544921875 507.6506042480469 927.876953125
943.4625244140625 566.0383911132812 1003.0816040039062 652.8970947265625
1029.01171875 608.2448120117188 1075.13818359375 722.3880004882812
1003.1951293945312 815.7457885742188 959.6211547851562 956.406494140625
405.7978515625 737.7586059570312 449.834716796875 715.5800170898438
534.5703735351562 522.4618530273438 640.4256591796875 528.8041381835938
1055.2803955078125 824.0852661132812 1012.03662109375 983.146484375
940.4848022460938 439.27752685546875 1053.361083984375 513.30126953125
725.2947998046875 816.1444091796875 686.282470703125 873.2905883789062
566.7696533203125 732.3759155273438 584.3426513671875 745.1538696289062
507.2318420410156 510.665283203125 621.6259765625 511.3658447265625
946.9151000976562 456.7751159667969 1052.4443359375 534.24267578125
1211.139404296875 830.4708251953125 1186.2113037109375 1045.251220703125
899.7208862304688 585.37353515625 949.5935668945312 665.8624267578125
694.3474731445312 805.6388549804688 663.7633666992188 854.0260620117188
416.229736328125 706.4605102539062 471.57421875 686.9772338867188
546.37109375 525.6602783203125 648.8151245117188 532.1668701171875
1022.8148803710938 694.9099731445312 1031.22998046875 820.6223754882812
882.3496704101562 652.2453002929688 904.9883422851562 735.2891845703125
415.1671447753906 692.501953125 475.27508544921875 674.3197021484375
383.7145690917969 686.697265625 452.75164794921875 660.0358276367188
1047.4398193359375 835.5499877929688 999.8346557617188 992.2217407226562
1059.0703125 717.0442504882812 1062.1278076171875 857.7295532226562
862.34130859375 784.3466796875 829.7662963867188 876.4176635742188
1006.9818115234375 579.9572143554688 1065.2586669921875 684.057861328125
568.3638305664062 608.7684936523438 634.8515014648438 620.9249877929688
1033.445556640625 451.7624206542969 1148.2882080078125 546.4356689453125
575.2724609375 721.5797119140625 593.2000122070312 737.0807495117188
1009.53271484375 605.575439453125 1057.3935546875 713.7146606445312
1176.3265380859375 619.237060546875 1240.8271484375 777.738525390625
721.6201171875 781.9420776367188 698.2576904296875 835.1588745117188
1059.94580078125 834.3910522460938 1012.3392333984375 996.8474731445312
899.3753051757812 681.7302856445312 909.750732421875 772.6314697265625
640.5750732421875 806.567626953125 615.80322265625 841.5052490234375
528.1273193359375 729.5918579101562 552.8484497070312 734.4453125
1041.396484375 479.5855407714844 1146.1385498046875 579.9635009765625
884.1881713867188 660.970703125 902.4891967773438 745.1708984375
909.7081909179688 661.6233520507812 928.7357788085938 752.30419921875
835.47802734375 819.5 788.7499389648438 908.6383056640625
1238.4306640625 821.41015625 1222.671630859375 1044.2486572265625
536.6211547851562 721.8192138671875 561.9718627929688 727.96044921875
902.3955078125 668.535888671875 917.3175659179688 756.6577758789062
1158.5032958984375 710.6812744140625 1176.881103515625 880.5772705078125
603.4992065429688 590.7451171875 671.1715087890625 608.124755859375
414.48486328125 667.9730834960938 486.00994873046875 647.9636840820312
582.9151611328125 875.4658203125 540.1634521484375 897.5418090820312
606.7659301757812 623.523193359375 661.2907104492188 642.886474609375
1068.4658203125 691.44384765625 1083.4263916015625 831.324462890625
271.9264221191406 853.5425415039062 305.3309631347656 799.4014892578125
400.6147766113281 726.5679321289062 451.3850402832031 703.4288940429688
383.3510437011719 733.7120971679688 434.4599914550781 707.8101806640625
1033.341064453125 686.6902465820312 1047.4451904296875 814.8291015625
488.0563049316406 620.2374267578125 563.8141479492188 615.359619140625
751.3961181640625 810.5493774414062 713.7862548828125 873.6127319335938
1182.8680419921875 826.7886962890625 1154.5477294921875 1030.5606689453125
1016.4144897460938 457.181396484375 1127.046142578125 548.7587280273438
1223.99951171875 819.37255859375 1206.0941162109375 1037.3475341796875
499.1531677246094 511.4574279785156 614.5151977539062 512.2427368164062
1197.0423583984375 828.071044921875 1170.5675048828125 1036.438720703125
1027.9620361328125 582.0950927734375 1086.023193359375 691.711669921875
885.9367065429688 509.860595703125 968.6983642578125 579.316650390625
902.0807495117188 680.6928100585938 911.6010131835938 772.3224487304688
221.16526794433594 835.478271484375 276.11163330078125 770.08544921875
1011.6485595703125 512.8849487304688 1097.528076171875 611.786865234375
536.6211547851562 721.8192138671875 561.9718627929688 727.96044921875
811.8176879882812 823.2621459960938 763.38818359375 908.0909423828125
1003.1951293945312 815.7457885742188 959.6211547851562 956.406494140625
899.3753051757812 681.7302856445312 909.750732421875 772.6314697265625
1008.1019287109375 532.4844360351562 1087.121826171875 631.9739379882812
629.952392578125 935.5830688476562 553.5556030273438 975.9005737304688
1197.0423583984375 828.071044921875 1170.5675048828125 1036.438720703125
416.229736328125 706.4605102539062 471.57421875 686.9772338867188
1021.4231567382812 510.97637939453125 1109.7100830078125 610.513916015625
747.20458984375 943.2279052734375 652.8231811523438 1020.1118774414062
606.1077880859375 615.6954345703125 663.8318481445312 633.6311645507812
921.9620361328125 453.5899963378906 1028.0184326171875 526.1408081054688
897.3348388671875 460.7846984863281 1000.700927734375 528.9808959960938
403.8584899902344 923.9592895507812 375.54400634765625 901.4304809570312
626.4912109375 631.7915649414062 673.6235961914062 656.4346923828125
615.8199462890625 758.6525268554688 613.18896484375 786.3152465820312
603.4992065429688 590.7451171875 671.1715087890625 608.124755859375
1016.4144897460938 457.181396484375 1127.046142578125 548.7587280273438
949.0753784179688 466.7489318847656 1050.455810546875 546.1251220703125
879.1134033203125 686.4310302734375 887.5006103515625 772.2141723632812
456.22412109375 934.400146484375 412.5295715332031 923.8604736328125
424.1691589355469 611.549560546875 515.0778198242188 595.5067749023438
890.1976928710938 682.794921875 899.542724609375 770.6993408203125
1037.0526123046875 678.7461547851562 1054.467041015625 806.3106689453125
567.9951782226562 962.9224243164062 491.625244140625 985.8587646484375
496.23193359375 602.902587890625 576.4802856445312 599.9884033203125
570.8858032226562 504.2681884765625 678.5543212890625 515.350830078125
472.9608154296875 885.3106689453125 445.91156005859375 878.1577758789062
1057.94970703125 846.7415771484375 1004.8872680664062 1010.5067749023438
1047.8729248046875 715.8157958984375 1050.03564453125 852.7808227539062
896.8029174804688 504.81793212890625 981.6233520507812 576.6131591796875
1056.79345703125 478.46319580078125 1160.7147216796875 581.8845825195312
618.46142578125 624.9554443359375 671.4114990234375 645.9653930664062
1032.9393310546875 456.5269470214844 1146.35546875 551.758544921875
882.1133422851562 799.268798828125 842.1892700195312 900.6182861328125
1067.9051513671875 596.959716796875 1123.863037109375 720.837646484375
936.5875854492188 465.0903625488281 1038.29052734375 541.23779296875
950.0333251953125 807.5079345703125 907.22119140625 932.1581420898438
887.2373046875 778.1771850585938 856.5758056640625 876.5057373046875
405.7978515625 737.7586059570312 449.834716796875 715.5800170898438
496.23193359375 602.902587890625 576.4802856445312 599.9884033203125
921.1312866210938 525.6083984375 998.4326171875 605.2186279296875
1238.4306640625 821.41015625 1222.671630859375 1044.2486572265625
604.2695922851562 886.6848754882812 553.6810913085938 915.1791381835938
509.8720703125 598.7472534179688 589.9681396484375 597.8597412109375
398.7116394042969 712.6953125 455.0635070800781 690.6254272460938
433.2969055175781 896.5471801757812 409.2752380371094 879.9276123046875
455.0269775390625 886.5262451171875 430.5433654785156 875.75
1041.4014892578125 524.3309936523438 1124.61669921875 630.0333251953125
921.1312866210938 525.6083984375 998.4326171875 605.2186279296875
363.1036376953125 699.97314453125 432.4615478515625 669.9510498046875
604.1430053710938 919.7310180664062 540.9493408203125 947.6917114257812
780.1607055664062 932.58544921875 690.0319213867188 1016.7310180664062
1011.9471435546875 506.78045654296875 1100.9647216796875 602.4351806640625
604.1430053710938 919.7310180664062 540.9493408203125 947.6917114257812
688.3493041992188 750.53662109375 681.6838989257812 793.6588134765625
618.8966674804688 600.1002807617188 681.4994506835938 621.1641235351562
374.0453186035156 671.4547729492188 454.0578308105469 644.880859375
270.1669616699219 836.3029174804688 311.8286437988281 781.8005981445312
894.0216064453125 677.9080810546875 905.6506958007812 766.2713012695312
1179.2615966796875 704.1234741210938 1205.114501953125 879.9264526367188
629.952392578125 935.5830688476562 553.5556030273438 975.9005737304688
1011.2079467773438 523.8073120117188 1092.8629150390625 622.9554443359375
536.3355102539062 507.4515380859375 648.8709716796875 512.162109375
909.6717529296875 581.5811157226562 962.3838500976562 662.99560546875
1237.8238525390625 832.6841430664062 1217.364501953125 1058.648681640625
921.1312866210938 525.6083984375 998.4326171875 605.2186279296875
440.7060546875 881.7457885742188 421.5891418457031 866.9349365234375
374.99005126953125 701.675537109375 441.27716064453125 675.0753173828125
919.5119018554688 594.310302734375 966.4578247070312 680.1770629882812
885.9367065429688 509.860595703125 968.6983642578125 579.316650390625
1012.6743774414062 604.5433959960938 1061.083740234375 714.2031860351562
921.9620361328125 453.5899963378906 1028.0184326171875 526.1408081054688
1025.562744140625 687.6047973632812 1037.760986328125 812.7470703125
898.0828247070312 442.5645446777344 1008.5538330078125 510.3773498535156
554.9567260742188 731.6856079101562 572.8755493164062 743.04150390625
627.3023681640625 903.6823120117188 563.0765380859375 941.3079833984375
926.7276611328125 502.25872802734375 1013.6168212890625 579.4728393554688
454.2921447753906 606.22998046875 540.7018432617188 596.505126953125
894.0216064453125 677.9080810546875 905.6506958007812 766.2713012695312
212.68994140625 881.840087890625 253.40179443359375 813.8125610351562
1016.6316528320312 588.8638305664062 1071.0662841796875 697.5598754882812
618.46142578125 624.9554443359375 671.4114990234375 645.9653930664062
1067.9051513671875 596.959716796875 1123.863037109375 720.837646484375
607.9075317382812 598.333984375 672.2301025390625 617.1627197265625
885.7192993164062 589.7807006835938 933.907470703125 668.097412109375
506.0805358886719 707.57275390625 543.3926391601562 706.9449462890625
594.8378295898438 695.6144409179688 621.8805541992188 710.1873779296875
339.97186279296875 722.2061157226562 406.9850158691406 687.037353515625
393.04071044921875 895.7188110351562 379.52276611328125 867.59521484375
728.2884521484375 797.288330078125 697.0888671875 853.8377685546875
979.6875 431.5171203613281 1097.0797119140625 510.11456298828125
514.0079345703125 727.2224731445312 541.74169921875 728.7451782226562
632.5548095703125 617.783447265625 686.9129638671875 642.3285522460938
493.36572265625 590.9219970703125 578.54443359375 589.2161254882812
1018.5657348632812 463.6278381347656 1125.7490234375 556.2994384765625
877.436279296875 677.6708984375 889.9964599609375 762.2677612304688
474.028564453125 616.9030151367188 552.220458984375 609.7177734375
776.1510620117188 949.2568359375 678.2939453125 1034.821044921875
1225.7181396484375 831.6276245117188 1202.8770751953125 1052.22265625
972.4405517578125 488.60406494140625 1067.04638671875 575.0709838867188
852.6947631835938 778.935302734375 818.3565063476562 870.1810302734375
902.0807495117188 680.6928100585938 911.6010131835938 772.3224487304688
870.4500122070312 790.0712890625 835.8253784179688 884.724853515625
525.1463012695312 505.1417236328125 639.7075805664062 508.6377258300781
926.2313232421875 504.4468078613281 1010.58251953125 585.3880004882812
574.28369140625 702.5631103515625 602.3258666992188 716.1017456054688
918.8770141601562 448.8570861816406 1028.2032470703125 520.5138549804688
930.5380249023438 446.28631591796875 1040.724365234375 519.0460205078125
576.104248046875 943.5966796875 503.6748962402344 969.6589965820312
393.04071044921875 895.7188110351562 379.52276611328125 867.59521484375
822.7101440429688 958.4354248046875 720.066162109375 1057.1744384765625
822.7101440429688 958.4354248046875 720.066162109375 1057.1744384765625
622.1863403320312 615.7545166015625 678.0156860351562 638.0196533203125
