886.232177734375 688.9471435546875 711.7700805664062 734.1390380859375
887.3417358398438 696.7959594726562 711.1402587890625 725.2471923828125
895.6309814453125 790.1190795898438 718.84765625 639.7220458984375
887.3417358398438 696.7959594726562 711.1402587890625 725.2471923828125
899.3753051757812 681.7302856445312 696.853759765625 743.09375
888.1554565429688 766.448974609375 722.42138671875 657.9874267578125
901.42138671875 779.6694946289062 712.4417114257812 647.607421875
902.806396484375 689.4246215820312 694.9667358398438 734.62353515625
895.6309814453125 790.1190795898438 718.84765625 639.7220458984375
708.9830322265625 797.5032348632812 870.00244140625 634.3021850585938
925.4558715820312 683.8118896484375 670.644287109375 741.2720947265625
701.6307373046875 782.1618041992188 878.2225952148438 645.4166259765625
912.5107421875 695.7916259765625 687.0582885742188 726.2176513671875
650.8193969726562 775.2055053710938 920.1392822265625 649.7843017578125
901.42138671875 779.6694946289062 712.4417114257812 647.607421875
416.229736328125 706.4605102539062 1137.569091796875 712.3395385742188
645.3887329101562 904.2640991210938 898.3138427734375 572.0154418945312
711.0413208007812 660.8095703125 893.0333862304688 763.9253540039062
535.4046020507812 741.1994018554688 1021.7900390625 679.6006469726562
575.2724609375 721.5797119140625 997.7274169921875 699.4652709960938
884.1881713867188 660.970703125 709.6133422851562 769.2024536132812
890.1976928710938 682.794921875 707.3602294921875 742.5635986328125
706.6976318359375 754.6563720703125 878.5315551757812 667.4024047851562
882.1133422851562 799.268798828125 731.06982421875 632.531494140625
1030.1571044921875 835.5169677734375 615.2843627929688 608.7713012695312
574.28369140625 702.5631103515625 1006.8882446289062 715.9263916015625
