25.670995712280273
28.460498809814453
53.66563034057617
55.389530181884766
55.46169662475586
56.63037872314453
56.6568603515625
57.65414047241211
60.224578857421875
63.09516525268555
64.80740356445312
65.69627380371094
66.18157196044922
67.66091918945312
68.32276153564453
68.49817657470703
68.73136138916016
70.29936218261719
70.37755584716797
70.54785919189453
70.81666564941406
70.90839385986328
72.76675415039062
72.91090393066406
73.17103576660156
73.40299987792969
73.46427917480469
73.53230285644531
73.85120391845703
74.10128021240234
74.2765121459961
74.65252685546875
75.29940032958984
75.3923110961914
75.39894104003906
75.57777404785156
75.70997619628906
75.8683090209961
76.14459991455078
76.9740219116211
77.44029998779297
77.75602722167969
78.06407928466797
78.28793334960938
78.60661315917969
78.80355072021484
78.82892608642578
78.892333984375
79.18333435058594
79.46697235107422
79.63667297363281
79.69316101074219
79.98749542236328
80.40522003173828
80.83316040039062
81.14801025390625
81.47392272949219
81.59043884277344
81.60269927978516
82.10359191894531
82.52272033691406
82.84322357177734
83.12039184570312
83.26464080810547
83.35466766357422
83.36666107177734
83.5882797241211
83.69587707519531
83.81526947021484
83.88086700439453
84.14273834228516
84.27336120605469
84.35045623779297
84.49259948730469
84.75848388671875
84.80565643310547
85.02940368652344
85.10581970214844
85.2818832397461
85.33463287353516
85.40491485595703
85.50438690185547
85.53946685791016
85.63877868652344
85.77295684814453
86.30179595947266
86.30179595947266
86.76981353759766
87.0
87.20664978027344
87.51571655273438
87.79521942138672
88.07950592041016
88.08518981933594
88.32893371582031
88.63407897949219
89.26925659179688
89.39239501953125
89.40917205810547
89.4315414428711
89.52653503417969
89.7942123413086
89.9388656616211
89.97222137451172
90.38805389404297
90.44888305664062
90.70281219482422
90.82400512695312
91.48223876953125
91.55326080322266
91.76055908203125
91.78779602050781
92.20086669921875
92.36341094970703
92.7469711303711
93.11820220947266
93.17725372314453
93.34345245361328
93.63226318359375
93.76033020019531
94.47222137451172
94.58329772949219
94.6150131225586
94.75758361816406
94.92628479003906
94.97894287109375
95.08943176269531
95.13148498535156
95.21029663085938
95.4096450805664
95.63471984863281
95.77056121826172
95.92705535888672
96.08329772949219
96.2444839477539
96.2444839477539
96.4468765258789
96.5038833618164
96.66436767578125
96.78326416015625
97.31906127929688
97.40122985839844
97.63196563720703
97.65756225585938
97.98979187011719
98.07140350341797
98.17840576171875
99.15644073486328
99.6694564819336
99.92997741699219
99.96499633789062
100.07997131347656
100.40916442871094
100.50373077392578
100.6578369140625
100.83650207519531
100.85633087158203
101.07422637939453
101.07422637939453
101.1039047241211
101.17806243896484
101.30646514892578
101.4100570678711
101.83319854736328
102.02941131591797
102.26436614990234
102.54754638671875
102.5865478515625
102.63040161132812
102.71319580078125
103.21337127685547
103.242431640625
103.25212097167969
103.271484375
103.31021118164062
103.34892272949219
103.45530700683594
104.24010467529297
104.33599853515625
104.36953735351562
104.37432861328125
104.39348602294922
104.50358581542969
104.68524169921875
105.06664276123047
105.28532409667969
105.40398406982422
105.40872955322266
105.43718719482422
105.54145812988281
105.81587982177734
105.82532501220703
105.9292221069336
106.79887390136719
106.94390869140625
107.41973876953125
107.46162414550781
107.72650909423828
107.87956237792969
107.97685241699219
108.04165649414062
108.0925521850586
108.09717559814453
108.18040466308594
108.18502807617188
108.60018157958984
108.66001892089844
108.85311126708984
109.71326446533203
109.72693634033203
109.82258605957031
110.07270050048828
110.20435333251953
110.36756896972656
110.7926025390625
110.84674072265625
110.90536499023438
111.10355377197266
112.2987060546875
112.57886505126953
112.78740692138672
112.81843566894531
112.88932800292969
113.08846282958984
113.62217712402344
113.88591003417969
114.19281768798828
114.3547134399414
114.40279388427734
114.43338775634766
114.64728546142578
115.02608489990234
115.35163879394531
115.76700592041016
116.05171203613281
116.0689468383789
116.65333557128906
116.70903778076172
116.94015502929688
117.19641876220703
117.25186920166016
117.42231750488281
117.4819107055664
117.75398254394531
117.94914245605469
118.01271057128906
118.23705291748047
118.33427429199219
118.56643676757812
118.89491271972656
119.65784454345703
119.68291473388672
119.73721313476562
119.98332977294922
120.41594696044922
120.54874420166016
120.55703735351562
120.95453643798828
121.31364440917969
121.35485076904297
121.54422760009766
122.04097747802734
122.10651397705078
122.11060333251953
122.30290222167969
122.46632385253906
122.84136199951172
123.0243911743164
123.04064178466797
123.11782836914062
123.14219665527344
123.4868392944336
123.87897491455078
124.17729187011719
124.22962951660156
124.35031127929688
124.40257263183594
124.47087860107422
125.05198669433594
125.06797790527344
125.07997131347656
125.11194610595703
125.26771545410156
125.76168060302734
126.15863037109375
126.2933120727539
126.40806579589844
126.42388916015625
126.60173797607422
126.7398910522461
126.82270812988281
127.00393676757812
127.20455932617188
127.24778747558594
127.2752914428711
127.338134765625
127.5068588256836
127.87884521484375
128.05467224121094
128.18345642089844
128.18736267089844
128.3939208984375
128.42897033691406
128.58071899414062
128.80606079101562
128.83322143554688
128.9612274169922
128.98062133789062
129.1123504638672
129.1317138671875
129.24008178710938
129.4140625
129.66494750976562
129.79214477539062
130.0884246826172
130.13070678710938
130.20751953125
130.60244750976562
130.7746124267578
130.88926696777344
131.2326202392578
131.3773193359375
131.39254760742188
131.5940704345703
132.41978454589844
132.51792907714844
132.96240234375
133.3191680908203
134.01492309570312
134.1379852294922
134.30189514160156
134.34657287597656
134.40237426757812
134.5399627685547
134.6142578125
134.67367553710938
134.71823120117188
135.2738037109375
135.3366241455078
135.5470428466797
135.84182739257812
136.06983947753906
136.31947326660156
136.4661102294922
137.49908447265625
137.95651245117188
138.03260803222656
138.1267547607422
138.44854736328125
138.6217803955078
139.0107879638672
139.07192993164062
140.54180908203125
140.79417419433594
141.0496368408203
141.11343383789062
141.2267608642578
141.6298065185547
141.97535705566406
141.99295043945312
142.04225158691406
142.32357788085938
142.77955627441406
142.8285675048828
142.88107299804688
143.84019470214844
144.50259399414062
144.66513061523438
145.1171875
146.23269653320312
146.40354919433594
146.57762145996094
146.5946807861328
146.95578002929688
147.3499298095703
147.54660034179688
148.15194702148438
148.55638122558594
149.2849578857422
149.83657836914062
150.0899658203125
150.0966339111328
150.8277130126953
150.84097290039062
150.923828125
151.3869171142578
152.06578063964844
152.32859802246094
152.41390991210938
153.38839721679688
154.18495178222656
154.7611083984375
155.19020080566406
155.69842529296875
156.13134765625
156.46725463867188
156.6077880859375
157.0
158.06961059570312
158.10122680664062
158.13917541503906
158.35719299316406
158.69467163085938
158.97483825683594
159.89683532714844
159.94686889648438
160.281005859375
160.944091796875
161.83633422851562
162.27137756347656
163.01840209960938
163.03680419921875
163.23602294921875
163.60317993164062
164.0396270751953
164.5113983154297
164.51747131347656
164.5326690673828
164.86964416503906
165.1090545654297
165.1907958984375
165.39044189453125
165.45391845703125
166.37608337402344
166.39410400390625
166.6943359375
167.1945037841797
168.878662109375
169.17446899414062
170.11172485351562
171.61293029785156
172.1714324951172
172.5224609375
172.5775146484375
173.22239685058594
173.23683166503906
173.3378143310547
173.42144775390625
173.61740112304688
173.62892150878906
173.85626220703125
174.3129425048828
174.52220153808594
175.48219299316406
176.0170440673828
176.42279052734375
176.97740173339844
177.65696716308594
178.28347778320312
179.35997009277344
179.5577850341797
179.7359161376953
181.10218811035156
181.5709228515625
182.5130157470703
183.44480895996094
183.94293212890625
185.17019653320312
187.62196350097656
188.33480834960938
188.89944458007812
190.64364624023438
190.78521728515625
192.07810974121094
192.56167602539062
193.16831970214844
194.74342346191406
194.95640563964844
201.7225799560547
202.0940399169922
204.1127166748047
207.88699340820312
209.12435913085938
209.38958740234375
209.45166015625
210.98104858398438
211.51596069335938
213.78494262695312
216.28915405273438
225.69448852539062
226.26974487304688
234.34376525878906
234.8084259033203
239.3323974609375
240.16868591308594
247.1861572265625
247.27313232421875
250.48353576660156
