60.32412338256836
64.65291595458984
73.7427978515625
92.53107452392578
92.91931915283203
93.84561920166016
95.43060302734375
98.68637084960938
102.98058319091797
104.54663848876953
105.35179138183594
107.32194519042969
110.46266174316406
122.34378051757812
123.17061614990234
123.21931457519531
127.41271209716797
130.03076171875
132.83071899414062
133.3229217529297
136.76988220214844
148.65731811523438
155.1837615966797
157.37535095214844
158.3982391357422
162.67759704589844
166.0030059814453
173.8620147705078
174.9885711669922
177.0903778076172
177.30482482910156
181.4635009765625
182.9180145263672
183.1966094970703
187.49667358398438
194.3450469970703
201.6903533935547
202.06187438964844
204.215576171875
205.22427368164062
215.227783203125
217.3821563720703
217.7843017578125
218.1329803466797
223.00897216796875
224.935546875
228.114013671875
230.0847625732422
240.43502807617188
255.60125732421875
