1083.2537841796875 789.056640625 722.1180419921875 1046.3275146484375
1035.2298583984375 875.1638793945312 621.0983276367188 966.2953491210938
1074.9783935546875 793.782958984375 716.168212890625 1033.673828125
1083.2537841796875 789.056640625 722.1180419921875 1046.3275146484375
987.906982421875 886.6199951171875 625.33935546875 911.6651000976562
1013.2220458984375 702.0404052734375 872.5718994140625 972.5403442382812
998.2993774414062 701.2807006835938 874.7388305664062 951.4837646484375
1020.010986328125 895.52783203125 603.091796875 945.7567749023438
1058.0849609375 796.12744140625 717.4871215820312 1010.1408081054688
942.9287719726562 713.9940185546875 859.9058227539062 881.7108764648438
1019.0816040039062 944.134521484375 552.3243408203125 937.3809204101562
946.947265625 695.6987915039062 887.61572265625 888.5458374023438
1057.721923828125 938.0850219726562 541.3753662109375 980.73779296875
874.2203979492188 824.4912719726562 726.11865234375 806.8936157226562
1058.727294921875 908.3026733398438 574.8720092773438 986.9489135742188
1024.3175048828125 911.5486450195312 584.8577270507812 949.3787231445312
963.7718505859375 732.4107055664062 830.471435546875 902.8790893554688
1047.3662109375 910.5740966796875 577.505126953125 973.2274169921875
998.2993774414062 701.2807006835938 874.7388305664062 951.4837646484375
1001.3438720703125 943.3800659179688 558.913330078125 921.4989624023438
982.2615356445312 705.0755615234375 869.6859130859375 930.796142578125
1015.9838256835938 880.712646484375 621.9505615234375 943.6808471679688
1075.3280029296875 899.8858032226562 577.0806884765625 1008.7959594726562
996.759765625 909.0359497070312 596.0260620117188 921.17236328125
1050.0802001953125 899.8311157226562 586.223388671875 976.6134033203125
892.1863403320312 822.2555541992188 723.8905029296875 823.7561645507812
947.2052001953125 682.1895141601562 907.8578491210938 889.866943359375
1050.0802001953125 899.8311157226562 586.223388671875 976.6134033203125
972.2864990234375 716.211181640625 854.126220703125 913.0595703125
852.9170532226562 811.1268310546875 745.1350708007812 788.9208984375
966.2476196289062 697.0311889648438 885.312744140625 913.049560546875
1074.9783935546875 793.782958984375 716.168212890625 1033.673828125
1016.8037719726562 925.1134643554688 571.8031005859375 938.6137084960938
885.9786987304688 806.6522216796875 744.5778198242188 819.0631103515625
850.8649291992188 793.9277954101562 766.2538452148438 786.42578125
1045.0718994140625 640.5780639648438 985.9330444335938 1036.4190673828125
1014.598876953125 628.698486328125 1003.7711181640625 991.5747680664062
1014.598876953125 628.698486328125 1003.7711181640625 991.5747680664062
854.6160888671875 780.17431640625 781.2330932617188 788.86279296875
1001.9337768554688 713.0361328125 854.4234619140625 954.2205200195312
868.5839233398438 659.5223388671875 950.4095458984375 803.4347534179688
858.7669677734375 802.1932373046875 753.8269653320312 795.1156616210938
1024.3175048828125 911.5486450195312 584.8577270507812 949.3787231445312
800.5796508789062 902.9307250976562 659.7094116210938 749.3976440429688
