1001.9337768554688 713.0361328125 771.7889404296875 996.3692016601562
998.2993774414062 701.2807006835938 791.8176879882812 1000.5197143554688
1013.2220458984375 702.0404052734375 781.6087036132812 1021.4437866210938
1035.2298583984375 875.1638793945312 560.0093994140625 932.0459594726562
946.947265625 695.6987915039062 829.47802734375 937.7447509765625
937.64404296875 793.5489501953125 707.61328125 874.3402099609375
977.268798828125 909.89697265625 568.0034790039062 860.7156982421875
1083.2537841796875 789.056640625 614.4417724609375 1045.487548828125
1035.2298583984375 875.1638793945312 560.0093994140625 932.0459594726562
917.85009765625 779.5899047851562 734.9037475585938 860.3328857421875
1074.9783935546875 793.782958984375 614.9044189453125 1030.32421875
947.2052001953125 682.1895141601562 848.8511962890625 945.2305908203125
1013.2220458984375 702.0404052734375 781.6087036132812 1021.4437866210938
896.5294189453125 852.305908203125 669.2646484375 814.89404296875
937.64404296875 793.5489501953125 707.61328125 874.3402099609375
972.2864990234375 716.211181640625 785.5489501953125 954.7754516601562
986.3478393554688 748.9237060546875 732.2091064453125 950.9119873046875
998.2993774414062 701.2807006835938 791.8176879882812 1000.5197143554688
874.2203979492188 824.4912719726562 711.0471801757812 802.9331665039062
953.6570434570312 717.532470703125 794.4664306640625 933.8180541992188
1020.010986328125 895.52783203125 552.0286254882812 906.1768188476562
1046.5296630859375 928.7449340820312 505.4437561035156 915.394287109375
982.2615356445312 705.0755615234375 795.2756958007812 976.0758056640625
963.7718505859375 732.4107055664062 768.3621826171875 934.7741088867188
984.3545532226562 715.8421020507812 777.96728515625 971.9561767578125
966.2476196289062 697.0311889648438 817.3246459960938 962.4863891601562
995.4007568359375 690.4785766601562 810.7869873046875 1004.5443725585938
878.140380859375 815.1011352539062 717.6648559570312 810.2752685546875
1012.3741455078125 867.4712524414062 586.1892700195312 910.8990478515625
878.140380859375 815.1011352539062 717.6648559570312 810.2752685546875
953.6570434570312 717.532470703125 794.4664306640625 933.8180541992188
1035.7327880859375 920.4767456054688 520.6206665039062 910.296630859375
892.1863403320312 822.2555541992188 701.8043212890625 820.2010498046875
984.3545532226562 715.8421020507812 777.96728515625 971.9561767578125
1012.3741455078125 867.4712524414062 586.1892700195312 910.8990478515625
864.4569702148438 815.9293823242188 723.663818359375 797.42529296875
995.4007568359375 690.4785766601562 810.7869873046875 1004.5443725585938
1016.8037719726562 925.1134643554688 528.79736328125 890.5609741210938
885.4300537109375 658.8450317382812 917.7634887695312 888.0877075195312
885.9786987304688 806.6522216796875 719.9090576171875 820.0256958007812
894.7993774414062 835.4398193359375 687.2398681640625 820.1393432617188
856.3666381835938 622.7401123046875 990.78759765625 875.7061767578125
984.8302001953125 685.0816040039062 823.6522827148438 996.05810546875
1008.31787109375 690.0594482421875 803.349365234375 1024.7471923828125
858.3552856445312 825.3333129882812 719.6304321289062 790.3291015625
1068.0098876953125 800.162109375 611.5428466796875 1016.5103149414062
1001.3438720703125 943.3800659179688 523.9657592773438 870.1705322265625
852.9170532226562 811.1268310546875 734.8917236328125 790.5260009765625
1028.11376953125 933.1802978515625 514.6466064453125 896.931884765625
980.5505981445312 724.1201171875 769.3870849609375 960.21142578125
1006.4077758789062 886.3231201171875 568.7770385742188 898.4500122070312
1135.8692626953125 992.245361328125 390.1949462890625 971.9307861328125
879.805908203125 798.7349853515625 735.1876220703125 816.7536010742188
1047.3662109375 910.5740966796875 520.60498046875 926.1919555664062
954.2728271484375 687.8583984375 837.8065795898438 952.4635009765625
854.6160888671875 780.17431640625 768.96533203125 801.218505859375
858.7669677734375 802.1932373046875 740.5086669921875 799.2040405273438
1024.3175048828125 911.5486450195312 535.6539306640625 904.4105834960938
1015.9838256835938 880.712646484375 569.0952758789062 910.58544921875
