73.82411193847656
80.65357971191406
91.79869079589844
91.9021224975586
95.6817626953125
96.27564239501953
97.8927993774414
103.95191192626953
105.4561538696289
107.6754379272461
109.39378356933594
110.05907440185547
110.77454376220703
112.91146850585938
113.28282928466797
114.43338775634766
114.58184814453125
119.9749984741211
120.9090576171875
122.28246307373047
125.52688598632812
126.87789154052734
131.19070434570312
134.64768981933594
134.86289978027344
135.44740295410156
136.2057342529297
137.0218963623047
137.5354461669922
139.62091064453125
142.7270050048828
145.85609436035156
146.6083221435547
147.8174591064453
148.7615509033203
151.2018585205078
154.6156463623047
158.27822875976562
162.60997009277344
163.19313049316406
172.21788024902344
172.33106994628906
174.82276916503906
178.83792114257812
183.01092529296875
184.92431640625
184.9540557861328
185.2484893798828
185.32943725585938
185.54244995117188
186.58778381347656
189.93946838378906
203.97303771972656
205.5577850341797
215.7197265625
227.50164794921875
227.58514404296875
243.89341735839844
246.48123168945312
