57.645469665527344
65.51335906982422
73.41661834716797
73.68174743652344
76.07233428955078
77.69169616699219
78.15369415283203
78.44743347167969
81.3879623413086
85.97673797607422
86.47543334960938
86.74099731445312
89.3756103515625
91.38380432128906
92.84395599365234
92.97311401367188
94.97367858886719
96.18212127685547
102.29369354248047
104.05767822265625
104.25929260253906
105.06664276123047
106.65833282470703
109.27030944824219
109.6722412109375
110.16805267333984
110.8873291015625
111.25646209716797
112.7031478881836
114.34596252441406
115.18246459960938
119.98750305175781
120.96693420410156
122.47040557861328
123.03658294677734
125.61846923828125
129.25942993164062
132.83824157714844
136.24609375
139.06832885742188
139.60301208496094
140.92906188964844
141.46731567382812
141.64039611816406
142.42190551757812
142.60084533691406
144.41259765625
145.23085021972656
146.0992889404297
147.5059356689453
147.74978637695312
150.49252319335938
151.1820068359375
151.96710205078125
153.48289489746094
154.31137084960938
154.5283203125
156.90762329101562
158.57806396484375
158.71673583984375
159.16029357910156
160.72647094726562
160.8446502685547
161.70033264160156
163.62457275390625
174.4047088623047
175.24269104003906
175.9346466064453
177.9072723388672
178.20213317871094
178.45167541503906
180.41342163085938
182.0494384765625
182.30194091796875
182.68551635742188
183.35757446289062
184.66456604003906
186.60653686523438
199.14065551757812
199.7097930908203
201.6630859375
210.104736328125
216.6979522705078
218.4605255126953
219.2350311279297
219.6360626220703
221.6009979248047
