541.0485229492188 761.448974609375 1075.5692138671875 776.4527587890625
519.1500854492188 789.8994140625 1104.4337158203125 765.7824096679688
502.86114501953125 738.7986450195312 1091.833984375 817.42626953125
480.1062316894531 774.8627319335938 1125.16259765625 797.5264282226562
498.9969787597656 875.648193359375 1147.9368896484375 719.8464965820312
531.728759765625 777.5390625 1089.792236328125 768.4833374023438
520.398193359375 742.5538940429688 1080.8162841796875 803.6558227539062
516.6134033203125 750.608154296875 1087.934814453125 798.2003784179688
526.972900390625 864.1782836914062 1127.3726806640625 714.8433837890625
520.398193359375 742.5538940429688 1080.8162841796875 803.6558227539062
556.0059204101562 843.4739379882812 1101.0235595703125 713.1679077148438
510.4163818359375 764.065673828125 1099.1156005859375 790.4933471679688
498.0267639160156 768.2262573242188 1109.740234375 793.1219482421875
515.5120239257812 776.0767822265625 1100.011474609375 778.0077514648438
535.1539306640625 873.04833984375 1125.1917724609375 706.2302856445312
505.9096984863281 913.1864013671875 1155.319091796875 697.25390625
508.7951354980469 753.5647583007812 1095.0523681640625 799.63134765625
512.7598876953125 732.866943359375 1081.3770751953125 815.8273315429688
473.21661376953125 787.1976318359375 1135.243896484375 790.6219482421875
489.2228088378906 747.347412109375 1106.884033203125 816.2391357421875
545.659912109375 861.3910522460938 1114.43115234375 708.1239624023438
527.5855712890625 917.3336791992188 1143.467041015625 687.0409545898438
527.388671875 768.106689453125 1088.4093017578125 777.9461669921875
475.9115295410156 744.5545043945312 1116.514404296875 826.4178466796875
494.4742431640625 864.2971801757812 1146.998046875 728.0368041992188
527.5855712890625 917.3336791992188 1143.467041015625 687.0409545898438
523.305419921875 723.9246826171875 1069.021728515625 818.5957641601562
548.0703125 779.514404296875 1079.68505859375 759.091552734375
502.86114501953125 738.7986450195312 1091.833984375 817.42626953125
517.3948974609375 880.9898681640625 1138.9014892578125 709.3161010742188
535.1539306640625 873.04833984375 1125.1917724609375 706.2302856445312
565.4500122070312 871.866455078125 1106.4415283203125 695.095703125
550.1752319335938 880.53125 1118.913330078125 696.6351318359375
526.972900390625 864.1782836914062 1127.3726806640625 714.8433837890625
498.0267639160156 768.2262573242188 1109.740234375 793.1219482421875
572.6408081054688 914.228271484375 1116.517822265625 672.67041015625
488.7180480957031 890.8765258789062 1159.028564453125 715.5438842773438
523.305419921875 723.9246826171875 1069.021728515625 818.5957641601562
572.6408081054688 914.228271484375 1116.517822265625 672.67041015625
524.2520751953125 755.26806640625 1085.1529541015625 789.4324951171875
457.720703125 750.9391479492188 1131.6678466796875 831.070556640625
454.16558837890625 777.161376953125 1144.1072998046875 807.9583129882812
493.4582824707031 759.144287109375 1110.1602783203125 803.7123413085938
725.1384887695312 981.932861328125 1061.83740234375 598.2988891601562
543.7428588867188 894.2659912109375 1127.2406005859375 691.69970703125
477.3209533691406 925.4100952148438 1175.0548095703125 701.8614501953125
578.26953125 1018.3698120117188 1142.78955078125 630.04345703125
489.7626953125 800.7764892578125 1130.1551513671875 772.7772827148438
541.8045043945312 904.6616821289062 1131.3931884765625 687.9535522460938
486.2962646484375 734.6361083984375 1102.268310546875 830.2180786132812
461.6575622558594 658.8056640625 1080.3372802734375 935.397216796875
507.6424865722656 898.8728637695312 1149.734130859375 703.8802490234375
534.9205932617188 887.1610717773438 1130.146484375 699.1705322265625
666.0555419921875 838.21484375 1033.637939453125 672.216796875
574.307373046875 1032.44970703125 1148.298583984375 625.9434814453125
507.6424865722656 898.8728637695312 1149.734130859375 703.8802490234375
453.2898864746094 675.4683837890625 1098.944091796875 918.168212890625
491.3936462402344 919.6890869140625 1165.18701171875 699.7598876953125
565.3157348632812 1041.9788818359375 1154.0892333984375 625.3952026367188
621.0787963867188 740.3992309570312 1008.1942138671875 750.8570556640625
453.2898864746094 675.4683837890625 1098.944091796875 918.168212890625
