1.123661621093750000e+03 8.195350341796875000e+02 7.995180664062500000e+02 9.101336669921875000e+02
1.252679809570312500e+03 8.318880615234375000e+02 6.491469726562500000e+02 1.025788696289062500e+03
1.252679809570312500e+03 8.318880615234375000e+02 6.491469726562500000e+02 1.025788696289062500e+03
1.114839477539062500e+03 8.328231201171875000e+02 7.864560546875000000e+02 8.845671997070312500e+02
1.263083618164062500e+03 8.381600952148437500e+02 6.299240112304687500e+02 1.027241699218750000e+03
1.251551757812500000e+03 8.417109985351562500e+02 6.368796997070312500e+02 1.007998779296875000e+03
1.228343139648437500e+03 8.546745605468750000e+02 6.492939453125000000e+02 9.615053100585937500e+02
1.245160278320312500e+03 8.559520263671875000e+02 6.284135131835937500e+02 9.765958251953125000e+02
1.245160278320312500e+03 8.559520263671875000e+02 6.284135131835937500e+02 9.765958251953125000e+02
1.267912841796875000e+03 8.586913452148437500e+02 6.023670043945312500e+02 9.960460815429687500e+02
1.131130249023437500e+03 8.819692382812500000e+02 7.091716918945312500e+02 8.470884399414062500e+02
1.151101196289062500e+03 8.958338012695312500e+02 6.778302612304687500e+02 8.481610717773437500e+02
1.256320800781250000e+03 8.962252197265625000e+02 5.818558959960937500e+02 9.306389770507812500e+02
1.275261840820312500e+03 9.042833862304687500e+02 5.555023803710937500e+02 9.367228393554687500e+02
1.244971801757812500e+03 9.068670043945312500e+02 5.841433715820312500e+02 9.084660034179687500e+02
1.550593505859375000e+03 9.532207641601562500e+02 6.944544677734375000e+02 9.536364135742187500e+02
1.288968627929687500e+03 9.966480102539062500e+02 4.947047729492187500e+02 8.551467285156250000e+02
1.021288085937500000e+03 1.066140747070312500e+03 5.122023925781250000e+02 9.152789916992187500e+02
8.338802490234375000e+02 7.720910034179687500e+02 1.012738220214843750e+03 7.531492919921875000e+02
1.226836303710937500e+03 8.480266113281250000e+02 6.581901855468750000e+02 9.695114746093750000e+02
1.226836303710937500e+03 8.480266113281250000e+02 6.581901855468750000e+02 9.695114746093750000e+02
1.231922851562500000e+03 8.932409667968750000e+02 6.081323852539062500e+02 9.130457153320312500e+02
1.231922851562500000e+03 8.932409667968750000e+02 6.081323852539062500e+02 9.130457153320312500e+02
1.121847167968750000e+03 8.989598388671875000e+02 6.986494750976562500e+02 8.258441772460937500e+02
1.277336181640625000e+03 8.983737792968750000e+02 5.592557983398437500e+02 9.450983886718750000e+02
1.277336181640625000e+03 8.983737792968750000e+02 5.594203491210937500e+02 9.450256347656250000e+02
1.293929809570312500e+03 8.992325439453125000e+02 7.174926757812500000e+02 7.934608154296875000e+02
1.235666992187500000e+03 8.997312011718750000e+02 5.980494384765625000e+02 9.092312622070312500e+02
1.235666992187500000e+03 8.997312011718750000e+02 5.980494384765625000e+02 9.092312622070312500e+02
1.154178466796875000e+03 9.026995849609375000e+02 6.701075439453125000e+02 8.438702392578125000e+02
1.223655639648437500e+03 9.045920410156250000e+02 6.066557006835937500e+02 8.943723144531250000e+02
1.123482666015625000e+03 9.057194824218750000e+02 6.916405639648437500e+02 8.207536621093750000e+02
1.236158935546875000e+03 9.061262207031250000e+02 5.930543212890625000e+02 9.023500366210937500e+02
1.141365600585937500e+03 9.137723999023437500e+02 6.695544433593750000e+02 8.270519409179687500e+02
1.263338012695312500e+03 9.286215820312500000e+02 5.519519653320312500e+02 8.996209716796875000e+02
1.263338012695312500e+03 9.286215820312500000e+02 5.519519653320312500e+02 8.996209716796875000e+02
1.296891479492187500e+03 9.989022216796875000e+02 4.854613647460937500e+02 8.596770019531250000e+02
8.655474243164062500e+02 7.131495361328125000e+02 1.287342895507812500e+03 7.701837768554687500e+02
1.204958007812500000e+03 8.249260253906250000e+02 7.134329223632812500e+02 9.866805419921875000e+02
1.124800537109375000e+03 8.268735351562500000e+02 7.880488281250000000e+02 9.021783447265625000e+02
1.223956176757812500e+03 8.268936767578125000e+02 6.903878784179687500e+02 1.004592529296875000e+03
1.243367675781250000e+03 8.381313476562500000e+02 6.528884277343750000e+02 1.005658386230468750e+03
1.152397094726562500e+03 8.438710327148437500e+02 7.388466796875000000e+02 9.025643920898437500e+02
1.235844970703125000e+03 8.466990966796875000e+02 6.490214233398437500e+02 9.795564575195312500e+02
1.216982421875000000e+03 8.506633300781250000e+02 6.655842895507812500e+02 9.566881713867187500e+02
1.216982421875000000e+03 8.506633300781250000e+02 6.655842895507812500e+02 9.566881713867187500e+02
1.208509277343750000e+03 8.553104248046875000e+02 6.679325561523437500e+02 9.407832641601562500e+02
1.236551635742187500e+03 8.584263305664062500e+02 6.353717041015625000e+02 9.637710571289062500e+02
1.153539306640625000e+03 8.874647827148437500e+02 6.865477905273437500e+02 8.562299194335937500e+02
1.122298706054687500e+03 8.893488159179687500e+02 7.100247192382812500e+02 8.340708007812500000e+02
1.265891845703125000e+03 9.050893554687500000e+02 5.653557739257812500e+02 9.283114624023437500e+02
1.247535644531250000e+03 9.147034912109375000e+02 5.763684082031250000e+02 9.023422241210937500e+02
1.237597290039062500e+03 9.165086669921875000e+02 5.848727416992187500e+02 8.928966064453125000e+02
1.237597290039062500e+03 9.165086669921875000e+02 5.848727416992187500e+02 8.928966064453125000e+02
1.270494750976562500e+03 9.235254516601562500e+02 5.474725341796875000e+02 9.104811401367187500e+02
1.258449707031250000e+03 9.775148925781250000e+02 5.285994262695312500e+02 8.515236816406250000e+02
1.095370971679687500e+03 9.799744262695312500e+02 6.512635498046875000e+02 7.600705566406250000e+02
1.284461669921875000e+03 9.890140991210937500e+02 5.011953430175781250e+02 8.598501586914062500e+02
1.297960693359375000e+03 9.906228027343750000e+02 4.880383605957031250e+02 8.667656250000000000e+02
1.094828247070312500e+03 9.962831420898437500e+02 6.402863769531250000e+02 7.522138061523437500e+02
1.290933593750000000e+03 1.014401916503906250e+03 4.850158996582031250e+02 8.437869262695312500e+02
1.289765747070312500e+03 1.023257873535156250e+03 4.832243347167968750e+02 8.371660766601562500e+02
1.160409790039062500e+03 8.498426513671875000e+02 7.212783203125000000e+02 9.027160034179687500e+02
1.162256225585937500e+03 8.825848999023437500e+02 6.839938964843750000e+02 8.698382568359375000e+02
1.265804443359375000e+03 8.938356323242187500e+02 5.751483154296875000e+02 9.415581054687500000e+02
1.246415283203125000e+03 8.977293701171875000e+02 5.911947631835937500e+02 9.195661010742187500e+02
1.142486816406250000e+03 9.042838134765625000e+02 6.771410522460937500e+02 8.347623291015625000e+02
1.163167724609375000e+03 9.088615112304687500e+02 6.558268432617187500e+02 8.450902709960937500e+02
1.216550903320312500e+03 9.130917968750000000e+02 6.074489135742187500e+02 8.815003051757812500e+02
1.163684326171875000e+03 9.207064819335937500e+02 6.452572021484375000e+02 8.359708862304687500e+02
1.163684326171875000e+03 9.207064819335937500e+02 6.452572021484375000e+02 8.359708862304687500e+02
1.227206420898437500e+03 9.206543579101562500e+02 5.906625976562500000e+02 8.806212768554687500e+02
1.227206420898437500e+03 9.206543579101562500e+02 5.906625976562500000e+02 8.806212768554687500e+02
1.281564697265625000e+03 9.223866577148437500e+02 5.369403686523437500e+02 9.205065307617187500e+02
1.260038696289062500e+03 9.255648803710937500e+02 5.567464599609375000e+02 9.005031127929687500e+02
1.260038696289062500e+03 9.255648803710937500e+02 5.567464599609375000e+02 9.005031127929687500e+02
1.217856201171875000e+03 9.273117065429687500e+02 5.939740600585937500e+02 8.678275756835937500e+02
1.248640258789062500e+03 9.830711059570312500e+02 5.341655883789062500e+02 8.420656738281250000e+02
1.235979125976562500e+03 9.837426757812500000e+02 5.438285522460937500e+02 8.330809936523437500e+02
1.235979125976562500e+03 9.837426757812500000e+02 5.438285522460937500e+02 8.330809936523437500e+02
1.272382812500000000e+03 9.887358398437500000e+02 5.105993652343750000e+02 8.511153564453125000e+02
1.143444213867187500e+03 9.913786621093750000e+02 6.096213378906250000e+02 7.784788208007812500e+02
1.143444213867187500e+03 9.913786621093750000e+02 6.096213378906250000e+02 7.784788208007812500e+02
1.230142211914062500e+03 1.021746398925781250e+03 5.301967773437500000e+02 8.060845336914062500e+02
1.162211059570312500e+03 8.958268432617187500e+02 6.694534301757812500e+02 8.566856689453125000e+02
1.111042968750000000e+03 8.985648803710937500e+02 7.105914306640625000e+02 8.205192260742187500e+02
1.250204956054687500e+03 9.216593017578125000e+02 5.675445556640625000e+02 8.974359130859375000e+02
1.272856689453125000e+03 9.319307861328125000e+02 5.394471435546875000e+02 9.043774414062500000e+02
1.273229003906250000e+03 9.749687500000000000e+02 5.179974975585937500e+02 8.626883544921875000e+02
1.107416015625000000e+03 9.780501708984375000e+02 6.448836669921875000e+02 7.666101074218750000e+02
1.303563720703125000e+03 9.793862304687500000e+02 4.865608215332031250e+02 8.796675415039062500e+02
1.130831420898437500e+03 9.825200805664062500e+02 6.247646484375000000e+02 7.768782348632812500e+02
1.138556396484375000e+03 8.359029541015625000e+02 7.628214721679687500e+02 8.990422363281250000e+02
1.217779052734375000e+03 8.921150512695312500e+02 6.229841308593750000e+02 9.036588745117187500e+02
1.217779052734375000e+03 8.921150512695312500e+02 6.229841308593750000e+02 9.036588745117187500e+02
1.128753417968750000e+03 9.148323974609375000e+02 6.791372680664062500e+02 8.179172973632812500e+02
1.133467041015625000e+03 9.591394653320312500e+02 6.379795532226562500e+02 7.914029541015625000e+02
1.226603271484375000e+03 9.712389526367187500e+02 5.588290405273437500e+02 8.368439941406250000e+02
1.226603271484375000e+03 9.712389526367187500e+02 5.588290405273437500e+02 8.368439941406250000e+02
1.244942504882812500e+03 9.727266235351562500e+02 5.423540649414062500e+02 8.469388427734375000e+02
1.243377807617187500e+03 9.948348388671875000e+02 5.349801025390625000e+02 8.302046508789062500e+02
1.309409545898437500e+03 9.991138916015625000e+02 4.727561035156250000e+02 8.656818237304687500e+02
1.229061645507812500e+03 1.006603820800781250e+03 5.379548339843750000e+02 8.138699951171875000e+02
1.276773925781250000e+03 1.026739501953125000e+03 4.903537902832031250e+02 8.288129272460937500e+02
1.160866333007812500e+03 9.646773071289062500e+02 6.139281005859375000e+02 8.032613525390625000e+02
1.279645385742187500e+03 1.001438232421875000e+03 5.013253173828125000e+02 8.459827880859375000e+02
1.261730224609375000e+03 1.019769470214843750e+03 5.068572998046875000e+02 8.248245849609375000e+02
1.189358764648437500e+03 9.061652221679687500e+02 6.376655883789062500e+02 8.693039550781250000e+02
