9.294932250976562500e+02 7.285411376953125000e+02 8.992605590820312500e+02 6.047313232421875000e+02
8.932832031250000000e+02 9.269999389648437500e+02 9.991223144531250000e+02 7.924633178710937500e+02
6.544134521484375000e+02 8.778782348632812500e+02 1.046831787109375000e+03 5.544760742187500000e+02
8.363341674804687500e+02 9.432166137695312500e+02 7.307578125000000000e+02 5.811903076171875000e+02
1.041229614257812500e+03 8.475916137695312500e+02 8.053497924804687500e+02 7.172320556640625000e+02
6.653521728515625000e+02 8.740874023437500000e+02 1.037289550781250000e+03 5.549696044921875000e+02
6.602546997070312500e+02 8.832083129882812500e+02 1.044003662109375000e+03 5.483683471679687500e+02
9.621392211914062500e+02 1.035852783203125000e+03 1.170067016601562500e+03 8.080426025390625000e+02
6.599529418945312500e+02 8.926419677734375000e+02 1.047762939453125000e+03 5.412354125976562500e+02
8.180217895507812500e+02 1.025829467773437500e+03 1.093642822265625000e+03 9.026857299804687500e+02
1.113242431640625000e+03 9.143564453125000000e+02 6.507217407226562500e+02 8.745288085937500000e+02
9.747655029296875000e+02 1.035913818359375000e+03 1.176759277343750000e+03 7.986599731445312500e+02
6.258625488281250000e+02 9.079216308593750000e+02 1.079403198242187500e+03 5.392264404296875000e+02
8.209697265625000000e+02 1.010562500000000000e+03 1.073063110351562500e+03 8.913250122070312500e+02
6.896447753906250000e+02 1.016467895507812500e+03 1.003736877441406250e+03 1.010134277343750000e+03
