6.416228027343750000e+02 2.275663909912109375e+02 8.967357177734375000e+02 1.879927978515625000e+02
6.644730834960937500e+02 2.593937072753906250e+02 9.084090576171875000e+02 2.210172576904296875e+02
5.655420532226562500e+02 3.806634521484375000e+02 7.911210937500000000e+02 3.311898498535156250e+02
5.368725585937500000e+02 5.151098632812500000e+02 7.504722290039062500e+02 4.524181518554687500e+02
6.254006347656250000e+02 7.463677368164062500e+02 7.005215454101562500e+02 6.944524536132812500e+02
5.376766967773437500e+02 7.851237182617187500e+02 6.159959106445312500e+02 7.154896850585937500e+02
1.151295654296875000e+03 6.648021850585937500e+02 1.229999511718750000e+03 7.206520996093750000e+02
1.178066772460937500e+03 6.628306884765625000e+02 1.263458374023437500e+03 7.246516113281250000e+02
1.165217163085937500e+03 6.722321777343750000e+02 1.242803100585937500e+03 7.322309570312500000e+02
8.743312988281250000e+02 8.104382934570312500e+02 8.844173583984375000e+02 8.126102905273437500e+02
7.654168701171875000e+02 8.756116333007812500e+02 7.700747070312500000e+02 8.517751464843750000e+02
4.864538269042968750e+02 5.177500000000000000e+02 7.030629272460937500e+02 4.517169799804687500e+02
3.973500976562500000e+02 5.499027709960937500e+02 5.973214721679687500e+02 4.732351684570312500e+02
8.884904785156250000e+02 4.621094970703125000e+02 9.059982910156250000e+02 4.735032043457031250e+02
3.498423156738281250e+02 5.567069702148437500e+02 5.529372558593750000e+02 4.761783447265625000e+02
4.340157775878906250e+02 5.613380126953125000e+02 6.547738647460937500e+02 4.836224670410156250e+02
1.171327148437500000e+03 4.611253356933593750e+02 1.396227905273437500e+03 4.855838012695312500e+02
1.171327148437500000e+03 4.611253356933593750e+02 1.396227905273437500e+03 4.855838012695312500e+02
4.414461669921875000e+02 6.994199829101562500e+02 6.192799682617187500e+02 6.107373657226562500e+02
4.414461669921875000e+02 6.994199829101562500e+02 6.192799682617187500e+02 6.107373657226562500e+02
7.469828491210937500e+02 6.506187133789062500e+02 8.395679321289062500e+02 6.223043212890625000e+02
3.118920593261718750e+02 7.433126831054687500e+02 5.223486328125000000e+02 6.272974853515625000e+02
1.182372924804687500e+03 6.563737182617187500e+02 1.268168823242187500e+03 7.184887695312500000e+02
1.170048339843750000e+03 6.820495605468750000e+02 1.241337402343750000e+03 7.444619140625000000e+02
6.120855712890625000e+02 8.298624877929687500e+02 6.608934326171875000e+02 7.723192749023437500e+02
1.220329345703125000e+03 7.306384277343750000e+02 1.276282104492187500e+03 8.124714965820312500e+02
7.497948608398437500e+02 8.432797241210937500e+02 7.653951416015625000e+02 8.158782348632812500e+02
1.106492309570312500e+03 7.644459838867187500e+02 1.135742187500000000e+03 8.201184082031250000e+02
7.554231567382812500e+02 8.714476318359375000e+02 7.547885131835937500e+02 8.460963134765625000e+02
6.720029296875000000e+02 8.981909790039062500e+02 6.802363891601562500e+02 8.519362792968750000e+02
1.197928222656250000e+03 8.517838745117187500e+02 1.197708984375000000e+03 9.423593139648437500e+02
6.040784912109375000e+02 2.538313751220703125e+02 8.557108154296875000e+02 2.115439758300781250e+02
4.379435119628906250e+02 3.823742675781250000e+02 6.799135131835937500e+02 3.223713378906250000e+02
3.811996154785156250e+02 4.698135986328125000e+02 5.957171630859375000e+02 3.997192382812500000e+02
4.180148010253906250e+02 5.196538696289062500e+02 6.466444702148437500e+02 4.451276550292968750e+02
4.180148010253906250e+02 5.196538696289062500e+02 6.466444702148437500e+02 4.451276550292968750e+02
4.321742858886718750e+02 5.335381469726562500e+02 6.570807495117187500e+02 4.567662963867187500e+02
3.910727844238281250e+02 5.613792114257812500e+02 5.908894653320312500e+02 4.834543457031250000e+02
3.910727844238281250e+02 5.613792114257812500e+02 5.908894653320312500e+02 4.834543457031250000e+02
3.878758239746093750e+02 5.707142944335937500e+02 5.864304809570312500e+02 4.913289184570312500e+02
6.205772705078125000e+02 5.920607299804687500e+02 8.155852661132812500e+02 5.339692993164062500e+02
4.362272033691406250e+02 6.573873291015625000e+02 6.219877929687500000e+02 5.732337036132812500e+02
4.426535034179687500e+02 6.809527587890625000e+02 6.254091186523437500e+02 5.941453247070312500e+02
4.265629577636718750e+02 6.926518554687500000e+02 6.087330932617187500e+02 6.026243286132812500e+02
3.777829284667968750e+02 7.043544311523437500e+02 5.655915527343750000e+02 6.072636718750000000e+02
1.455892333984375000e+03 5.234245605468750000e+02 1.761029663085937500e+03 6.107910766601562500e+02
1.160972900390625000e+03 6.538605957031250000e+02 1.246629882812500000e+03 7.095725097656250000e+02
6.370568237304687500e+02 7.671102294921875000e+02 7.055665893554687500e+02 7.166092529296875000e+02
1.063360839843750000e+03 7.181589355468750000e+02 1.065512084960937500e+03 7.675999755859375000e+02
5.041295166015625000e+02 8.580549316406250000e+02 5.648764648437500000e+02 7.752901611328125000e+02
1.116204101562500000e+03 7.472990112304687500e+02 1.152071899414062500e+03 8.041625976562500000e+02
1.251660400390625000e+03 7.285533447265625000e+02 1.314028686523437500e+03 8.180990600585937500e+02
1.122768188476562500e+03 7.684694213867187500e+02 1.153081054687500000e+03 8.277880249023437500e+02
7.553217163085937500e+02 8.799893188476562500e+02 7.547177124023437500e+02 8.543583984375000000e+02
7.553217163085937500e+02 8.799893188476562500e+02 7.547177124023437500e+02 8.543583984375000000e+02
1.005304565429687500e+03 8.387949218750000000e+02 1.002816894531250000e+03 8.744483032226562500e+02
9.996472778320312500e+02 8.658087768554687500e+02 9.854680786132812500e+02 9.014692993164062500e+02
9.791431274414062500e+02 8.729632568359375000e+02 9.596499023437500000e+02 9.037314453125000000e+02
1.175792114257812500e+03 8.229055175781250000e+02 1.182939331054687500e+03 9.037546386718750000e+02
1.156874389648437500e+03 8.288634033203125000e+02 1.156406494140625000e+03 9.058615112304687500e+02
1.004838439941406250e+03 8.736090087890625000e+02 9.843279418945312500e+02 9.115261840820312500e+02
1.004838439941406250e+03 8.736090087890625000e+02 9.843279418945312500e+02 9.115261840820312500e+02
1.312195068359375000e+03 7.977313232421875000e+02 1.350359619140625000e+03 9.151032104492187500e+02
1.312195068359375000e+03 7.977313232421875000e+02 1.350359619140625000e+03 9.151032104492187500e+02
8.954541625976562500e+02 9.103515014648437500e+02 8.696050415039062500e+02 9.198610229492187500e+02
9.003114013671875000e+02 9.180523071289062500e+02 8.667208862304687500e+02 9.289777221679687500e+02
8.766970825195312500e+02 9.367153930664062500e+02 8.381333618164062500e+02 9.432601318359375000e+02
1.020017761230468750e+03 9.057347412109375000e+02 9.898077392578125000e+02 9.501937866210937500e+02
6.430265502929687500e+02 2.379615173339843750e+02 8.951320800781250000e+02 1.979030303955078125e+02
7.561098022460937500e+02 2.587892150878906250e+02 9.985622558593750000e+02 2.244037475585937500e+02
7.171916503906250000e+02 2.808754577636718750e+02 9.536143798828125000e+02 2.455231170654296875e+02
7.171916503906250000e+02 2.808754577636718750e+02 9.536143798828125000e+02 2.455231170654296875e+02
7.253265991210937500e+02 2.918793334960937500e+02 9.591022949218750000e+02 2.572857666015625000e+02
4.233531188964843750e+02 3.243226013183593750e+02 6.733571166992187500e+02 2.684359130859375000e+02
5.903579711914062500e+02 4.491488952636718750e+02 8.066242065429687500e+02 3.981249694824218750e+02
6.040097045898437500e+02 4.541751708984375000e+02 8.180230102539062500e+02 4.036820983886718750e+02
3.422361755371093750e+02 5.260429077148437500e+02 5.499718627929687500e+02 4.492049865722656250e+02
1.033052978515625000e+03 4.464241027832031250e+02 1.054952392578125000e+03 4.785274353027343750e+02
1.111267822265625000e+03 4.646145629882812500e+02 1.328551879882812500e+03 4.806921081542968750e+02
1.247919677734375000e+03 4.513395385742187500e+02 1.496855712890625000e+03 4.862352600097656250e+02
3.991899108886718750e+02 5.783232421875000000e+02 5.964456787109375000e+02 4.988253173828125000e+02
1.540525390625000000e+03 4.693368225097656250e+02 1.895038696289062500e+03 5.602756347656250000e+02
1.521359008789062500e+03 4.783258361816406250e+02 1.863339599609375000e+03 5.672015380859375000e+02
4.399690856933593750e+02 6.682461547851562500e+02 6.235691528320312500e+02 5.833551635742187500e+02
3.731687011718750000e+02 7.029663085937500000e+02 5.639320678710937500e+02 6.059990844726562500e+02
1.445205932617187500e+03 5.609905395507812500e+02 1.739637695312500000e+03 6.525770874023437500e+02
1.440768188476562500e+03 5.798259887695312500e+02 1.723515258789062500e+03 6.726843261718750000e+02
1.178325439453125000e+03 6.491110229492187500e+02 1.267786010742187500e+03 7.095064697265625000e+02
1.191749145507812500e+03 6.601913452148437500e+02 1.276892333984375000e+03 7.263178100585937500e+02
7.638170776367187500e+02 7.737915649414062500e+02 8.035667724609375000e+02 7.505031127929687500e+02
4.978807067871093750e+02 8.474978637695312500e+02 5.646289672851562500e+02 7.658400268554687500e+02
7.806794433593750000e+02 7.903342285156250000e+02 8.138002319335937500e+02 7.703579101562500000e+02
4.946783142089843750e+02 8.683493652343750000e+02 5.534822387695312500e+02 7.847645874023437500e+02
1.211471313476562500e+03 7.340096435546875000e+02 1.263704467773437500e+03 8.137066040039062500e+02
1.212546630859375000e+03 7.474694824218750000e+02 1.261910034179687500e+03 8.289661865234375000e+02
1.189729370117187500e+03 8.096947631835937500e+02 1.204347412109375000e+03 8.933254394531250000e+02
1.149625854492187500e+03 8.224424438476562500e+02 1.155076538085937500e+03 8.961132202148437500e+02
9.113193359375000000e+02 8.872108764648437500e+02 8.869775390625000000e+02 8.999940185546875000e+02
1.026552612304687500e+03 8.662872314453125000e+02 1.006054443359375000e+03 9.098161621093750000e+02
7.577064208984375000e+02 9.671358642578125000e+02 7.249337768554687500e+02 9.411411132812500000e+02
1.039635253906250000e+03 8.914256591796875000e+02 1.008560729980468750e+03 9.402494506835937500e+02
7.603959960937500000e+02 9.870828857421875000e+02 7.190997924804687500e+02 9.616290893554687500e+02
7.210645751953125000e+02 1.000827026367187500e+03 6.849053344726562500e+02 9.649198608398437500e+02
7.210645751953125000e+02 1.000827026367187500e+03 6.849053344726562500e+02 9.649198608398437500e+02
3.449859313964843750e+02 1.999203796386718750e+02 6.414313964843750000e+02 1.486587982177734375e+02
3.573377990722656250e+02 2.112967376708984375e+02 6.485315551757812500e+02 1.609266357421875000e+02
5.778693237304687500e+02 2.272875518798828125e+02 8.420441894531250000e+02 1.894098968505859375e+02
5.904331054687500000e+02 2.558454895019531250e+02 8.422308349609375000e+02 2.145205841064453125e+02
3.516119995117187500e+02 4.753517761230468750e+02 5.630737915039062500e+02 4.013398742675781250e+02
3.250979614257812500e+02 4.891243591308593750e+02 5.394018554687500000e+02 4.089089660644531250e+02
2.962126770019531250e+02 4.961065368652343750e+02 5.155593872070312500e+02 4.109400329589843750e+02
4.431424560546875000e+02 4.908624572753906250e+02 6.709281005859375000e+02 4.209653320312500000e+02
1.908932952880859375e+02 5.332379760742187500e+02 4.355104064941406250e+02 4.359125061035156250e+02
4.604738464355468750e+02 5.222862548828125000e+02 6.836461791992187500e+02 4.505549011230468750e+02
3.389467163085937500e+02 5.516832885742187500e+02 5.448412475585937500e+02 4.702029113769531250e+02
4.626294555664062500e+02 5.433077392578125000e+02 6.809729003906250000e+02 4.699126281738281250e+02
4.087156372070312500e+02 6.457810058593750000e+02 5.971963500976562500e+02 5.593649902343750000e+02
1.454881225585937500e+03 4.911814880371093750e+02 1.768123901367187500e+03 5.708175048828125000e+02
3.747573242187500000e+02 6.692222290039062500e+02 5.652189941406250000e+02 5.763733520507812500e+02
3.698569335937500000e+02 7.172830200195312500e+02 5.591170043945312500e+02 6.164356079101562500e+02
1.547526611328125000e+03 5.464790649414062500e+02 1.889128662109375000e+03 6.565253295898437500e+02
5.133685913085937500e+02 7.717923583984375000e+02 6.040320434570312500e+02 6.972442626953125000e+02
5.432785644531250000e+02 7.752222290039062500e+02 6.246886596679687500e+02 7.059000854492187500e+02
1.029889892578125000e+03 6.905969238281250000e+02 1.032353027343750000e+03 7.297911987304687500e+02
7.534681396484375000e+02 7.629669189453125000e+02 8.012496337890625000e+02 7.354286499023437500e+02
1.183347656250000000e+03 6.722894897460937500e+02 1.262731323242187500e+03 7.364241333007812500e+02
7.230135345458984375e+01 9.628133544921875000e+02 3.312209472656250000e+02 7.704831542968750000e+02
6.238662109375000000e+02 8.297753906250000000e+02 6.693917846679687500e+02 7.764890747070312500e+02
1.218116821289062500e+03 7.075278930664062500e+02 1.281918701171875000e+03 7.856903076171875000e+02
1.218116821289062500e+03 7.075278930664062500e+02 1.281918701171875000e+03 7.856903076171875000e+02
1.231218505859375000e+03 7.111799926757812500e+02 1.297179809570312500e+03 7.930543823242187500e+02
4.943469238281250000e+02 8.816812744140625000e+02 5.520343017578125000e+02 7.972916259765625000e+02
1.219124023437500000e+03 7.195942382812500000e+02 1.279667358398437500e+03 7.999295043945312500e+02
1.202340209960937500e+03 7.418511962890625000e+02 1.250729370117187500e+03 8.189732055664062500e+02
1.233240600585937500e+03 7.455874023437500000e+02 1.282728027343750000e+03 8.345154418945312500e+02
1.105875610351562500e+03 7.837289428710937500e+02 1.125168090820312500e+03 8.415031738281250000e+02
6.454653930664062500e+02 9.010016479492187500e+02 6.574325561523437500e+02 8.478363647460937500e+02
1.177078247070312500e+03 8.078698730468750000e+02 1.192903442382812500e+03 8.857652587890625000e+02
9.885479736328125000e+02 8.634215698242187500e+02 9.743324584960937500e+02 8.948124389648437500e+02
1.041731201171875000e+03 8.582650146484375000e+02 1.026186645507812500e+03 9.059652099609375000e+02
1.174082275390625000e+03 8.397422485351562500e+02 1.172213256835937500e+03 9.239931030273437500e+02
8.626974487304687500e+02 9.280115356445312500e+02 8.278875122070312500e+02 9.308963012695312500e+02
1.212291015625000000e+03 8.390062866210937500e+02 1.213077270507812500e+03 9.326423950195312500e+02
1.212291015625000000e+03 8.390062866210937500e+02 1.213077270507812500e+03 9.326423950195312500e+02
1.300861572265625000e+03 8.269446411132812500e+02 1.320855102539062500e+03 9.472434692382812500e+02
7.329836425781250000e+02 9.828905029296875000e+02 6.946596069335937500e+02 9.526348876953125000e+02
9.934049682617187500e+02 9.257277221679687500e+02 9.550787963867187500e+02 9.645396118164062500e+02
1.094676757812500000e+03 9.479877319335937500e+02 1.038203125000000000e+03 1.016559997558593750e+03
1.089529296875000000e+03 9.609867553710937500e+02 1.030654174804687500e+03 1.029925170898437500e+03
1.043862670898437500e+03 9.770603637695312500e+02 9.752792358398437500e+02 1.033190063476562500e+03
1.043862670898437500e+03 9.770603637695312500e+02 9.752792358398437500e+02 1.033190063476562500e+03
1.066214355468750000e+03 9.694197998046875000e+02 1.003702209472656250e+03 1.031657836914062500e+03
1.104510986328125000e+03 9.668919067382812500e+02 1.040300048828125000e+03 1.041095214843750000e+03
1.388977783203125000e+03 8.841038208007812500e+02 1.400620727539062500e+03 1.040829833984375000e+03
9.195494995117187500e+02 1.025357543945312500e+03 8.418807373046875000e+02 1.043836059570312500e+03
8.942639770507812500e+02 1.031821777343750000e+03 8.118170776367187500e+02 1.045360473632812500e+03
8.942639770507812500e+02 1.031821777343750000e+03 8.118170776367187500e+02 1.045360473632812500e+03
1.220021606445312500e+03 9.474511108398437500e+02 1.175999511718750000e+03 1.055079223632812500e+03
1.408874877929687500e+03 8.907268066406250000e+02 1.420796264648437500e+03 1.055169921875000000e+03
4.294286727905273438e+01 5.205355834960937500e+02 3.536237487792968750e+02 4.087778625488281250e+02
5.147763671875000000e+02 4.725651245117187500e+02 7.360332031250000000e+02 4.118129272460937500e+02
4.154384460449218750e+02 4.929908752441406250e+02 6.471699829101562500e+02 4.199151000976562500e+02
5.277435913085937500e+02 5.101139526367187500e+02 7.437053833007812500e+02 4.467819824218750000e+02
5.277435913085937500e+02 5.101139526367187500e+02 7.437053833007812500e+02 4.467819824218750000e+02
3.645489501953125000e+02 5.326538085937500000e+02 5.707838134765625000e+02 4.570693359375000000e+02
4.819646911621093750e+02 5.340799560546875000e+02 6.979983520507812500e+02 4.645073852539062500e+02
4.819646911621093750e+02 5.340799560546875000e+02 6.979983520507812500e+02 4.645073852539062500e+02
9.116190795898437500e+02 4.655651855468750000e+02 9.274168090820312500e+02 4.810168762207031250e+02
1.021886779785156250e+03 4.741891784667968750e+02 1.034219604492187500e+03 5.071746520996093750e+02
1.531472900390625000e+03 4.587613220214843750e+02 1.887256347656250000e+03 5.470213623046875000e+02
1.445642700195312500e+03 5.709670410156250000e+02 1.734645874023437500e+03 6.637841796875000000e+02
1.042589843750000000e+03 7.011878051757812500e+02 1.043065673828125000e+03 7.441502685546875000e+02
1.063619995117187500e+03 7.215683593750000000e+02 1.068432250976562500e+03 7.721029052734375000e+02
5.275424804687500000e+02 8.608738403320312500e+02 5.798643188476562500e+02 7.848344116210937500e+02
6.091848754882812500e+02 8.433820190429687500e+02 6.527875366210937500e+02 7.862203369140625000e+02
1.246004394531250000e+03 7.177092895507812500e+02 1.311098388671875000e+03 8.050297241210937500e+02
8.399472656250000000e+02 8.132202758789062500e+02 8.539075927734375000e+02 8.066519775390625000e+02
1.135144165039062500e+03 7.515514526367187500e+02 1.171120117187500000e+03 8.138831787109375000e+02
8.576540527343750000e+02 8.187411499023437500e+02 8.709484863281250000e+02 8.157799072265625000e+02
1.263529907226562500e+03 7.347124633789062500e+02 1.323321044921875000e+03 8.299878540039062500e+02
5.363070068359375000e+02 9.152299194335937500e+02 5.668688354492187500e+02 8.358936157226562500e+02
7.695114135742187500e+02 8.634050292968750000e+02 7.731141357421875000e+02 8.407945556640625000e+02
7.695114135742187500e+02 8.634050292968750000e+02 7.731141357421875000e+02 8.407945556640625000e+02
8.877962646484375000e+02 8.391770629882812500e+02 8.898020019531250000e+02 8.455307006835937500e+02
6.287292480468750000e+02 9.322431640625000000e+02 6.333967895507812500e+02 8.765852050781250000e+02
1.264553100585937500e+03 7.919458007812500000e+02 1.298122680664062500e+03 8.942327880859375000e+02
1.164008056640625000e+03 8.210050659179687500e+02 1.169609130859375000e+03 8.986446533203125000e+02
1.164008056640625000e+03 8.210050659179687500e+02 1.169609130859375000e+03 8.986446533203125000e+02
1.014817871093750000e+03 8.663208007812500000e+02 9.984177246093750000e+02 9.063568725585937500e+02
1.286832885742187500e+03 8.011224365234375000e+02 1.314868286132812500e+03 9.121168212890625000e+02
9.152280883789062500e+02 9.080828247070312500e+02 8.834752807617187500e+02 9.235020141601562500e+02
7.312934570312500000e+02 9.622551879882812500e+02 7.054730224609375000e+02 9.297665405273437500e+02
1.187485961914062500e+03 8.509135742187500000e+02 1.183162597656250000e+03 9.384257202148437500e+02
1.231648315429687500e+03 9.069197387695312500e+02 1.206851928710937500e+03 1.013763305664062500e+03
1.421144531250000000e+03 8.806419067382812500e+02 1.442216064453125000e+03 1.051025390625000000e+03
2.936410522460937500e+02 1.988015594482421875e+02 5.536807250976562500e+02 1.506432495117187500e+02
5.538421630859375000e+02 2.068480224609375000e+02 8.212161254882812500e+02 1.633744049072265625e+02
6.130430908203125000e+02 2.652719421386718750e+02 8.601505126953125000e+02 2.233628845214843750e+02
3.322720642089843750e+02 2.850517578125000000e+02 5.767041015625000000e+02 2.349863433837890625e+02
7.747817993164062500e+02 2.826333923339843750e+02 1.009835998535156250e+03 2.478608398437500000e+02
4.483936767578125000e+02 3.533347473144531250e+02 6.935973510742187500e+02 2.965701599121093750e+02
4.781049194335937500e+02 4.496460571289062500e+02 7.055485839843750000e+02 3.877931213378906250e+02
3.781194763183593750e+02 5.507358398437500000e+02 5.797843627929687500e+02 4.728403320312500000e+02
9.661164550781250000e+02 7.188414916992187500e+02 9.709611816406250000e+02 7.454401245117187500e+02
1.203971557617187500e+03 7.150419311523437500e+02 1.265787719726562500e+03 7.897714843750000000e+02
1.129556274414062500e+03 7.364468994140625000e+02 1.171354858398437500e+03 7.954842529296875000e+02
1.573254516601562500e+03 6.655825195312500000e+02 1.879225341796875000e+03 8.115387573242187500e+02
6.300448608398437500e+02 8.870842285156250000e+02 6.542673950195312500e+02 8.315869750976562500e+02
7.390235595703125000e+02 8.861210327148437500e+02 7.403416748046875000e+02 8.570593872070312500e+02
5.248207397460937500e+02 9.628406982421875000e+02 5.398541870117187500e+02 8.805697021484375000e+02
1.284541625976562500e+03 7.769974365234375000e+02 1.328622924804687500e+03 8.828322753906250000e+02
1.300999633789062500e+03 7.892915649414062500e+02 1.340045166015625000e+03 9.028097534179687500e+02
1.203453735351562500e+03 8.225731811523437500e+02 1.212969604492187500e+03 9.127946166992187500e+02
8.459616088867187500e+02 9.376082763671875000e+02 8.117899780273437500e+02 9.360444946289062500e+02
1.205788574218750000e+03 8.562250366210937500e+02 1.203430541992187500e+03 9.501628417968750000e+02
1.171782470703125000e+03 8.671344604492187500e+02 1.158396484375000000e+03 9.525109863281250000e+02
1.028428222656250000e+03 9.103098754882812500e+02 9.939640502929687500e+02 9.568972778320312500e+02
1.028428222656250000e+03 9.103098754882812500e+02 9.939640502929687500e+02 9.568972778320312500e+02
1.354746459960937500e+03 8.678207397460937500e+02 1.369160156250000000e+03 1.010153381347656250e+03
1.219342773437500000e+03 9.250704956054687500e+02 1.183791137695312500e+03 1.031287963867187500e+03
1.252956298828125000e+03 9.180051269531250000e+02 1.225229736328125000e+03 1.034505859375000000e+03
1.364952636718750000e+03 8.841155395507812500e+02 1.369848632812500000e+03 1.033199951171875000e+03
1.238422851562500000e+03 9.303857421875000000e+02 1.201965087890625000e+03 1.043918579101562500e+03
1.238422851562500000e+03 9.303857421875000000e+02 1.201965087890625000e+03 1.043918579101562500e+03
6.136712646484375000e+02 2.212403564453125000e+02 8.749157104492187500e+02 1.812615661621093750e+02
5.358387451171875000e+02 2.510530242919921875e+02 7.991271972656250000e+02 2.041401367187500000e+02
3.555187683105468750e+02 3.564231567382812500e+02 5.906350097656250000e+02 2.965718078613281250e+02
3.428287048339843750e+02 6.133450927734375000e+02 5.424011230468750000e+02 5.238445434570312500e+02
1.474362548828125000e+03 5.066317138671875000e+02 1.791524414062500000e+03 5.908076782226562500e+02
1.483694458007812500e+03 5.599633789062500000e+02 1.788944702148437500e+03 6.601049194335937500e+02
9.671427612304687500e+02 6.684774780273437500e+02 9.792028808593750000e+02 6.946598510742187500e+02
5.823310546875000000e+02 7.658209228515625000e+02 6.635548706054687500e+02 7.002272949218750000e+02
6.717805786132812500e+02 8.775650024414062500e+02 6.842517089843750000e+02 8.314280395507812500e+02
1.135897460937500000e+03 8.256303100585937500e+02 1.139976928710937500e+03 8.960115966796875000e+02
1.272294677734375000e+03 8.106741943359375000e+02 1.298376342773437500e+03 9.172281494140625000e+02
1.058358398437500000e+03 8.959177856445312500e+02 1.025951049804687500e+03 9.514306640625000000e+02
9.451235351562500000e+02 1.007717285156250000e+03 8.703335571289062500e+02 1.035162963867187500e+03
5.802988891601562500e+02 1.910240020751953125e+02 8.470910034179687500e+02 1.492206878662109375e+02
4.350458679199218750e+02 3.675833740234375000e+02 6.793189697265625000e+02 3.104018249511718750e+02
5.760861206054687500e+02 8.102404174804687500e+02 6.357124633789062500e+02 7.485509643554687500e+02
8.280129394531250000e+02 8.259459228515625000e+02 8.405911865234375000e+02 8.126940307617187500e+02
7.665585327148437500e+02 9.471584472656250000e+02 7.370499267578125000e+02 9.221834106445312500e+02
7.665585327148437500e+02 9.471584472656250000e+02 7.370499267578125000e+02 9.221834106445312500e+02
9.476626586914062500e+02 9.018071899414062500e+02 9.194893188476562500e+02 9.247379760742187500e+02
1.004306579589843750e+03 8.949796752929687500e+02 9.770515747070312500e+02 9.328915405273437500e+02
1.473925170898437500e+03 8.598067016601562500e+02 1.521602416992187500e+03 1.041157836914062500e+03
1.458507324218750000e+03 5.437117919921875000e+02 1.759851318359375000e+03 6.361424560546875000e+02
7.049006347656250000e+02 7.522125244140625000e+02 7.695428466796875000e+02 7.127501220703125000e+02
5.783652343750000000e+02 8.737927246093750000e+02 6.220453491210937500e+02 8.016413574218750000e+02
6.990815429687500000e+02 8.437543334960937500e+02 7.177001342773437500e+02 8.112973632812500000e+02
1.108186645507812500e+03 8.091894531250000000e+02 1.114780883789062500e+03 8.695498657226562500e+02
7.175808715820312500e+02 9.161672973632812500e+02 7.119310302734375000e+02 8.809786376953125000e+02
1.239094604492187500e+03 8.192456665039062500e+02 1.255461547851562500e+03 9.182899169921875000e+02
8.111272583007812500e+02 9.560881347656250000e+02 7.736330566406250000e+02 9.441273193359375000e+02
1.344759155273437500e+03 8.807763671875000000e+02 1.348906982421875000e+03 1.018900756835937500e+03
1.391294067382812500e+03 8.644179077148437500e+02 1.410720336914062500e+03 1.017912963867187500e+03
4.129515380859375000e+02 2.185604400634765625e+02 6.905506591796875000e+02 1.717295837402343750e+02
5.205820312500000000e+02 3.611820068359375000e+02 7.516432495117187500e+02 3.111253051757812500e+02
4.382325744628906250e+02 3.833551940917968750e+02 6.763582763671875000e+02 3.242037658691406250e+02
4.382325744628906250e+02 3.833551940917968750e+02 6.763582763671875000e+02 3.242037658691406250e+02
5.000448913574218750e+02 4.946928710937500000e+02 7.196572875976562500e+02 4.293543395996093750e+02
5.000448913574218750e+02 4.946928710937500000e+02 7.196572875976562500e+02 4.293543395996093750e+02
4.479581298828125000e+02 8.235474853515625000e+02 5.426155395507812500e+02 7.284338378906250000e+02
1.148890869140625000e+03 7.124090576171875000e+02 1.203823608398437500e+03 7.716620483398437500e+02
7.987391967773437500e+02 9.133843383789062500e+02 7.783367309570312500e+02 8.979407958984375000e+02
8.435087890625000000e+02 8.628143920898437500e+02 8.402783813476562500e+02 8.561085205078125000e+02
1.212309692382812500e+03 7.818268432617187500e+02 1.239659545898437500e+03 8.675313720703125000e+02
1.095422241210937500e+03 8.494304199218750000e+02 1.085422485351562500e+03 9.134108276367187500e+02
3.784256286621093750e+02 1.840048065185546875e+02 6.359942626953125000e+02 1.338927612304687500e+02
