1.020017761230468750e+03 9.057347412109375000e+02 1.021520751953125000e+03 7.591997070312500000e+02
1.112747192382812500e+03 1.001465026855468750e+03 1.119130126953125000e+03 7.487644042968750000e+02
1.540525390625000000e+03 4.693368225097656250e+02 5.532009277343750000e+02 3.417324829101562500e+02
1.521359008789062500e+03 4.783258361816406250e+02 5.419520874023437500e+02 3.536697998046875000e+02
1.492833496093750000e+03 4.937839050292968750e+02 5.320001220703125000e+02 3.739424133300781250e+02
1.454881225585937500e+03 4.911814880371093750e+02 5.005980834960937500e+02 3.805965881347656250e+02
1.440768188476562500e+03 5.798259887695312500e+02 5.262821655273437500e+02 4.650009460449218750e+02
1.341307617187500000e+03 8.789985961914062500e+02 5.540360717773437500e+02 7.520226440429687500e+02
1.048367675781250000e+03 9.880709228515625000e+02 1.095578002929687500e+03 7.717585449218750000e+02
1.046652954101562500e+03 1.017335632324218750e+03 1.114562011718750000e+03 7.822879028320312500e+02
9.195494995117187500e+02 1.025357543945312500e+03 1.093696166992187500e+03 8.490552368164062500e+02
8.836428222656250000e+02 9.547926635742187500e+02 1.025544799804687500e+03 8.513504028320312500e+02
8.836428222656250000e+02 9.547926635742187500e+02 1.025544799804687500e+03 8.513504028320312500e+02
9.136395874023437500e+02 1.051141601562500000e+03 1.114430786132812500e+03 8.600356445312500000e+02
8.967448730468750000e+02 1.044608642578125000e+03 1.105730957031250000e+03 8.659802856445312500e+02
8.967448730468750000e+02 1.044608642578125000e+03 1.105730957031250000e+03 8.659802856445312500e+02
7.569363403320312500e+02 9.777376708984375000e+02 1.005454467773437500e+03 9.430167236328125000e+02
1.531472900390625000e+03 4.587613220214843750e+02 5.456729736328125000e+02 3.345857238769531250e+02
1.247919677734375000e+03 4.513395385742187500e+02 3.036008911132812500e+02 4.051093750000000000e+02
1.445642700195312500e+03 5.709670410156250000e+02 5.306291503906250000e+02 4.541094360351562500e+02
7.717624511718750000e+02 6.539928588867187500e+02 9.892845458984375000e+02 6.872320556640625000e+02
9.885479736328125000e+02 8.634215698242187500e+02 9.696354980468750000e+02 7.604122924804687500e+02
9.347601318359375000e+02 8.265762939453125000e+02 9.124419555664062500e+02 7.805513916015625000e+02
1.031106567382812500e+03 1.007829284667968750e+03 1.105203002929687500e+03 7.861493530273437500e+02
8.879367065429687500e+02 9.342467041015625000e+02 1.014009643554687500e+03 8.404882202148437500e+02
8.721258544921875000e+02 9.475502929687500000e+02 1.014985351562500000e+03 8.547926025390625000e+02
8.512969970703125000e+02 9.745968627929687500e+02 1.035174926757812500e+03 8.762378540039062500e+02
8.512969970703125000e+02 9.745968627929687500e+02 1.035174926757812500e+03 8.762378540039062500e+02
7.459916381835937500e+02 9.815336303710937500e+02 1.005872863769531250e+03 9.537442626953125000e+02
7.447019042968750000e+02 9.923173828125000000e+02 1.016413391113281250e+03 9.565921630859375000e+02
7.477422485351562500e+02 1.002329162597656250e+03 1.027731323242187500e+03 9.563587036132812500e+02
7.477422485351562500e+02 1.002329162597656250e+03 1.027731323242187500e+03 9.563587036132812500e+02
7.183266601562500000e+02 9.785213012695312500e+02 9.927642211914062500e+02 9.732264404296875000e+02
7.183266601562500000e+02 9.785213012695312500e+02 9.927642211914062500e+02 9.732264404296875000e+02
7.210645751953125000e+02 1.000827026367187500e+03 1.016489929199218750e+03 9.739071655273437500e+02
7.210645751953125000e+02 1.000827026367187500e+03 1.016489929199218750e+03 9.739071655273437500e+02
7.212141723632812500e+02 1.012138732910156250e+03 1.028466552734375000e+03 9.752933959960937500e+02
7.059575805664062500e+02 1.004584594726562500e+03 1.016841735839843750e+03 9.871245727539062500e+02
9.138945922851562500e+02 9.383984375000000000e+02 1.021991699218750000e+03 8.302883911132812500e+02
9.029249877929687500e+02 1.018374206542968750e+03 1.085978759765625000e+03 8.586720581054687500e+02
7.329836425781250000e+02 9.828905029296875000e+02 1.003645568847656250e+03 9.620377807617187500e+02
7.151694946289062500e+02 9.550387573242187500e+02 9.622445678710937500e+02 9.702741699218750000e+02
6.355806884765625000e+02 8.326443481445312500e+02 7.409649047851562500e+02 1.026192382812500000e+03
1.483694458007812500e+03 5.599633789062500000e+02 5.533997192382812500e+02 4.349165039062500000e+02
8.877962646484375000e+02 8.391770629882812500e+02 9.068154296875000000e+02 8.122030029296875000e+02
7.078984375000000000e+02 9.943643798828125000e+02 1.006005737304687500e+03 9.833387451171875000e+02
6.456891479492187500e+02 8.098007202148437500e+02 7.015686645507812500e+02 1.013376037597656250e+03
1.004306579589843750e+03 8.949796752929687500e+02 1.008050781250000000e+03 7.617879028320312500e+02
9.451235351562500000e+02 1.007717285156250000e+03 1.088232055664062500e+03 8.323310546875000000e+02
7.534681396484375000e+02 7.629669189453125000e+02 7.052498168945312500e+02 8.852404174804687500e+02
1.458507324218750000e+03 5.437117919921875000e+02 5.280920410156250000e+02 4.265607910156250000e+02
7.665585327148437500e+02 9.471584472656250000e+02 9.723740234375000000e+02 9.307333374023437500e+02
7.987391967773437500e+02 9.133843383789062500e+02 9.418973388671875000e+02 8.963676147460937500e+02
