9.155731201171875000e+02 4.234981994628906250e+02 8.309230957031250000e+02 3.864498901367187500e+02
1.659536254882812500e+03 6.007256469726562500e+02 1.180891357421875000e+03 4.127356262207031250e+02
8.711683959960937500e+02 4.427240600585937500e+02 8.283123168945312500e+02 4.242329711914062500e+02
9.627750244140625000e+02 4.882129211425781250e+02 9.204754638671875000e+02 4.642311706542968750e+02
9.627750244140625000e+02 4.882129211425781250e+02 9.204754638671875000e+02 4.642311706542968750e+02
7.761784057617187500e+02 7.813532104492187500e+02 6.460351562500000000e+02 7.263624267578125000e+02
1.025199707031250000e+03 8.841144409179687500e+02 9.296367187500000000e+02 7.765325317382812500e+02
1.455892333984375000e+03 5.234245605468750000e+02 1.029763427734375000e+03 3.441972656250000000e+02
1.626998901367187500e+03 5.613054809570312500e+02 1.160452026367187500e+03 3.832423095703125000e+02
8.767760620117187500e+02 4.479820861816406250e+02 8.401422729492187500e+02 4.322431945800781250e+02
9.034394531250000000e+02 4.648714599609375000e+02 8.666017456054687500e+02 4.479046936035156250e+02
1.635533691406250000e+03 7.432633666992187500e+02 1.155513061523437500e+03 5.175028076171875000e+02
1.188874023437500000e+03 7.208090209960937500e+02 9.967395019531250000e+02 6.007955932617187500e+02
7.694464721679687500e+02 7.828780517578125000e+02 6.370230102539062500e+02 7.310119628906250000e+02
8.196875610351562500e+02 7.994094848632812500e+02 7.045952148437500000e+02 7.364801635742187500e+02
8.845308227539062500e+02 8.142944946289062500e+02 7.794482421875000000e+02 7.373833007812500000e+02
1.004838439941406250e+03 8.736090087890625000e+02 9.105083007812500000e+02 7.710828247070312500e+02
1.004838439941406250e+03 8.736090087890625000e+02 9.105083007812500000e+02 7.710828247070312500e+02
7.905777587890625000e+02 8.368604736328125000e+02 6.954154663085937500e+02 7.793851928710937500e+02
9.838235473632812500e+02 8.887878417968750000e+02 9.012958374023437500e+02 7.875043945312500000e+02
1.020017761230468750e+03 9.057347412109375000e+02 9.392361450195312500e+02 7.930462036132812500e+02
6.582595214843750000e+02 9.025110473632812500e+02 5.879188842773437500e+02 8.784207763671875000e+02
1.781620361328125000e+03 5.666543579101562500e+02 1.247853027343750000e+03 3.840447387695312500e+02
1.650729736328125000e+03 6.222526855468750000e+02 1.177862426757812500e+03 4.327842407226562500e+02
1.243365356445312500e+03 7.870115966796875000e+02 7.308297729492187500e+02 5.213029174804687500e+02
1.243365356445312500e+03 7.870115966796875000e+02 7.308297729492187500e+02 5.213029174804687500e+02
7.480126953125000000e+02 6.582012329101562500e+02 5.245478515625000000e+02 5.894231567382812500e+02
7.321475219726562500e+02 6.579862670898437500e+02 5.039877014160156250e+02 5.911016235351562500e+02
1.233240600585937500e+03 7.455874023437500000e+02 1.036798583984375000e+03 6.218695678710937500e+02
8.930830688476562500e+02 6.947337036132812500e+02 7.985415649414062500e+02 6.381943359375000000e+02
8.930830688476562500e+02 6.947337036132812500e+02 7.985415649414062500e+02 6.381943359375000000e+02
7.735427246093750000e+02 7.709669189453125000e+02 6.379331665039062500e+02 7.163640747070312500e+02
6.254006347656250000e+02 7.463677368164062500e+02 4.308848266601562500e+02 7.184090576171875000e+02
6.254006347656250000e+02 7.463677368164062500e+02 4.308848266601562500e+02 7.184090576171875000e+02
6.530319824218750000e+02 7.595086669921875000e+02 4.796432189941406250e+02 7.271712036132812500e+02
1.005304565429687500e+03 8.387949218750000000e+02 8.997624511718750000e+02 7.377111206054687500e+02
6.274499511718750000e+02 7.664667968750000000e+02 4.484506835937500000e+02 7.425153198242187500e+02
9.039596557617187500e+02 8.305757446289062500e+02 8.034364013671875000e+02 7.513166503906250000e+02
1.041731201171875000e+03 8.582650146484375000e+02 9.351547241210937500e+02 7.524310913085937500e+02
1.026552612304687500e+03 8.662872314453125000e+02 9.238490600585937500e+02 7.612175292968750000e+02
8.725074462890625000e+02 8.391005249023437500e+02 7.794122924804687500e+02 7.665344848632812500e+02
9.791431274414062500e+02 8.729632568359375000e+02 8.890050048828125000e+02 7.752067260742187500e+02
7.497948608398437500e+02 8.432797241210937500e+02 6.541820678710937500e+02 7.964064331054687500e+02
5.185720825195312500e+02 7.912760009765625000e+02 3.150885009765625000e+02 7.974042358398437500e+02
6.592326660156250000e+02 9.106145629882812500e+02 5.933302612304687500e+02 8.864635620117187500e+02
6.592326660156250000e+02 9.106145629882812500e+02 5.933302612304687500e+02 8.864635620117187500e+02
6.232138061523437500e+02 9.230457763671875000e+02 5.599257202148437500e+02 9.085692138671875000e+02
1.564520996093750000e+03 4.475962829589843750e+02 1.104209594726562500e+03 2.749147644042968750e+02
1.501541748046875000e+03 5.418779907226562500e+02 1.059403686523437500e+03 3.604197082519531250e+02
1.799493896484375000e+03 5.615037231445312500e+02 1.255323852539062500e+03 3.767659301757812500e+02
1.218265258789062500e+03 7.422581176757812500e+02 1.026312866210937500e+03 6.195933837890625000e+02
1.029889892578125000e+03 6.905969238281250000e+02 9.339505004882812500e+02 6.208193359375000000e+02
6.253958129882812500e+02 7.381972656250000000e+02 4.247124328613281250e+02 7.084296875000000000e+02
1.364952636718750000e+03 8.841155395507812500e+02 1.162552734375000000e+03 7.159567260742187500e+02
7.463477783203125000e+02 7.747138061523437500e+02 6.090456542968750000e+02 7.273934326171875000e+02
9.347601318359375000e+02 8.265762939453125000e+02 8.289542846679687500e+02 7.436331176757812500e+02
7.788316040039062500e+02 8.291087646484375000e+02 6.768422851562500000e+02 7.747369384765625000e+02
6.456891479492187500e+02 8.098007202148437500e+02 5.089847106933593750e+02 7.861528930664062500e+02
7.830374145507812500e+02 8.430758056640625000e+02 6.885247802734375000e+02 7.879300537109375000e+02
6.594400634765625000e+02 8.937868652343750000e+02 5.822191772460937500e+02 8.702454223632812500e+02
6.345681762695312500e+02 9.186898803710937500e+02 5.702246704101562500e+02 9.013040771484375000e+02
7.577064208984375000e+02 9.671358642578125000e+02 7.315215454101562500e+02 9.112547607421875000e+02
7.603959960937500000e+02 9.870828857421875000e+02 7.445190429687500000e+02 9.280404052734375000e+02
7.459916381835937500e+02 9.815336303710937500e+02 7.236435546875000000e+02 9.298455200195312500e+02
7.183266601562500000e+02 9.785213012695312500e+02 6.986666870117187500e+02 9.336948852539062500e+02
7.447019042968750000e+02 9.923173828125000000e+02 7.287536010742187500e+02 9.390369262695312500e+02
9.136395874023437500e+02 1.051141601562500000e+03 9.041222534179687500e+02 9.415814819335937500e+02
7.477422485351562500e+02 1.002329162597656250e+03 7.366286621093750000e+02 9.471027221679687500e+02
7.210645751953125000e+02 1.000827026367187500e+03 7.153782958984375000e+02 9.490668334960937500e+02
7.210645751953125000e+02 1.000827026367187500e+03 7.153782958984375000e+02 9.490668334960937500e+02
1.729079833984375000e+03 4.006311950683593750e+02 1.216152343750000000e+03 2.453355102539062500e+02
1.531472900390625000e+03 4.587613220214843750e+02 1.080151245117187500e+03 2.840880432128906250e+02
1.568944946289062500e+03 4.612118530273437500e+02 1.111324951171875000e+03 2.879362182617187500e+02
1.568956420898437500e+03 4.813796386718750000e+02 1.110527709960937500e+03 3.067238464355468750e+02
1.483694458007812500e+03 5.599633789062500000e+02 1.045488281250000000e+03 3.741363830566406250e+02
1.573254516601562500e+03 6.655825195312500000e+02 1.114575683593750000e+03 4.606163330078125000e+02
6.356954956054687500e+02 7.493408813476562500e+02 4.457364501953125000e+02 7.204558715820312500e+02
7.638170776367187500e+02 7.737915649414062500e+02 6.255349121093750000e+02 7.207686767578125000e+02
7.806794433593750000e+02 7.903342285156250000e+02 6.572474975585937500e+02 7.343057861328125000e+02
1.052650512695312500e+03 8.480625610351562500e+02 9.398938598632812500e+02 7.392670288085937500e+02
1.238422851562500000e+03 9.303857421875000000e+02 1.098950195312500000e+03 7.777911987304687500e+02
5.185941772460937500e+02 7.825357055664062500e+02 3.070104064941406250e+02 7.864777221679687500e+02
6.350619506835937500e+02 8.078060913085937500e+02 4.926905212402343750e+02 7.864096679687500000e+02
5.272050170898437500e+02 7.923205566406250000e+02 3.294275207519531250e+02 7.959757080078125000e+02
6.340143432617187500e+02 8.198913574218750000e+02 5.000726013183593750e+02 7.993906860351562500e+02
7.718676757812500000e+02 8.480642700195312500e+02 6.784129028320312500e+02 7.987327880859375000e+02
6.238662109375000000e+02 8.297753906250000000e+02 4.948577270507812500e+02 8.126577758789062500e+02
6.355806884765625000e+02 8.326443481445312500e+02 5.118334350585937500e+02 8.136068725585937500e+02
8.798256225585937500e+02 8.994581909179687500e+02 8.129560546875000000e+02 8.187651977539062500e+02
8.626974487304687500e+02 9.280115356445312500e+02 8.104234008789062500e+02 8.490524291992187500e+02
8.991869506835937500e+02 9.572534790039062500e+02 8.585190429687500000e+02 8.669607543945312500e+02
7.151694946289062500e+02 9.550387573242187500e+02 6.796510620117187500e+02 9.115789184570312500e+02
1.111267822265625000e+03 4.646145629882812500e+02 7.253505859375000000e+02 2.860404052734375000e+02
1.474362548828125000e+03 5.066317138671875000e+02 1.039306884765625000e+03 3.250024108886718750e+02
9.116190795898437500e+02 4.655651855468750000e+02 8.779702148437500000e+02 4.483759765625000000e+02
1.203453735351562500e+03 8.225731811523437500e+02 1.042075439453125000e+03 6.948341674804687500e+02
7.534681396484375000e+02 7.629669189453125000e+02 6.079318847656250000e+02 7.097761230468750000e+02
7.534681396484375000e+02 7.629669189453125000e+02 6.079318847656250000e+02 7.097761230468750000e+02
6.564124755859375000e+02 7.466997070312500000e+02 4.736991882324218750e+02 7.127994384765625000e+02
8.399472656250000000e+02 8.132202758789062500e+02 7.310839843750000000e+02 7.480922241210937500e+02
8.576540527343750000e+02 8.187411499023437500e+02 7.540858154296875000e+02 7.475913085937500000e+02
8.877962646484375000e+02 8.391770629882812500e+02 7.936630249023437500e+02 7.634038085937500000e+02
8.005845947265625000e+02 8.426412963867187500e+02 7.070860595703125000e+02 7.843262329101562500e+02
6.574766845703125000e+02 8.145696411132812500e+02 5.275744018554687500e+02 7.872144775390625000e+02
1.028428222656250000e+03 9.103098754882812500e+02 9.454887695312500000e+02 7.967236328125000000e+02
1.028428222656250000e+03 9.103098754882812500e+02 9.454887695312500000e+02 7.967236328125000000e+02
7.695114135742187500e+02 8.634050292968750000e+02 6.872301025390625000e+02 8.117280273437500000e+02
7.695114135742187500e+02 8.634050292968750000e+02 6.872301025390625000e+02 8.117280273437500000e+02
9.152280883789062500e+02 9.080828247070312500e+02 8.475481567382812500e+02 8.206928100585937500e+02
9.138945922851562500e+02 9.383984375000000000e+02 8.604742431640625000e+02 8.486826782226562500e+02
5.195442504882812500e+02 8.480192871093750000e+02 3.746649780273437500e+02 8.573583984375000000e+02
1.128972656250000000e+03 1.018511291503906250e+03 1.051804199218750000e+03 8.668800659179687500e+02
6.454653930664062500e+02 9.010016479492187500e+02 5.725088500976562500e+02 8.789113769531250000e+02
4.946783142089843750e+02 8.683493652343750000e+02 3.509808654785156250e+02 8.921080322265625000e+02
4.721353149414062500e+02 8.682835083007812500e+02 3.181693115234375000e+02 9.008266601562500000e+02
7.312934570312500000e+02 9.622551879882812500e+02 7.035397338867187500e+02 9.139543457031250000e+02
4.885812072753906250e+02 9.356212768554687500e+02 3.992882385253906250e+02 9.637713012695312500e+02
4.527308349609375000e+02 9.552463989257812500e+02 3.657270507812500000e+02 9.981475830078125000e+02
7.931302490234375000e+02 4.770559387207031250e+02 2.808570556640625000e+02 2.757467346191406250e+02
1.458507324218750000e+03 5.437117919921875000e+02 1.028287353515625000e+03 3.588972167968750000e+02
1.545565551757812500e+03 5.623091430664062500e+02 1.089411987304687500e+03 3.736279907226562500e+02
1.560599609375000000e+03 6.089155273437500000e+02 1.105787231445312500e+03 4.144752807617187500e+02
1.706070190429687500e+03 6.282087402343750000e+02 1.205703735351562500e+03 4.317794189453125000e+02
9.661164550781250000e+02 7.188414916992187500e+02 8.781421508789062500e+02 6.534113769531250000e+02
1.455554321289062500e+03 9.686351928710937500e+02 1.233324218750000000e+03 7.651442871093750000e+02
1.058358398437500000e+03 8.959177856445312500e+02 9.590205078125000000e+02 7.836218261718750000e+02
7.859485473632812500e+02 8.730520629882812500e+02 7.061817016601562500e+02 8.204884033203125000e+02
8.459616088867187500e+02 9.376082763671875000e+02 8.039011840820312500e+02 8.639581298828125000e+02
1.081514404296875000e+03 1.034959350585937500e+03 1.026374877929687500e+03 8.873964843750000000e+02
9.451235351562500000e+02 1.007717285156250000e+03 9.128520507812500000e+02 8.979671020507812500e+02
6.287292480468750000e+02 9.322431640625000000e+02 5.730238037109375000e+02 9.168120727539062500e+02
1.756727050781250000e+03 5.719540405273437500e+02 1.234669311523437500e+03 3.874658508300781250e+02
1.659812988281250000e+03 6.115683593750000000e+02 1.178913330078125000e+03 4.197679443359375000e+02
1.239094604492187500e+03 8.192456665039062500e+02 1.065568725585937500e+03 6.844916992187500000e+02
1.004306579589843750e+03 8.949796752929687500e+02 9.211232299804687500e+02 7.890172729492187500e+02
6.300448608398437500e+02 8.870842285156250000e+02 5.482987060546875000e+02 8.683035278320312500e+02
5.207539672851562500e+02 9.365111694335937500e+02 4.430993347167968750e+02 9.563502807617187500e+02
1.532152343750000000e+03 5.133184204101562500e+02 1.079627685546875000e+03 3.340101013183593750e+02
1.755345825195312500e+03 5.238002319335937500e+02 1.238905029296875000e+03 3.515551452636718750e+02
1.436215087890625000e+03 8.380799560546875000e+02 1.190938964843750000e+03 6.726641845703125000e+02
8.280129394531250000e+02 8.259459228515625000e+02 7.240385131835937500e+02 7.586182861328125000e+02
1.053219848632812500e+03 9.337380371093750000e+02 9.672281494140625000e+02 8.148331298828125000e+02
1.053219848632812500e+03 9.337380371093750000e+02 9.672281494140625000e+02 8.148331298828125000e+02
7.064919433593750000e+02 8.804920654296875000e+02 6.276486816406250000e+02 8.437443847656250000e+02
5.248207397460937500e+02 9.628406982421875000e+02 4.661820983886718750e+02 9.793621826171875000e+02
1.540667480468750000e+03 4.643617553710937500e+02 1.093503540039062500e+03 2.925669860839843750e+02
1.266674194335937500e+03 8.592410278320312500e+02 1.101084106445312500e+03 7.137311401367187500e+02
1.251327270507812500e+03 9.489979858398437500e+02 1.114681518554687500e+03 7.933846435546875000e+02
8.111272583007812500e+02 9.560881347656250000e+02 7.769521484375000000e+02 8.871200561523437500e+02
1.223776123046875000e+03 4.395356750488281250e+02 8.336607666015625000e+02 2.607389831542968750e+02
1.177693969726562500e+03 8.425605468750000000e+02 1.033009277343750000e+03 7.131716918945312500e+02
1.095422241210937500e+03 8.494304199218750000e+02 9.708396606445312500e+02 7.326828002929687500e+02
9.390626831054687500e+02 8.585986938476562500e+02 8.490784912109375000e+02 7.655320434570312500e+02
7.175808715820312500e+02 9.161672973632812500e+02 6.605043945312500000e+02 8.768114013671875000e+02
9.751702270507812500e+02 9.636266479492187500e+02 9.218359985351562500e+02 8.535291748046875000e+02
7.925137329101562500e+02 7.239117431640625000e+02 6.649247436523437500e+02 6.686228027343750000e+02
