8.844173583984375000e+02 8.126102905273437500e+02 7.396087036132812500e+02 6.232766723632812500e+02
8.855614013671875000e+02 8.322932739257812500e+02 7.335712280273437500e+02 6.423909301757812500e+02
8.939534301757812500e+02 8.395817260742187500e+02 7.380777587890625000e+02 6.516154174804687500e+02
7.261964111328125000e+02 9.335017700195312500e+02 5.633449096679687500e+02 6.935634765625000000e+02
8.322944335937500000e+02 9.154215087890625000e+02 6.569996337890625000e+02 7.058309326171875000e+02
1.002816894531250000e+03 8.744483032226562500e+02 8.136206665039062500e+02 7.154941406250000000e+02
1.002007080078125000e+03 9.265482788085937500e+02 7.916975708007812500e+02 7.614192504882812500e+02
1.204496704101562500e+03 1.062847167968750000e+03 8.818364868164062500e+02 9.362412719726562500e+02
7.682379150390625000e+02 7.351986694335937500e+02 6.711397705078125000e+02 5.125827026367187500e+02
6.909182739257812500e+02 7.757101440429687500e+02 5.885675659179687500e+02 5.324154663085937500e+02
1.136945434570312500e+03 6.678074951171875000e+02 1.033575805664062500e+03 5.406774902343750000e+02
7.608016357421875000e+02 7.645840454101562500e+02 6.528235473632812500e+02 5.418090820312500000e+02
4.826855773925781250e+02 8.768513793945312500e+02 3.785379943847656250e+02 5.805570068359375000e+02
7.653951416015625000e+02 8.158782348632812500e+02 6.374072875976562500e+02 5.937682495117187500e+02
7.653951416015625000e+02 8.158782348632812500e+02 6.374072875976562500e+02 5.937682495117187500e+02
8.137149047851562500e+02 8.046234741210937500e+02 6.816115722656250000e+02 5.950505981445312500e+02
8.066768798828125000e+02 8.119746093750000000e+02 6.744965209960937500e+02 6.008654174804687500e+02
8.066768798828125000e+02 8.119746093750000000e+02 6.744965209960937500e+02 6.008654174804687500e+02
1.122873779296875000e+03 7.384660644531250000e+02 9.853718872070312500e+02 6.127171630859375000e+02
1.158919433593750000e+03 7.303240966796875000e+02 1.023681152343750000e+03 6.146150512695312500e+02
1.124597656250000000e+03 7.444533691406250000e+02 9.839675292968750000e+02 6.195232543945312500e+02
7.547885131835937500e+02 8.460963134765625000e+02 6.166617431640625000e+02 6.209848632812500000e+02
1.139333129882812500e+03 7.442546997070312500e+02 9.958654785156250000e+02 6.215662231445312500e+02
8.993726806640625000e+02 8.178640747070312500e+02 7.507037353515625000e+02 6.321499633789062500e+02
1.163401611328125000e+03 7.485411987304687500e+02 1.016346252441406250e+03 6.342947387695312500e+02
8.106671142578125000e+02 8.453142089843750000e+02 6.647855224609375000e+02 6.354245605468750000e+02
1.242803100585937500e+03 7.322309570312500000e+02 1.096391235351562500e+03 6.375219116210937500e+02
9.094398803710937500e+02 8.314216308593750000e+02 7.539245605468750000e+02 6.477024536132812500e+02
8.696050415039062500e+02 9.198610229492187500e+02 6.843910522460937500e+02 7.199669799804687500e+02
8.418438720703125000e+02 9.317983398437500000e+02 6.587437133789062500e+02 7.237531738281250000e+02
1.296834960937500000e+03 8.035350952148437500e+02 1.103914306640625000e+03 7.238414306640625000e+02
8.251816406250000000e+02 9.429968872070312500e+02 6.422000732421875000e+02 7.300090942382812500e+02
8.358483276367187500e+02 9.526879272460937500e+02 6.489119873046875000e+02 7.410386352539062500e+02
9.843279418945312500e+02 9.115261840820312500e+02 7.841460571289062500e+02 7.426937255859375000e+02
1.396227905273437500e+03 4.855838012695312500e+02 1.487175048828125000e+03 3.628899841308593750e+02
5.911564331054687500e+02 6.961564331054687500e+02 5.283150024414062500e+02 4.214146728515625000e+02
5.887051391601562500e+02 7.966382446289062500e+02 4.933019104003906250e+02 5.255990600585937500e+02
5.887051391601562500e+02 7.966382446289062500e+02 4.933019104003906250e+02 5.255990600585937500e+02
7.070227050781250000e+02 7.866002807617187500e+02 5.974667358398437500e+02 5.478142700195312500e+02
6.313246459960937500e+02 8.269722290039062500e+02 5.181040649414062500e+02 5.698371582031250000e+02
6.358957519531250000e+02 8.339727172851562500e+02 5.209382934570312500e+02 5.776472167968750000e+02
6.808438110351562500e+02 8.598557128906250000e+02 5.522327270507812500e+02 6.135756225585937500e+02
7.503789672851562500e+02 8.390700683593750000e+02 6.163037109375000000e+02 6.130224609375000000e+02
7.503789672851562500e+02 8.390700683593750000e+02 6.163037109375000000e+02 6.130224609375000000e+02
6.761988525390625000e+02 8.761455688476562500e+02 5.427297973632812500e+02 6.278256225585937500e+02
1.169839233398437500e+03 7.402730102539062500e+02 1.026386352539062500e+03 6.293016967773437500e+02
1.268168823242187500e+03 7.184887695312500000e+02 1.125504272460937500e+03 6.295028076171875000e+02
8.050121459960937500e+02 8.567250976562500000e+02 6.558699951171875000e+02 6.440542602539062500e+02
8.745620727539062500e+02 8.410716552734375000e+02 7.202014160156250000e+02 6.489958496093750000e+02
8.667990722656250000e+02 8.513309326171875000e+02 7.096995849609375000e+02 6.554012451171875000e+02
9.072183837890625000e+02 8.398561401367187500e+02 7.487717285156250000e+02 6.554550781250000000e+02
7.249337768554687500e+02 9.411411132812500000e+02 5.598078613281250000e+02 7.014430541992187500e+02
1.167090087890625000e+03 8.262346801757812500e+02 9.786013183593750000e+02 7.110028076171875000e+02
1.167090087890625000e+03 8.262346801757812500e+02 9.786013183593750000e+02 7.110028076171875000e+02
6.849053344726562500e+02 9.649198608398437500e+02 5.182937011718750000e+02 7.121460571289062500e+02
6.849053344726562500e+02 9.649198608398437500e+02 5.182937011718750000e+02 7.121460571289062500e+02
1.181691772460937500e+03 8.247669677734375000e+02 9.929537353515625000e+02 7.145884399414062500e+02
7.190997924804687500e+02 9.616290893554687500e+02 5.485061645507812500e+02 7.186383056640625000e+02
9.596499023437500000e+02 9.037314453125000000e+02 7.674995117187500000e+02 7.289353637695312500e+02
1.298847290039062500e+03 8.108213500976562500e+02 1.103234497070312500e+03 7.323180541992187500e+02
8.381333618164062500e+02 9.432601318359375000e+02 6.527061157226562500e+02 7.331733398437500000e+02
9.854680786132812500e+02 9.014692993164062500e+02 7.882875366210937500e+02 7.335775756835937500e+02
8.644559326171875000e+02 9.401714477539062500e+02 6.743565063476562500e+02 7.370255126953125000e+02
1.006054443359375000e+03 9.098161621093750000e+02 8.052138061523437500e+02 7.471194458007812500e+02
1.155076538085937500e+03 8.961132202148437500e+02 9.347420654296875000e+02 7.727667846679687500e+02
1.155076538085937500e+03 8.961132202148437500e+02 9.347420654296875000e+02 7.727667846679687500e+02
9.898077392578125000e+02 9.501937866210937500e+02 7.704515380859375000e+02 7.775189819335937500e+02
1.178574340820312500e+03 8.945422363281250000e+02 9.565072631835937500e+02 7.776486206054687500e+02
1.156406494140625000e+03 9.058615112304687500e+02 9.324309082031250000e+02 7.822614135742187500e+02
6.923356323242187500e+02 6.888800659179687500e+02 6.230964965820312500e+02 4.407262268066406250e+02
7.079888916015625000e+02 7.540968017578125000e+02 6.098527832031250000e+02 5.150598144531250000e+02
5.622083740234375000e+02 8.571968383789062500e+02 4.545034179687500000e+02 5.786444091796875000e+02
7.502333374023437500e+02 8.133032226562500000e+02 6.255146484375000000e+02 5.873393554687500000e+02
1.129977905273437500e+03 7.175056762695312500e+02 1.001856506347656250e+03 5.916221313476562500e+02
6.200803222656250000e+02 8.686398925781250000e+02 4.967158813476562500e+02 6.072515258789062500e+02
1.032353027343750000e+03 7.297911987304687500e+02 8.480549316406250000e+02 6.179920654296875000e+02
1.043065673828125000e+03 7.441502685546875000e+02 8.544795532226562500e+02 6.327319335937500000e+02
7.995383911132812500e+02 8.474336547851562500e+02 6.544013671875000000e+02 6.342145996093750000e+02
6.760686035156250000e+02 9.174303588867187500e+02 5.257365112304687500e+02 6.682672729492187500e+02
6.950088500976562500e+02 9.163370361328125000e+02 5.449602050781250000e+02 6.722318725585937500e+02
8.155857543945312500e+02 9.057809448242187500e+02 6.449125976562500000e+02 6.934595336914062500e+02
1.246304809570312500e+03 7.934871215820312500e+02 1.065547729492187500e+03 7.007476196289062500e+02
8.869775390625000000e+02 8.999940185546875000e+02 7.092208251953125000e+02 7.073493652343750000e+02
9.533875122070312500e+02 8.955409545898437500e+02 7.641244506835937500e+02 7.193023681640625000e+02
1.148991210937500000e+03 8.427062988281250000e+02 9.594692993164062500e+02 7.226190795898437500e+02
1.263704467773437500e+03 8.137066040039062500e+02 1.071309082031250000e+03 7.283867187500000000e+02
8.036091918945312500e+02 9.760987548828125000e+02 6.106008300781250000e+02 7.518803100585937500e+02
1.159907226562500000e+03 9.156552124023437500e+02 9.302349853515625000e+02 7.920018310546875000e+02
1.154819458007812500e+03 9.358179321289062500e+02 9.152615966796875000e+02 8.084330444335937500e+02
8.118170776367187500e+02 1.045360473632812500e+03 5.976694335937500000e+02 8.149776000976562500e+02
8.118170776367187500e+02 1.045360473632812500e+03 5.976694335937500000e+02 8.149776000976562500e+02
1.314650756835937500e+03 8.971037597656250000e+02 1.069711181640625000e+03 8.160886840820312500e+02
9.752792358398437500e+02 1.033190063476562500e+03 7.302352905273437500e+02 8.463585815429687500e+02
9.752792358398437500e+02 1.033190063476562500e+03 7.302352905273437500e+02 8.463585815429687500e+02
1.030654174804687500e+03 1.029925170898437500e+03 7.742861328125000000e+02 8.572347412109375000e+02
6.836461791992187500e+02 4.505549011230468750e+02 7.419625244140625000e+02 1.194826812744140625e+02
5.784951171875000000e+02 6.178017578125000000e+02 5.828878784179687500e+02 2.951098327636718750e+02
6.379570312500000000e+02 6.945826416015625000e+02 5.700474243164062500e+02 4.305668334960937500e+02
1.034219604492187500e+03 5.071746520996093750e+02 8.478060913085937500e+02 4.406019592285156250e+02
6.253739624023437500e+02 7.210131835937500000e+02 5.469458007812500000e+02 4.567548828125000000e+02
6.253739624023437500e+02 7.210131835937500000e+02 5.469458007812500000e+02 4.567548828125000000e+02
7.322755126953125000e+02 7.020838012695312500e+02 6.504442749023437500e+02 4.649770812988281250e+02
6.071268920898437500e+02 7.564420776367187500e+02 5.197854614257812500e+02 4.892844543457031250e+02
7.123530273437500000e+02 7.652210693359375000e+02 6.092852783203125000e+02 5.272225341796875000e+02
7.123530273437500000e+02 7.652210693359375000e+02 6.092852783203125000e+02 5.272225341796875000e+02
5.668688354492187500e+02 8.358936157226562500e+02 4.640165710449218750e+02 5.604517211914062500e+02
5.803338012695312500e+02 8.446430664062500000e+02 4.739034729003906250e+02 5.714030151367187500e+02
6.204938354492187500e+02 8.528689575195312500e+02 5.011965942382812500e+02 5.924268798828125000e+02
6.574325561523437500e+02 8.478363647460937500e+02 5.383598632812500000e+02 5.960749511718750000e+02
5.619177246093750000e+02 8.823818969726562500e+02 4.481478271484375000e+02 6.015566406250000000e+02
6.333967895507812500e+02 8.765852050781250000e+02 5.035130920410156250e+02 6.174364624023437500e+02
8.084817504882812500e+02 8.280703125000000000e+02 6.695628051757812500e+02 6.172636718750000000e+02
8.709484863281250000e+02 8.157799072265625000e+02 7.265151367187500000e+02 6.235189819335937500e+02
8.709484863281250000e+02 8.157799072265625000e+02 7.265151367187500000e+02 6.235189819335937500e+02
1.228978881835937500e+03 7.310915527343750000e+02 1.085883666992187500e+03 6.315473022460937500e+02
1.276892333984375000e+03 7.263178100585937500e+02 1.130418823242187500e+03 6.420147705078125000e+02
1.154159301757812500e+03 7.925050659179687500e+02 9.840660400390625000e+02 6.749229125976562500e+02
1.143208618164062500e+03 8.016826171875000000e+02 9.707947387695312500e+02 6.808482055664062500e+02
7.054730224609375000e+02 9.297665405273437500e+02 5.483013916015625000e+02 6.862982788085937500e+02
8.346465454101562500e+02 9.052500610351562500e+02 6.621024780273437500e+02 6.979598999023437500e+02
8.570792846679687500e+02 9.034704589843750000e+02 6.817905883789062500e+02 7.022453002929687500e+02
1.281918701171875000e+03 7.856903076171875000e+02 1.099237060546875000e+03 7.015427856445312500e+02
6.946596069335937500e+02 9.526348876953125000e+02 5.331197509765625000e+02 7.038145751953125000e+02
1.138387939453125000e+03 8.324216308593750000e+02 9.505548706054687500e+02 7.089806518554687500e+02
6.386535034179687500e+02 9.743921508789062500e+02 4.807426452636718750e+02 7.110578613281250000e+02
8.438324584960937500e+02 9.180394287109375000e+02 6.660159301757812500e+02 7.117899780273437500e+02
1.297179809570312500e+03 7.930543823242187500e+02 1.111709350585937500e+03 7.143084106445312500e+02
1.297179809570312500e+03 7.930543823242187500e+02 1.111709350585937500e+03 7.143084106445312500e+02
9.743324584960937500e+02 8.948124389648437500e+02 7.809956665039062500e+02 7.243382568359375000e+02
1.250729370117187500e+03 8.189732055664062500e+02 1.055725708007812500e+03 7.241437377929687500e+02
1.282728027343750000e+03 8.345154418945312500e+02 1.079618408203125000e+03 7.499490356445312500e+02
8.498897705078125000e+02 9.713164062500000000e+02 6.517804565429687500e+02 7.605139160156250000e+02
1.021440917968750000e+03 9.239013061523437500e+02 8.099975585937500000e+02 7.630789184570312500e+02
8.815860595703125000e+02 9.691957397460937500e+02 6.785557861328125000e+02 7.679843139648437500e+02
1.192903442382812500e+03 8.857652587890625000e+02 9.673721313476562500e+02 7.729246826171875000e+02
1.172213256835937500e+03 9.239931030273437500e+02 9.407076416015625000e+02 8.022490234375000000e+02
1.213077270507812500e+03 9.326423950195312500e+02 9.667484130859375000e+02 8.212629394531250000e+02
1.213077270507812500e+03 9.326423950195312500e+02 9.667484130859375000e+02 8.212629394531250000e+02
9.556520996093750000e+02 1.023036071777343750e+03 7.140908203125000000e+02 8.322745971679687500e+02
1.320855102539062500e+03 9.472434692382812500e+02 1.053411376953125000e+03 8.619602050781250000e+02
6.471699829101562500e+02 4.199151000976562500e+02 7.018637084960937500e+02 7.567374420166015625e+01
6.709281005859375000e+02 4.209653320312500000e+02 7.322372436523437500e+02 8.106356811523437500e+01
6.040320434570312500e+02 6.972442626953125000e+02 5.377427368164062500e+02 4.246453552246093750e+02
6.246886596679687500e+02 7.059000854492187500e+02 5.482222290039062500e+02 4.413568725585937500e+02
5.798643188476562500e+02 7.848344116210937500e+02 4.874189147949218750e+02 5.120708007812500000e+02
6.693917846679687500e+02 7.764890747070312500e+02 5.705981445312500000e+02 5.288858032226562500e+02
6.527875366210937500e+02 7.862203369140625000e+02 5.505131835937500000e+02 5.339354858398437500e+02
1.252388671875000000e+03 6.519794311523437500e+02 1.156191894531250000e+03 5.580933837890625000e+02
7.731141357421875000e+02 8.407945556640625000e+02 6.347922973632812500e+02 6.203366699218750000e+02
7.731141357421875000e+02 8.407945556640625000e+02 6.347922973632812500e+02 6.203366699218750000e+02
1.152224609375000000e+03 7.399492797851562500e+02 1.011047241210937500e+03 6.216785888671875000e+02
7.403416748046875000e+02 8.570593872070312500e+02 6.006065673828125000e+02 6.277186889648437500e+02
7.403416748046875000e+02 8.570593872070312500e+02 6.006065673828125000e+02 6.277186889648437500e+02
8.880869750976562500e+02 8.251712646484375000e+02 7.394832763671875000e+02 6.366906738281250000e+02
1.262731323242187500e+03 7.364241333007812500e+02 1.113465698242187500e+03 6.469062500000000000e+02
1.262731323242187500e+03 7.364241333007812500e+02 1.113465698242187500e+03 6.469062500000000000e+02
8.898020019531250000e+02 8.455307006835937500e+02 7.317691650390625000e+02 6.563656616210937500e+02
1.194249755859375000e+03 7.947554931640625000e+02 1.018176086425781250e+03 6.919718627929687500e+02
1.171120117187500000e+03 8.138831787109375000e+02 9.894008789062500000e+02 7.013869018554687500e+02
1.125168090820312500e+03 8.415031738281250000e+02 9.353271484375000000e+02 7.141021728515625000e+02
6.565380249023437500e+02 9.837417602539062500e+02 4.915970764160156250e+02 7.215787963867187500e+02
8.834752807617187500e+02 9.235020141601562500e+02 6.959035644531250000e+02 7.278023681640625000e+02
1.311098388671875000e+03 8.050297241210937500e+02 1.116493041992187500e+03 7.305097045898437500e+02
1.144300537109375000e+03 9.216457519531250000e+02 9.132475585937500000e+02 7.910845336914062500e+02
1.298122680664062500e+03 8.942327880859375000e+02 1.056171386718750000e+03 8.086883544921875000e+02
1.183162597656250000e+03 9.384257202148437500e+02 9.369437866210937500e+02 8.180498046875000000e+02
1.314868286132812500e+03 9.121168212890625000e+02 1.063273559570312500e+03 8.299364013671875000e+02
1.203430541992187500e+03 9.501628417968750000e+02 9.489963378906250000e+02 8.336062011718750000e+02
1.040300048828125000e+03 1.041095214843750000e+03 7.787610473632812500e+02 8.720329589843750000e+02
1.028251464843750000e+03 1.056572265625000000e+03 7.627656860351562500e+02 8.804244995117187500e+02
1.206851928710937500e+03 1.013763305664062500e+03 9.179097290039062500e+02 8.887777709960937500e+02
1.183791137695312500e+03 1.031287963867187500e+03 8.947791748046875000e+02 8.964447021484375000e+02
1.369848632812500000e+03 1.033199951171875000e+03 1.045537719726562500e+03 9.457354125976562500e+02
1.199937622070312500e+03 6.768651733398437500e+02 1.090316040039062500e+03 5.682562255859375000e+02
9.792028808593750000e+02 6.946598510742187500e+02 8.089993896484375000e+02 5.737126464843750000e+02
6.542673950195312500e+02 8.315869750976562500e+02 5.395975952148437500e+02 5.798692626953125000e+02
5.398541870117187500e+02 8.805697021484375000e+02 4.270798645019531250e+02 5.966723022460937500e+02
1.171354858398437500e+03 7.954842529296875000e+02 9.976643066406250000e+02 6.820378417968750000e+02
1.265787719726562500e+03 7.897714843750000000e+02 1.084850463867187500e+03 7.003760375976562500e+02
7.354722290039062500e+02 9.537460937500000000e+02 5.645690307617187500e+02 7.170329589843750000e+02
8.117899780273437500e+02 9.360444946289062500e+02 6.325808715820312500e+02 7.193248901367187500e+02
7.264840698242187500e+02 9.766097412109375000e+02 5.510188598632812500e+02 7.334727172851562500e+02
1.139976928710937500e+03 8.960115966796875000e+02 9.208659667968750000e+02 7.686788940429687500e+02
9.939640502929687500e+02 9.568972778320312500e+02 7.737852172851562500e+02 7.855103149414062500e+02
9.939640502929687500e+02 9.568972778320312500e+02 7.737852172851562500e+02 7.855103149414062500e+02
1.212969604492187500e+03 9.127946166992187500e+02 9.760853271484375000e+02 8.047467651367187500e+02
1.328622924804687500e+03 8.828322753906250000e+02 1.083149047851562500e+03 8.054306030273437500e+02
1.225229736328125000e+03 1.034505859375000000e+03 9.287856445312500000e+02 9.118609619140625000e+02
7.055485839843750000e+02 3.877931213378906250e+02 7.705540771484375000e+02 5.067997741699218750e+01
6.979983520507812500e+02 4.645073852539062500e+02 7.581526489257812500e+02 1.386077575683593750e+02
6.635548706054687500e+02 7.002272949218750000e+02 5.891787109375000000e+02 4.459223632812500000e+02
4.847089233398437500e+02 8.852759399414062500e+02 3.790422363281250000e+02 5.869544677734375000e+02
6.842517089843750000e+02 8.314280395507812500e+02 5.621306152343750000e+02 5.868422241210937500e+02
1.189733764648437500e+03 7.283778076171875000e+02 1.051008911132812500e+03 6.203485107421875000e+02
7.370499267578125000e+02 9.221834106445312500e+02 5.768422851562500000e+02 6.878551635742187500e+02
7.370499267578125000e+02 9.221834106445312500e+02 5.768422851562500000e+02 6.878551635742187500e+02
8.496090698242187500e+02 9.330681152343750000e+02 6.643780517578125000e+02 7.225621948242187500e+02
1.283341186523437500e+03 8.104819946289062500e+02 1.090364746093750000e+03 7.275765380859375000e+02
9.770515747070312500e+02 9.328915405273437500e+02 7.702143554687500000e+02 7.598146972656250000e+02
1.025951049804687500e+03 9.514306640625000000e+02 8.022373657226562500e+02 7.894580688476562500e+02
8.703335571289062500e+02 1.035162963867187500e+03 6.454623413085937500e+02 8.216565551757812500e+02
1.298376342773437500e+03 9.172281494140625000e+02 1.042551879882812500e+03 8.269726562500000000e+02
6.863086547851562500e+02 4.405745239257812500e+02 7.412289428710937500e+02 1.081644973754882812e+02
6.357124633789062500e+02 7.485509643554687500e+02 5.518842773437500000e+02 4.850733642578125000e+02
7.746628417968750000e+02 7.610410156250000000e+02 6.666448974609375000e+02 5.438233032226562500e+02
8.405911865234375000e+02 8.126940307617187500e+02 7.034486083984375000e+02 6.101342163085937500e+02
7.736330566406250000e+02 9.441273193359375000e+02 5.988035888671875000e+02 7.171530151367187500e+02
9.194893188476562500e+02 9.247379760742187500e+02 7.237019653320312500e+02 7.390482788085937500e+02
6.220453491210937500e+02 8.016413574218750000e+02 5.161802368164062500e+02 5.435491333007812500e+02
7.177001342773437500e+02 8.112973632812500000e+02 6.005274047851562500e+02 5.725811157226562500e+02
1.759851318359375000e+03 6.361424560546875000e+02 1.790247436523437500e+03 6.111417236328125000e+02
7.119310302734375000e+02 8.809786376953125000e+02 5.687863159179687500e+02 6.448861083984375000e+02
9.522098999023437500e+02 8.669758300781250000e+02 7.755107421875000000e+02 6.941238403320312500e+02
7.783367309570312500e+02 8.979407958984375000e+02 6.203827514648437500e+02 6.744869384765625000e+02
7.196572875976562500e+02 4.293543395996093750e+02 7.811244506835937500e+02 1.027748794555664062e+02
7.196572875976562500e+02 4.293543395996093750e+02 7.811244506835937500e+02 1.027748794555664062e+02
6.567111816406250000e+02 6.546536865234375000e+02 5.966220703125000000e+02 3.933937072753906250e+02
1.085422485351562500e+03 9.134108276367187500e+02 8.668541870117187500e+02 7.728818359375000000e+02
