1.199866577148437500e+03 6.542797851562500000e+02 1.242637695312500000e+03 6.436666870117187500e+02
1.229999511718750000e+03 7.206520996093750000e+02 1.191367431640625000e+03 7.302062988281250000e+02
1.002816894531250000e+03 8.744483032226562500e+02 8.533015136718750000e+02 7.360133056640625000e+02
1.242318237304687500e+03 7.258366699218750000e+02 1.196827880859375000e+03 7.431417236328125000e+02
1.152071899414062500e+03 8.041625976562500000e+02 1.032787963867187500e+03 7.611112060546875000e+02
1.135742187500000000e+03 8.201184082031250000e+02 1.002087402343750000e+03 7.647584838867187500e+02
1.156406494140625000e+03 9.058615112304687500e+02 9.406528320312500000e+02 8.488392944335937500e+02
5.619177246093750000e+02 8.823818969726562500e+02 5.903785400390625000e+02 5.364205932617187500e+02
1.153081054687500000e+03 8.277880249023437500e+02 1.006532348632812500e+03 7.805166015625000000e+02
1.167090087890625000e+03 8.262346801757812500e+02 1.023066223144531250e+03 7.891755371093750000e+02
1.008560729980468750e+03 9.402494506835937500e+02 8.083310546875000000e+02 7.926880493164062500e+02
1.155076538085937500e+03 8.961132202148437500e+02 9.464956054687500000e+02 8.390521240234375000e+02
1.155076538085937500e+03 8.961132202148437500e+02 9.464956054687500000e+02 8.390521240234375000e+02
1.178574340820312500e+03 8.945422363281250000e+02 9.670615844726562500e+02 8.524956054687500000e+02
9.840862426757812500e+02 1.044911499023437500e+03 7.128873291015625000e+02 8.550205078125000000e+02
1.159907226562500000e+03 9.156552124023437500e+02 9.332816162109375000e+02 8.578685913085937500e+02
1.159907226562500000e+03 9.156552124023437500e+02 9.332816162109375000e+02 8.578685913085937500e+02
1.154819458007812500e+03 9.358179321289062500e+02 9.106644287109375000e+02 8.700418090820312500e+02
1.186004882812500000e+03 9.142254638671875000e+02 9.524425048828125000e+02 8.719440307617187500e+02
1.314650756835937500e+03 8.971037597656250000e+02 1.071972900390625000e+03 9.400566406250000000e+02
1.350359619140625000e+03 9.151032104492187500e+02 1.080860961914062500e+03 9.770057373046875000e+02
1.198933837890625000e+03 4.666407165527343750e+02 1.671915161132812500e+03 3.687356872558593750e+02
6.040320434570312500e+02 6.972442626953125000e+02 7.347795410156250000e+02 3.918411865234375000e+02
6.253739624023437500e+02 7.210131835937500000e+02 7.346892089843750000e+02 4.685099182128906250e+02
1.190587768554687500e+03 6.205280761718750000e+02 1.279434570312500000e+03 6.000342407226562500e+02
1.200076538085937500e+03 6.145430297851562500e+02 1.297142822265625000e+03 5.998558349609375000e+02
8.709484863281250000e+02 8.157799072265625000e+02 8.137891235351562500e+02 6.201242675781250000e+02
6.386535034179687500e+02 9.743921508789062500e+02 5.729498291015625000e+02 6.415034790039062500e+02
1.129977905273437500e+03 7.175056762695312500e+02 1.102786865234375000e+03 6.663035278320312500e+02
1.246629882812500000e+03 7.095725097656250000e+02 1.217197143554687500e+03 7.290421142578125000e+02
9.743324584960937500e+02 8.948124389648437500e+02 8.179478149414062500e+02 7.370111694335937500e+02
1.257239501953125000e+03 7.169622192382812500e+02 1.223114868164062500e+03 7.432531127929687500e+02
8.815860595703125000e+02 9.691957397460937500e+02 7.096067504882812500e+02 7.502590332031250000e+02
1.143208618164062500e+03 8.016826171875000000e+02 1.026292480468750000e+03 7.526580810546875000e+02
9.556520996093750000e+02 1.023036071777343750e+03 7.136322631835937500e+02 8.246603393554687500e+02
9.752792358398437500e+02 1.033190063476562500e+03 7.174373779296875000e+02 8.420117797851562500e+02
9.752792358398437500e+02 1.033190063476562500e+03 7.174373779296875000e+02 8.420117797851562500e+02
1.038203125000000000e+03 1.016559997558593750e+03 7.690139770507812500e+02 8.659344482421875000e+02
1.172213256835937500e+03 9.239931030273437500e+02 9.381456909179687500e+02 8.728890991210937500e+02
1.213077270507812500e+03 9.326423950195312500e+02 9.580521240234375000e+02 9.038186645507812500e+02
1.213077270507812500e+03 9.326423950195312500e+02 9.580521240234375000e+02 9.038186645507812500e+02
1.223801147460937500e+03 1.052303710937500000e+03 8.627994384765625000e+02 9.960184936523437500e+02
1.344643310546875000e+03 1.018269165039062500e+03 9.746395263671875000e+02 1.047945434570312500e+03
7.971616210937500000e+02 6.773323364257812500e+02 1.081123046875000000e+03 9.880110931396484375e+01
7.971616210937500000e+02 6.773323364257812500e+02 1.081123046875000000e+03 9.880110931396484375e+01
1.191473876953125000e+03 4.575420837402343750e+02 1.671999511718750000e+03 3.507850952148437500e+02
6.542673950195312500e+02 8.315869750976562500e+02 6.706530761718750000e+02 5.341453247070312500e+02
7.731141357421875000e+02 8.407945556640625000e+02 7.340253295898437500e+02 5.947111816406250000e+02
6.565380249023437500e+02 9.837417602539062500e+02 5.782301635742187500e+02 6.554263916015625000e+02
8.834752807617187500e+02 9.235020141601562500e+02 7.408006591796875000e+02 7.157283935546875000e+02
9.984177246093750000e+02 9.063568725585937500e+02 8.270676879882812500e+02 7.592811889648437500e+02
1.026186645507812500e+03 9.059652099609375000e+02 8.459540405273437500e+02 7.755377197265625000e+02
9.671710205078125000e+02 9.500712890625000000e+02 7.731900634765625000e+02 7.787077026367187500e+02
1.171120117187500000e+03 8.138831787109375000e+02 1.037745239257812500e+03 7.817663574218750000e+02
1.169609130859375000e+03 8.986446533203125000e+02 9.539830932617187500e+02 8.478372802734375000e+02
1.169609130859375000e+03 8.986446533203125000e+02 9.539830932617187500e+02 8.478372802734375000e+02
1.192903442382812500e+03 8.857652587890625000e+02 9.810137329101562500e+02 8.517418823242187500e+02
1.028251464843750000e+03 1.056572265625000000e+03 7.340901489257812500e+02 8.879946289062500000e+02
1.040300048828125000e+03 1.041095214843750000e+03 7.517341918945312500e+02 8.857767944335937500e+02
1.183162597656250000e+03 9.384257202148437500e+02 9.291383666992187500e+02 8.877592773437500000e+02
1.183162597656250000e+03 9.384257202148437500e+02 9.291383666992187500e+02 8.877592773437500000e+02
1.183791137695312500e+03 1.031287963867187500e+03 8.524049072265625000e+02 9.553602905273437500e+02
1.206851928710937500e+03 1.013763305664062500e+03 8.771209716796875000e+02 9.563331909179687500e+02
1.320855102539062500e+03 9.472434692382812500e+02 1.028148437500000000e+03 9.831751708984375000e+02
1.206847412109375000e+03 4.544758911132812500e+02 1.705284545898437500e+03 3.571219177246093750e+02
1.236401123046875000e+03 4.806686401367187500e+02 1.725661621093750000e+03 4.117595825195312500e+02
4.847089233398437500e+02 8.852759399414062500e+02 5.476513061523437500e+02 5.087406005859375000e+02
9.939640502929687500e+02 9.568972778320312500e+02 7.861358642578125000e+02 7.977822265625000000e+02
1.139976928710937500e+03 8.960115966796875000e+02 9.367152099609375000e+02 8.263004150390625000e+02
1.298122680664062500e+03 8.942327880859375000e+02 1.058707763671875000e+03 9.251580200195312500e+02
1.314868286132812500e+03 9.121168212890625000e+02 1.057502197265625000e+03 9.524183349609375000e+02
1.225229736328125000e+03 1.034505859375000000e+03 8.765640258789062500e+02 9.871337280273437500e+02
1.225229736328125000e+03 1.034505859375000000e+03 8.765640258789062500e+02 9.871337280273437500e+02
7.055485839843750000e+02 3.877931213378906250e+02 1.113404663085937500e+03 5.716489791870117188e+01
7.370499267578125000e+02 9.221834106445312500e+02 6.577500000000000000e+02 6.440595703125000000e+02
7.370499267578125000e+02 9.221834106445312500e+02 6.577500000000000000e+02 6.440595703125000000e+02
9.770515747070312500e+02 9.328915405273437500e+02 7.941474609375000000e+02 7.713804321289062500e+02
1.025951049804687500e+03 9.514306640625000000e+02 8.088040161132812500e+02 8.105020751953125000e+02
1.212969604492187500e+03 9.127946166992187500e+02 9.746838378906250000e+02 8.892304077148437500e+02
1.328622924804687500e+03 8.828322753906250000e+02 1.091159790039062500e+03 9.331132202148437500e+02
1.247376098632812500e+03 1.017903686523437500e+03 9.049839477539062500e+02 9.880133056640625000e+02
7.119310302734375000e+02 8.809786376953125000e+02 6.680350952148437500e+02 6.031267700195312500e+02
7.783367309570312500e+02 8.979407958984375000e+02 7.003656616210937500e+02 6.393506469726562500e+02
1.085422485351562500e+03 9.134108276367187500e+02 8.803635253906250000e+02 8.176394042968750000e+02
1.239659545898437500e+03 8.675313720703125000e+02 1.038469238281250000e+03 8.621092529296875000e+02
