1.246304809570312500e+03 7.934871215820312500e+02 1.082496948242187500e+03 4.759199218750000000e+02
1.163401611328125000e+03 7.485411987304687500e+02 1.150420776367187500e+03 4.755679931640625000e+02
9.840862426757812500e+02 1.044911499023437500e+03 7.913727416992187500e+02 4.984158325195312500e+02
1.156406494140625000e+03 9.058615112304687500e+02 7.596376953125000000e+02 5.943339233398437500e+02
1.276892333984375000e+03 7.263178100585937500e+02 1.131898315429687500e+03 4.984080505371093750e+02
1.040300048828125000e+03 1.041095214843750000e+03 7.675648803710937500e+02 5.122888793945312500e+02
1.040300048828125000e+03 1.041095214843750000e+03 7.675648803710937500e+02 5.122888793945312500e+02
1.175999511718750000e+03 1.055079223632812500e+03 6.984490966796875000e+02 5.371086425781250000e+02
1.155076538085937500e+03 8.961132202148437500e+02 7.644223632812500000e+02 5.999298095703125000e+02
1.276282104492187500e+03 8.124714965820312500e+02 7.219487915039062500e+02 7.060343017578125000e+02
1.276282104492187500e+03 8.124714965820312500e+02 7.219487915039062500e+02 7.060343017578125000e+02
1.145741088867187500e+03 7.255991821289062500e+02 8.813097534179687500e+02 7.298607788085937500e+02
1.229999511718750000e+03 7.206520996093750000e+02 8.153891601562500000e+02 7.836646728515625000e+02
1.229999511718750000e+03 7.206520996093750000e+02 8.153891601562500000e+02 7.836646728515625000e+02
1.242318237304687500e+03 7.258366699218750000e+02 8.005609130859375000e+02 7.840502319335937500e+02
1.242318237304687500e+03 7.258366699218750000e+02 8.005609130859375000e+02 7.840502319335937500e+02
1.148991210937500000e+03 8.427062988281250000e+02 7.948265380859375000e+02 6.314497070312500000e+02
1.153081054687500000e+03 8.277880249023437500e+02 8.004645385742187500e+02 6.402265625000000000e+02
1.152071899414062500e+03 8.041625976562500000e+02 8.148569335937500000e+02 6.599570312500000000e+02
1.261910034179687500e+03 8.289661865234375000e+02 7.266423339843750000e+02 6.843618774414062500e+02
1.263704467773437500e+03 8.137066040039062500e+02 7.296425170898437500e+02 6.997068481445312500e+02
1.183791137695312500e+03 1.031287963867187500e+03 7.010778198242187500e+02 5.486195678710937500e+02
1.154159301757812500e+03 7.925050659179687500e+02 8.222471923828125000e+02 6.686517333984375000e+02
1.139976928710937500e+03 8.960115966796875000e+02 7.746992187500000000e+02 5.960761718750000000e+02
1.298122680664062500e+03 8.942327880859375000e+02 6.760775146484375000e+02 6.505434570312500000e+02
1.189997070312500000e+03 8.370505981445312500e+02 7.710715942382812500e+02 6.507298583984375000e+02
1.171120117187500000e+03 8.138831787109375000e+02 7.962841186523437500e+02 6.598464965820312500e+02
1.250729370117187500e+03 8.189732055664062500e+02 7.375621948242187500e+02 6.882014770507812500e+02
1.323321044921875000e+03 8.299878540039062500e+02 6.788019409179687500e+02 7.134873046875000000e+02
1.279667358398437500e+03 7.999295043945312500e+02 7.247805175781250000e+02 7.206292724609375000e+02
1.281918701171875000e+03 7.856903076171875000e+02 7.285596313476562500e+02 7.360397338867187500e+02
1.212969604492187500e+03 9.127946166992187500e+02 7.236355590820312500e+02 6.113531494140625000e+02
1.298376342773437500e+03 9.172281494140625000e+02 6.697733764648437500e+02 6.348646850585937500e+02
1.328622924804687500e+03 8.828322753906250000e+02 6.601571044921875000e+02 6.686522827148437500e+02
1.152224609375000000e+03 7.399492797851562500e+02 8.629434814453125000e+02 7.179375000000000000e+02
1.262731323242187500e+03 7.364241333007812500e+02 7.759918823242187500e+02 7.839462280273437500e+02
1.256489624023437500e+03 4.926051940917968750e+02 1.713253540039062500e+03 6.869976806640625000e+01
1.171354858398437500e+03 7.954842529296875000e+02 8.075457763671875000e+02 6.744655151367187500e+02
1.265787719726562500e+03 7.897714843750000000e+02 7.420332031250000000e+02 7.218573608398437500e+02
