8.644559326171875000e+02 9.401714477539062500e+02 1.141024169921875000e+03 5.900575561523437500e+02
7.132312622070312500e+02 9.318475952148437500e+02 1.212869995117187500e+03 6.717280273437500000e+02
6.849053344726562500e+02 9.649198608398437500e+02 1.249116210937500000e+03 6.717417602539062500e+02
7.547885131835937500e+02 8.460963134765625000e+02 1.132546752929687500e+03 7.027347412109375000e+02
8.418807373046875000e+02 1.043836059570312500e+03 1.203638427734375000e+03 5.619361572265625000e+02
7.503789672851562500e+02 8.390700683593750000e+02 1.133158935546875000e+03 7.144425048828125000e+02
7.519266357421875000e+02 8.245795898437500000e+02 1.118935668945312500e+03 7.247680053710937500e+02
9.743324584960937500e+02 8.948124389648437500e+02 1.065151611328125000e+03 5.593731079101562500e+02
8.346465454101562500e+02 9.052500610351562500e+02 1.136304077148437500e+03 6.213623046875000000e+02
8.539075927734375000e+02 8.066519775390625000e+02 1.049129638671875000e+03 6.652963867187500000e+02
6.946596069335937500e+02 9.526348876953125000e+02 1.231947143554687500e+03 6.701923217773437500e+02
7.054730224609375000e+02 9.297665405273437500e+02 1.217453247070312500e+03 6.789851074218750000e+02
8.138002319335937500e+02 7.703579101562500000e+02 1.031651977539062500e+03 7.265759887695312500e+02
7.896931762695312500e+02 7.493821411132812500e+02 1.019632080078125000e+03 7.677805175781250000e+02
9.939640502929687500e+02 9.568972778320312500e+02 1.094940063476562500e+03 5.292839965820312500e+02
9.939640502929687500e+02 9.568972778320312500e+02 1.094940063476562500e+03 5.292839965820312500e+02
7.927438354492187500e+02 7.583450927734375000e+02 1.027222900390625000e+03 7.536086425781250000e+02
6.574325561523437500e+02 8.478363647460937500e+02 1.196114868164062500e+03 7.751629638671875000e+02
1.054197143554687500e+03 8.762446899414062500e+02 9.419285278320312500e+02 4.070057373046875000e+02
8.117899780273437500e+02 9.360444946289062500e+02 1.162067749023437500e+03 6.190462646484375000e+02
8.084817504882812500e+02 8.280703125000000000e+02 1.089611206054687500e+03 6.825419311523437500e+02
7.731141357421875000e+02 8.407945556640625000e+02 1.120024536132812500e+03 6.967582397460937500e+02
9.671710205078125000e+02 9.500712890625000000e+02 1.203999145507812500e+03 9.197903442382812500e+02
9.194893188476562500e+02 9.247379760742187500e+02 1.108671020507812500e+03 5.715855712890625000e+02
7.853012084960937500e+02 7.592282714843750000e+02 1.034417114257812500e+03 7.609619750976562500e+02
7.736330566406250000e+02 9.441273193359375000e+02 1.185340087890625000e+03 6.343782958984375000e+02
7.370499267578125000e+02 9.221834106445312500e+02 1.194861938476562500e+03 6.642135620117187500e+02
7.370499267578125000e+02 9.221834106445312500e+02 1.194861938476562500e+03 6.642135620117187500e+02
8.405911865234375000e+02 8.126940307617187500e+02 1.059137939453125000e+03 6.727363891601562500e+02
6.542673950195312500e+02 8.315869750976562500e+02 1.187512329101562500e+03 7.960103149414062500e+02
7.783367309570312500e+02 8.979407958984375000e+02 1.154811157226562500e+03 6.600710449218750000e+02
7.746628417968750000e+02 7.610410156250000000e+02 1.047854858398437500e+03 7.667768554687500000e+02
