8.681556396484375000e+02 1.053200683593750000e+03 1.232010253906250000e+03 5.354603271484375000e+02
1.143509155273437500e+03 8.984348144531250000e+02 1.251882202148437500e+03 8.226101684570312500e+02
8.118170776367187500e+02 1.045360473632812500e+03 1.260925292968750000e+03 5.538410034179687500e+02
8.243310546875000000e+02 2.122910461425781250e+02 1.123169067382812500e+03 5.717695312500000000e+02
8.786226806640625000e+02 9.386806640625000000e+02 1.189255126953125000e+03 5.824368896484375000e+02
8.667208862304687500e+02 9.289777221679687500e+02 1.193669311523437500e+03 5.910807495117187500e+02
8.696050415039062500e+02 9.198610229492187500e+02 1.187152099609375000e+03 5.942133178710937500e+02
6.849053344726562500e+02 9.649198608398437500e+02 1.329491699218750000e+03 6.396229248046875000e+02
6.849053344726562500e+02 9.649198608398437500e+02 1.329491699218750000e+03 6.396229248046875000e+02
7.132312622070312500e+02 9.318475952148437500e+02 1.299821533203125000e+03 6.488874511718750000e+02
7.547885131835937500e+02 8.460963134765625000e+02 1.238358276367187500e+03 6.973899536132812500e+02
9.671710205078125000e+02 9.500712890625000000e+02 1.142843750000000000e+03 5.483905639648437500e+02
8.869775390625000000e+02 8.999940185546875000e+02 1.398647094726562500e+03 5.733675537109375000e+02
8.036091918945312500e+02 9.760987548828125000e+02 1.248675903320312500e+03 5.891024169921875000e+02
1.115060913085937500e+03 7.216473388671875000e+02 7.479589233398437500e+02 6.343110961914062500e+02
7.547177124023437500e+02 8.543583984375000000e+02 1.243530517578125000e+03 6.911931762695312500e+02
7.503789672851562500e+02 8.390700683593750000e+02 1.243438842773437500e+03 7.085393676757812500e+02
7.653951416015625000e+02 8.158782348632812500e+02 1.218950195312500000e+03 7.229707641601562500e+02
9.346041870117187500e+02 9.544149169921875000e+02 1.160991333007812500e+03 5.585067749023437500e+02
8.834752807617187500e+02 9.235020141601562500e+02 1.180211669921875000e+03 5.878086547851562500e+02
8.145489501953125000e+02 9.588286132812500000e+02 1.236463500976562500e+03 5.938300170898437500e+02
8.278875122070312500e+02 9.308963012695312500e+02 1.216048095703125000e+03 6.056464233398437500e+02
8.570792846679687500e+02 9.034704589843750000e+02 1.190440429687500000e+03 6.095418090820312500e+02
8.346465454101562500e+02 9.052500610351562500e+02 1.206695556640625000e+03 6.176044311523437500e+02
7.939144287109375000e+02 8.232171630859375000e+02 1.198246582031250000e+03 6.997062377929687500e+02
7.054730224609375000e+02 9.297665405273437500e+02 1.306457153320312500e+03 6.553525390625000000e+02
6.574325561523437500e+02 8.478363647460937500e+02 1.327477172851562500e+03 7.524890136718750000e+02
7.927438354492187500e+02 7.583450927734375000e+02 1.158952270507812500e+03 7.726170654296875000e+02
8.117899780273437500e+02 9.360444946289062500e+02 1.230383178710937500e+03 6.088210449218750000e+02
8.084817504882812500e+02 8.280703125000000000e+02 1.188179077148437500e+03 6.876398315429687500e+02
7.731141357421875000e+02 8.407945556640625000e+02 1.223267700195312500e+03 6.938701782226562500e+02
8.496090698242187500e+02 9.330681152343750000e+02 1.205267333984375000e+03 5.964176025390625000e+02
7.853012084960937500e+02 7.592282714843750000e+02 1.168906616210937500e+03 7.775806884765625000e+02
7.370499267578125000e+02 9.221834106445312500e+02 1.279518310546875000e+03 6.446198730468750000e+02
7.736330566406250000e+02 9.441273193359375000e+02 1.260044433593750000e+03 6.181413574218750000e+02
7.783367309570312500e+02 8.979407958984375000e+02 1.240481079101562500e+03 6.477872924804687500e+02
7.119310302734375000e+02 8.809786376953125000e+02 1.290954956054687500e+03 6.923099365234375000e+02
7.746628417968750000e+02 7.610410156250000000e+02 1.185392822265625000e+03 7.837106323242187500e+02
