8.716441040039062500e+02 2.116353149414062500e+02 1.037439453125000000e+03 1.193863983154296875e+02
8.716441040039062500e+02 2.116353149414062500e+02 1.037439453125000000e+03 1.193863983154296875e+02
8.236916503906250000e+02 3.257108459472656250e+02 9.575687255859375000e+02 2.343089447021484375e+02
8.236916503906250000e+02 3.257108459472656250e+02 9.575687255859375000e+02 2.343089447021484375e+02
1.196614135742187500e+03 5.583053588867187500e+02 1.327819213867187500e+03 5.254470825195312500e+02
6.612092895507812500e+02 6.972192382812500000e+02 6.798582763671875000e+02 5.705205078125000000e+02
7.477870483398437500e+02 6.947943115234375000e+02 7.565399780273437500e+02 5.811873779296875000e+02
7.335268554687500000e+02 7.037052612304687500e+02 7.413335571289062500e+02 5.863377075195312500e+02
1.036625488281250000e+03 6.676917114257812500e+02 1.043315063476562500e+03 5.988477172851562500e+02
1.029948242187500000e+03 6.692536621093750000e+02 1.034473022460937500e+03 5.998881835937500000e+02
1.104627441406250000e+03 6.665747680664062500e+02 1.112889526367187500e+03 6.092066650390625000e+02
1.136756469726562500e+03 6.691768798828125000e+02 1.145559570312500000e+03 6.171449584960937500e+02
1.144596435546875000e+03 6.863760986328125000e+02 1.145454589843750000e+03 6.353157958984375000e+02
1.024185913085937500e+03 7.137584838867187500e+02 1.010616271972656250e+03 6.419614257812500000e+02
1.044012817382812500e+03 7.108240356445312500e+02 1.031624389648437500e+03 6.423646240234375000e+02
1.034209960937500000e+03 7.146819458007812500e+02 1.020098083496093750e+03 6.444072875976562500e+02
1.199433593750000000e+03 6.870537719726562500e+02 1.203513916015625000e+03 6.454052124023437500e+02
1.199433593750000000e+03 6.870537719726562500e+02 1.203513916015625000e+03 6.454052124023437500e+02
1.032718261718750000e+03 7.241116333007812500e+02 1.014445678710937500e+03 6.532047119140625000e+02
8.507228393554687500e+02 8.288833618164062500e+02 7.964157714843750000e+02 7.196304931640625000e+02
1.086933837890625000e+03 7.995491333007812500e+02 1.036413208007812500e+03 7.346304931640625000e+02
1.086933837890625000e+03 7.995491333007812500e+02 1.036413208007812500e+03 7.346304931640625000e+02
1.092767211914062500e+03 8.067282104492187500e+02 1.041054199218750000e+03 7.430728149414062500e+02
1.132761108398437500e+03 7.989431152343750000e+02 1.084355224609375000e+03 7.430794067382812500e+02
1.132761108398437500e+03 7.989431152343750000e+02 1.084355224609375000e+03 7.430794067382812500e+02
1.115426513671875000e+03 8.093963012695312500e+02 1.060710937500000000e+03 7.492952270507812500e+02
1.121735351562500000e+03 8.110265502929687500e+02 1.066489990234375000e+03 7.526247558593750000e+02
1.225486938476562500e+03 7.967108154296875000e+02 1.181288085937500000e+03 7.582145996093750000e+02
1.215125488281250000e+03 8.085597534179687500e+02 1.165224853515625000e+03 7.674880371093750000e+02
1.247400756835937500e+03 8.183893432617187500e+02 1.194807739257812500e+03 7.835214843750000000e+02
8.981883544921875000e+02 9.487167968750000000e+02 7.952137451171875000e+02 8.370344238281250000e+02
1.253537597656250000e+03 9.254053955078125000e+02 1.154424560546875000e+03 8.893773803710937500e+02
1.075395263671875000e+03 2.198289489746093750e+02 1.264790039062500000e+03 1.399795837402343750e+02
8.035508422851562500e+02 2.456999053955078125e+02 9.490711059570312500e+02 1.478439331054687500e+02
9.160559082031250000e+02 4.648766784667968750e+02 8.792659301757812500e+02 3.624515075683593750e+02
8.555535888671875000e+02 4.573737487792968750e+02 9.732758178710937500e+02 3.761374511718750000e+02
1.253701171875000000e+03 4.873280029296875000e+02 1.402099121093750000e+03 4.565418090820312500e+02
9.754078979492187500e+02 5.692056884765625000e+02 8.763898925781250000e+02 4.714353942871093750e+02
1.221819580078125000e+03 5.106481323242187500e+02 1.364736816406250000e+03 4.784567565917968750e+02
1.282601928710937500e+03 5.555123901367187500e+02 1.426783691406250000e+03 5.357843627929687500e+02
7.622021484375000000e+02 6.853812866210937500e+02 7.728124389648437500e+02 5.728565673828125000e+02
7.385363159179687500e+02 6.961181030273437500e+02 7.472587890625000000e+02 5.810689697265625000e+02
1.042336181640625000e+03 6.493344116210937500e+02 1.055525146484375000e+03 5.821511840820312500e+02
7.494560546875000000e+02 7.020940551757812500e+02 7.553169555664062500e+02 5.875538330078125000e+02
1.047637084960937500e+03 6.542031250000000000e+02 1.059727172851562500e+03 5.880343017578125000e+02
1.046606811523437500e+03 6.611245727539062500e+02 1.054991455078125000e+03 5.946531982421875000e+02
1.046606811523437500e+03 6.611245727539062500e+02 1.054991455078125000e+03 5.946531982421875000e+02
1.579769653320312500e+03 5.777390136718750000e+02 1.756073242187500000e+03 6.020047607421875000e+02
1.058173461914062500e+03 6.743934326171875000e+02 1.061746337890625000e+03 6.098032226562500000e+02
1.106545776367187500e+03 6.720682983398437500e+02 1.111276733398437500e+03 6.152408447265625000e+02
1.111849853515625000e+03 6.770041503906250000e+02 1.115838378906250000e+03 6.206514282226562500e+02
6.930044555664062500e+02 7.533885498046875000e+02 6.855238037109375000e+02 6.235347290039062500e+02
1.128510131835937500e+03 6.775405273437500000e+02 1.132971801757812500e+03 6.236215820312500000e+02
1.128510131835937500e+03 6.775405273437500000e+02 1.132971801757812500e+03 6.236215820312500000e+02
1.135615966796875000e+03 6.799678344726562500e+02 1.139661743164062500e+03 6.273358764648437500e+02
1.192666137695312500e+03 6.714696655273437500e+02 1.202997314453125000e+03 6.286640014648437500e+02
1.118696289062500000e+03 6.867261352539062500e+02 1.118269042968750000e+03 6.316342163085937500e+02
1.118696289062500000e+03 6.867261352539062500e+02 1.118269042968750000e+03 6.316342163085937500e+02
1.225708862304687500e+03 6.742523803710937500e+02 1.236005249023437500e+03 6.366130371093750000e+02
1.200528686523437500e+03 6.807509155273437500e+02 1.209023071289062500e+03 6.397541503906250000e+02
1.215807983398437500e+03 6.824262084960937500e+02 1.224224731445312500e+03 6.433571777343750000e+02
1.215807983398437500e+03 6.824262084960937500e+02 1.224224731445312500e+03 6.433571777343750000e+02
1.226462768554687500e+03 6.808511962890625000e+02 1.234914794921875000e+03 6.438528442382812500e+02
1.211687744140625000e+03 7.295869750976562500e+02 1.195767944335937500e+03 6.893380126953125000e+02
1.230087768554687500e+03 7.316700439453125000e+02 1.214731689453125000e+03 6.948503417968750000e+02
1.210243164062500000e+03 7.355170288085937500e+02 1.193119384765625000e+03 6.957457275390625000e+02
1.008287597656250000e+03 7.839766235351562500e+02 9.144559326171875000e+02 6.972651367187500000e+02
1.219498046875000000e+03 7.356065673828125000e+02 1.203132446289062500e+03 6.972294311523437500e+02
1.236628784179687500e+03 7.424880981445312500e+02 1.218090332031250000e+03 7.070621337890625000e+02
1.221173828125000000e+03 7.566217041015625000e+02 1.194191772460937500e+03 7.179881591796875000e+02
1.237383178710937500e+03 7.532594604492187500e+02 1.213726196289062500e+03 7.178454589843750000e+02
1.097174438476562500e+03 7.824728393554687500e+02 1.054033935546875000e+03 7.202926635742187500e+02
1.000736145019531250e+03 8.139688110351562500e+02 9.001272583007812500e+02 7.266465454101562500e+02
1.000736145019531250e+03 8.139688110351562500e+02 9.001272583007812500e+02 7.266465454101562500e+02
1.086043945312500000e+03 7.930027465820312500e+02 1.038590209960937500e+03 7.284761962890625000e+02
1.115007446289062500e+03 7.904992675781250000e+02 1.068693969726562500e+03 7.310823364257812500e+02
1.096675170898437500e+03 8.007450561523437500e+02 1.046086059570312500e+03 7.377844848632812500e+02
8.492329101562500000e+02 8.504053344726562500e+02 7.880781860351562500e+02 7.399353027343750000e+02
1.124516845703125000e+03 7.981909179687500000e+02 1.076176269531250000e+03 7.405053100585937500e+02
1.112523193359375000e+03 8.027969360351562500e+02 1.061221923828125000e+03 7.427259521484375000e+02
1.112523193359375000e+03 8.027969360351562500e+02 1.061221923828125000e+03 7.427259521484375000e+02
1.095286621093750000e+03 8.135174560546875000e+02 1.039536132812500000e+03 7.496420288085937500e+02
1.136443847656250000e+03 8.049700927734375000e+02 1.084206787109375000e+03 7.497959594726562500e+02
1.211654785156250000e+03 7.957930297851562500e+02 1.166529052734375000e+03 7.547857666015625000e+02
1.112429931640625000e+03 8.158109130859375000e+02 1.055760375976562500e+03 7.550586547851562500e+02
1.213219848632812500e+03 8.024486083984375000e+02 1.165710937500000000e+03 7.615363159179687500e+02
6.566365356445312500e+02 9.157799072265625000e+02 5.953940429687500000e+02 7.639987182617187500e+02
1.223788940429687500e+03 8.101519165039062500e+02 1.173625366210937500e+03 7.710543823242187500e+02
1.242784423828125000e+03 8.124990234375000000e+02 1.192672851562500000e+03 7.770295410156250000e+02
1.242784423828125000e+03 8.124990234375000000e+02 1.192672851562500000e+03 7.770295410156250000e+02
1.212181152343750000e+03 8.216857910156250000e+02 1.156807861328125000e+03 7.802143554687500000e+02
1.212181152343750000e+03 8.216857910156250000e+02 1.156807861328125000e+03 7.802143554687500000e+02
1.216160766601562500e+03 8.289742431640625000e+02 1.156731201171875000e+03 7.878192749023437500e+02
1.216160766601562500e+03 8.289742431640625000e+02 1.156731201171875000e+03 7.878192749023437500e+02
1.068466796875000000e+03 8.670815429687500000e+02 9.910206909179687500e+02 7.957303466796875000e+02
1.100537109375000000e+03 8.713124389648437500e+02 1.019824951171875000e+03 8.055169677734375000e+02
9.251165161132812500e+02 9.099003906250000000e+02 8.367612304687500000e+02 8.093426513671875000e+02
1.252692871093750000e+03 9.102098388671875000e+02 1.160271484375000000e+03 8.741699829101562500e+02
1.055132568359375000e+03 1.857411499023437500e+02 1.247371459960937500e+03 1.025085906982421875e+02
8.808806152343750000e+02 2.022035827636718750e+02 1.050523559570312500e+03 1.073164443969726562e+02
7.906954956054687500e+02 2.328274383544921875e+02 9.383987426757812500e+02 1.341226959228515625e+02
7.333345336914062500e+02 4.416950683593750000e+02 8.274159545898437500e+02 3.439912414550781250e+02
8.441790771484375000e+02 4.350939331054687500e+02 9.725747070312500000e+02 3.481234741210937500e+02
1.167428955078125000e+03 5.000028076171875000e+02 1.312965698242187500e+03 4.600627136230468750e+02
7.502017211914062500e+02 6.903308105468750000e+02 7.613801269531250000e+02 5.759323730468750000e+02
1.051721313476562500e+03 6.691388549804687500e+02 1.056836547851562500e+03 6.032446899414062500e+02
1.129271362304687500e+03 6.668209228515625000e+02 1.138029418945312500e+03 6.128619384765625000e+02
5.836173095703125000e+02 7.604284057617187500e+02 5.919598999023437500e+02 6.152072143554687500e+02
1.037608520507812500e+03 6.982153320312500000e+02 1.029813232421875000e+03 6.287199707031250000e+02
1.110284667968750000e+03 6.887373657226562500e+02 1.109370239257812500e+03 6.324514770507812500e+02
1.127164672851562500e+03 6.913948364257812500e+02 1.126249267578125000e+03 6.377529296875000000e+02
1.127164672851562500e+03 6.913948364257812500e+02 1.126249267578125000e+03 6.377529296875000000e+02
1.209219482421875000e+03 6.773634643554687500e+02 1.217592529296875000e+03 6.371992187500000000e+02
1.051596069335937500e+03 7.057746582031250000e+02 1.039953613281250000e+03 6.408374633789062500e+02
5.468969726562500000e+02 7.989646606445312500e+02 5.448244018554687500e+02 6.411250000000000000e+02
1.114318237304687500e+03 7.173289184570312500e+02 1.099688476562500000e+03 6.602203979492187500e+02
1.233959716796875000e+03 6.964839477539062500e+02 1.236712646484375000e+03 6.608897705078125000e+02
1.096614379882812500e+03 7.248452148437500000e+02 1.079134765625000000e+03 6.649573974609375000e+02
1.122936523437500000e+03 7.229846801757812500e+02 1.106971313476562500e+03 6.673647460937500000e+02
1.122936523437500000e+03 7.229846801757812500e+02 1.106971313476562500e+03 6.673647460937500000e+02
7.725933227539062500e+02 8.099071655273437500e+02 7.347322998046875000e+02 6.876658935546875000e+02
1.220023681640625000e+03 7.276063842773437500e+02 1.206344238281250000e+03 6.889376220703125000e+02
1.228316650390625000e+03 7.397266235351562500e+02 1.210498168945312500e+03 7.028607788085937500e+02
1.096572753906250000e+03 7.914966430664062500e+02 1.050190551757812500e+03 7.291513061523437500e+02
1.096572753906250000e+03 7.914966430664062500e+02 1.050190551757812500e+03 7.291513061523437500e+02
1.202054199218750000e+03 8.020107421875000000e+02 1.154163696289062500e+03 7.588922729492187500e+02
8.826976318359375000e+02 8.677817382812500000e+02 8.092723999023437500e+02 7.616953125000000000e+02
1.255305175781250000e+03 8.077484741210937500e+02 1.208352661132812500e+03 7.750145874023437500e+02
7.566835327148437500e+02 9.295055541992187500e+02 6.759205322265625000e+02 7.933955688476562500e+02
1.234521484375000000e+03 8.306636352539062500e+02 1.175074218750000000e+03 7.932118530273437500e+02
7.898234863281250000e+02 9.344063110351562500e+02 7.033458251953125000e+02 8.032289428710937500e+02
1.087100219726562500e+03 8.774021606445312500e+02 1.006302978515625000e+03 8.095020751953125000e+02
1.087100219726562500e+03 8.774021606445312500e+02 1.006302978515625000e+03 8.095020751953125000e+02
7.837303466796875000e+02 9.432135620117187500e+02 6.956050415039062500e+02 8.109494018554687500e+02
7.837303466796875000e+02 9.432135620117187500e+02 6.956050415039062500e+02 8.109494018554687500e+02
1.099308105468750000e+03 8.792777709960937500e+02 1.013994567871093750e+03 8.120917358398437500e+02
1.099308105468750000e+03 8.792777709960937500e+02 1.013994567871093750e+03 8.120917358398437500e+02
9.245044555664062500e+02 9.184474487304687500e+02 8.310870971679687500e+02 8.144494628906250000e+02
9.005942382812500000e+02 9.313203125000000000e+02 8.059501342773437500e+02 8.228137817382812500e+02
1.086028930664062500e+03 8.954457397460937500e+02 9.978541259765625000e+02 8.248871459960937500e+02
1.108088378906250000e+03 8.963718261718750000e+02 1.015634155273437500e+03 8.301669311523437500e+02
1.094520629882812500e+03 9.029398803710937500e+02 1.000977966308593750e+03 8.343685302734375000e+02
1.094520629882812500e+03 9.029398803710937500e+02 1.000977966308593750e+03 8.343685302734375000e+02
1.107080322265625000e+03 9.049802856445312500e+02 1.011447631835937500e+03 8.382691650390625000e+02
1.208068359375000000e+03 8.931789550781250000e+02 1.119570434570312500e+03 8.489331665039062500e+02
1.208068359375000000e+03 8.931789550781250000e+02 1.119570434570312500e+03 8.489331665039062500e+02
1.220398925781250000e+03 9.047401733398437500e+02 1.127744506835937500e+03 8.619501342773437500e+02
1.241006225585937500e+03 8.993212890625000000e+02 1.152653686523437500e+03 8.614992675781250000e+02
1.241006225585937500e+03 8.993212890625000000e+02 1.152653686523437500e+03 8.614992675781250000e+02
1.195520385742187500e+03 9.180014038085937500e+02 1.096039428710937500e+03 8.695908813476562500e+02
1.220385742187500000e+03 9.132857055664062500e+02 1.123549682617187500e+03 8.700125732421875000e+02
1.220385742187500000e+03 9.132857055664062500e+02 1.123549682617187500e+03 8.700125732421875000e+02
1.245176513671875000e+03 9.081567382812500000e+02 1.151948486328125000e+03 8.702512817382812500e+02
1.243256958007812500e+03 9.165376586914062500e+02 1.146724975585937500e+03 8.782399902343750000e+02
1.243256958007812500e+03 9.165376586914062500e+02 1.146724975585937500e+03 8.782399902343750000e+02
1.245721435546875000e+03 9.259503784179687500e+02 1.144831542968750000e+03 8.878378295898437500e+02
1.064236328125000000e+03 9.715427856445312500e+02 9.419104614257812500e+02 8.915356445312500000e+02
1.221479614257812500e+03 9.887815551757812500e+02 1.093509643554687500e+03 9.427416381835937500e+02
1.262490234375000000e+03 1.015253295898437500e+03 1.123513183593750000e+03 9.779804687500000000e+02
5.225174560546875000e+02 1.663643798828125000e+02 6.509944458007812500e+02 3.626282119750976562e+01
5.390213012695312500e+02 1.788460998535156250e+02 6.634473876953125000e+02 5.128685379028320312e+01
5.586442871093750000e+02 1.764810943603515625e+02 6.818214111328125000e+02 4.965552902221679688e+01
5.586442871093750000e+02 1.764810943603515625e+02 6.818214111328125000e+02 4.965552902221679688e+01
1.076014038085937500e+03 2.291260986328125000e+02 1.262296752929687500e+03 1.505067901611328125e+02
8.338555908203125000e+02 2.542691345214843750e+02 9.800394897460937500e+02 1.600084533691406250e+02
7.532762145996093750e+01 3.179605102539062500e+02 2.933598022460937500e+02 1.652735137939453125e+02
7.588019409179687500e+02 2.820765686035156250e+02 9.049415283203125000e+02 1.823275604248046875e+02
1.134414794921875000e+03 2.899553222656250000e+02 1.310634155273437500e+03 2.239636993408203125e+02
6.827464599609375000e+02 4.106537170410156250e+02 7.800375976562500000e+02 3.011743774414062500e+02
7.346532592773437500e+02 4.209724121093750000e+02 8.320773925781250000e+02 3.227893066406250000e+02
8.210020751953125000e+02 4.405355224609375000e+02 9.436236572265625000e+02 3.526190185546875000e+02
6.539874877929687500e+02 5.545519409179687500e+02 7.470678100585937500e+02 4.486193542480468750e+02
6.539874877929687500e+02 5.545519409179687500e+02 7.470678100585937500e+02 4.486193542480468750e+02
1.264527099609375000e+03 4.992257080078125000e+02 1.414653320312500000e+03 4.713256835937500000e+02
1.348532104492187500e+03 5.159932250976562500e+02 1.507596069335937500e+03 5.016837158203125000e+02
1.353549926757812500e+03 5.282492065429687500e+02 1.513251098632812500e+03 5.140798339843750000e+02
6.674682617187500000e+02 7.030952148437500000e+02 6.801544799804687500e+02 5.767869873046875000e+02
6.102600708007812500e+02 7.535892944335937500e+02 6.153427734375000000e+02 6.125503540039062500e+02
1.127752319335937500e+03 6.810253906250000000e+02 1.130685302734375000e+03 6.275384521484375000e+02
1.127752319335937500e+03 6.810253906250000000e+02 1.130685302734375000e+03 6.275384521484375000e+02
1.234933227539062500e+03 6.764497070312500000e+02 1.245050781250000000e+03 6.405673828125000000e+02
1.242085327148437500e+03 6.852058105468750000e+02 1.250565917968750000e+03 6.511450195312500000e+02
1.228885131835937500e+03 6.887032470703125000e+02 1.231877075195312500e+03 6.525144042968750000e+02
1.217330932617187500e+03 6.929624023437500000e+02 1.220368774414062500e+03 6.538950805664062500e+02
1.225512695312500000e+03 7.007736816406250000e+02 1.226344970703125000e+03 6.631923217773437500e+02
6.180752563476562500e+02 8.188163452148437500e+02 5.986046142578125000e+02 6.723218994140625000e+02
1.131003784179687500e+03 7.346216430664062500e+02 1.110157470703125000e+03 6.800823974609375000e+02
9.558897705078125000e+02 7.776627197265625000e+02 8.629002075195312500e+02 6.821023559570312500e+02
1.240121704101562500e+03 7.309586181640625000e+02 1.226245483398437500e+03 6.957786865234375000e+02
8.332449951171875000e+02 8.295850830078125000e+02 7.819683227539062500e+02 7.188744506835937500e+02
1.076858642578125000e+03 7.992920532226562500e+02 1.028373657226562500e+03 7.317796020507812500e+02
1.104021606445312500e+03 8.079439086914062500e+02 1.050796020507812500e+03 7.460642089843750000e+02
8.647980346679687500e+02 8.651387329101562500e+02 7.974193115234375000e+02 7.570406494140625000e+02
1.102500488281250000e+03 8.189772949218750000e+02 1.044052246093750000e+03 7.574164428710937500e+02
1.233257690429687500e+03 7.952142333984375000e+02 1.189971801757812500e+03 7.581955566406250000e+02
1.222972412109375000e+03 8.000054931640625000e+02 1.176861816406250000e+03 7.607507324218750000e+02
1.122568603515625000e+03 8.208920898437500000e+02 1.064065185546875000e+03 7.626328125000000000e+02
6.455272827148437500e+02 9.206817016601562500e+02 5.850524902343750000e+02 7.679078369140625000e+02
1.243295898437500000e+03 8.026045532226562500e+02 1.197699829101562500e+03 7.677963256835937500e+02
1.243295898437500000e+03 8.026045532226562500e+02 1.197699829101562500e+03 7.677963256835937500e+02
1.234364013671875000e+03 8.071718750000000000e+02 1.185452148437500000e+03 7.696853637695312500e+02
1.254165771484375000e+03 8.172475585937500000e+02 1.202861816406250000e+03 7.838477172851562500e+02
1.080152343750000000e+03 8.564316406250000000e+02 1.007034301757812500e+03 7.862402343750000000e+02
1.224151733398437500e+03 8.251807861328125000e+02 1.167402587890625000e+03 7.851114501953125000e+02
1.256256958007812500e+03 8.308614501953125000e+02 1.198513549804687500e+03 7.974824829101562500e+02
1.245360351562500000e+03 8.365958862304687500e+02 1.184330200195312500e+03 8.014590454101562500e+02
1.074052978515625000e+03 8.979172973632812500e+02 9.826365966796875000e+02 8.253575439453125000e+02
5.780720825195312500e+02 1.030515014648437500e+03 4.938140258789062500e+02 8.501258544921875000e+02
9.267698364257812500e+02 9.606322631835937500e+02 8.152613525390625000e+02 8.562608642578125000e+02
1.207997924804687500e+03 9.043641967773437500e+02 1.114926391601562500e+03 8.592178344726562500e+02
5.822376098632812500e+02 1.043629272460937500e+03 4.879269104003906250e+02 8.598709716796875000e+02
7.047583007812500000e+02 1.027382690429687500e+03 5.938941650390625000e+02 8.689226074218750000e+02
1.233145263671875000e+03 9.220759277343750000e+02 1.134489135742187500e+03 8.817316894531250000e+02
1.256973388671875000e+03 9.185211181640625000e+02 1.159792114257812500e+03 8.831396484375000000e+02
7.041868896484375000e+02 1.052093750000000000e+03 5.859420776367187500e+02 8.909750976562500000e+02
1.089399780273437500e+03 9.654190673828125000e+02 9.687938842773437500e+02 8.908832397460937500e+02
1.112499389648437500e+03 9.693856201171875000e+02 9.908287353515625000e+02 9.002655639648437500e+02
1.058448852539062500e+03 1.004617980957031250e+03 9.208213500976562500e+02 9.245894165039062500e+02
1.224453125000000000e+03 9.985607299804687500e+02 1.090903930664062500e+03 9.523015136718750000e+02
1.226962646484375000e+03 1.029352050781250000e+03 1.079067626953125000e+03 9.830159301757812500e+02
1.302109069824218750e+02 1.927174072265625000e+02 3.473694458007812500e+02 5.247719192504882812e+01
8.392301025390625000e+02 1.739694213867187500e+02 1.011204833984375000e+03 7.592419433593750000e+01
3.672208251953125000e+02 2.021362152099609375e+02 5.463421020507812500e+02 7.958190917968750000e+01
1.075325927734375000e+03 1.892162933349609375e+02 1.268286254882812500e+03 1.072220916748046875e+02
9.224229736328125000e+02 2.020623779296875000e+02 1.093873168945312500e+03 1.092991561889648438e+02
9.224229736328125000e+02 2.020623779296875000e+02 1.093873168945312500e+03 1.092991561889648438e+02
8.779995117187500000e+02 2.258224334716796875e+02 1.040523315429687500e+03 1.369289550781250000e+02
1.050419433593750000e+03 2.291692657470703125e+02 1.230111206054687500e+03 1.522496643066406250e+02
8.919039916992187500e+02 2.458020629882812500e+02 1.053151611328125000e+03 1.573634185791015625e+02
1.022323059082031250e+03 2.417204742431640625e+02 1.195182861328125000e+03 1.611187896728515625e+02
7.648637695312500000e+02 2.934978942871093750e+02 9.049710693359375000e+02 1.956231994628906250e+02
1.175868530273437500e+03 2.612072448730468750e+02 1.370453125000000000e+03 1.939541320800781250e+02
1.110275146484375000e+03 2.720521850585937500e+02 1.286237792968750000e+03 2.004417572021484375e+02
1.126433105468750000e+03 2.787060241699218750e+02 1.306488769531250000e+03 2.104048156738281250e+02
9.362505493164062500e+02 3.439732055664062500e+02 1.079706542968750000e+03 2.622936096191406250e+02
1.122272216796875000e+03 3.250792236328125000e+02 1.288876953125000000e+03 2.625276489257812500e+02
5.534140625000000000e+02 3.806894226074218750e+02 6.670107421875000000e+02 2.659614257812500000e+02
8.253661499023437500e+02 4.284334411621093750e+02 9.491590576171875000e+02 3.411017456054687500e+02
1.204002807617187500e+03 4.950015258789062500e+02 1.348927490234375000e+03 4.586589660644531250e+02
1.213352783203125000e+03 5.244603881835937500e+02 1.353250244140625000e+03 4.900513610839843750e+02
1.200452636718750000e+03 5.349107055664062500e+02 1.338212402343750000e+03 4.986059875488281250e+02
1.392812500000000000e+03 5.351608886718750000e+02 1.553588867187500000e+03 5.287572021484375000e+02
1.351596313476562500e+03 5.483438110351562500e+02 1.507986572265625000e+03 5.365594482421875000e+02
1.368484741210937500e+03 5.559851074218750000e+02 1.520002563476562500e+03 5.493563842773437500e+02
6.580230712890625000e+02 6.793141479492187500e+02 6.821008300781250000e+02 5.524545288085937500e+02
6.851257934570312500e+02 6.819757080078125000e+02 7.055081787109375000e+02 5.589663696289062500e+02
6.851257934570312500e+02 6.819757080078125000e+02 7.055081787109375000e+02 5.589663696289062500e+02
1.058572387695312500e+03 6.599174194335937500e+02 1.067224243164062500e+03 5.969704589843750000e+02
1.149702026367187500e+03 6.699891967773437500e+02 1.158375122070312500e+03 6.203458862304687500e+02
6.812868652343750000e+02 7.595558471679687500e+02 6.748967895507812500e+02 6.305771484375000000e+02
7.217427978515625000e+02 7.581458129882812500e+02 7.077972412109375000e+02 6.328527832031250000e+02
1.194010009765625000e+03 6.782289428710937500e+02 1.202178710937500000e+03 6.344968872070312500e+02
5.818454589843750000e+02 7.984219360351562500e+02 5.748788452148437500e+02 6.465132446289062500e+02
5.818454589843750000e+02 7.984219360351562500e+02 5.748788452148437500e+02 6.465132446289062500e+02
5.292858276367187500e+02 8.220499877929687500e+02 5.241586914062500000e+02 6.590460815429687500e+02
1.103535034179687500e+03 7.307576904296875000e+02 1.084074707031250000e+03 6.700397949218750000e+02
6.201733398437500000e+02 8.425017700195312500e+02 5.921985473632812500e+02 6.945683593750000000e+02
9.643217773437500000e+02 7.926954345703125000e+02 8.656168823242187500e+02 6.967420043945312500e+02
8.241115722656250000e+02 8.179171752929687500e+02 7.783881225585937500e+02 7.037780151367187500e+02
7.432888183593750000e+02 8.357650756835937500e+02 6.989134521484375000e+02 7.071103515625000000e+02
7.432888183593750000e+02 8.357650756835937500e+02 6.989134521484375000e+02 7.071103515625000000e+02
7.100962524414062500e+02 8.440955810546875000e+02 6.665441894531250000e+02 7.119666137695312500e+02
1.232594848632812500e+03 7.606284179687500000e+02 1.205791870117187500e+03 7.240944824218750000e+02
1.143059692382812500e+03 8.002468261718750000e+02 1.093042480468750000e+03 7.466351928710937500e+02
8.406117553710937500e+02 8.597650756835937500e+02 7.782012939453125000e+02 7.475504760742187500e+02
6.578961791992187500e+02 9.029787597656250000e+02 6.023666992187500000e+02 7.539387207031250000e+02
1.089414916992187500e+03 8.655446777343750000e+02 1.012044128417968750e+03 7.990448608398437500e+02
1.089414916992187500e+03 8.655446777343750000e+02 1.012044128417968750e+03 7.990448608398437500e+02
8.919102172851562500e+02 9.241604003906250000e+02 8.002400512695312500e+02 8.126892700195312500e+02
8.684525756835937500e+02 9.350701293945312500e+02 7.754689331054687500e+02 8.208910522460937500e+02
1.197060058593750000e+03 8.820588989257812500e+02 1.114061401367187500e+03 8.340211791992187500e+02
1.083788940429687500e+03 9.072235717773437500e+02 9.878495483398437500e+02 8.371401367187500000e+02
1.239566284179687500e+03 8.790794067382812500e+02 1.158733154296875000e+03 8.408757934570312500e+02
5.355014648437500000e+02 1.030021118164062500e+03 4.531867980957031250e+02 8.434334716796875000e+02
9.138660278320312500e+02 9.560770874023437500e+02 8.071766967773437500e+02 8.453267211914062500e+02
8.680312500000000000e+02 9.724296264648437500e+02 7.582550048828125000e+02 8.546533813476562500e+02
1.252610839843750000e+03 8.898798828125000000e+02 1.168089355468750000e+03 8.544101562500000000e+02
1.220534790039062500e+03 9.271016845703125000e+02 1.118068359375000000e+03 8.837327270507812500e+02
1.100446655273437500e+03 9.605974121093750000e+02 9.833823852539062500e+02 8.886420288085937500e+02
1.123763793945312500e+03 9.634583129882812500e+02 1.004403930664062500e+03 8.962300415039062500e+02
1.073500000000000000e+03 9.901658325195312500e+02 9.430479125976562500e+02 9.127050781250000000e+02
1.107348632812500000e+03 1.010360534667968750e+03 9.681488037109375000e+02 9.370353393554687500e+02
1.107348632812500000e+03 1.010360534667968750e+03 9.681488037109375000e+02 9.370353393554687500e+02
1.237828002929687500e+03 1.036079345703125000e+03 1.089112060546875000e+03 9.911285400390625000e+02
1.265788085937500000e+03 1.027163574218750000e+03 1.120841796875000000e+03 9.903798217773437500e+02
1.226026611328125000e+03 1.042726196289062500e+03 1.073307128906250000e+03 9.950237426757812500e+02
1.226026611328125000e+03 1.042726196289062500e+03 1.073307128906250000e+03 9.950237426757812500e+02
5.568234863281250000e+02 1.591672515869140625e+02 6.835471191406250000e+02 2.976933860778808594e+01
9.715801239013671875e+01 1.820698394775390625e+02 3.268668823242187500e+02 4.218515777587890625e+01
2.729599609375000000e+02 1.827167358398437500e+02 4.702616577148437500e+02 5.118498992919921875e+01
7.536803588867187500e+02 1.911122436523437500e+02 9.168648681640625000e+02 8.926634216308593750e+01
8.404664916992187500e+02 1.882942352294921875e+02 1.007932128906250000e+03 9.139765167236328125e+01
8.627469482421875000e+02 2.010968933105468750e+02 1.028101562500000000e+03 1.081896514892578125e+02
4.178676757812500000e+02 3.801639099121093750e+02 5.658917846679687500e+02 2.483313446044921875e+02
8.033746337890625000e+02 4.254573669433593750e+02 9.270017089843750000e+02 3.357000122070312500e+02
1.212181640625000000e+03 4.734590148925781250e+02 1.365144775390625000e+03 4.365321044921875000e+02
1.649843597412109375e+02 6.235484619140625000e+02 3.388770446777343750e+02 4.475823364257812500e+02
7.477701568603515625e+01 6.446317138671875000e+02 2.670584716796875000e+02 4.545734252929687500e+02
1.190678955078125000e+03 5.040251770019531250e+02 1.334645019531250000e+03 4.657074890136718750e+02
1.267243408203125000e+03 5.100985717773437500e+02 1.418143066406250000e+03 4.834768676757812500e+02
1.320955688476562500e+03 5.200970458984375000e+02 1.474195922851562500e+03 5.006337280273437500e+02
1.400794067382812500e+03 5.475526733398437500e+02 1.561052368164062500e+03 5.434879760742187500e+02
1.421109985351562500e+03 5.864089355468750000e+02 1.582670532226562500e+03 5.908715820312500000e+02
5.777416381835937500e+02 7.777124633789062500e+02 5.790490112304687500e+02 6.290234985351562500e+02
6.653778076171875000e+02 7.652223510742187500e+02 6.594674682617187500e+02 6.328841552734375000e+02
6.653778076171875000e+02 7.652223510742187500e+02 6.594674682617187500e+02 6.328841552734375000e+02
1.196058959960937500e+03 6.958189086914062500e+02 1.195763061523437500e+03 6.531724853515625000e+02
6.489570922851562500e+02 8.071781616210937500e+02 6.306732177734375000e+02 6.665562744140625000e+02
5.483000488281250000e+02 8.316008300781250000e+02 5.339990234375000000e+02 6.719560546875000000e+02
1.141839721679687500e+03 7.472191162109375000e+02 1.115920043945312500e+03 6.942258300781250000e+02
8.474681396484375000e+02 8.418646240234375000e+02 7.910366821289062500e+02 7.319105834960937500e+02
9.872930908203125000e+02 8.384497070312500000e+02 8.868931274414062500e+02 7.485375366210937500e+02
1.262016601562500000e+03 8.174698486328125000e+02 1.210420166015625000e+03 7.868776855468750000e+02
1.224178100585937500e+03 8.323395996093750000e+02 1.163778198242187500e+03 7.925842895507812500e+02
8.055995483398437500e+02 9.338493652343750000e+02 7.176781616210937500e+02 8.052660522460937500e+02
1.115718261718750000e+03 8.859686279296875000e+02 1.028447265625000000e+03 8.228291015625000000e+02
1.055849853515625000e+03 9.008504638671875000e+02 9.643361206054687500e+02 8.253602294921875000e+02
9.120015869140625000e+02 9.386541748046875000e+02 8.123698730468750000e+02 8.304052124023437500e+02
6.223003540039062500e+02 1.009531188964843750e+03 5.356163940429687500e+02 8.360142822265625000e+02
9.566530151367187500e+02 9.417350463867187500e+02 8.528068847656250000e+02 8.435168457031250000e+02
1.189259887695312500e+03 9.049606933593750000e+02 1.096927368164062500e+03 8.551181030273437500e+02
9.046448974609375000e+02 9.701519775390625000e+02 7.931290893554687500e+02 8.575687255859375000e+02
1.208382202148437500e+03 9.145216064453125000e+02 1.110459228515625000e+03 8.691977539062500000e+02
1.075266479492187500e+03 9.669052124023437500e+02 9.541761474609375000e+02 8.891005249023437500e+02
1.071429687500000000e+03 1.008533569335937500e+03 9.350330810546875000e+02 9.279824218750000000e+02
1.219543579101562500e+03 1.013570556640625000e+03 1.078787963867187500e+03 9.651489868164062500e+02
1.253493408203125000e+03 1.005461791992187500e+03 1.118680664062500000e+03 9.653982543945312500e+02
1.237864746093750000e+03 1.016980590820312500e+03 1.096090576171875000e+03 9.733906250000000000e+02
1.275250488281250000e+03 1.016920104980468750e+03 1.134896362304687500e+03 9.820822143554687500e+02
1.211358154296875000e+03 1.048919433593750000e+03 1.055356201171875000e+03 9.972798461914062500e+02
1.239709960937500000e+03 1.054210205078125000e+03 1.081705078125000000e+03 1.009221618652343750e+03
1.028127563476562500e+03 2.150016021728515625e+02 1.213304443359375000e+03 1.317080993652343750e+02
9.906087036132812500e+02 2.356162414550781250e+02 1.168250610351562500e+03 1.527131347656250000e+02
1.036086303710937500e+03 2.529622344970703125e+02 1.211343627929687500e+03 1.732416076660156250e+02
2.991803283691406250e+02 3.524394531250000000e+02 4.641899719238281250e+02 2.127455902099609375e+02
8.610878906250000000e+02 4.001901550292968750e+02 9.903826904296875000e+02 3.161465759277343750e+02
1.334873291015625000e+03 4.907276611328125000e+02 1.501962524414062500e+03 4.727859497070312500e+02
7.823599853515625000e+02 7.177766723632812500e+02 7.693031005859375000e+02 6.082341918945312500e+02
1.486937866210937500e+03 6.077705078125000000e+02 1.652455078125000000e+03 6.248175048828125000e+02
6.670186157226562500e+02 7.883310546875000000e+02 6.514645996093750000e+02 6.525513305664062500e+02
5.052467346191406250e+02 8.258536376953125000e+02 5.031450500488281250e+02 6.626132202148437500e+02
6.947355957031250000e+02 8.280823974609375000e+02 6.601408081054687500e+02 6.922305297851562500e+02
7.419435424804687500e+02 9.275537109375000000e+02 6.630899658203125000e+02 7.934562377929687500e+02
5.482892456054687500e+02 1.019713378906250000e+03 4.722537841796875000e+02 8.350403442382812500e+02
9.367451171875000000e+02 9.367033081054687500e+02 8.356233520507812500e+02 8.336550292968750000e+02
1.216548950195312500e+03 8.795350341796875000e+02 1.134248413085937500e+03 8.361309204101562500e+02
8.898756103515625000e+02 9.847889404296875000e+02 7.760734863281250000e+02 8.696654052734375000e+02
8.898756103515625000e+02 9.847889404296875000e+02 7.760734863281250000e+02 8.696654052734375000e+02
1.047314575195312500e+03 9.600933837890625000e+02 9.325497436523437500e+02 8.768807373046875000e+02
1.205223510742187500e+03 9.910868530273437500e+02 1.074137451171875000e+03 9.410438232421875000e+02
1.268816284179687500e+03 9.902149658203125000e+02 1.140700561523437500e+03 9.552723388671875000e+02
1.260065795898437500e+03 1.041354980468750000e+03 1.107956054687500000e+03 1.002534362792968750e+03
3.999335327148437500e+02 2.286360168457031250e+02 5.709400024414062500e+02 1.051325836181640625e+02
1.010580627441406250e+03 1.918637390136718750e+02 1.196629882812500000e+03 1.052433242797851562e+02
1.010580627441406250e+03 1.918637390136718750e+02 1.196629882812500000e+03 1.052433242797851562e+02
1.057748657226562500e+03 2.104623718261718750e+02 1.244962402343750000e+03 1.297797546386718750e+02
6.598587036132812500e+02 4.135975646972656250e+02 7.527160644531250000e+02 3.052027282714843750e+02
6.876072387695312500e+02 7.154592895507812500e+02 6.982711181640625000e+02 5.907561645507812500e+02
6.876072387695312500e+02 7.154592895507812500e+02 6.982711181640625000e+02 5.907561645507812500e+02
6.635331420898437500e+02 7.285314331054687500e+02 6.703124389648437500e+02 5.973318481445312500e+02
7.345158081054687500e+02 7.833013916015625000e+02 7.134036254882812500e+02 6.594406738281250000e+02
6.742326049804687500e+02 8.130425415039062500e+02 6.453237304687500000e+02 6.737990722656250000e+02
1.169889648437500000e+03 7.402797241210937500e+02 1.149692138671875000e+03 6.924190673828125000e+02
1.169889648437500000e+03 7.402797241210937500e+02 1.149692138671875000e+03 6.924190673828125000e+02
8.014792480468750000e+02 8.369642944335937500e+02 7.503230590820312500e+02 7.193186035156250000e+02
8.014792480468750000e+02 8.369642944335937500e+02 7.503230590820312500e+02 7.193186035156250000e+02
6.849013061523437500e+02 9.036754760742187500e+02 6.245040283203125000e+02 7.559175415039062500e+02
6.849013061523437500e+02 9.036754760742187500e+02 6.245040283203125000e+02 7.559175415039062500e+02
8.838256835937500000e+02 9.587407226562500000e+02 7.813699340820312500e+02 8.452017211914062500e+02
9.218676757812500000e+02 9.871405639648437500e+02 7.998981323242187500e+02 8.773366699218750000e+02
7.552299194335937500e+02 1.031193847656250000e+03 6.371267089843750000e+02 8.820452880859375000e+02
1.115328735351562500e+03 9.906697998046875000e+02 9.834083251953125000e+02 9.223112182617187500e+02
1.192817749023437500e+03 1.012900451660156250e+03 1.053800781250000000e+03 9.582133789062500000e+02
1.037729370117187500e+03 1.787901306152343750e+02 1.228008056640625000e+03 9.259767913818359375e+01
1.037729370117187500e+03 1.787901306152343750e+02 1.228008056640625000e+03 9.259767913818359375e+01
2.352403564453125000e+02 3.808457336425781250e+02 4.090363769531250000e+02 2.347527923583984375e+02
1.232898803710937500e+03 4.996607666015625000e+02 1.377545532226562500e+03 4.660857238769531250e+02
5.962089233398437500e+02 7.026885375976562500e+02 6.207562255859375000e+02 5.667163696289062500e+02
1.235362792968750000e+03 6.834629516601562500e+02 1.246290283203125000e+03 6.498228149414062500e+02
7.059000854492187500e+02 7.983244018554687500e+02 6.805346069335937500e+02 6.667307739257812500e+02
1.158128295898437500e+03 8.917196044921875000e+02 1.069614990234375000e+03 8.357341308593750000e+02
1.224309616088867188e+02 2.285201416015625000e+02 3.411988220214843750e+02 8.582060241699218750e+01
8.789812622070312500e+02 1.961549224853515625e+02 1.045480224609375000e+03 1.040635833740234375e+02
4.270809936523437500e+02 2.863828430175781250e+02 5.913308715820312500e+02 1.617009124755859375e+02
1.409085205078125000e+03 5.062825622558593750e+02 1.583870971679687500e+03 4.981701965332031250e+02
1.374573364257812500e+03 5.380195922851562500e+02 1.532772705078125000e+03 5.282555541992187500e+02
1.428577758789062500e+03 6.132214355468750000e+02 1.588436767578125000e+03 6.245955810546875000e+02
1.171304931640625000e+03 7.131779785156250000e+02 1.161687133789062500e+03 6.659055175781250000e+02
6.801130371093750000e+02 8.628632812500000000e+02 6.360371704101562500e+02 7.204170532226562500e+02
1.090249145507812500e+03 7.940946655273437500e+02 1.044970458984375000e+03 7.317599487304687500e+02
7.279965820312500000e+02 8.843317260742187500e+02 6.681835327148437500e+02 7.487263183593750000e+02
7.890492553710937500e+02 8.711948242187500000e+02 7.259220581054687500e+02 7.487857055664062500e+02
1.156995971679687500e+03 2.835756530761718750e+02 1.341528808593750000e+03 2.190128784179687500e+02
1.156995971679687500e+03 2.835756530761718750e+02 1.341528808593750000e+03 2.190128784179687500e+02
7.416118164062500000e+02 8.321410522460937500e+02 7.015741577148437500e+02 7.049045410156250000e+02
6.882111816406250000e+02 9.776580810546875000e+02 6.051619262695312500e+02 8.241309814453125000e+02
9.905518188476562500e+02 9.643335571289062500e+02 8.763568115234375000e+02 8.717303466796875000e+02
1.156751342773437500e+03 9.492041625976562500e+02 1.042748901367187500e+03 8.902812500000000000e+02
2.824877929687500000e+02 2.671274719238281250e+02 4.728717956542968750e+02 1.356127166748046875e+02
