1.230087768554687500e+03 7.316700439453125000e+02 8.366666870117187500e+02 6.135750732421875000e+02
8.981673583984375000e+02 9.409333496093750000e+02 1.056643066406250000e+03 6.376245117187500000e+02
8.981673583984375000e+02 9.409333496093750000e+02 1.056643066406250000e+03 6.376245117187500000e+02
7.335534057617187500e+02 1.043802490234375000e+03 1.191513793945312500e+03 6.642697753906250000e+02
7.335534057617187500e+02 1.043802490234375000e+03 1.191513793945312500e+03 6.642697753906250000e+02
8.937296142578125000e+02 8.664240722656250000e+02 1.006620849609375000e+03 6.720996093750000000e+02
7.595371093750000000e+02 9.495048217773437500e+02 1.133388671875000000e+03 6.969765625000000000e+02
7.434020996093750000e+02 9.547575683593750000e+02 1.143042968750000000e+03 7.017454223632812500e+02
1.096572753906250000e+03 7.914966430664062500e+02 7.052927246093750000e+02 5.686162719726562500e+02
1.096572753906250000e+03 7.914966430664062500e+02 7.052927246093750000e+02 5.686162719726562500e+02
8.463742065429687500e+02 1.051573120117187500e+03 1.141663085937500000e+03 6.201508789062500000e+02
8.463742065429687500e+02 1.051573120117187500e+03 1.141663085937500000e+03 6.201508789062500000e+02
8.720396118164062500e+02 9.465118408203125000e+02 1.072600219726562500e+03 6.453157348632812500e+02
8.798503417968750000e+02 9.284984130859375000e+02 1.057133666992187500e+03 6.504450073242187500e+02
7.458675537109375000e+02 1.045600341796875000e+03 1.186518676757812500e+03 6.586354980468750000e+02
6.987774047851562500e+02 1.063915283203125000e+03 1.217315063476562500e+03 6.701281738281250000e+02
6.987774047851562500e+02 1.063915283203125000e+03 1.217315063476562500e+03 6.701281738281250000e+02
7.278817749023437500e+02 1.031337646484375000e+03 1.190054443359375000e+03 6.722918701171875000e+02
7.041868896484375000e+02 1.052093750000000000e+03 1.210214599609375000e+03 6.729377441406250000e+02
6.052038574218750000e+02 1.010972900390625000e+03 1.238416259765625000e+03 6.724113159179687500e+02
8.826976318359375000e+02 8.677817382812500000e+02 1.010428039550781250e+03 6.774744873046875000e+02
6.989953002929687500e+02 1.038811157226562500e+03 1.207936645507812500e+03 6.808847045898437500e+02
6.989953002929687500e+02 1.038811157226562500e+03 1.207936645507812500e+03 6.808847045898437500e+02
7.952626953125000000e+02 9.449537963867187500e+02 1.110925048828125000e+03 6.818188476562500000e+02
7.047583007812500000e+02 1.027382690429687500e+03 1.200283447265625000e+03 6.837739868164062500e+02
7.047583007812500000e+02 1.027382690429687500e+03 1.200283447265625000e+03 6.837739868164062500e+02
7.837303466796875000e+02 9.432135620117187500e+02 1.116061889648437500e+03 6.877164916992187500e+02
7.637938842773437500e+02 9.609338989257812500e+02 1.136280639648437500e+03 6.889530639648437500e+02
7.898234863281250000e+02 9.344063110351562500e+02 1.107723999023437500e+03 6.898493652343750000e+02
7.529999389648437500e+02 9.587204589843750000e+02 1.141536743164062500e+03 6.948715209960937500e+02
7.529999389648437500e+02 9.587204589843750000e+02 1.141536743164062500e+03 6.948715209960937500e+02
1.030970703125000000e+03 7.436116943359375000e+02 9.993779907226562500e+02 7.016290283203125000e+02
7.676308593750000000e+02 9.312554931640625000e+02 1.117577880859375000e+03 7.021240234375000000e+02
7.768316040039062500e+02 9.135138549804687500e+02 1.100846313476562500e+03 7.078649902343750000e+02
7.768316040039062500e+02 9.135138549804687500e+02 1.100846313476562500e+03 7.078649902343750000e+02
7.560853881835937500e+02 9.112498168945312500e+02 1.111156494140625000e+03 7.203301391601562500e+02
7.560853881835937500e+02 9.112498168945312500e+02 1.111156494140625000e+03 7.203301391601562500e+02
5.973081665039062500e+02 1.022417236328125000e+03 1.262915771484375000e+03 7.366212158203125000e+02
5.413085327148437500e+02 1.049249511718750000e+03 1.304474609375000000e+03 7.507557983398437500e+02
6.451556396484375000e+02 9.328110351562500000e+02 1.192641723632812500e+03 7.695816040039062500e+02
6.566365356445312500e+02 9.157799072265625000e+02 1.176073608398437500e+03 7.761313476562500000e+02
7.301159057617187500e+02 8.375735473632812500e+02 1.070444580078125000e+03 7.925434570312500000e+02
8.589073486328125000e+02 1.043528198242187500e+03 1.132919677734375000e+03 6.185644531250000000e+02
9.138660278320312500e+02 9.560770874023437500e+02 1.059308715820312500e+03 6.268406982421875000e+02
7.177254028320312500e+02 1.020273437500000000e+03 1.191287109375000000e+03 6.812905273437500000e+02
6.748611450195312500e+02 1.059922485351562500e+03 1.227035034179687500e+03 6.819973754882812500e+02
7.408222656250000000e+02 9.642653808593750000e+02 1.151152832031250000e+03 6.970526123046875000e+02
7.330549926757812500e+02 9.538524169921875000e+02 1.150398437500000000e+03 7.072235107421875000e+02
7.566835327148437500e+02 9.295055541992187500e+02 1.122546142578125000e+03 7.090548095703125000e+02
7.369259643554687500e+02 9.470946044921875000e+02 1.143843750000000000e+03 7.093400268554687500e+02
8.280159912109375000e+02 8.545789184570312500e+02 1.027073974609375000e+03 7.148203125000000000e+02
7.501366577148437500e+02 9.032855834960937500e+02 1.108853637695312500e+03 7.284063110351562500e+02
5.822376098632812500e+02 1.043629272460937500e+03 1.276639526367187500e+03 7.314386596679687500e+02
7.618248291015625000e+02 8.480784912109375000e+02 1.059632568359375000e+03 7.613140258789062500e+02
6.559260253906250000e+02 9.349536743164062500e+02 1.187127563476562500e+03 7.620449218750000000e+02
6.385825805664062500e+02 9.418455810546875000e+02 1.201630004882812500e+03 7.668264770507812500e+02
5.611458740234375000e+02 1.004568054199218750e+03 1.278981201171875000e+03 7.679358520507812500e+02
7.557384033203125000e+02 8.418795166015625000e+02 1.057242065429687500e+03 7.705681152343750000e+02
7.557384033203125000e+02 8.418795166015625000e+02 1.057242065429687500e+03 7.705681152343750000e+02
6.195520019531250000e+02 9.396817626953125000e+02 1.214190795898437500e+03 7.817550048828125000e+02
6.254217529296875000e+02 9.301274414062500000e+02 1.204817016601562500e+03 7.843777465820312500e+02
6.254217529296875000e+02 9.301274414062500000e+02 1.204817016601562500e+03 7.843777465820312500e+02
7.243057861328125000e+02 8.448609008789062500e+02 1.080629882812500000e+03 7.902521362304687500e+02
6.382095336914062500e+02 9.113522949218750000e+02 1.185281738281250000e+03 7.918172607421875000e+02
6.382095336914062500e+02 9.113522949218750000e+02 1.185281738281250000e+03 7.918172607421875000e+02
7.620815429687500000e+02 8.132855834960937500e+02 1.024926147460937500e+03 7.920586547851562500e+02
6.149758911132812500e+02 9.284708251953125000e+02 1.210895507812500000e+03 7.932138671875000000e+02
7.449502563476562500e+02 8.119850463867187500e+02 1.034623657226562500e+03 8.069050292968750000e+02
7.322611694335937500e+02 8.170079956054687500e+02 1.049471313476562500e+03 8.113463134765625000e+02
6.525798339843750000e+02 8.436337890625000000e+02 1.129936279296875000e+03 8.475459594726562500e+02
6.486564331054687500e+02 8.359077758789062500e+02 1.126398437500000000e+03 8.601847534179687500e+02
6.343987426757812500e+02 8.417574462890625000e+02 1.142533081054687500e+03 8.651425170898437500e+02
6.402233886718750000e+02 8.346426391601562500e+02 1.132171997070312500e+03 8.694936523437500000e+02
6.402233886718750000e+02 8.346426391601562500e+02 1.132171997070312500e+03 8.694936523437500000e+02
6.363935546875000000e+02 8.267503051757812500e+02 1.128299560546875000e+03 8.824456787109375000e+02
9.120015869140625000e+02 9.386541748046875000e+02 1.048477294921875000e+03 6.333229980468750000e+02
8.680312500000000000e+02 9.724296264648437500e+02 1.091274658203125000e+03 6.372795410156250000e+02
8.503271484375000000e+02 9.809691162109375000e+02 1.103602294921875000e+03 6.406421508789062500e+02
8.503271484375000000e+02 9.809691162109375000e+02 1.103602294921875000e+03 6.406421508789062500e+02
8.919102172851562500e+02 9.241604003906250000e+02 1.048073608398437500e+03 6.484653320312500000e+02
8.684525756835937500e+02 9.350701293945312500e+02 1.066769287109375000e+03 6.516474609375000000e+02
7.628806762695312500e+02 9.672551879882812500e+02 1.140618774414062500e+03 6.845929565429687500e+02
8.187121582031250000e+02 9.134672241210937500e+02 1.077838745117187500e+03 6.868299560546875000e+02
7.689244995117187500e+02 9.446587524414062500e+02 1.125037109375000000e+03 6.950582275390625000e+02
7.510853271484375000e+02 9.444549560546875000e+02 1.135130371093750000e+03 7.027760009765625000e+02
7.875568237304687500e+02 9.096210937500000000e+02 1.091970947265625000e+03 7.045592651367187500e+02
7.196150512695312500e+02 9.605759277343750000e+02 1.161454711914062500e+03 7.099078979492187500e+02
7.676569213867187500e+02 9.071196899414062500e+02 1.101504882812500000e+03 7.170615844726562500e+02
5.750615844726562500e+02 9.974925537109375000e+02 1.268219726562500000e+03 7.639420166015625000e+02
7.725933227539062500e+02 8.099071655273437500e+02 1.014950134277343750e+03 7.872190551757812500e+02
6.503767089843750000e+02 8.911925048828125000e+02 1.165738647460937500e+03 8.004346313476562500e+02
6.390425415039062500e+02 8.959182739257812500e+02 1.178146484375000000e+03 8.043391723632812500e+02
6.390425415039062500e+02 8.959182739257812500e+02 1.178146484375000000e+03 8.043391723632812500e+02
6.415708618164062500e+02 8.469310302734375000e+02 1.141134399414062500e+03 8.534442138671875000e+02
6.307427978515625000e+02 8.342191162109375000e+02 1.138934936523437500e+03 8.784881591796875000e+02
6.213229980468750000e+02 8.343453369140625000e+02 1.147045532226562500e+03 8.865552978515625000e+02
6.213229980468750000e+02 8.343453369140625000e+02 1.147045532226562500e+03 8.865552978515625000e+02
6.278230590820312500e+02 8.250576171875000000e+02 1.132410400390625000e+03 8.928336181640625000e+02
7.113051147460937500e+02 7.647514038085937500e+02 1.000501220703125000e+03 8.964713745117187500e+02
7.042413940429687500e+02 7.619083862304687500e+02 1.004377441406250000e+03 9.077333984375000000e+02
5.541226806640625000e+02 8.040410156250000000e+02 1.180488281250000000e+03 1.006182678222656250e+03
8.898756103515625000e+02 9.847889404296875000e+02 1.086502685546875000e+03 6.227496948242187500e+02
8.055995483398437500e+02 9.338493652343750000e+02 1.098460693359375000e+03 6.826713867187500000e+02
8.406117553710937500e+02 8.597650756835937500e+02 1.025220581054687500e+03 7.028533935546875000e+02
6.455272827148437500e+02 9.206817016601562500e+02 1.186687133789062500e+03 7.799053344726562500e+02
6.455272827148437500e+02 9.206817016601562500e+02 1.186687133789062500e+03 7.799053344726562500e+02
6.578961791992187500e+02 9.029787597656250000e+02 1.168216430664062500e+03 7.860015258789062500e+02
6.254507446289062500e+02 9.179401245117187500e+02 1.199433227539062500e+03 7.949432373046875000e+02
8.012102661132812500e+02 7.774210815429687500e+02 9.575524291992187500e+02 7.960086059570312500e+02
6.630388793945312500e+02 8.404194946289062500e+02 1.117558837890625000e+03 8.428622436523437500e+02
8.838256835937500000e+02 9.587407226562500000e+02 1.073578125000000000e+03 6.346762695312500000e+02
7.419435424804687500e+02 9.275537109375000000e+02 1.129630249023437500e+03 7.179393310546875000e+02
6.223003540039062500e+02 1.009531188964843750e+03 1.242417968750000000e+03 7.311509399414062500e+02
7.768598632812500000e+02 8.314228515625000000e+02 1.031616821289062500e+03 7.662692260742187500e+02
7.472584228515625000e+02 8.506038208007812500e+02 1.072414428710937500e+03 7.706619262695312500e+02
7.432888183593750000e+02 8.357650756835937500e+02 1.059828979492187500e+03 7.853886718750000000e+02
7.518558959960937500e+02 8.216293334960937500e+02 1.043213989257812500e+03 7.931350097656250000e+02
6.201733398437500000e+02 8.425017700195312500e+02 1.154869750976562500e+03 8.778470458984375000e+02
5.306629638671875000e+02 8.331812133789062500e+02 1.228016357421875000e+03 9.831765747070312500e+02
8.102203369140625000e+02 8.203907470703125000e+02 9.971561889648437500e+02 7.525830688476562500e+02
6.849013061523437500e+02 9.036754760742187500e+02 1.149381347656250000e+03 7.684295043945312500e+02
6.849013061523437500e+02 9.036754760742187500e+02 1.149381347656250000e+03 7.684295043945312500e+02
7.279965820312500000e+02 8.843317260742187500e+02 1.108186645507812500e+03 7.583718261718750000e+02
6.801130371093750000e+02 8.628632812500000000e+02 1.125612915039062500e+03 8.062888793945312500e+02
6.801130371093750000e+02 8.628632812500000000e+02 1.125612915039062500e+03 8.062888793945312500e+02
7.731566162109375000e+02 7.615533447265625000e+02 9.613060913085937500e+02 8.363242797851562500e+02
6.138076782226562500e+02 8.373125610351562500e+02 1.157593627929687500e+03 8.938135375976562500e+02
