7.301159057617187500e+02 8.375735473632812500e+02 5.952094726562500000e+02 6.549387207031250000e+02
1.065283325195312500e+03 8.977387084960937500e+02 1.067496337890625000e+03 7.386329956054687500e+02
7.622021484375000000e+02 6.853812866210937500e+02 5.517815551757812500e+02 4.796167907714843750e+02
1.233257690429687500e+03 7.952142333984375000e+02 1.048370117187500000e+03 5.388223266601562500e+02
7.818658447265625000e+02 7.505629272460937500e+02 6.093628540039062500e+02 5.538321533203125000e+02
7.818658447265625000e+02 7.505629272460937500e+02 6.093628540039062500e+02 5.538321533203125000e+02
1.005858032226562500e+03 8.320407104492187500e+02 9.063291625976562500e+02 6.224030761718750000e+02
1.100537109375000000e+03 8.713124389648437500e+02 9.596445922851562500e+02 6.262926025390625000e+02
9.783590087890625000e+02 8.313521118164062500e+02 8.863338623046875000e+02 6.282803344726562500e+02
1.099308105468750000e+03 8.792777709960937500e+02 9.584131469726562500e+02 6.341624755859375000e+02
1.108088378906250000e+03 8.963718261718750000e+02 9.702772827148437500e+02 6.480581665039062500e+02
1.108088378906250000e+03 8.963718261718750000e+02 9.702772827148437500e+02 6.480581665039062500e+02
1.213159423828125000e+03 9.845370483398437500e+02 1.069882812500000000e+03 7.028599853515625000e+02
1.264527099609375000e+03 4.992257080078125000e+02 9.503670043945312500e+02 1.835136871337890625e+02
1.353549926757812500e+03 5.282492065429687500e+02 1.032733764648437500e+03 2.201326599121093750e+02
1.704384033203125000e+03 5.921105957031250000e+02 1.295364257812500000e+03 2.795069274902343750e+02
1.228885131835937500e+03 6.887032470703125000e+02 1.018462219238281250e+03 4.363680419921875000e+02
6.844074707031250000e+02 7.444967651367187500e+02 4.898829650878906250e+02 5.603168334960937500e+02
7.709988403320312500e+02 7.700424804687500000e+02 6.072457885742187500e+02 5.758065795898437500e+02
7.860076904296875000e+02 7.715817260742187500e+02 6.257980957031250000e+02 5.760576782226562500e+02
8.012102661132812500e+02 7.774210815429687500e+02 6.417546997070312500e+02 5.803627319335937500e+02
7.725933227539062500e+02 8.099071655273437500e+02 6.318579101562500000e+02 6.195214233398437500e+02
1.207997924804687500e+03 9.043641967773437500e+02 1.049825561523437500e+03 6.385419311523437500e+02
1.087903564453125000e+03 8.856743774414062500e+02 9.546039428710937500e+02 6.415105590820312500e+02
1.087903564453125000e+03 8.856743774414062500e+02 9.546039428710937500e+02 6.415105590820312500e+02
8.667672119140625000e+02 8.546493530273437500e+02 7.476744995117187500e+02 6.481174316406250000e+02
7.233930053710937500e+02 8.302251586914062500e+02 5.841875610351562500e+02 6.494462890625000000e+02
1.086028930664062500e+03 8.954457397460937500e+02 9.556500244140625000e+02 6.503923339843750000e+02
1.086028930664062500e+03 8.954457397460937500e+02 9.556500244140625000e+02 6.503923339843750000e+02
1.083788940429687500e+03 9.072235717773437500e+02 9.526991577148437500e+02 6.617901611328125000e+02
5.282703857421875000e+02 8.133238525390625000e+02 3.307002868652343750e+02 6.659379272460937500e+02
9.251165161132812500e+02 9.099003906250000000e+02 8.233713989257812500e+02 6.879444580078125000e+02
1.123763793945312500e+03 9.634583129882812500e+02 9.999567871093750000e+02 7.007302856445312500e+02
1.123763793945312500e+03 9.634583129882812500e+02 9.999567871093750000e+02 7.007302856445312500e+02
1.224453125000000000e+03 9.985607299804687500e+02 1.079790283203125000e+03 7.121045532226562500e+02
7.768316040039062500e+02 9.135138549804687500e+02 6.811464233398437500e+02 7.211751708984375000e+02
1.237828002929687500e+03 1.036079345703125000e+03 1.095124267578125000e+03 7.372714233398437500e+02
1.226026611328125000e+03 1.042726196289062500e+03 1.089482666015625000e+03 7.456187744140625000e+02
7.837303466796875000e+02 9.432135620117187500e+02 7.005499877929687500e+02 7.463567504882812500e+02
1.186363037109375000e+03 1.045155517578125000e+03 1.062816894531250000e+03 7.552134399414062500e+02
8.747303466796875000e+02 9.787788696289062500e+02 7.985306396484375000e+02 7.586603393554687500e+02
6.254217529296875000e+02 9.301274414062500000e+02 5.268648681640625000e+02 7.671525878906250000e+02
8.028712158203125000e+02 4.158492736816406250e+02 4.022533569335937500e+02 7.207759857177734375e+01
1.204002807617187500e+03 4.950015258789062500e+02 8.894821166992187500e+02 1.785661468505859375e+02
1.392812500000000000e+03 5.351608886718750000e+02 1.069010864257812500e+03 2.243175659179687500e+02
1.346019165039062500e+03 5.376549072265625000e+02 1.020529113769531250e+03 2.280641326904296875e+02
7.502017211914062500e+02 6.903308105468750000e+02 5.373090209960937500e+02 4.891273193359375000e+02
1.196028198242187500e+03 7.925847167968750000e+02 1.018650634765625000e+03 5.413829345703125000e+02
6.963765258789062500e+02 7.373363647460937500e+02 5.010558166503906250e+02 5.505386962890625000e+02
6.301003417968750000e+02 7.316900024414062500e+02 4.134947509765625000e+02 5.539719238281250000e+02
1.239566284179687500e+03 8.790794067382812500e+02 1.067721557617187500e+03 6.130976562500000000e+02
1.100618774414062500e+03 8.591279296875000000e+02 9.598402099609375000e+02 6.164083862304687500e+02
1.252610839843750000e+03 8.898798828125000000e+02 1.078369262695312500e+03 6.205293579101562500e+02
1.089414916992187500e+03 8.655446777343750000e+02 9.499734497070312500e+02 6.243838500976562500e+02
5.468969726562500000e+02 7.989646606445312500e+02 3.520494689941406250e+02 6.458112792968750000e+02
8.756834106445312500e+02 8.602369995117187500e+02 7.577138061523437500e+02 6.505769653320312500e+02
1.208382202148437500e+03 9.145216064453125000e+02 1.050840209960937500e+03 6.495493164062500000e+02
7.618248291015625000e+02 8.480784912109375000e+02 6.360850219726562500e+02 6.571535644531250000e+02
1.220534790039062500e+03 9.271016845703125000e+02 1.061872924804687500e+03 6.568856811523437500e+02
8.826976318359375000e+02 8.677817382812500000e+02 7.657506103515625000e+02 6.577923583984375000e+02
9.245044555664062500e+02 9.184474487304687500e+02 8.242688598632812500e+02 6.968007202148437500e+02
1.186694335937500000e+03 9.747449951171875000e+02 1.050089233398437500e+03 6.994744262695312500e+02
1.186694335937500000e+03 9.747449951171875000e+02 1.050089233398437500e+03 6.994744262695312500e+02
1.100446655273437500e+03 9.605974121093750000e+02 9.833923339843750000e+02 7.031195678710937500e+02
8.919102172851562500e+02 9.241604003906250000e+02 7.984277954101562500e+02 7.090520629882812500e+02
9.233590698242187500e+02 9.303595581054687500e+02 8.288944091796875000e+02 7.085486450195312500e+02
8.727486572265625000e+02 9.201851806640625000e+02 7.774479370117187500e+02 7.103545532226562500e+02
7.501366577148437500e+02 9.032855834960937500e+02 6.494902954101562500e+02 7.181597290039062500e+02
6.332954711914062500e+02 8.888265991210937500e+02 5.136810913085937500e+02 7.270154418945312500e+02
1.073500000000000000e+03 9.901658325195312500e+02 9.660376586914062500e+02 7.323067016601562500e+02
6.390425415039062500e+02 8.959182739257812500e+02 5.224433593750000000e+02 7.351607666015625000e+02
6.390425415039062500e+02 8.959182739257812500e+02 5.224433593750000000e+02 7.351607666015625000e+02
9.138660278320312500e+02 9.560770874023437500e+02 8.284191894531250000e+02 7.339231567382812500e+02
1.107348632812500000e+03 1.010360534667968750e+03 9.977316284179687500e+02 7.416528930664062500e+02
1.107348632812500000e+03 1.010360534667968750e+03 9.977316284179687500e+02 7.416528930664062500e+02
9.112209472656250000e+02 9.733789062500000000e+02 8.287778320312500000e+02 7.477127075195312500e+02
1.279583251953125000e+03 1.061166992187500000e+03 1.126930297851562500e+03 7.506919555664062500e+02
1.211358154296875000e+03 1.048919433593750000e+03 1.078942016601562500e+03 7.529078979492187500e+02
1.239709960937500000e+03 1.054210205078125000e+03 1.098641357421875000e+03 7.522024536132812500e+02
6.149758911132812500e+02 9.284708251953125000e+02 5.132550048828125000e+02 7.668557128906250000e+02
7.458675537109375000e+02 1.045600341796875000e+03 7.053590698242187500e+02 8.433622436523437500e+02
6.052038574218750000e+02 1.010972900390625000e+03 5.477177124023437500e+02 8.456327514648437500e+02
7.041868896484375000e+02 1.052093750000000000e+03 6.680462646484375000e+02 8.570044555664062500e+02
5.780720825195312500e+02 1.030515014648437500e+03 5.226312255859375000e+02 8.703724365234375000e+02
8.068249511718750000e+02 4.624582519531250000e+02 4.168412170410156250e+02 1.382808837890625000e+02
1.190678955078125000e+03 5.040251770019531250e+02 8.760947875976562500e+02 1.880659332275390625e+02
1.267243408203125000e+03 5.100985717773437500e+02 9.506422119140625000e+02 1.959713134765625000e+02
1.320955688476562500e+03 5.200970458984375000e+02 1.005221801757812500e+03 2.110364227294921875e+02
1.400794067382812500e+03 5.475526733398437500e+02 1.071114990234375000e+03 2.371438293457031250e+02
1.206165039062500000e+03 8.115095825195312500e+02 1.030119628906250000e+03 5.598131103515625000e+02
7.217427978515625000e+02 7.581458129882812500e+02 5.431103515625000000e+02 5.676088256835937500e+02
6.812868652343750000e+02 7.595558471679687500e+02 4.907441406250000000e+02 5.770685424804687500e+02
5.836173095703125000e+02 7.604284057617187500e+02 3.658571472167968750e+02 5.948105468750000000e+02
9.643217773437500000e+02 7.926954345703125000e+02 8.701298828125000000e+02 5.989508666992187500e+02
7.328456420898437500e+02 8.067489013671875000e+02 5.822907104492187500e+02 6.237867431640625000e+02
1.230739990234375000e+03 8.927588500976562500e+02 1.063949096679687500e+03 6.258984375000000000e+02
1.262489379882812500e+03 9.048070678710937500e+02 1.087643432617187500e+03 6.314676513671875000e+02
1.115718261718750000e+03 8.859686279296875000e+02 9.740128784179687500e+02 6.366936645507812500e+02
1.189259887695312500e+03 9.049606933593750000e+02 1.037564453125000000e+03 6.433494262695312500e+02
6.469268188476562500e+02 8.224681396484375000e+02 4.944865112304687500e+02 6.530335083007812500e+02
1.264354248046875000e+03 9.321523437500000000e+02 1.094009155273437500e+03 6.540236816406250000e+02
1.124341308593750000e+03 9.108687744140625000e+02 9.871619873046875000e+02 6.577172851562500000e+02
1.124341308593750000e+03 9.108687744140625000e+02 9.871619873046875000e+02 6.577172851562500000e+02
1.268816284179687500e+03 9.902149658203125000e+02 1.107571411132812500e+03 6.986433105468750000e+02
9.566530151367187500e+02 9.417350463867187500e+02 8.590018920898437500e+02 7.116539306640625000e+02
1.075266479492187500e+03 9.669052124023437500e+02 9.647846679687500000e+02 7.126087036132812500e+02
1.075266479492187500e+03 9.669052124023437500e+02 9.647846679687500000e+02 7.126087036132812500e+02
1.253493408203125000e+03 1.005461791992187500e+03 1.101847656250000000e+03 7.127863769531250000e+02
9.120015869140625000e+02 9.386541748046875000e+02 8.201392822265625000e+02 7.179897460937500000e+02
6.503767089843750000e+02 8.911925048828125000e+02 5.373131103515625000e+02 7.254057006835937500e+02
1.219543579101562500e+03 1.013570556640625000e+03 1.078295288085937500e+03 7.245878906250000000e+02
8.684525756835937500e+02 9.350701293945312500e+02 7.775622558593750000e+02 7.269067382812500000e+02
1.071429687500000000e+03 1.008533569335937500e+03 9.712405395507812500e+02 7.467158203125000000e+02
6.455272827148437500e+02 9.206817016601562500e+02 5.409013061523437500e+02 7.534193725585937500e+02
6.455272827148437500e+02 9.206817016601562500e+02 5.409013061523437500e+02 7.534193725585937500e+02
7.916319580078125000e+02 9.725787353515625000e+02 7.198220214843750000e+02 7.689425659179687500e+02
7.628806762695312500e+02 9.672551879882812500e+02 6.868097534179687500e+02 7.714773559570312500e+02
8.833864135742187500e+02 1.047883544921875000e+03 8.328259887695312500e+02 8.155361328125000000e+02
8.589073486328125000e+02 1.043528198242187500e+03 8.100292968750000000e+02 8.171921386718750000e+02
8.273496093750000000e+02 1.037587890625000000e+03 7.765368652343750000e+02 8.209360961914062500e+02
7.177254028320312500e+02 1.020273437500000000e+03 6.710380249023437500e+02 8.290959472656250000e+02
7.278817749023437500e+02 1.031337646484375000e+03 6.815344848632812500e+02 8.377857666015625000e+02
7.278817749023437500e+02 1.031337646484375000e+03 6.815344848632812500e+02 8.377857666015625000e+02
8.253661499023437500e+02 4.284334411621093750e+02 4.348819274902343750e+02 9.055173492431640625e+01
8.210020751953125000e+02 4.405355224609375000e+02 4.321800537109375000e+02 1.079293136596679688e+02
1.212181640625000000e+03 4.734590148925781250e+02 8.933561401367187500e+02 1.532794036865234375e+02
1.334873291015625000e+03 4.907276611328125000e+02 1.012865295410156250e+03 1.743314819335937500e+02
1.351596313476562500e+03 5.483438110351562500e+02 1.028287231445312500e+03 2.400532226562500000e+02
1.368484741210937500e+03 5.559851074218750000e+02 1.046702514648437500e+03 2.446307830810546875e+02
7.279777832031250000e+02 6.853550415039062500e+02 5.074408264160156250e+02 4.840563049316406250e+02
6.713469848632812500e+02 6.891680297851562500e+02 4.340485839843750000e+02 4.975541076660156250e+02
1.200755737304687500e+03 7.522515258789062500e+02 1.011509277343750000e+03 5.027123107910156250e+02
6.102600708007812500e+02 7.535892944335937500e+02 3.974557189941406250e+02 5.824747314453125000e+02
9.029123535156250000e+02 7.801585083007812500e+02 7.999733886718750000e+02 5.922659912109375000e+02
1.216548950195312500e+03 8.795350341796875000e+02 1.052761352539062500e+03 6.166032104492187500e+02
8.332449951171875000e+02 8.295850830078125000e+02 7.030506591796875000e+02 6.298040771484375000e+02
7.518558959960937500e+02 8.216293334960937500e+02 6.079144897460937500e+02 6.348957519531250000e+02
7.768598632812500000e+02 8.314228515625000000e+02 6.436478881835937500e+02 6.379039306640625000e+02
7.432888183593750000e+02 8.357650756835937500e+02 6.101240234375000000e+02 6.509556274414062500e+02
7.432888183593750000e+02 8.357650756835937500e+02 6.101240234375000000e+02 6.509556274414062500e+02
8.406117553710937500e+02 8.597650756835937500e+02 7.205899658203125000e+02 6.586976318359375000e+02
7.472584228515625000e+02 8.506038208007812500e+02 6.199408569335937500e+02 6.642451782226562500e+02
6.201733398437500000e+02 8.425017700195312500e+02 4.666681823730468750e+02 6.807010498046875000e+02
1.205223510742187500e+03 9.910868530273437500e+02 1.066136840820312500e+03 7.099993896484375000e+02
8.055995483398437500e+02 9.338493652343750000e+02 7.190039062500000000e+02 7.317781982421875000e+02
1.260065795898437500e+03 1.041354980468750000e+03 1.111748291015625000e+03 7.392817382812500000e+02
7.689244995117187500e+02 9.446587524414062500e+02 6.865795288085937500e+02 7.496561279296875000e+02
8.680312500000000000e+02 9.724296264648437500e+02 7.913861083984375000e+02 7.537468261718750000e+02
8.680312500000000000e+02 9.724296264648437500e+02 7.913861083984375000e+02 7.537468261718750000e+02
1.087106445312500000e+03 1.024364501953125000e+03 9.853004760742187500e+02 7.563352661132812500e+02
7.817819213867187500e+02 9.588186035156250000e+02 7.070722045898437500e+02 7.589254760742187500e+02
1.036766357421875000e+03 1.015001403808593750e+03 9.471317138671875000e+02 7.586322021484375000e+02
8.898756103515625000e+02 9.847889404296875000e+02 8.121666259765625000e+02 7.619072265625000000e+02
8.898756103515625000e+02 9.847889404296875000e+02 8.121666259765625000e+02 7.619072265625000000e+02
8.033746337890625000e+02 4.254573669433593750e+02 4.033453979492187500e+02 8.677632141113281250e+01
1.159006591796875000e+03 4.815542297363281250e+02 8.301564941406250000e+02 1.545745239257812500e+02
1.398313964843750000e+03 5.686183471679687500e+02 1.066609008789062500e+03 2.557351684570312500e+02
7.591419067382812500e+02 7.020906982421875000e+02 5.551611938476562500e+02 4.997966308593750000e+02
8.238531494140625000e+02 7.951859741210937500e+02 6.799485473632812500e+02 5.916500854492187500e+02
1.123177246093750000e+03 8.669683837890625000e+02 9.747097778320312500e+02 6.192846679687500000e+02
6.489570922851562500e+02 8.071781616210937500e+02 4.857306518554687500e+02 6.370544433593750000e+02
9.139246215820312500e+02 8.842409057617187500e+02 8.018977050781250000e+02 6.647711791992187500e+02
9.367451171875000000e+02 9.367033081054687500e+02 8.402031860351562500e+02 7.095038452148437500e+02
1.115328735351562500e+03 9.906697998046875000e+02 9.990382080078125000e+02 7.241993408203125000e+02
1.192817749023437500e+03 1.012900451660156250e+03 1.062438720703125000e+03 7.295239257812500000e+02
7.419435424804687500e+02 9.275537109375000000e+02 6.505650634765625000e+02 7.408397216796875000e+02
9.218676757812500000e+02 9.871405639648437500e+02 8.436975708007812500e+02 7.560603637695312500e+02
9.218676757812500000e+02 9.871405639648437500e+02 8.436975708007812500e+02 7.560603637695312500e+02
7.552299194335937500e+02 1.031193847656250000e+03 7.107418212890625000e+02 8.285369262695312500e+02
1.486937866210937500e+03 6.077705078125000000e+02 1.136759155273437500e+03 2.873113098144531250e+02
1.666704101562500000e+03 6.323381958007812500e+02 1.267506713867187500e+03 3.097107543945312500e+02
1.168885498046875000e+03 8.053970336914062500e+02 9.974085693359375000e+02 5.570880737304687500e+02
6.742326049804687500e+02 8.130425415039062500e+02 5.201372070312500000e+02 6.382874145507812500e+02
7.741680908203125000e+02 9.369664916992187500e+02 6.867189331054687500e+02 7.403703613281250000e+02
8.838256835937500000e+02 9.587407226562500000e+02 7.995766601562500000e+02 7.409692382812500000e+02
6.223003540039062500e+02 1.009531188964843750e+03 5.655235595703125000e+02 8.439843139648437500e+02
8.379951171875000000e+02 4.476398010253906250e+02 4.557941589355468750e+02 1.174720840454101562e+02
1.409085205078125000e+03 5.062825622558593750e+02 1.072235961914062500e+03 1.923869476318359375e+02
1.288423828125000000e+03 5.214830932617187500e+02 9.710775146484375000e+02 2.060355377197265625e+02
1.374573364257812500e+03 5.380195922851562500e+02 1.051206298828125000e+03 2.279875640869140625e+02
6.784636230468750000e+02 5.193770141601562500e+02 2.974587402343750000e+02 2.396132202148437500e+02
7.511549682617187500e+02 6.709854125976562500e+02 5.339588012695312500e+02 4.622517700195312500e+02
8.102203369140625000e+02 8.203907470703125000e+02 6.741391601562500000e+02 6.261976318359375000e+02
5.052467346191406250e+02 8.258536376953125000e+02 3.078830871582031250e+02 6.826977539062500000e+02
7.059000854492187500e+02 7.983244018554687500e+02 5.526209716796875000e+02 6.139366455078125000e+02
6.138076782226562500e+02 8.373125610351562500e+02 4.547533569335937500e+02 6.721618652343750000e+02
6.801130371093750000e+02 8.628632812500000000e+02 5.490502319335937500e+02 6.885023803710937500e+02
1.678108642578125000e+03 5.685781250000000000e+02 1.274017456054687500e+03 2.540392456054687500e+02
7.279965820312500000e+02 8.843317260742187500e+02 6.186619873046875000e+02 7.061900024414062500e+02
1.732323242187500000e+03 6.539013671875000000e+02 1.315730957031250000e+03 3.292360534667968750e+02
7.890492553710937500e+02 8.711948242187500000e+02 6.751589355468750000e+02 6.720042114257812500e+02
9.905518188476562500e+02 9.643335571289062500e+02 8.938163452148437500e+02 7.262507934570312500e+02
