1.106818847656250000e+03 8.787802124023437500e+02 8.472950439453125000e+02 6.976121826171875000e+02
1.221479614257812500e+03 9.887815551757812500e+02 7.066464843750000000e+02 7.257455444335937500e+02
1.086933837890625000e+03 7.995491333007812500e+02 1.129905517578125000e+03 7.349953002929687500e+02
1.086933837890625000e+03 7.995491333007812500e+02 1.129905517578125000e+03 7.349953002929687500e+02
1.089399780273437500e+03 9.654190673828125000e+02 7.714596557617187500e+02 6.559291992187500000e+02
1.195520385742187500e+03 9.180014038085937500e+02 1.276432373046875000e+03 6.795877685546875000e+02
1.213159423828125000e+03 9.845370483398437500e+02 7.138701782226562500e+02 7.216568603515625000e+02
1.249328002929687500e+03 1.034385375976562500e+03 6.639771728515625000e+02 7.227817993164062500e+02
1.208068359375000000e+03 8.931789550781250000e+02 7.960460205078125000e+02 7.592073974609375000e+02
1.220398925781250000e+03 9.047401733398437500e+02 7.821448364257812500e+02 7.627653808593750000e+02
1.215125488281250000e+03 8.085597534179687500e+02 8.988355102539062500e+02 8.207930908203125000e+02
1.046428100585937500e+03 9.998994750976562500e+02 7.572176513671875000e+02 6.240504760742187500e+02
1.107348632812500000e+03 1.010360534667968750e+03 7.305473022460937500e+02 6.518959350585937500e+02
1.107348632812500000e+03 1.010360534667968750e+03 7.305473022460937500e+02 6.518959350585937500e+02
1.074052978515625000e+03 8.979172973632812500e+02 8.353688964843750000e+02 6.675817260742187500e+02
1.087903564453125000e+03 8.856743774414062500e+02 8.458549194335937500e+02 6.824178466796875000e+02
1.087903564453125000e+03 8.856743774414062500e+02 8.458549194335937500e+02 6.824178466796875000e+02
1.226026611328125000e+03 1.042726196289062500e+03 6.668884277343750000e+02 7.064835205078125000e+02
1.224453125000000000e+03 9.985607299804687500e+02 6.993350830078125000e+02 7.220350952148437500e+02
1.264803344726562500e+03 1.005192626953125000e+03 6.792955932617187500e+02 7.446717529296875000e+02
1.045668212890625000e+03 7.016178588867187500e+02 1.252887939453125000e+03 7.561976318359375000e+02
1.245176513671875000e+03 9.081567382812500000e+02 7.697359008789062500e+02 7.797910766601562500e+02
1.256973388671875000e+03 9.185211181640625000e+02 7.549738769531250000e+02 7.825832519531250000e+02
1.241006225585937500e+03 8.993212890625000000e+02 7.785244750976562500e+02 7.828568115234375000e+02
1.073500000000000000e+03 9.901658325195312500e+02 7.564097290039062500e+02 6.371555786132812500e+02
1.086028930664062500e+03 8.954457397460937500e+02 8.365084228515625000e+02 6.788605957031250000e+02
1.211358154296875000e+03 1.048919433593750000e+03 6.689217529296875000e+02 6.943411865234375000e+02
1.105716430664062500e+03 7.979523925781250000e+02 9.483766479492187500e+02 7.381527099609375000e+02
9.080379638671875000e+02 1.052622192382812500e+03 1.070101196289062500e+03 8.308028564453125000e+02
1.024090332031250000e+03 8.956732177734375000e+02 8.488975830078125000e+02 6.323166503906250000e+02
1.071429687500000000e+03 1.008533569335937500e+03 7.429171142578125000e+02 6.352027587890625000e+02
1.075266479492187500e+03 9.669052124023437500e+02 7.744635009765625000e+02 6.486857299804687500e+02
1.115718261718750000e+03 8.859686279296875000e+02 8.393331298828125000e+02 6.983073730468750000e+02
1.219543579101562500e+03 1.013570556640625000e+03 6.909761962890625000e+02 7.121541748046875000e+02
1.253493408203125000e+03 1.005461791992187500e+03 6.829688110351562500e+02 7.374086914062500000e+02
1.220534790039062500e+03 9.271016845703125000e+02 7.597380371093750000e+02 7.496804809570312500e+02
1.252610839843750000e+03 8.898798828125000000e+02 7.853229370117187500e+02 7.949176025390625000e+02
1.205223510742187500e+03 9.910868530273437500e+02 7.108946533203125000e+02 7.143838500976562500e+02
1.260065795898437500e+03 1.041354980468750000e+03 6.556510009765625000e+02 7.262770996093750000e+02
1.268816284179687500e+03 9.902149658203125000e+02 6.899293823242187500e+02 7.522319335937500000e+02
1.262489379882812500e+03 9.048070678710937500e+02 7.666589355468750000e+02 7.928845214843750000e+02
1.192817749023437500e+03 1.012900451660156250e+03 6.983649902343750000e+02 6.998259887695312500e+02
