7.615133666992187500e+02 9.405641479492187500e+02 9.991586914062500000e+02 5.191888427734375000e+02
7.898234863281250000e+02 9.344063110351562500e+02 9.789261474609375000e+02 5.219087524414062500e+02
1.220398925781250000e+03 9.047401733398437500e+02 6.573892211914062500e+02 5.427163696289062500e+02
1.099308105468750000e+03 8.792777709960937500e+02 7.408721313476562500e+02 5.594635620117187500e+02
1.087100219726562500e+03 8.774021606445312500e+02 7.479758911132812500e+02 5.602351074218750000e+02
8.062896728515625000e+02 9.186541137695312500e+02 9.680002441406250000e+02 5.311931762695312500e+02
1.107080322265625000e+03 9.049802856445312500e+02 7.423437500000000000e+02 5.415159301757812500e+02
1.094520629882812500e+03 9.029398803710937500e+02 7.503223876953125000e+02 5.425974731445312500e+02
1.094520629882812500e+03 9.029398803710937500e+02 7.503223876953125000e+02 5.425974731445312500e+02
1.077873779296875000e+03 8.758540649414062500e+02 7.569127197265625000e+02 5.618973999023437500e+02
1.112429931640625000e+03 8.158109130859375000e+02 7.032078857421875000e+02 6.138143920898437500e+02
1.112523193359375000e+03 8.027969360351562500e+02 6.966182861328125000e+02 6.272893676757812500e+02
7.510853271484375000e+02 9.444549560546875000e+02 1.005759033203125000e+03 5.160483398437500000e+02
7.875568237304687500e+02 9.096210937500000000e+02 9.851922607421875000e+02 5.368150024414062500e+02
1.083788940429687500e+03 9.072235717773437500e+02 7.585363769531250000e+02 5.391398925781250000e+02
1.080152343750000000e+03 8.564316406250000000e+02 7.488292846679687500e+02 5.778144531250000000e+02
7.408475952148437500e+02 8.223677368164062500e+02 1.054100708007812500e+03 6.100716552734375000e+02
7.449502563476562500e+02 8.119850463867187500e+02 1.052762451171875000e+03 6.209027099609375000e+02
1.106124389648437500e+03 7.897467651367187500e+02 6.952711791992187500e+02 6.414503784179687500e+02
7.042413940429687500e+02 7.619083862304687500e+02 1.126818725585937500e+03 6.848014526367187500e+02
7.986405029296875000e+02 7.569002075195312500e+02 1.021596008300781250e+03 6.902169799804687500e+02
1.105377807617187500e+03 7.393178100585937500e+02 6.573063354492187500e+02 7.082121582031250000e+02
8.453336791992187500e+02 6.075848388671875000e+02 9.250173950195312500e+02 3.925534973144531250e+02
1.089414916992187500e+03 8.655446777343750000e+02 7.423260498046875000e+02 5.689070434570312500e+02
7.913053588867187500e+02 7.630982666015625000e+02 1.027089965820312500e+03 6.798641357421875000e+02
1.196058959960937500e+03 6.958189086914062500e+02 1.074905395507812500e+03 4.804153137207031250e+02
7.432888183593750000e+02 8.357650756835937500e+02 1.044166870117187500e+03 5.966812744140625000e+02
7.432888183593750000e+02 8.357650756835937500e+02 1.044166870117187500e+03 5.966812744140625000e+02
1.029948242187500000e+03 6.692536621093750000e+02 7.140081176757812500e+02 8.510479125976562500e+02
7.741680908203125000e+02 9.369664916992187500e+02 9.922556762695312500e+02 5.235834960937500000e+02
6.223003540039062500e+02 1.009531188964843750e+03 5.110188598632812500e+02 7.838095092773437500e+02
1.152923706054687500e+03 1.004475280761718750e+03 1.204789062500000000e+03 6.177360839843750000e+02
