1.094520629882812500e+03 9.029398803710937500e+02 7.747447509765625000e+02 5.200550537109375000e+02
1.094520629882812500e+03 9.029398803710937500e+02 7.747447509765625000e+02 5.200550537109375000e+02
1.220385742187500000e+03 9.132857055664062500e+02 6.812768554687500000e+02 5.271406250000000000e+02
1.075406127929687500e+03 8.837106933593750000e+02 7.880387573242187500e+02 5.305278320312500000e+02
1.099308105468750000e+03 8.792777709960937500e+02 7.700892944335937500e+02 5.364074707031250000e+02
1.099308105468750000e+03 8.792777709960937500e+02 7.700892944335937500e+02 5.364074707031250000e+02
1.077873779296875000e+03 8.758540649414062500e+02 7.868998413085937500e+02 5.364751586914062500e+02
1.100537109375000000e+03 8.713124389648437500e+02 7.679259643554687500e+02 5.423560180664062500e+02
1.115426513671875000e+03 8.093963012695312500e+02 7.487875976562500000e+02 5.963793945312500000e+02
1.073500000000000000e+03 9.901658325195312500e+02 7.927388305664062500e+02 4.719971618652343750e+02
1.086028930664062500e+03 8.954457397460937500e+02 7.807977905273437500e+02 5.235725708007812500e+02
1.112429931640625000e+03 8.158109130859375000e+02 7.510980224609375000e+02 5.897957153320312500e+02
1.095286621093750000e+03 8.135174560546875000e+02 7.671799926757812500e+02 5.897429199218750000e+02
1.112523193359375000e+03 8.027969360351562500e+02 7.488598022460937500e+02 6.025490722656250000e+02
1.096675170898437500e+03 8.007450561523437500e+02 7.644395751953125000e+02 6.024647827148437500e+02
1.237864746093750000e+03 1.016980590820312500e+03 6.924542236328125000e+02 4.741554565429687500e+02
1.083788940429687500e+03 9.072235717773437500e+02 7.833272094726562500e+02 5.165767211914062500e+02
1.074052978515625000e+03 8.979172973632812500e+02 7.901259155273437500e+02 5.221288452148437500e+02
1.074052978515625000e+03 8.979172973632812500e+02 7.901259155273437500e+02 5.221288452148437500e+02
1.066548461914062500e+03 8.765722045898437500e+02 7.953792114257812500e+02 5.343188476562500000e+02
1.089414916992187500e+03 8.655446777343750000e+02 7.759387207031250000e+02 5.447730102539062500e+02
1.080152343750000000e+03 8.564316406250000000e+02 7.830977783203125000e+02 5.515889282226562500e+02
1.024185913085937500e+03 7.137584838867187500e+02 8.395029907226562500e+02 7.050570068359375000e+02
1.029463378906250000e+03 7.001212158203125000e+02 8.372474975585937500e+02 7.307196044921875000e+02
1.196058959960937500e+03 6.958189086914062500e+02 1.065525024414062500e+03 4.272141723632812500e+02
1.196058959960937500e+03 6.958189086914062500e+02 1.065525024414062500e+03 4.272141723632812500e+02
1.239566284179687500e+03 8.790794067382812500e+02 6.591990966796875000e+02 5.526663818359375000e+02
1.073912109375000000e+03 8.142274169921875000e+02 7.861789550781250000e+02 5.850956420898437500e+02
1.076858642578125000e+03 7.992920532226562500e+02 7.823888549804687500e+02 6.011790161132812500e+02
1.133506469726562500e+03 8.172930908203125000e+02 8.597915649414062500e+02 7.951902465820312500e+02
1.083152221679687500e+03 7.803239135742187500e+02 7.745337524414062500e+02 6.231844482421875000e+02
6.223003540039062500e+02 1.009531188964843750e+03 6.091221313476562500e+02 7.731401367187500000e+02
