1.067163208007812500e+03 7.375422363281250000e+02 7.755930786132812500e+02 7.735095825195312500e+02
1.079464477539062500e+03 7.345676879882812500e+02 7.627604980468750000e+02 7.794309692382812500e+02
9.048079833984375000e+02 1.060185302734375000e+03 1.281522338867187500e+03 8.435513305664062500e+02
1.093718627929687500e+03 6.723222045898437500e+02 7.354173583984375000e+02 8.651019287109375000e+02
1.093718627929687500e+03 6.723222045898437500e+02 7.354173583984375000e+02 8.651019287109375000e+02
9.817812500000000000e+02 7.917440185546875000e+02 8.529908447265625000e+02 7.089990844726562500e+02
1.007034301757812500e+03 7.862402343750000000e+02 8.315621337890625000e+02 7.171769409179687500e+02
1.050190551757812500e+03 7.291513061523437500e+02 7.921640625000000000e+02 7.789226074218750000e+02
9.712323608398437500e+02 7.102015991210937500e+02 8.757534790039062500e+02 7.796795043945312500e+02
9.594433593750000000e+02 7.002083129882812500e+02 8.914619750976562500e+02 7.883458251953125000e+02
9.663823242187500000e+02 6.897638549804687500e+02 8.870473632812500000e+02 8.031402587890625000e+02
9.916205444335937500e+02 6.470744018554687500e+02 8.674851074218750000e+02 8.752263793945312500e+02
1.217425292968750000e+03 7.678029174804687500e+02 1.160541381835937500e+03 6.161090698242187500e+02
1.030651489257812500e+03 7.439633178710937500e+02 8.108680419921875000e+02 7.587415771484375000e+02
1.050796020507812500e+03 7.460642089843750000e+02 7.925347290039062500e+02 7.612401733398437500e+02
1.050796020507812500e+03 7.460642089843750000e+02 7.925347290039062500e+02 7.612401733398437500e+02
9.718226928710937500e+02 7.204368286132812500e+02 8.723101196289062500e+02 7.681732177734375000e+02
1.028373657226562500e+03 7.317796020507812500e+02 8.147571411132812500e+02 7.704351806640625000e+02
1.059085937500000000e+03 6.829399414062500000e+02 7.799061889648437500e+02 8.383908691406250000e+02
9.959333496093750000e+02 6.525745239257812500e+02 8.598494873046875000e+02 8.674776611328125000e+02
1.115392089843750000e+03 6.713453369140625000e+02 7.073026733398437500e+02 8.733653564453125000e+02
1.115392089843750000e+03 6.713453369140625000e+02 7.073026733398437500e+02 8.733653564453125000e+02
1.021518615722656250e+03 6.296071166992187500e+02 8.287598266601562500e+02 9.203212890625000000e+02
9.829895629882812500e+02 7.051095581054687500e+02 8.642189941406250000e+02 7.890953979492187500e+02
9.707643432617187500e+02 6.995622558593750000e+02 8.792877807617187500e+02 7.917883300781250000e+02
7.819683227539062500e+02 7.188744506835937500e+02 1.137050537109375000e+03 8.397258300781250000e+02
9.856098022460937500e+02 6.416842041015625000e+02 8.756638793945312500e+02 8.794057617187500000e+02
1.016896118164062500e+03 6.363223266601562500e+02 8.338019409179687500e+02 9.039190063476562500e+02
8.092789306640625000e+02 7.530710449218750000e+02 1.077940795898437500e+03 1.064325927734375000e+03
1.041972167968750000e+03 7.156277465820312500e+02 8.008002319335937500e+02 7.907738037109375000e+02
1.079134765625000000e+03 6.649573974609375000e+02 7.468400878906250000e+02 8.725368041992187500e+02
9.972778930664062500e+02 6.265162353515625000e+02 8.586987304687500000e+02 9.175400390625000000e+02
1.025800170898437500e+03 6.551931762695312500e+02 8.210571899414062500e+02 8.712166748046875000e+02
1.000188049316406250e+03 6.397330932617187500e+02 8.560875244140625000e+02 8.927656250000000000e+02
8.086471557617187500e+02 7.877556152343750000e+02 9.485392456054687500e+02 8.398503417968750000e+02
9.966494140625000000e+02 6.404677124023437500e+02 8.628252563476562500e+02 8.911532592773437500e+02
