1.909772827148437500e+03 7.614826660156250000e+02 1.803221801757812500e+03 6.454135131835937500e+02
1.015634155273437500e+03 8.301669311523437500e+02 8.315184936523437500e+02 6.497837524414062500e+02
1.013994567871093750e+03 8.120917358398437500e+02 8.282117309570312500e+02 6.613480834960937500e+02
1.084355224609375000e+03 7.430794067382812500e+02 8.443660888671875000e+02 9.021959838867187500e+02
9.817812500000000000e+02 7.917440185546875000e+02 8.491880493164062500e+02 6.757933959960937500e+02
1.007034301757812500e+03 7.862402343750000000e+02 8.296916503906250000e+02 6.795757446289062500e+02
9.663823242187500000e+02 6.897638549804687500e+02 8.378823852539062500e+02 7.762803955078125000e+02
1.030651489257812500e+03 7.439633178710937500e+02 7.913439331054687500e+02 7.155128784179687500e+02
9.910206909179687500e+02 7.957303466796875000e+02 5.730806274414062500e+02 9.126941528320312500e+02
9.829895629882812500e+02 7.051095581054687500e+02 8.250571289062500000e+02 7.571268920898437500e+02
9.707643432617187500e+02 6.995622558593750000e+02 8.353414306640625000e+02 7.633745117187500000e+02
1.079134765625000000e+03 6.649573974609375000e+02 6.862196044921875000e+02 8.158167724609375000e+02
1.089975952148437500e+03 7.343701782226562500e+02 1.042369628906250000e+03 9.508459472656250000e+02
5.356163940429687500e+02 8.360142822265625000e+02 5.399396972656250000e+02 8.352568359375000000e+02
5.356163940429687500e+02 8.360142822265625000e+02 5.399396972656250000e+02 8.352568359375000000e+02
