8.310870971679687500e+02 8.144494628906250000e+02 9.139093017578125000e+02 7.686436767578125000e+02
7.926253051757812500e+02 7.482929687500000000e+02 8.185587768554687500e+02 7.939433593750000000e+02
7.496214599609375000e+02 9.378001098632812500e+02 1.035075073242187500e+03 8.246963500976562500e+02
7.496214599609375000e+02 9.378001098632812500e+02 1.035075073242187500e+03 8.246963500976562500e+02
7.292750854492187500e+02 9.287394409179687500e+02 1.025857177734375000e+03 8.380486450195312500e+02
7.292750854492187500e+02 9.287394409179687500e+02 1.025857177734375000e+03 8.380486450195312500e+02
7.166425781250000000e+02 9.783187255859375000e+02 1.071370971679687500e+03 8.443997192382812500e+02
7.108569946289062500e+02 9.615590209960937500e+02 1.054940307617187500e+03 8.484572753906250000e+02
6.961895141601562500e+02 9.857574462890625000e+02 1.075666625976562500e+03 8.572625122070312500e+02
8.762304687500000000e+02 4.358141784667968750e+02 2.123105468750000000e+02 3.407407531738281250e+02
1.513251098632812500e+03 5.140798339843750000e+02 4.067938537597656250e+02 3.625265502929687500e+02
7.974193115234375000e+02 7.570406494140625000e+02 8.290309448242187500e+02 7.937156982421875000e+02
7.487399291992187500e+02 9.521178588867187500e+02 1.045661987304687500e+03 8.249901733398437500e+02
7.319571533203125000e+02 9.426686401367187500e+02 1.036932983398437500e+03 8.381699829101562500e+02
7.043710937500000000e+02 9.310990600585937500e+02 1.027123657226562500e+03 8.520533447265625000e+02
6.950441894531250000e+02 9.681287231445312500e+02 1.060756469726562500e+03 8.589775390625000000e+02
6.770417480468750000e+02 9.309861450195312500e+02 1.027542114257812500e+03 8.735128784179687500e+02
6.736382446289062500e+02 9.446919555664062500e+02 1.040369628906250000e+03 8.748389282226562500e+02
6.011616210937500000e+02 9.261671752929687500e+02 1.014536743164062500e+03 9.302283325195312500e+02
5.857071533203125000e+02 9.328915405273437500e+02 1.022712585449218750e+03 9.421292724609375000e+02
5.859420776367187500e+02 8.909750976562500000e+02 9.754478759765625000e+02 9.505098876953125000e+02
5.561034545898437500e+02 9.040022583007812500e+02 9.884934082031250000e+02 9.742951049804687500e+02
5.561034545898437500e+02 9.040022583007812500e+02 9.884934082031250000e+02 9.742951049804687500e+02
8.967990722656250000e+02 1.025223632812500000e+03 1.104793457031250000e+03 7.463646240234375000e+02
8.967990722656250000e+02 1.025223632812500000e+03 1.104793457031250000e+03 7.463646240234375000e+02
8.528068847656250000e+02 8.435168457031250000e+02 9.468999023437500000e+02 7.556419067382812500e+02
6.895135498046875000e+02 9.536441040039062500e+02 1.048523437500000000e+03 8.629672241210937500e+02
6.687202148437500000e+02 8.305966186523437500e+02 9.060128173828125000e+02 8.947379150390625000e+02
5.911432495117187500e+02 8.806760864257812500e+02 9.632984619140625000e+02 9.470062866210937500e+02
5.822888793945312500e+02 9.030153808593750000e+02 9.892789306640625000e+02 9.480502929687500000e+02
1.673201171875000000e+03 5.807565917968750000e+02 5.555532836914062500e+02 3.473912658691406250e+02
1.474195922851562500e+03 5.006337280273437500e+02 3.540237426757812500e+02 3.665089111328125000e+02
1.507986572265625000e+03 5.365594482421875000e+02 4.102267150878906250e+02 3.840632629394531250e+02
7.760734863281250000e+02 8.696654052734375000e+02 9.692694091796875000e+02 8.085581665039062500e+02
7.067568359375000000e+02 1.000627319335937500e+03 1.087256591796875000e+03 8.505460815429687500e+02
6.714332275390625000e+02 9.810448608398437500e+02 1.070163696289062500e+03 8.759605102539062500e+02
5.621576538085937500e+02 9.181540527343750000e+02 1.003626037597656250e+03 9.619425048828125000e+02
7.813699340820312500e+02 8.452017211914062500e+02 9.453817749023437500e+02 8.058417968750000000e+02
7.461379394531250000e+02 9.359727172851562500e+02 1.029952270507812500e+03 8.288081665039062500e+02
