7.056907348632812500e+02 8.027685546875000000e+02 6.983930664062500000e+02 5.934446411132812500e+02
6.781609497070312500e+02 8.268244628906250000e+02 6.627876586914062500e+02 6.027357788085937500e+02
7.994968872070312500e+02 8.485963134765625000e+02 7.303116455078125000e+02 6.768328857421875000e+02
1.066489990234375000e+03 7.526247558593750000e+02 1.014338195800781250e+03 7.196903076171875000e+02
6.894237060546875000e+02 9.766618652343750000e+02 5.792354736328125000e+02 7.369919433593750000e+02
9.779697875976562500e+02 3.566968994140625000e+02 1.417942749023437500e+03 1.623935394287109375e+02
9.720345458984375000e+02 3.705521850585937500e+02 1.400750610351562500e+03 1.807319335937500000e+02
9.827164306640625000e+02 5.717693481445312500e+02 1.112596313476562500e+03 4.795348815917968750e+02
9.827164306640625000e+02 5.717693481445312500e+02 1.112596313476562500e+03 4.795348815917968750e+02
5.798834228515625000e+02 7.584099731445312500e+02 6.435825195312500000e+02 4.990423278808593750e+02
7.103309936523437500e+02 7.136663818359375000e+02 7.624441528320312500e+02 5.097362976074218750e+02
1.376365722656250000e+03 4.784883728027343750e+02 1.885709960937500000e+03 5.287068481445312500e+02
1.021518615722656250e+03 6.296071166992187500e+02 1.091315063476562500e+03 5.658294067382812500e+02
9.916205444335937500e+02 6.470744018554687500e+02 1.045382690429687500e+03 5.698218383789062500e+02
6.759205322265625000e+02 7.933955688476562500e+02 6.835513916015625000e+02 5.726755371093750000e+02
1.112889526367187500e+03 6.092066650390625000e+02 1.205285522460937500e+03 5.917123413085937500e+02
7.033458251953125000e+02 8.032289428710937500e+02 6.963937377929687500e+02 5.932197265625000000e+02
9.144559326171875000e+02 6.972651367187500000e+02 8.284345703125000000e+02 6.226082153320312500e+02
6.129199218750000000e+02 8.920867309570312500e+02 5.828452758789062500e+02 6.330952758789062500e+02
7.990830078125000000e+02 8.306417236328125000e+02 7.428270263671875000e+02 6.605153808593750000e+02
7.990830078125000000e+02 8.306417236328125000e+02 7.428270263671875000e+02 6.605153808593750000e+02
1.054125854492187500e+03 7.405621337890625000e+02 1.015145263671875000e+03 7.007106323242187500e+02
1.054125854492187500e+03 7.405621337890625000e+02 1.015145263671875000e+03 7.007106323242187500e+02
1.067163208007812500e+03 7.375422363281250000e+02 1.029401123046875000e+03 7.049194335937500000e+02
1.067163208007812500e+03 7.375422363281250000e+02 1.029401123046875000e+03 7.049194335937500000e+02
1.079464477539062500e+03 7.345676879882812500e+02 1.043132568359375000e+03 7.084526977539062500e+02
1.084355224609375000e+03 7.430794067382812500e+02 1.039353027343750000e+03 7.195228271484375000e+02
1.066703979492187500e+03 7.578662719726562500e+02 1.010042114257812500e+03 7.248668212890625000e+02
1.084206787109375000e+03 7.497959594726562500e+02 1.034653442382812500e+03 7.255709838867187500e+02
9.728997192382812500e+02 8.162805786132812500e+02 8.817507934570312500e+02 7.323721313476562500e+02
9.728997192382812500e+02 8.162805786132812500e+02 8.817507934570312500e+02 7.323721313476562500e+02
7.036449584960937500e+02 9.765565185546875000e+02 5.889251708984375000e+02 7.422456054687500000e+02
1.027587890625000000e+03 8.096169433593750000e+02 9.319730224609375000e+02 7.535967407226562500e+02
1.181288085937500000e+03 7.582145996093750000e+02 1.115185546875000000e+03 7.887882690429687500e+02
1.165224853515625000e+03 7.674880371093750000e+02 1.091327636718750000e+03 7.892105102539062500e+02
1.172686767578125000e+03 7.649914550781250000e+02 1.100626342773437500e+03 7.915381469726562500e+02
9.482319946289062500e+02 9.038788452148437500e+02 7.962475585937500000e+02 7.980056762695312500e+02
1.194807739257812500e+03 7.835214843750000000e+02 1.103202880859375000e+03 8.217830810546875000e+02
1.194807739257812500e+03 7.835214843750000000e+02 1.103202880859375000e+03 8.217830810546875000e+02
8.688762817382812500e+02 1.011697692871093750e+03 6.696846313476562500e+02 8.456624755859375000e+02
1.160584106445312500e+03 8.473159179687500000e+02 1.011530090332031250e+03 8.622851562500000000e+02
8.681725463867187500e+02 1.062998901367187500e+03 6.364101562500000000e+02 8.886694946289062500e+02
1.053481811523437500e+03 9.753998413085937500e+02 8.214951171875000000e+02 9.133599853515625000e+02
1.112276733398437500e+03 9.761159667968750000e+02 8.655979003906250000e+02 9.462091064453125000e+02
1.085056762695312500e+03 2.783092956542968750e+02 1.629627075195312500e+03 1.003163223266601562e+02
9.245177612304687500e+02 3.262462158203125000e+02 1.365919555664062500e+03 1.043049011230468750e+02
9.340930175781250000e+02 3.393769531250000000e+02 1.370126586914062500e+03 1.243575820922851562e+02
9.485233154296875000e+02 3.727386169433593750e+02 1.368574829101562500e+03 1.731201019287109375e+02
1.015781066894531250e+03 3.585038757324218750e+02 1.467547363281250000e+03 1.803857269287109375e+02
1.026622924804687500e+03 3.544393005371093750e+02 1.485498779296875000e+03 1.817023162841796875e+02
9.896273803710937500e+02 3.823973999023437500e+02 1.416748535156250000e+03 2.002136840820312500e+02
9.675214233398437500e+02 5.710752563476562500e+02 1.098592285156250000e+03 4.720302734375000000e+02
6.857540283203125000e+02 6.992668457031250000e+02 7.553562622070312500e+02 4.852403259277343750e+02
5.762235107421875000e+02 7.747260131835937500e+02 6.313917236328125000e+02 5.131412963867187500e+02
4.860968933105468750e+02 8.228766479492187500e+02 5.475557861328125000e+02 5.213040161132812500e+02
4.860968933105468750e+02 8.228766479492187500e+02 5.475557861328125000e+02 5.213040161132812500e+02
1.034473022460937500e+03 5.998881835937500000e+02 1.133704711914062500e+03 5.388218994140625000e+02
1.059727172851562500e+03 5.880343017578125000e+02 1.170596557617187500e+03 5.380385742187500000e+02
1.355899536132812500e+03 4.998298645019531250e+02 1.839366821289062500e+03 5.384484863281250000e+02
1.010616271972656250e+03 6.419614257812500000e+02 1.069811035156250000e+03 5.756381225585937500e+02
7.123315429687500000e+02 7.979501342773437500e+02 7.046724853515625000e+02 5.900936279296875000e+02
9.541152343750000000e+02 6.928386840820312500e+02 9.710393676757812500e+02 6.008963012695312500e+02
9.663823242187500000e+02 6.897638549804687500e+02 9.834625244140625000e+02 6.031451416015625000e+02
9.663823242187500000e+02 6.897638549804687500e+02 9.834625244140625000e+02 6.031451416015625000e+02
1.115838378906250000e+03 6.206514282226562500e+02 1.198278320312500000e+03 6.055554809570312500e+02
9.594433593750000000e+02 7.002083129882812500e+02 9.681961669921875000e+02 6.103957519531250000e+02
1.111720947265625000e+03 6.278706665039062500e+02 1.183476074218750000e+03 6.115911254882812500e+02
1.118269042968750000e+03 6.316342163085937500e+02 1.183147583007812500e+03 6.206859130859375000e+02
5.859420776367187500e+02 8.909750976562500000e+02 5.678182983398437500e+02 6.207780761718750000e+02
9.712323608398437500e+02 7.102015991210937500e+02 9.698864746093750000e+02 6.273567504882812500e+02
1.093718627929687500e+03 6.723222045898437500e+02 1.118059570312500000e+03 6.516624145507812500e+02
1.093718627929687500e+03 6.723222045898437500e+02 1.118059570312500000e+03 6.516624145507812500e+02
1.203513916015625000e+03 6.454052124023437500e+02 1.261037841796875000e+03 6.844230957031250000e+02
1.228499877929687500e+03 6.375183105468750000e+02 1.296845703125000000e+03 6.886306152343750000e+02
8.152613525390625000e+02 8.562608642578125000e+02 7.348723144531250000e+02 6.919382324218750000e+02
1.046086059570312500e+03 7.377844848632812500e+02 1.009842590332031250e+03 6.934603881835937500e+02
1.234914794921875000e+03 6.438528442382812500e+02 1.296156738281250000e+03 7.001309204101562500e+02
1.061221923828125000e+03 7.427259521484375000e+02 1.019720031738281250e+03 7.074718627929687500e+02
1.061221923828125000e+03 7.427259521484375000e+02 1.019720031738281250e+03 7.074718627929687500e+02
1.195767944335937500e+03 6.893380126953125000e+02 1.202014770507812500e+03 7.269105834960937500e+02
1.193119384765625000e+03 6.957457275390625000e+02 1.193339599609375000e+03 7.317301025390625000e+02
1.203132446289062500e+03 6.972294311523437500e+02 1.200535888671875000e+03 7.398190917968750000e+02
1.214731689453125000e+03 6.948503417968750000e+02 1.215735351562500000e+03 7.438225097656250000e+02
1.019824951171875000e+03 8.055169677734375000e+02 9.285584716796875000e+02 7.454904174804687500e+02
1.213726196289062500e+03 7.178454589843750000e+02 1.190055786132812500e+03 7.683334960937500000e+02
1.165710937500000000e+03 7.615363159179687500e+02 1.097145874023437500e+03 7.836484985351562500e+02
1.165710937500000000e+03 7.615363159179687500e+02 1.097145874023437500e+03 7.836484985351562500e+02
9.419104614257812500e+02 8.915356445312500000e+02 8.012919921875000000e+02 7.841865234375000000e+02
9.513639526367187500e+02 8.966608886718750000e+02 8.045998535156250000e+02 7.934033203125000000e+02
1.156807861328125000e+03 7.802143554687500000e+02 1.070787963867187500e+03 7.968370971679687500e+02
1.156807861328125000e+03 7.802143554687500000e+02 1.070787963867187500e+03 7.968370971679687500e+02
1.173625366210937500e+03 7.710543823242187500e+02 1.095109375000000000e+03 7.976121826171875000e+02
1.173625366210937500e+03 7.710543823242187500e+02 1.095109375000000000e+03 7.976121826171875000e+02
1.156731201171875000e+03 7.878192749023437500e+02 1.062907470703125000e+03 8.035286865234375000e+02
9.789713745117187500e+02 8.969492797851562500e+02 8.247137451171875000e+02 8.073312377929687500e+02
1.192672851562500000e+03 7.770295410156250000e+02 1.107394287109375000e+03 8.147084350585937500e+02
1.192672851562500000e+03 7.770295410156250000e+02 1.107394287109375000e+03 8.147084350585937500e+02
8.288264160156250000e+02 1.024899047851562500e+03 6.331699218750000000e+02 8.396575927734375000e+02
1.119570434570312500e+03 8.489331665039062500e+02 9.744891357421875000e+02 8.407506103515625000e+02
1.128737060546875000e+03 8.529484252929687500e+02 9.799780273437500000e+02 8.494022827148437500e+02
1.127744506835937500e+03 8.619501342773437500e+02 9.705230712890625000e+02 8.566804199218750000e+02
1.123549682617187500e+03 8.700125732421875000e+02 9.604675903320312500e+02 8.617098999023437500e+02
1.123549682617187500e+03 8.700125732421875000e+02 9.604675903320312500e+02 8.617098999023437500e+02
1.151948486328125000e+03 8.702512817382812500e+02 9.840877685546875000e+02 8.777327270507812500e+02
1.160271484375000000e+03 8.741699829101562500e+02 9.875191650390625000e+02 8.866387329101562500e+02
1.085194580078125000e+03 9.363501586914062500e+02 8.750438842773437500e+02 8.974546508789062500e+02
9.048079833984375000e+02 1.060185302734375000e+03 6.630194702148437500e+02 9.024865722656250000e+02
1.093509643554687500e+03 9.427416381835937500e+02 8.760011596679687500e+02 9.076807250976562500e+02
1.092544555664062500e+03 2.654368896484375000e+02 1.650858886718750000e+03 8.279501342773437500e+01
9.143133544921875000e+02 3.368147583007812500e+02 1.346078735351562500e+03 1.127061996459960938e+02
9.212074584960937500e+02 3.586764221191406250e+02 1.342832153320312500e+03 1.434534606933593750e+02
9.212074584960937500e+02 3.586764221191406250e+02 1.342832153320312500e+03 1.434534606933593750e+02
9.288941650390625000e+02 3.716323852539062500e+02 1.343915527343750000e+03 1.644766845703125000e+02
1.002070983886718750e+03 3.867405090332031250e+02 1.430113525390625000e+03 2.120503997802734375e+02
1.070494628906250000e+03 4.801948547363281250e+02 1.466740966796875000e+03 3.523077697753906250e+02
5.332280883789062500e+02 6.499052734375000000e+02 6.845300903320312500e+02 3.736675109863281250e+02
5.981979370117187500e+02 7.385510253906250000e+02 6.699465332031250000e+02 4.893750915527343750e+02
5.698487548828125000e+02 7.619825439453125000e+02 6.335748901367187500e+02 4.976342773437500000e+02
5.850524902343750000e+02 7.679078369140625000e+02 6.407725830078125000e+02 5.091181335449218750e+02
5.701154174804687500e+02 7.825375366210937500e+02 6.222601318359375000e+02 5.168052368164062500e+02
1.019288574218750000e+03 5.874385986328125000e+02 1.131863647460937500e+03 5.174645996093750000e+02
1.364736816406250000e+03 4.784567565917968750e+02 1.868316162109375000e+03 5.195245971679687500e+02
4.531867980957031250e+02 8.434334716796875000e+02 5.164417114257812500e+02 5.264414672851562500e+02
1.041132324218750000e+03 5.925631713867187500e+02 1.148757080078125000e+03 5.345308837890625000e+02
1.054991455078125000e+03 5.946531982421875000e+02 1.160725097656250000e+03 5.434309692382812500e+02
1.077092285156250000e+03 5.874953613281250000e+02 1.192434814453125000e+03 5.455029907226562500e+02
4.938140258789062500e+02 8.501258544921875000e+02 5.366284179687500000e+02 5.486455688476562500e+02
9.862453613281250000e+02 6.291018676757812500e+02 1.057733886718750000e+03 5.483259277343750000e+02
4.879269104003906250e+02 8.598709716796875000e+02 5.277175903320312500e+02 5.543679809570312500e+02
1.056836547851562500e+03 6.032446899414062500e+02 1.153144165039062500e+03 5.533848876953125000e+02
9.732595825195312500e+02 6.459061889648437500e+02 1.029876342773437500e+03 5.606586303710937500e+02
9.732595825195312500e+02 6.459061889648437500e+02 1.029876342773437500e+03 5.606586303710937500e+02
1.029813232421875000e+03 6.287199707031250000e+02 1.100565917968750000e+03 5.684649658203125000e+02
1.016896118164062500e+03 6.363223266601562500e+02 1.079953613281250000e+03 5.716168823242187500e+02
1.039953613281250000e+03 6.408374633789062500e+02 1.098451538085937500e+03 5.873731079101562500e+02
5.938941650390625000e+02 8.689226074218750000e+02 5.837566528320312500e+02 6.032636718750000000e+02
1.138029418945312500e+03 6.128619384765625000e+02 1.228718505859375000e+03 6.078032226562500000e+02
5.627549438476562500e+02 8.929975585937500000e+02 5.523491821289062500e+02 6.135625610351562500e+02
5.911432495117187500e+02 8.806760864257812500e+02 5.768265380859375000e+02 6.141304931640625000e+02
5.911432495117187500e+02 8.806760864257812500e+02 5.768265380859375000e+02 6.141304931640625000e+02
5.561034545898437500e+02 9.040022583007812500e+02 5.427506103515625000e+02 6.202337646484375000e+02
5.842329101562500000e+02 9.162340087890625000e+02 5.520689086914062500e+02 6.418475341796875000e+02
1.115392089843750000e+03 6.713453369140625000e+02 1.139376953125000000e+03 6.627127075195312500e+02
1.115392089843750000e+03 6.713453369140625000e+02 1.139376953125000000e+03 6.627127075195312500e+02
8.071766967773437500e+02 8.453267211914062500e+02 7.382497558593750000e+02 6.772014770507812500e+02
7.043710937500000000e+02 9.310990600585937500e+02 6.151821899414062500e+02 7.049448242187500000e+02
7.043710937500000000e+02 9.310990600585937500e+02 6.151821899414062500e+02 7.049448242187500000e+02
9.851468505859375000e+02 8.032855834960937500e+02 9.033132934570312500e+02 7.260920410156250000e+02
9.982721557617187500e+02 7.971049804687500000e+02 9.184739990234375000e+02 7.268298950195312500e+02
1.081605712890625000e+03 7.687681274414062500e+02 1.012720642089843750e+03 7.440331420898437500e+02
7.166425781250000000e+02 9.783187255859375000e+02 5.939321899414062500e+02 7.504173583984375000e+02
7.166425781250000000e+02 9.783187255859375000e+02 5.939321899414062500e+02 7.504173583984375000e+02
9.978541259765625000e+02 8.248871459960937500e+02 8.943795776367187500e+02 7.523836669921875000e+02
1.000977966308593750e+03 8.343685302734375000e+02 8.910371093750000000e+02 7.647768554687500000e+02
1.000977966308593750e+03 8.343685302734375000e+02 8.910371093750000000e+02 7.647768554687500000e+02
1.015634155273437500e+03 8.301669311523437500e+02 9.046755371093750000e+02 7.660576782226562500e+02
9.456241455078125000e+02 8.823676757812500000e+02 8.112783813476562500e+02 7.786282348632812500e+02
9.353950805664062500e+02 9.007442016601562500e+02 7.899288330078125000e+02 7.888043823242187500e+02
9.140793457031250000e+02 9.145472412109375000e+02 7.648900146484375000e+02 7.899467163085937500e+02
9.140793457031250000e+02 9.145472412109375000e+02 7.648900146484375000e+02 7.899467163085937500e+02
9.687938842773437500e+02 8.908832397460937500e+02 8.217226562500000000e+02 7.969320068359375000e+02
9.747448120117187500e+02 9.055300903320312500e+02 8.150018310546875000e+02 8.125975341796875000e+02
1.175074218750000000e+03 7.932118530273437500e+02 1.074622680664062500e+03 8.207188720703125000e+02
1.175074218750000000e+03 7.932118530273437500e+02 1.074622680664062500e+03 8.207188720703125000e+02
1.208352661132812500e+03 7.750145874023437500e+02 1.123783569335937500e+03 8.211727294921875000e+02
1.208352661132812500e+03 7.750145874023437500e+02 1.123783569335937500e+03 8.211727294921875000e+02
1.096039428710937500e+03 8.695908813476562500e+02 9.383237304687500000e+02 8.469420776367187500e+02
1.114926391601562500e+03 8.592178344726562500e+02 9.637399291992187500e+02 8.464487304687500000e+02
1.152653686523437500e+03 8.614992675781250000e+02 9.923729248046875000e+02 8.706085205078125000e+02
8.834472656250000000e+02 1.036293701171875000e+03 6.646835327148437500e+02 8.736686401367187500e+02
1.144831542968750000e+03 8.878378295898437500e+02 9.621721801757812500e+02 8.886181030273437500e+02
1.159792114257812500e+03 8.831396484375000000e+02 9.793419189453125000e+02 8.936681518554687500e+02
1.159792114257812500e+03 8.831396484375000000e+02 9.793419189453125000e+02 8.936681518554687500e+02
1.090903930664062500e+03 9.523015136718750000e+02 8.669653930664062500e+02 9.139981689453125000e+02
1.047042602539062500e+03 9.836381225585937500e+02 8.107894897460937500e+02 9.166401977539062500e+02
1.079067626953125000e+03 9.830159301757812500e+02 8.351259765625000000e+02 9.344558715820312500e+02
1.107199951171875000e+03 9.835422973632812500e+02 8.556430053710937500e+02 9.494066162109375000e+02
1.107199951171875000e+03 9.835422973632812500e+02 8.556430053710937500e+02 9.494066162109375000e+02
1.123513183593750000e+03 9.779804687500000000e+02 8.724188842773437500e+02 9.538521118164062500e+02
1.120841796875000000e+03 9.903798217773437500e+02 8.624457397460937500e+02 9.615495605468750000e+02
9.436236572265625000e+02 3.526190185546875000e+02 1.374784301757812500e+03 1.451309661865234375e+02
1.027761352539062500e+03 3.474205322265625000e+02 1.496445312500000000e+03 1.658909759521484375e+02
5.435179443359375000e+02 6.575017700195312500e+02 6.872645263671875000e+02 3.862165832519531250e+02
1.244703857421875000e+03 4.492650146484375000e+02 1.744595458984375000e+03 3.995238342285156250e+02
6.989134521484375000e+02 7.071103515625000000e+02 7.597922973632812500e+02 4.983005676269531250e+02
1.389565917968750000e+03 4.929720153808593750e+02 1.893560180664062500e+03 5.530960693359375000e+02
6.947175903320312500e+02 7.737210083007812500e+02 7.107660522460937500e+02 5.624046630859375000e+02
6.504738769531250000e+02 8.234307861328125000e+02 6.469046630859375000e+02 5.864188232421875000e+02
6.687202148437500000e+02 8.305966186523437500e+02 6.547006835937500000e+02 6.014866333007812500e+02
6.092705078125000000e+02 8.644824218750000000e+02 5.978937988281250000e+02 6.092568359375000000e+02
9.829895629882812500e+02 7.051095581054687500e+02 9.849371948242187500e+02 6.267490844726562500e+02
1.079134765625000000e+03 6.649573974609375000e+02 1.113598510742187500e+03 6.389458618164062500e+02
7.754689331054687500e+02 8.208910522460937500e+02 7.316381225585937500e+02 6.410027465820312500e+02
6.011616210937500000e+02 9.261671752929687500e+02 5.574648437500000000e+02 6.565919799804687500e+02
7.582550048828125000e+02 8.546533813476562500e+02 6.975056152343750000e+02 6.645648193359375000e+02
1.028373657226562500e+03 7.317796020507812500e+02 9.996375122070312500e+02 6.790753173828125000e+02
6.770417480468750000e+02 9.309861450195312500e+02 5.975853271484375000e+02 6.934349975585937500e+02
7.073743896484375000e+02 9.186650390625000000e+02 6.230720214843750000e+02 6.941705322265625000e+02
1.044052246093750000e+03 7.574164428710937500e+02 9.906588134765625000e+02 7.124036254882812500e+02
9.817812500000000000e+02 7.917440185546875000e+02 9.077691650390625000e+02 7.137553100585937500e+02
1.102231811523437500e+03 7.308178100585937500e+02 1.068409301757812500e+03 7.159041748046875000e+02
1.226344970703125000e+03 6.631923217773437500e+02 1.263065429687500000e+03 7.183303833007812500e+02
1.007034301757812500e+03 7.862402343750000000e+02 9.345530395507812500e+02 7.203625488281250000e+02
1.236712646484375000e+03 6.608897705078125000e+02 1.278274047851562500e+03 7.223271484375000000e+02
7.319571533203125000e+02 9.426686401367187500e+02 6.247406616210937500e+02 7.263666992187500000e+02
1.064065185546875000e+03 7.626328125000000000e+02 1.002864929199218750e+03 7.289055786132812500e+02
1.206344238281250000e+03 6.889376220703125000e+02 1.213527709960937500e+03 7.318301391601562500e+02
1.012044128417968750e+03 7.990448608398437500e+02 9.271057739257812500e+02 7.373430175781250000e+02
7.291093750000000000e+02 9.572069091796875000e+02 6.153870849609375000e+02 7.371845092773437500e+02
7.487399291992187500e+02 9.521178588867187500e+02 6.309078369140625000e+02 7.426561279296875000e+02
9.878495483398437500e+02 8.371401367187500000e+02 8.772424926757812500e+02 7.590907592773437500e+02
1.225915161132812500e+03 7.189470214843750000e+02 1.199056762695312500e+03 7.757548217773437500e+02
1.176861816406250000e+03 7.607507324218750000e+02 1.109241455078125000e+03 7.866594238281250000e+02
1.133180053710937500e+03 7.846047973632812500e+02 1.043541748046875000e+03 7.894528808593750000e+02
1.145175292968750000e+03 7.818628540039062500e+02 1.058532104492187500e+03 7.941983642578125000e+02
9.430479125976562500e+02 9.127050781250000000e+02 7.863276977539062500e+02 8.028726196289062500e+02
1.108414916992187500e+03 8.214482421875000000e+02 9.898029785156250000e+02 8.084053955078125000e+02
1.114061401367187500e+03 8.340211791992187500e+02 9.861915283203125000e+02 8.219913330078125000e+02
9.681488037109375000e+02 9.370353393554687500e+02 7.869899291992187500e+02 8.357230224609375000e+02
9.681488037109375000e+02 9.370353393554687500e+02 7.869899291992187500e+02 8.357230224609375000e+02
8.392112426757812500e+02 1.014945861816406250e+03 6.475124511718750000e+02 8.359129028320312500e+02
1.084666625976562500e+03 8.728621826171875000e+02 9.254127197265625000e+02 8.433132934570312500e+02
1.205891723632812500e+03 8.083442993164062500e+02 1.087685424804687500e+03 8.533056030273437500e+02
8.738552856445312500e+02 1.016541687011718750e+03 6.727830810546875000e+02 8.540184326171875000e+02
1.134489135742187500e+03 8.817316894531250000e+02 9.586976318359375000e+02 8.807167358398437500e+02
1.073307128906250000e+03 9.950237426757812500e+02 8.217108154296875000e+02 9.398606567382812500e+02
1.089112060546875000e+03 9.911285400390625000e+02 8.366084594726562500e+02 9.440202636718750000e+02
1.129482910156250000e+03 9.678312988281250000e+02 8.844659423828125000e+02 9.477835083007812500e+02
9.517710571289062500e+02 3.712452087402343750e+02 1.375438354492187500e+03 1.726531066894531250e+02
9.487805175781250000e+02 3.889094848632812500e+02 1.359860595703125000e+03 1.920046997070312500e+02
1.348927490234375000e+03 4.586589660644531250e+02 1.866283691406250000e+03 4.861260070800781250e+02
6.036943969726562500e+02 7.790743408203125000e+02 6.487776489257812500e+02 5.278698730468750000e+02
4.724048767089843750e+02 8.579445190429687500e+02 5.209841918945312500e+02 5.473687744140625000e+02
1.067224243164062500e+03 5.969704589843750000e+02 1.169515991210937500e+03 5.514539794921875000e+02
1.381532104492187500e+03 5.007133483886718750e+02 1.874814086914062500e+03 5.585017700195312500e+02
1.000188049316406250e+03 6.397330932617187500e+02 1.062402954101562500e+03 5.659129028320312500e+02
6.979637451171875000e+02 7.908064575195312500e+02 6.997577514648437500e+02 5.754388427734375000e+02
7.176781616210937500e+02 8.052660522460937500e+02 7.053881225585937500e+02 6.003073120117187500e+02
5.621576538085937500e+02 9.181540527343750000e+02 5.399260253906250000e+02 6.340795288085937500e+02
8.356233520507812500e+02 8.336550292968750000e+02 7.604069824218750000e+02 6.860111694335937500e+02
1.245050781250000000e+03 6.405673828125000000e+02 1.310915039062500000e+03 6.995202026367187500e+02
1.231877075195312500e+03 6.525144042968750000e+02 1.286869018554687500e+03 7.084010620117187500e+02
6.895135498046875000e+02 9.536441040039062500e+02 5.913349609375000000e+02 7.178403930664062500e+02
9.643361206054687500e+02 8.253602294921875000e+02 8.678211059570312500e+02 7.363085937500000000e+02
1.153153320312500000e+03 7.479085083007812500e+02 1.099819335937500000e+03 7.631232910156250000e+02
1.028447265625000000e+03 8.228291015625000000e+02 9.219485473632812500e+02 7.652238159179687500e+02
1.205791870117187500e+03 7.240944824218750000e+02 1.175585083007812500e+03 7.720840454101562500e+02
9.541761474609375000e+02 8.891005249023437500e+02 8.130327758789062500e+02 7.872129516601562500e+02
1.230364624023437500e+03 7.304567260742187500e+02 1.191122314453125000e+03 7.902413330078125000e+02
1.189971801757812500e+03 7.581955566406250000e+02 1.123895263671875000e+03 7.931705322265625000e+02
9.833823852539062500e+02 8.886420288085937500e+02 8.342632446289062500e+02 8.019849853515625000e+02
9.350330810546875000e+02 9.279824218750000000e+02 7.722075805664062500e+02 8.121983032226562500e+02
9.350330810546875000e+02 9.279824218750000000e+02 7.722075805664062500e+02 8.121983032226562500e+02
8.930763549804687500e+02 9.974602050781250000e+02 6.941778564453125000e+02 8.471126098632812500e+02
1.118068359375000000e+03 8.837327270507812500e+02 9.432825927734375000e+02 8.713257446289062500e+02
1.168089355468750000e+03 8.544101562500000000e+02 1.011190490722656250e+03 8.727919921875000000e+02
1.168089355468750000e+03 8.544101562500000000e+02 1.011190490722656250e+03 8.727919921875000000e+02
1.055356201171875000e+03 9.972798461914062500e+02 8.062163085937500000e+02 9.322409667968750000e+02
1.118680664062500000e+03 9.653982543945312500e+02 8.799552001953125000e+02 9.417835693359375000e+02
1.081705078125000000e+03 1.009221618652343750e+03 8.169845581054687500e+02 9.560616455078125000e+02
1.134896362304687500e+03 9.820822143554687500e+02 8.779509277343750000e+02 9.629671020507812500e+02
1.119631958007812500e+03 1.025256469726562500e+03 8.328496093750000000e+02 9.896301269531250000e+02
1.119631958007812500e+03 1.025256469726562500e+03 8.328496093750000000e+02 9.896301269531250000e+02
9.270017089843750000e+02 3.357000122070312500e+02 1.362565917968750000e+03 1.168801498413085938e+02
9.491590576171875000e+02 3.411017456054687500e+02 1.388422363281250000e+03 1.325348663330078125e+02
9.666536865234375000e+02 3.869016723632812500e+02 1.382392944335937500e+03 1.967778472900390625e+02
1.015292297363281250e+03 3.797904663085937500e+02 1.453238525390625000e+03 2.082588500976562500e+02
6.245040283203125000e+02 7.559175415039062500e+02 6.764260253906250000e+02 5.144902343750000000e+02
4.722537841796875000e+02 8.350403442382812500e+02 5.299359130859375000e+02 5.268986816406250000e+02
1.338212402343750000e+03 4.986059875488281250e+02 1.815418212890625000e+03 5.264322509765625000e+02
1.353250244140625000e+03 4.900513610839843750e+02 1.845052490234375000e+03 5.273146972656250000e+02
1.025800170898437500e+03 6.551931762695312500e+02 1.069455200195312500e+03 5.973989868164062500e+02
7.067568359375000000e+02 1.000627319335937500e+03 5.771258544921875000e+02 7.627871704101562500e+02
1.026347290039062500e+03 8.482149658203125000e+02 8.983325195312500000e+02 7.888227539062500000e+02
1.026347290039062500e+03 8.482149658203125000e+02 8.983325195312500000e+02 7.888227539062500000e+02
1.217425292968750000e+03 7.678029174804687500e+02 1.140359619140625000e+03 8.183745727539062500e+02
1.217425292968750000e+03 7.678029174804687500e+02 1.140359619140625000e+03 8.183745727539062500e+02
1.096927368164062500e+03 8.551181030273437500e+02 9.499781494140625000e+02 8.338469238281250000e+02
1.210420166015625000e+03 7.868776855468750000e+02 1.113671264648437500e+03 8.331276245117187500e+02
8.967990722656250000e+02 1.025223632812500000e+03 6.783373413085937500e+02 8.727686157226562500e+02
1.074137451171875000e+03 9.410438232421875000e+02 8.637340087890625000e+02 8.972976074218750000e+02
9.178453979492187500e+02 1.047743652343750000e+03 6.779644775390625000e+02 8.997512207031250000e+02
1.160703491210937500e+03 8.989129638671875000e+02 9.667193603515625000e+02 9.079915771484375000e+02
1.078787963867187500e+03 9.651489868164062500e+02 8.479337768554687500e+02 9.167266235351562500e+02
1.140700561523437500e+03 9.552723388671875000e+02 9.035443115234375000e+02 9.434750366210937500e+02
1.107956054687500000e+03 1.002534362792968750e+03 8.411423339843750000e+02 9.654000244140625000e+02
7.813699340820312500e+02 8.452017211914062500e+02 7.175097045898437500e+02 6.669254150390625000e+02
1.174411621093750000e+03 7.097757568359375000e+02 1.157807373046875000e+03 7.375739746093750000e+02
1.174411621093750000e+03 7.097757568359375000e+02 1.157807373046875000e+03 7.375739746093750000e+02
1.043696655273437500e+03 8.058125000000000000e+02 9.483361816406250000e+02 7.569890136718750000e+02
9.834083251953125000e+02 9.223112182617187500e+02 8.091830444335937500e+02 8.306417236328125000e+02
1.134248413085937500e+03 8.361309204101562500e+02 1.000921447753906250e+03 8.376003417968750000e+02
9.264692993164062500e+02 1.022559448242187500e+03 7.023065795898437500e+02 8.821535644531250000e+02
1.053800781250000000e+03 9.582133789062500000e+02 8.349943237304687500e+02 8.999774780273437500e+02
1.108495849609375000e+03 9.434055175781250000e+02 8.881451416015625000e+02 9.164213256835937500e+02
9.903826904296875000e+02 3.161465759277343750e+02 1.455706054687500000e+03 1.148352127075195312e+02
9.598414916992187500e+02 3.620245666503906250e+02 1.389049682617187500e+03 1.637593688964843750e+02
6.681835327148437500e+02 7.487263183593750000e+02 7.129069213867187500e+02 5.245326538085937500e+02
7.461379394531250000e+02 9.359727172851562500e+02 6.381453247070312500e+02 7.245070800781250000e+02
6.932279052734375000e+02 8.721058959960937500e+02 6.456832885742187500e+02 6.502805786132812500e+02
1.246290283203125000e+03 6.498228149414062500e+02 1.300681152343750000e+03 7.109385986328125000e+02
8.763568115234375000e+02 8.717303466796875000e+02 7.698841552734375000e+02 7.337464599609375000e+02
9.787066650390625000e+02 7.521006469726562500e+02 9.438084106445312500e+02 6.736931762695312500e+02
