1.172686767578125000e+03 7.649914550781250000e+02 9.590283813476562500e+02 9.047622070312500000e+02
9.513639526367187500e+02 8.966608886718750000e+02 7.233200073242187500e+02 7.597670288085937500e+02
1.112276733398437500e+03 9.761159667968750000e+02 6.700656127929687500e+02 8.981490478515625000e+02
1.126899536132812500e+03 8.832950439453125000e+02 9.752851562500000000e+02 9.112455444335937500e+02
1.126899536132812500e+03 8.832950439453125000e+02 9.752851562500000000e+02 9.112455444335937500e+02
1.194807739257812500e+03 7.835214843750000000e+02 9.399566040039062500e+02 9.303950805664062500e+02
1.119570434570312500e+03 8.489331665039062500e+02 8.173236694335937500e+02 8.745429687500000000e+02
1.123549682617187500e+03 8.700125732421875000e+02 7.936826171875000000e+02 8.835878295898437500e+02
1.128737060546875000e+03 8.529484252929687500e+02 8.171452636718750000e+02 8.841243896484375000e+02
1.151948486328125000e+03 8.702512817382812500e+02 8.005924682617187500e+02 9.076137084960937500e+02
8.979466552734375000e+02 1.012013671875000000e+03 6.065055541992187500e+02 7.582910766601562500e+02
9.430479125976562500e+02 9.127050781250000000e+02 7.056555175781250000e+02 7.576464233398437500e+02
9.982721557617187500e+02 7.971049804687500000e+02 8.491873168945312500e+02 7.600988159179687500e+02
9.978541259765625000e+02 8.248871459960937500e+02 8.150618286132812500e+02 7.694505615234375000e+02
1.073307128906250000e+03 9.950237426757812500e+02 6.450391845703125000e+02 8.716140136718750000e+02
1.114926391601562500e+03 8.592178344726562500e+02 8.063144531250000000e+02 8.732390136718750000e+02
1.090903930664062500e+03 9.523015136718750000e+02 6.914511718750000000e+02 8.743361816406250000e+02
1.129482910156250000e+03 9.678312988281250000e+02 6.818930053710937500e+02 9.087664184570312500e+02
1.175074218750000000e+03 7.932118530273437500e+02 9.150650634765625000e+02 9.135648803710937500e+02
1.159792114257812500e+03 8.831396484375000000e+02 7.869403076171875000e+02 9.175783081054687500e+02
1.159792114257812500e+03 8.831396484375000000e+02 7.869403076171875000e+02 9.175783081054687500e+02
1.208352661132812500e+03 7.750145874023437500e+02 9.593866577148437500e+02 9.420841064453125000e+02
8.738552856445312500e+02 1.016541687011718750e+03 5.991777343750000000e+02 7.441890258789062500e+02
9.350330810546875000e+02 9.279824218750000000e+02 6.894918823242187500e+02 7.588662719726562500e+02
1.084666625976562500e+03 8.728621826171875000e+02 9.147066040039062500e+02 8.187004394531250000e+02
1.081605712890625000e+03 7.687681274414062500e+02 7.785027465820312500e+02 8.523890991210937500e+02
1.055356201171875000e+03 9.972798461914062500e+02 6.395455322265625000e+02 8.579249877929687500e+02
1.185452148437500000e+03 7.696853637695312500e+02 9.582793579101562500e+02 9.177098388671875000e+02
1.247190551757812500e+03 6.662817993164062500e+02 1.234946289062500000e+03 9.710512695312500000e+02
7.760734863281250000e+02 8.696654052734375000e+02 7.194505615234375000e+02 6.403585205078125000e+02
8.967990722656250000e+02 1.025223632812500000e+03 5.967443237304687500e+02 7.605140380859375000e+02
8.967990722656250000e+02 1.025223632812500000e+03 5.967443237304687500e+02 7.605140380859375000e+02
1.028447265625000000e+03 8.228291015625000000e+02 8.277122192382812500e+02 7.905834960937500000e+02
1.078787963867187500e+03 9.651489868164062500e+02 6.761928710937500000e+02 8.677785644531250000e+02
1.081705078125000000e+03 1.009221618652343750e+03 6.316960449218750000e+02 8.807282714843750000e+02
1.096090576171875000e+03 9.733906250000000000e+02 6.716788330078125000e+02 8.852161865234375000e+02
1.118680664062500000e+03 9.653982543945312500e+02 6.826402587890625000e+02 9.013472900390625000e+02
1.134896362304687500e+03 9.820822143554687500e+02 6.682276611328125000e+02 9.154882812500000000e+02
1.168089355468750000e+03 8.544101562500000000e+02 8.259721679687500000e+02 9.182801513671875000e+02
1.074137451171875000e+03 9.410438232421875000e+02 7.000582885742187500e+02 8.612495727539062500e+02
1.107956054687500000e+03 1.002534362792968750e+03 6.428270263671875000e+02 8.991395874023437500e+02
1.140700561523437500e+03 9.552723388671875000e+02 6.989656372070312500e+02 9.133176269531250000e+02
1.160703491210937500e+03 8.989129638671875000e+02 7.676579589843750000e+02 9.205333862304687500e+02
1.210420166015625000e+03 7.868776855468750000e+02 9.416760864257812500e+02 9.451999511718750000e+02
1.217425292968750000e+03 7.678029174804687500e+02 9.771273193359375000e+02 9.494450683593750000e+02
1.043696655273437500e+03 8.058125000000000000e+02 8.537234497070312500e+02 7.975957641601562500e+02
1.108495849609375000e+03 9.434055175781250000e+02 7.042958374023437500e+02 8.903531494140625000e+02
9.370288696289062500e+02 8.426008300781250000e+02 7.764854125976562500e+02 7.352093505859375000e+02
8.763568115234375000e+02 8.717303466796875000e+02 7.378616333007812500e+02 7.004151000976562500e+02
