6.770304565429687500e+02 8.157503051757812500e+02 1.000741638183593750e+03 7.304506225585937500e+02
1.165224853515625000e+03 7.674880371093750000e+02 1.056466674804687500e+03 8.134692382812500000e+02
1.156807861328125000e+03 7.802143554687500000e+02 1.031590332031250000e+03 8.149576416015625000e+02
1.194807739257812500e+03 7.835214843750000000e+02 1.058332397460937500e+03 8.471259155273437500e+02
1.194807739257812500e+03 7.835214843750000000e+02 1.058332397460937500e+03 8.471259155273437500e+02
9.728997192382812500e+02 8.162805786132812500e+02 1.050581176757812500e+03 8.602454223632812500e+02
9.728997192382812500e+02 8.162805786132812500e+02 1.050581176757812500e+03 8.602454223632812500e+02
1.013994567871093750e+03 8.120917358398437500e+02 8.971493530273437500e+02 7.374896240234375000e+02
1.013994567871093750e+03 8.120917358398437500e+02 8.971493530273437500e+02 7.374896240234375000e+02
1.165710937500000000e+03 7.615363159179687500e+02 1.063176269531250000e+03 8.097997436523437500e+02
1.119570434570312500e+03 8.489331665039062500e+02 9.248680419921875000e+02 8.333181152343750000e+02
1.128737060546875000e+03 8.529484252929687500e+02 9.274447631835937500e+02 8.427205200195312500e+02
1.120992309570312500e+03 8.780270996093750000e+02 8.934581909179687500e+02 8.523392333984375000e+02
1.152653686523437500e+03 8.614992675781250000e+02 9.323743896484375000e+02 8.648723754882812500e+02
1.123513183593750000e+03 9.779804687500000000e+02 7.950581665039062500e+02 9.117304687500000000e+02
1.193016479492187500e+03 6.975319824218750000e+02 1.175647094726562500e+03 7.852114868164062500e+02
1.114061401367187500e+03 8.340211791992187500e+02 9.415226440429687500e+02 8.187911987304687500e+02
1.114926391601562500e+03 8.592178344726562500e+02 9.119805297851562500e+02 8.361722412109375000e+02
1.175074218750000000e+03 7.932118530273437500e+02 1.029061767578125000e+03 8.394968261718750000e+02
1.208352661132812500e+03 7.750145874023437500e+02 1.079715942382812500e+03 8.518359375000000000e+02
1.144831542968750000e+03 8.878378295898437500e+02 8.979768066406250000e+02 8.743532714843750000e+02
1.073307128906250000e+03 9.950237426757812500e+02 7.532233886718750000e+02 8.865466918945312500e+02
7.931290893554687500e+02 8.575687255859375000e+02 7.341146240234375000e+02 6.385010375976562500e+02
1.079134765625000000e+03 6.649573974609375000e+02 1.124780761718750000e+03 6.764451904296875000e+02
1.012044128417968750e+03 7.990448608398437500e+02 9.094624023437500000e+02 7.286381225585937500e+02
9.681488037109375000e+02 9.370353393554687500e+02 7.512478027343750000e+02 7.847877197265625000e+02
1.236712646484375000e+03 6.608897705078125000e+02 1.277200683593750000e+03 7.956623535156250000e+02
1.133180053710937500e+03 7.846047973632812500e+02 1.008293518066406250e+03 8.019573364257812500e+02
1.108414916992187500e+03 8.214482421875000000e+02 9.473540649414062500e+02 8.070486450195312500e+02
1.145175292968750000e+03 7.818628540039062500e+02 1.021338073730468750e+03 8.113104858398437500e+02
1.084666625976562500e+03 8.728621826171875000e+02 8.773640136718750000e+02 8.246108398437500000e+02
1.184330200195312500e+03 8.014590454101562500e+02 1.026061279296875000e+03 8.527098999023437500e+02
1.055356201171875000e+03 9.972798461914062500e+02 7.417077636718750000e+02 8.788577880859375000e+02
1.089112060546875000e+03 9.911285400390625000e+02 7.644385375976562500e+02 8.931836547851562500e+02
8.528068847656250000e+02 8.435168457031250000e+02 7.731067504882812500e+02 6.638874511718750000e+02
9.541761474609375000e+02 8.891005249023437500e+02 7.882114257812500000e+02 7.484866943359375000e+02
9.350330810546875000e+02 9.279824218750000000e+02 7.449842529296875000e+02 7.628411254882812500e+02
9.350330810546875000e+02 9.279824218750000000e+02 7.449842529296875000e+02 7.628411254882812500e+02
8.967990722656250000e+02 1.025223632812500000e+03 6.466227416992187500e+02 7.956099243164062500e+02
8.967990722656250000e+02 1.025223632812500000e+03 6.466227416992187500e+02 7.956099243164062500e+02
1.205791870117187500e+03 7.240944824218750000e+02 1.149356445312500000e+03 8.189613647460937500e+02
1.096927368164062500e+03 8.551181030273437500e+02 9.032883300781250000e+02 8.214108886718750000e+02
1.225915161132812500e+03 7.189470214843750000e+02 1.170473754882812500e+03 8.252104492187500000e+02
1.118068359375000000e+03 8.837327270507812500e+02 8.855624389648437500e+02 8.552122192382812500e+02
1.158733154296875000e+03 8.408757934570312500e+02 9.592698974609375000e+02 8.546875000000000000e+02
1.168089355468750000e+03 8.544101562500000000e+02 9.499353637695312500e+02 8.719549560546875000e+02
1.168089355468750000e+03 8.544101562500000000e+02 9.499353637695312500e+02 8.719549560546875000e+02
1.078787963867187500e+03 9.651489868164062500e+02 7.832180175781250000e+02 8.729627075195312500e+02
1.134896362304687500e+03 9.820822143554687500e+02 7.958426513671875000e+02 9.217169799804687500e+02
1.119631958007812500e+03 1.025256469726562500e+03 7.481522827148437500e+02 9.340512695312500000e+02
1.119631958007812500e+03 1.025256469726562500e+03 7.481522827148437500e+02 9.340512695312500000e+02
7.813699340820312500e+02 8.452017211914062500e+02 7.378187255859375000e+02 6.255418701171875000e+02
9.834083251953125000e+02 9.223112182617187500e+02 7.722754516601562500e+02 7.871104736328125000e+02
1.217425292968750000e+03 7.678029174804687500e+02 1.097318115234375000e+03 8.530718994140625000e+02
1.074137451171875000e+03 9.410438232421875000e+02 8.035536499023437500e+02 8.593480834960937500e+02
1.210420166015625000e+03 7.868776855468750000e+02 1.065084594726562500e+03 8.603159790039062500e+02
1.160703491210937500e+03 8.989129638671875000e+02 8.966804809570312500e+02 8.933376464843750000e+02
1.107956054687500000e+03 1.002534362792968750e+03 7.635150146484375000e+02 9.139510498046875000e+02
1.043696655273437500e+03 8.058125000000000000e+02 9.228088989257812500e+02 7.508023071289062500e+02
1.134248413085937500e+03 8.361309204101562500e+02 9.509063720703125000e+02 8.373142700195312500e+02
1.108495849609375000e+03 9.434055175781250000e+02 8.202906494140625000e+02 8.816897583007812500e+02
1.140700561523437500e+03 9.552723388671875000e+02 8.268104248046875000e+02 9.094334106445312500e+02
3.611486206054687500e+02 7.512139892578125000e+01 7.876823120117187500e+02 2.692789611816406250e+02
7.461379394531250000e+02 9.359727172851562500e+02 6.534191284179687500e+02 6.625951538085937500e+02
9.370288696289062500e+02 8.426008300781250000e+02 8.214984741210937500e+02 7.159243164062500000e+02
1.129204223632812500e+03 9.187221069335937500e+02 8.562689208984375000e+02 8.778436279296875000e+02
8.763568115234375000e+02 8.717303466796875000e+02 7.667166137695312500e+02 6.904706420898437500e+02
9.787066650390625000e+02 7.521006469726562500e+02 9.432049560546875000e+02 6.744099121093750000e+02
