1.127744506835937500e+03 8.619501342773437500e+02 6.573892211914062500e+02 5.427163696289062500e+02
1.128737060546875000e+03 8.529484252929687500e+02 6.549801025390625000e+02 5.486805419921875000e+02
1.119570434570312500e+03 8.489331665039062500e+02 6.619224243164062500e+02 5.493947143554687500e+02
9.905036010742187500e+02 8.123995361328125000e+02 7.597626953125000000e+02 5.557409667968750000e+02
1.013994567871093750e+03 8.120917358398437500e+02 7.408721313476562500e+02 5.594635620117187500e+02
1.013994567871093750e+03 8.120917358398437500e+02 7.408721313476562500e+02 5.594635620117187500e+02
1.006302978515625000e+03 8.095020751953125000e+02 7.479758911132812500e+02 5.602351074218750000e+02
1.066703979492187500e+03 7.578662719726562500e+02 6.937532958984375000e+02 6.132814331054687500e+02
1.165710937500000000e+03 7.615363159179687500e+02 6.020023803710937500e+02 6.282393798828125000e+02
1.036413208007812500e+03 7.346304931640625000e+02 7.206407470703125000e+02 6.304961547851562500e+02
7.036449584960937500e+02 9.765565185546875000e+02 5.408559570312500000e+02 7.170505371093750000e+02
8.762304687500000000e+02 4.358141784667968750e+02 7.557795410156250000e+02 3.183569030761718750e+02
1.011447631835937500e+03 8.382691650390625000e+02 7.423437500000000000e+02 5.415159301757812500e+02
1.011447631835937500e+03 8.382691650390625000e+02 7.423437500000000000e+02 5.415159301757812500e+02
1.000977966308593750e+03 8.343685302734375000e+02 7.503223876953125000e+02 5.425974731445312500e+02
1.000977966308593750e+03 8.343685302734375000e+02 7.503223876953125000e+02 5.425974731445312500e+02
1.019824951171875000e+03 8.055169677734375000e+02 7.368102416992187500e+02 5.653895263671875000e+02
9.982721557617187500e+02 7.971049804687500000e+02 7.538668823242187500e+02 5.678021240234375000e+02
9.934847412109375000e+02 7.883579101562500000e+02 7.582088623046875000e+02 5.741364746093750000e+02
9.934847412109375000e+02 7.883579101562500000e+02 7.582088623046875000e+02 5.741364746093750000e+02
9.893856201171875000e+02 7.795650024414062500e+02 7.629711303710937500e+02 5.805476684570312500e+02
1.075941040039062500e+03 7.610902099609375000e+02 6.861610717773437500e+02 6.113555908203125000e+02
1.055760375976562500e+03 7.550586547851562500e+02 7.032078857421875000e+02 6.138143920898437500e+02
1.039536132812500000e+03 7.496420288085937500e+02 7.188012695312500000e+02 6.159744262695312500e+02
1.061221923828125000e+03 7.427259521484375000e+02 6.966182861328125000e+02 6.272893676757812500e+02
1.046086059570312500e+03 7.377844848632812500e+02 7.119162597656250000e+02 6.291972656250000000e+02
1.067163208007812500e+03 7.375422363281250000e+02 6.916856689453125000e+02 6.337630004882812500e+02
9.541152343750000000e+02 6.928386840820312500e+02 8.061995849609375000e+02 6.621439819335937500e+02
9.541152343750000000e+02 6.928386840820312500e+02 8.061995849609375000e+02 6.621439819335937500e+02
9.878495483398437500e+02 8.371401367187500000e+02 7.585363769531250000e+02 5.391398925781250000e+02
9.851468505859375000e+02 8.032855834960937500e+02 7.642869873046875000e+02 5.619369506835937500e+02
9.817812500000000000e+02 7.917440185546875000e+02 7.673381347656250000e+02 5.701877441406250000e+02
1.007034301757812500e+03 7.862402343750000000e+02 7.488292846679687500e+02 5.778144531250000000e+02
1.044052246093750000e+03 7.574164428710937500e+02 7.128933715820312500e+02 6.092376708984375000e+02
1.038590209960937500e+03 7.284761962890625000e+02 7.175819091796875000e+02 6.378307495117187500e+02
9.712323608398437500e+02 7.102015991210937500e+02 7.852943725585937500e+02 6.445166015625000000e+02
9.594433593750000000e+02 7.002083129882812500e+02 7.994038085937500000e+02 6.537960205078125000e+02
9.822445068359375000e+02 6.944255371093750000e+02 7.760506591796875000e+02 6.659329223632812500e+02
9.663823242187500000e+02 6.897638549804687500e+02 7.938515014648437500e+02 6.684743652343750000e+02
1.093718627929687500e+03 6.723222045898437500e+02 6.483359375000000000e+02 7.241431274414062500e+02
1.093718627929687500e+03 6.723222045898437500e+02 6.483359375000000000e+02 7.241431274414062500e+02
1.004104125976562500e+03 6.505062255859375000e+02 7.534374389648437500e+02 7.360373535156250000e+02
1.021518615722656250e+03 6.296071166992187500e+02 7.330160522460937500e+02 7.808389892578125000e+02
1.012044128417968750e+03 7.990448608398437500e+02 7.423260498046875000e+02 5.689070434570312500e+02
1.017737304687500000e+03 7.479378662109375000e+02 7.378732299804687500e+02 6.138599853515625000e+02
1.017737304687500000e+03 7.479378662109375000e+02 7.378732299804687500e+02 6.138599853515625000e+02
1.030651489257812500e+03 7.439633178710937500e+02 7.254773559570312500e+02 6.196854858398437500e+02
1.028373657226562500e+03 7.317796020507812500e+02 7.274125366210937500e+02 6.329541015625000000e+02
1.059085937500000000e+03 6.829399414062500000e+02 6.919088134765625000e+02 6.984876098632812500e+02
1.059085937500000000e+03 6.829399414062500000e+02 6.919088134765625000e+02 6.984876098632812500e+02
9.959333496093750000e+02 6.525745239257812500e+02 7.649086914062500000e+02 7.305711059570312500e+02
1.028447265625000000e+03 8.228291015625000000e+02 7.302221069335937500e+02 5.540539550781250000e+02
9.718226928710937500e+02 7.204368286132812500e+02 7.845433959960937500e+02 6.322310180664062500e+02
9.829895629882812500e+02 7.051095581054687500e+02 7.749675903320312500e+02 6.530356445312500000e+02
9.707643432617187500e+02 6.995622558593750000e+02 7.874110107421875000e+02 6.569921264648437500e+02
9.707643432617187500e+02 6.995622558593750000e+02 7.874110107421875000e+02 6.569921264648437500e+02
9.645031738281250000e+02 6.799927978515625000e+02 7.965971069335937500e+02 6.810059204101562500e+02
9.856098022460937500e+02 6.416842041015625000e+02 7.787536621093750000e+02 7.428175048828125000e+02
1.016896118164062500e+03 6.363223266601562500e+02 7.388057250976562500e+02 7.646317749023437500e+02
1.034473022460937500e+03 5.998881835937500000e+02 7.140081176757812500e+02 8.510479125976562500e+02
9.343240356445312500e+02 5.610976562500000000e+02 8.472457885742187500e+02 6.632848510742187500e+02
1.000188049316406250e+03 6.397330932617187500e+02 7.597369384765625000e+02 7.556013183593750000e+02
