9.283262329101562500e+02 9.930733032226562500e+02 7.675742797851562500e+02 5.328394165039062500e+02
1.121919677734375000e+03 1.038695800781250000e+03 6.559859619140625000e+02 5.855538330078125000e+02
1.109857910156250000e+03 9.847848510742187500e+02 6.852025756835937500e+02 6.003419189453125000e+02
1.142469970703125000e+03 1.008710937500000000e+03 6.571119384765625000e+02 6.037825317382812500e+02
1.142469970703125000e+03 1.008710937500000000e+03 6.571119384765625000e+02 6.037825317382812500e+02
1.067841918945312500e+03 8.408358154296875000e+02 7.929987182617187500e+02 6.482997436523437500e+02
1.086705688476562500e+03 8.519224853515625000e+02 7.755112915039062500e+02 6.511973266601562500e+02
1.098676879882812500e+03 8.396902465820312500e+02 7.771558227539062500e+02 6.648471679687500000e+02
1.116755615234375000e+03 8.507857666015625000e+02 7.555043945312500000e+02 6.679113159179687500e+02
1.202219238281250000e+03 8.919149780273437500e+02 6.774829711914062500e+02 6.877117309570312500e+02
9.865775146484375000e+02 9.365895996093750000e+02 7.740974121093750000e+02 5.699430541992187500e+02
9.857380371093750000e+02 9.241567382812500000e+02 7.817106323242187500e+02 5.736223144531250000e+02
9.857380371093750000e+02 9.241567382812500000e+02 7.817106323242187500e+02 5.736223144531250000e+02
1.075107788085937500e+03 1.002849609375000000e+03 6.956632080078125000e+02 5.809758911132812500e+02
9.987131347656250000e+02 8.929407348632812500e+02 7.942106323242187500e+02 5.908604736328125000e+02
1.141455322265625000e+03 1.037387817382812500e+03 6.467832031250000000e+02 5.930325927734375000e+02
1.018143798828125000e+03 9.073603515625000000e+02 7.748200683593750000e+02 5.931903076171875000e+02
1.137978881835937500e+03 1.019285644531250000e+03 6.556823120117187500e+02 5.977832641601562500e+02
1.063337768554687500e+03 8.479096069335937500e+02 7.909721679687500000e+02 6.415930786132812500e+02
1.079427368164062500e+03 8.579052124023437500e+02 7.751763916015625000e+02 6.444706420898437500e+02
9.987393798828125000e+02 7.746699218750000000e+02 8.940053710937500000e+02 6.504841918945312500e+02
1.075632202148437500e+03 8.355701293945312500e+02 7.928177490234375000e+02 6.551404418945312500e+02
1.090729736328125000e+03 8.447164916992187500e+02 7.776802368164062500e+02 6.580870971679687500e+02
1.090729736328125000e+03 8.447164916992187500e+02 7.776802368164062500e+02 6.580870971679687500e+02
1.183837402343750000e+03 9.122529296875000000e+02 6.767404785156250000e+02 6.661268310546875000e+02
1.183837402343750000e+03 9.122529296875000000e+02 6.767404785156250000e+02 6.661268310546875000e+02
1.108212158203125000e+03 8.453588256835937500e+02 7.665758056640625000e+02 6.668217163085937500e+02
1.118850219726562500e+03 8.324511108398437500e+02 7.688002929687500000e+02 6.812637329101562500e+02
1.228701538085937500e+03 9.182019653320312500e+02 6.449980468750000000e+02 6.853114624023437500e+02
1.207071044921875000e+03 8.842142944335937500e+02 6.788231201171875000e+02 6.957714843750000000e+02
1.109483520507812500e+03 9.479870605468750000e+02 7.036909179687500000e+02 6.139085693359375000e+02
1.101399169921875000e+03 8.806840820312500000e+02 7.461500854492187500e+02 6.429006347656250000e+02
1.199847290039062500e+03 9.332156982421875000e+02 6.584791259765625000e+02 6.627919921875000000e+02
1.010318420410156250e+03 7.644621582031250000e+02 8.990121459960937500e+02 6.640123901367187500e+02
1.096858642578125000e+03 8.295061645507812500e+02 7.851074218750000000e+02 6.707704467773437500e+02
1.093037841796875000e+03 8.174332275390625000e+02 7.978576660156250000e+02 6.760621948242187500e+02
1.186085449218750000e+03 7.849545898437500000e+02 7.618430786132812500e+02 7.607447509765625000e+02
1.164095458984375000e+03 1.005044250488281250e+03 6.477429809570312500e+02 6.138630981445312500e+02
1.184707153320312500e+03 1.001217956542968750e+03 6.390885009765625000e+02 6.225950927734375000e+02
1.184707153320312500e+03 1.001217956542968750e+03 6.390885009765625000e+02 6.225950927734375000e+02
1.085250854492187500e+03 8.693168334960937500e+02 7.623623046875000000e+02 6.414179687500000000e+02
1.076892211914062500e+03 8.463480834960937500e+02 7.849749145507812500e+02 6.493322753906250000e+02
1.154060913085937500e+03 9.129031982421875000e+02 6.957188720703125000e+02 6.518538818359375000e+02
1.154060913085937500e+03 9.129031982421875000e+02 6.957188720703125000e+02 6.518538818359375000e+02
1.059582397460937500e+03 8.249838256835937500e+02 8.108792724609375000e+02 6.531210327148437500e+02
1.207919189453125000e+03 9.462957153320312500e+02 6.464270019531250000e+02 6.595767211914062500e+02
1.170038574218750000e+03 9.118723144531250000e+02 6.867580566406250000e+02 6.605061645507812500e+02
1.123573364257812500e+03 8.566265869140625000e+02 7.492168579101562500e+02 6.677075805664062500e+02
1.225547485351562500e+03 9.444183349609375000e+02 6.384884643554687500e+02 6.695286254882812500e+02
1.019855712890625000e+03 9.288863525390625000e+02 7.600065917968750000e+02 5.855751953125000000e+02
1.081862792968750000e+03 9.852634887695312500e+02 6.997304687500000000e+02 5.899524536132812500e+02
9.627293090820312500e+02 8.330913085937500000e+02 8.588502807617187500e+02 5.996363525390625000e+02
1.159044433593750000e+03 1.027835449218750000e+03 6.422615966796875000e+02 6.022709350585937500e+02
1.021041198730468750e+03 7.845327758789062500e+02 8.718926391601562500e+02 6.577509155273437500e+02
1.244046997070312500e+03 9.345808105468750000e+02 6.320501098632812500e+02 6.824653930664062500e+02
1.108814941406250000e+03 8.218154907226562500e+02 7.832776489257812500e+02 6.823445434570312500e+02
1.239076904296875000e+03 9.092012329101562500e+02 6.425139770507812500e+02 6.959397583007812500e+02
1.194578613281250000e+03 8.724361572265625000e+02 6.934779052734375000e+02 6.963822021484375000e+02
1.134101928710937500e+03 7.859761352539062500e+02 7.974536132812500000e+02 7.250769042968750000e+02
1.293142944335937500e+03 8.710012817382812500e+02 6.274151611328125000e+02 7.541280517578125000e+02
1.176116577148437500e+03 7.669111328125000000e+02 7.860263671875000000e+02 7.703551635742187500e+02
1.133381713867187500e+03 9.727257080078125000e+02 6.783859863281250000e+02 6.136332397460937500e+02
1.101805297851562500e+03 8.564049682617187500e+02 7.623296508789062500e+02 6.570341796875000000e+02
1.212422851562500000e+03 9.254056396484375000e+02 6.533343505859375000e+02 6.738677978515625000e+02
1.261450195312500000e+03 9.116319580078125000e+02 6.304827880859375000e+02 7.059180908203125000e+02
1.068073974609375000e+03 7.148036499023437500e+02 9.238765869140625000e+02 7.472931518554687500e+02
1.269427856445312500e+03 8.586023559570312500e+02 6.483543090820312500e+02 7.517346191406250000e+02
1.173633178710937500e+03 7.830040893554687500e+02 7.722308959960937500e+02 7.541148681640625000e+02
1.322351074218750000e+03 8.354580688476562500e+02 6.243393554687500000e+02 8.075252685546875000e+02
1.231380615234375000e+03 7.468681640625000000e+02 7.644604492187500000e+02 8.388475341796875000e+02
1.146163818359375000e+03 7.893452148437500000e+02 7.853599243164062500e+02 7.308383789062500000e+02
1.287342895507812500e+03 7.701837768554687500e+02 6.906969604492187500e+02 8.580919189453125000e+02
1.171285766601562500e+03 8.006709594726562500e+02 7.615407104492187500e+02 7.368267822265625000e+02
1.236219726562500000e+03 8.332147827148437500e+02 6.879658203125000000e+02 7.522484130859375000e+02
1.236219726562500000e+03 8.332147827148437500e+02 6.879658203125000000e+02 7.522484130859375000e+02
1.174986938476562500e+03 6.946104736328125000e+02 7.282581787109375000e+02 8.788875732421875000e+02
1.174986938476562500e+03 6.946104736328125000e+02 7.282581787109375000e+02 8.788875732421875000e+02
1.188303222656250000e+03 8.354821166992187500e+02 7.231890258789062500e+02 7.215477294921875000e+02
