9.838674926757812500e+02 9.081535034179687500e+02 9.685702514648437500e+02 5.548707275390625000e+02
1.116755615234375000e+03 8.507857666015625000e+02 8.661205444335937500e+02 5.993189697265625000e+02
1.067841918945312500e+03 8.408358154296875000e+02 9.029114379882812500e+02 6.040900878906250000e+02
1.066266479492187500e+03 8.296504516601562500e+02 9.033771362304687500e+02 6.134108886718750000e+02
9.765007324218750000e+02 7.696499023437500000e+02 9.792393798828125000e+02 6.648392944335937500e+02
1.008304077148437500e+03 9.132755737304687500e+02 9.528076782226562500e+02 5.537961425781250000e+02
1.008304077148437500e+03 9.132755737304687500e+02 9.528076782226562500e+02 5.537961425781250000e+02
9.833833618164062500e+02 8.961304321289062500e+02 9.674351806640625000e+02 5.613929443359375000e+02
9.987131347656250000e+02 8.929407348632812500e+02 9.596313476562500000e+02 5.651419677734375000e+02
9.980557250976562500e+02 8.816087036132812500e+02 9.591862182617187500e+02 5.718179931640625000e+02
1.079427368164062500e+03 8.579052124023437500e+02 8.967114257812500000e+02 5.922958374023437500e+02
1.090729736328125000e+03 8.447164916992187500e+02 8.852791137695312500e+02 6.022335815429687500e+02
1.075632202148437500e+03 8.355701293945312500e+02 8.967319946289062500e+02 6.092089233398437500e+02
1.093037841796875000e+03 8.174332275390625000e+02 8.792356567382812500e+02 6.252166137695312500e+02
1.148168945312500000e+03 7.808118896484375000e+02 8.210328369140625000e+02 6.636795654296875000e+02
9.829119873046875000e+02 7.661802978515625000e+02 9.731458740234375000e+02 6.685457763671875000e+02
9.865968627929687500e+02 7.516343994140625000e+02 9.698406372070312500e+02 6.856665649414062500e+02
1.070621093750000000e+03 8.524873657226562500e+02 8.906338500976562500e+02 7.256075439453125000e+02
1.070621093750000000e+03 8.524873657226562500e+02 8.906338500976562500e+02 7.256075439453125000e+02
1.091550292968750000e+03 7.193810424804687500e+02 8.560997314453125000e+02 7.351336059570312500e+02
9.835073242187500000e+02 8.829528808593750000e+02 9.690803222656250000e+02 5.694658813476562500e+02
1.012140075683593750e+03 8.816607666015625000e+02 9.475848999023437500e+02 5.725493774414062500e+02
9.582910766601562500e+02 7.882362060546875000e+02 9.913596801757812500e+02 6.431564941406250000e+02
1.007543518066406250e+03 7.883993530273437500e+02 9.504518432617187500e+02 6.468416137695312500e+02
1.007543518066406250e+03 7.883993530273437500e+02 9.504518432617187500e+02 6.468416137695312500e+02
9.987393798828125000e+02 7.746699218750000000e+02 9.582673339843750000e+02 6.606249389648437500e+02
9.987393798828125000e+02 7.746699218750000000e+02 9.582673339843750000e+02 6.606249389648437500e+02
1.025483032226562500e+03 7.729976196289062500e+02 9.328782958984375000e+02 6.637932128906250000e+02
9.972872314453125000e+02 7.658600463867187500e+02 9.589957275390625000e+02 6.699410400390625000e+02
1.010318420410156250e+03 7.644621582031250000e+02 9.472617797851562500e+02 6.724393920898437500e+02
1.057099853515625000e+03 7.097719116210937500e+02 8.917561645507812500e+02 7.484606323242187500e+02
1.012672607421875000e+03 8.991478881835937500e+02 9.479344482421875000e+02 5.615398559570312500e+02
1.076593750000000000e+03 7.324421386718750000e+02 1.353287109375000000e+03 5.897665405273437500e+02
1.076593750000000000e+03 7.324421386718750000e+02 1.353287109375000000e+03 5.897665405273437500e+02
1.076892211914062500e+03 8.463480834960937500e+02 8.965052490234375000e+02 6.009068603515625000e+02
1.056801025390625000e+03 8.404421386718750000e+02 9.117267456054687500e+02 6.033699951171875000e+02
1.040739990234375000e+03 8.417951049804687500e+02 9.248826293945312500e+02 6.015844726562500000e+02
1.040739990234375000e+03 8.417951049804687500e+02 9.248826293945312500e+02 6.015844726562500000e+02
1.059582397460937500e+03 8.249838256835937500e+02 9.081869506835937500e+02 6.162640991210937500e+02
1.044575195312500000e+03 7.784991455078125000e+02 9.135906982421875000e+02 6.600732421875000000e+02
1.113427001953125000e+03 7.764647216796875000e+02 8.522457885742187500e+02 6.651420288085937500e+02
7.999606933593750000e+02 7.284057617187500000e+02 1.170793579101562500e+03 7.045908203125000000e+02
1.075107788085937500e+03 1.002849609375000000e+03 8.729100952148437500e+02 9.432106323242187500e+02
1.075107788085937500e+03 1.002849609375000000e+03 8.729100952148437500e+02 9.432106323242187500e+02
1.081014770507812500e+03 8.094783325195312500e+02 8.851693725585937500e+02 6.339768066406250000e+02
1.002574340820312500e+03 7.997928466796875000e+02 9.558811035156250000e+02 6.355619506835937500e+02
1.021041198730468750e+03 7.845327758789062500e+02 9.380413208007812500e+02 6.525684814453125000e+02
9.771760253906250000e+02 7.755325927734375000e+02 9.795721435546875000e+02 6.585775756835937500e+02
1.050602905273437500e+03 7.165933837890625000e+02 9.015485229492187500e+02 7.350956420898437500e+02
1.086429565429687500e+03 7.149667968750000000e+02 8.605993652343750000e+02 7.414434204101562500e+02
9.973375244140625000e+02 7.553076782226562500e+02 9.608288574218750000e+02 6.817471313476562500e+02
1.068073974609375000e+03 7.148036499023437500e+02 8.776428833007812500e+02 7.452150878906250000e+02
1.072441650390625000e+03 7.012619628906250000e+02 8.688416137695312500e+02 7.608103637695312500e+02
9.982384643554687500e+02 6.966818237304687500e+02 9.576954956054687500e+02 7.653799438476562500e+02
