1.275748413085937500e+03 1.657027893066406250e+02 1.174903808593750000e+03 6.172617797851562500e+02
6.695410156250000000e+02 6.627230834960937500e+02 8.221672363281250000e+02 6.156399536132812500e+02
1.287342895507812500e+03 7.701837768554687500e+02 8.724985351562500000e+02 4.759211425781250000e+02
7.718843994140625000e+02 7.444129638671875000e+02 1.067797973632812500e+03 7.254841308593750000e+02
1.287342895507812500e+03 7.701837768554687500e+02 8.330972290039062500e+02 6.243157958984375000e+02
7.105914306640625000e+02 8.205192260742187500e+02 1.176203857421875000e+03 7.152073974609375000e+02
7.376897583007812500e+02 7.490380249023437500e+02 1.093992065429687500e+03 7.507854003906250000e+02
7.608397216796875000e+02 7.261474609375000000e+02 1.053563354492187500e+03 7.529143676757812500e+02
5.851575927734375000e+02 7.796782226562500000e+02 1.224133911132812500e+03 8.448312988281250000e+02
7.657872314453125000e+02 9.341053466796875000e+02 1.222539062500000000e+03 6.309308471679687500e+02
7.628214721679687500e+02 8.990422363281250000e+02 1.204302612304687500e+03 6.403979492187500000e+02
6.229841308593750000e+02 9.036588745117187500e+02 1.279394897460937500e+03 7.171717529296875000e+02
8.068091430664062500e+02 7.450411987304687500e+02 1.045871093750000000e+03 6.978268432617187500e+02
6.376655883789062500e+02 8.693039550781250000e+02 1.251256469726562500e+03 7.292758789062500000e+02
6.860535278320312500e+02 7.423600463867187500e+02 1.116582519531250000e+03 8.020462646484375000e+02
