5.313313598632812500e+02 9.136561279296875000e+02 6.841064453125000000e+02 9.943477172851562500e+02
5.980778808593750000e+02 8.898895263671875000e+02 8.743789672851562500e+02 8.291730957031250000e+02
7.956597900390625000e+02 8.658240966796875000e+02 1.058054443359375000e+03 5.671048583984375000e+02
1.085182128906250000e+03 1.008550720214843750e+03 5.992367553710937500e+02 6.169590454101562500e+02
1.085182128906250000e+03 1.008550720214843750e+03 5.992367553710937500e+02 6.169590454101562500e+02
7.100247192382812500e+02 8.340708007812500000e+02 1.093738891601562500e+03 6.294498291015625000e+02
7.718843994140625000e+02 7.444129638671875000e+02 9.895441284179687500e+02 6.738636474609375000e+02
6.229841308593750000e+02 9.036588745117187500e+02 1.181073608398437500e+03 6.187557373046875000e+02
6.791372680664062500e+02 8.179172973632812500e+02 1.107055175781250000e+03 6.565189819335937500e+02
7.608397216796875000e+02 7.261474609375000000e+02 9.824885864257812500e+02 7.023995971679687500e+02
7.628214721679687500e+02 8.990422363281250000e+02 1.091337646484375000e+03 5.587470092773437500e+02
6.942360839843750000e+02 9.841812744140625000e+02 1.161769287109375000e+03 5.448872680664062500e+02
6.376655883789062500e+02 8.693039550781250000e+02 1.158449584960937500e+03 6.381398315429687500e+02
8.068091430664062500e+02 7.450411987304687500e+02 9.608394165039062500e+02 6.505825195312500000e+02
7.338927612304687500e+02 8.270230712890625000e+02 1.077102416992187500e+03 6.198056030273437500e+02
7.044904785156250000e+02 7.681055908203125000e+02 1.061528564453125000e+03 6.896058349609375000e+02
