1.494476806640625000e+03 4.324299926757812500e+02 8.430238342285156250e+01 5.877813110351562500e+02
1.464009765625000000e+03 4.306828002929687500e+02 5.997072982788085938e+01 6.024317626953125000e+02
1.006853210449218750e+03 1.009489379882812500e+03 1.026655395507812500e+03 1.019441101074218750e+03
8.900835571289062500e+02 1.954423980712890625e+02 6.377640991210937500e+02 4.762316894531250000e+02
8.165728149414062500e+02 9.185319213867187500e+02 1.172389770507812500e+03 8.723485107421875000e+02
6.556166381835937500e+02 1.043330688476562500e+03 1.312888793945312500e+03 9.312304077148437500e+02
6.739251708984375000e+02 9.608732910156250000e+02 1.258556640625000000e+03 9.470943603515625000e+02
7.456016235351562500e+02 7.868866577148437500e+02 1.072409057617187500e+03 9.682794189453125000e+02
5.836824340820312500e+02 1.027885375976562500e+03 1.333656860351562500e+03 9.829114990234375000e+02
6.519633789062500000e+02 8.746953125000000000e+02 1.197076293945312500e+03 1.000615600585937500e+03
6.933034057617187500e+02 8.081645507812500000e+02 1.113451660156250000e+03 1.002594482421875000e+03
6.272692871093750000e+02 8.844962768554687500e+02 1.215118896484375000e+03 1.015066040039062500e+03
6.204869384765625000e+02 8.558177490234375000e+02 1.190734375000000000e+03 1.041629516601562500e+03
5.985886230468750000e+02 8.778449096679687500e+02 1.223675537109375000e+03 1.044337036132812500e+03
9.939273681640625000e+02 6.371287231445312500e+02 7.502985839843750000e+02 8.595029907226562500e+02
6.942821655273437500e+02 7.939389038085937500e+02 1.096995727539062500e+03 1.008386840820312500e+03
1.490206542968750000e+03 4.035312194824218750e+02 5.712248992919921875e+01 5.604125976562500000e+02
8.063930664062500000e+02 9.653994750976562500e+02 1.210516357421875000e+03 8.668822021484375000e+02
7.445042114257812500e+02 9.342948608398437500e+02 1.210822753906250000e+03 9.096456909179687500e+02
6.603231201171875000e+02 1.014259460449218750e+03 1.295571777343750000e+03 9.375263061523437500e+02
1.652541748046875000e+03 2.328003692626953125e+02 7.035348510742187500e+01 3.325737915039062500e+02
1.654586181640625000e+03 3.202636108398437500e+02 1.309256896972656250e+02 4.102627563476562500e+02
1.490381469726562500e+03 4.235290527343750000e+02 7.305648040771484375e+01 5.809601440429687500e+02
7.135231323242187500e+02 8.399256591796875000e+02 1.141479858398437500e+03 9.650698852539062500e+02
7.257908935546875000e+02 8.134765014648437500e+02 1.105854980468750000e+03 9.717291259765625000e+02
