9.028294677734375000e+02 7.063128051757812500e+02 1.729753051757812500e+03 5.960528564453125000e+01
7.888920288085937500e+02 4.542442321777343750e+02 1.559127197265625000e+03 6.159541320800781250e+01
7.733315429687500000e+02 8.269919433593750000e+02 9.356539306640625000e+02 7.964837646484375000e+02
1.155606689453125000e+03 8.817089233398437500e+02 9.902474975585937500e+02 6.036633300781250000e+02
1.169434448242187500e+03 6.486194458007812500e+02 9.979744262695312500e+02 5.945711669921875000e+02
7.480276489257812500e+02 8.556429443359375000e+02 9.703471679687500000e+02 7.824575195312500000e+02
7.485877075195312500e+02 8.418967895507812500e+02 9.628220214843750000e+02 7.939625244140625000e+02
6.549431762695312500e+02 8.551448364257812500e+02 1.036932983398437500e+03 8.381699829101562500e+02
6.586682739257812500e+02 8.400615844726562500e+02 1.027123657226562500e+03 8.520533447265625000e+02
7.281857910156250000e+02 9.638259887695312500e+02 1.033078002929687500e+03 7.162665405273437500e+02
7.154851684570312500e+02 9.425902709960937500e+02 1.032524780273437500e+03 7.347131958007812500e+02
6.151607666015625000e+02 9.922710571289062500e+02 1.104793457031250000e+03 7.463646240234375000e+02
6.151607666015625000e+02 9.922710571289062500e+02 1.104793457031250000e+03 7.463646240234375000e+02
6.690040283203125000e+02 8.310268554687500000e+02 1.014486328125000000e+03 8.556760864257812500e+02
7.512681884765625000e+02 9.888095092773437500e+02 1.028433105468750000e+03 6.968760986328125000e+02
7.340615234375000000e+02 8.355834960937500000e+02 9.692694091796875000e+02 8.085581665039062500e+02
7.340615234375000000e+02 8.355834960937500000e+02 9.692694091796875000e+02 8.085581665039062500e+02
1.030803588867187500e+03 1.034460327148437500e+03 5.621506347656250000e+02 8.941022338867187500e+02
6.665375976562500000e+02 8.549838256835937500e+02 1.029952270507812500e+03 8.288081665039062500e+02
