7.549543457031250000e+02 9.556028442382812500e+02 1.181353149414062500e+03 8.501317138671875000e+02
6.655559082031250000e+02 8.554783935546875000e+02 1.197421752929687500e+03 9.708803100585937500e+02
7.652751464843750000e+02 9.742069702148437500e+02 1.181433471679687500e+03 8.360952758789062500e+02
7.527578735351562500e+02 9.657612915039062500e+02 1.185046142578125000e+03 8.449599609375000000e+02
6.208845825195312500e+02 9.573913574218750000e+02 1.269023315429687500e+03 9.110363769531250000e+02
7.594538574218750000e+02 8.421660766601562500e+02 1.113504882812500000e+03 9.195151367187500000e+02
7.594538574218750000e+02 8.421660766601562500e+02 1.113504882812500000e+03 9.195151367187500000e+02
7.631746826171875000e+02 8.355750122070312500e+02 1.107027954101562500e+03 9.233513183593750000e+02
7.733315429687500000e+02 8.269919433593750000e+02 1.093540039062500000e+03 9.249256591796875000e+02
6.124292602539062500e+02 8.563150024414062500e+02 1.240116455078125000e+03 1.006699707031250000e+03
7.812372436523437500e+02 9.428383789062500000e+02 1.158483764648437500e+03 8.443472900390625000e+02
7.707471313476562500e+02 8.476564331054687500e+02 1.110692749023437500e+03 9.089847412109375000e+02
7.707471313476562500e+02 8.476564331054687500e+02 1.110692749023437500e+03 9.089847412109375000e+02
5.990963745117187500e+02 9.611842041015625000e+02 1.286725463867187500e+03 9.198037109375000000e+02
5.715744018554687500e+02 9.742611083984375000e+02 1.310585083007812500e+03 9.251788940429687500e+02
7.880797729492187500e+02 9.702619018554687500e+02 1.167471923828125000e+03 8.261785278320312500e+02
7.279873046875000000e+02 9.857715454101562500e+02 1.207383544921875000e+03 8.457797851562500000e+02
7.279873046875000000e+02 9.857715454101562500e+02 1.207383544921875000e+03 8.457797851562500000e+02
7.509739379882812500e+02 9.321633911132812500e+02 1.174363647460937500e+03 8.644702148437500000e+02
6.476839599609375000e+02 9.462510375976562500e+02 1.246451904296875000e+03 9.031395263671875000e+02
7.485877075195312500e+02 8.418967895507812500e+02 1.122196289062500000e+03 9.263930053710937500e+02
6.735739746093750000e+02 8.567913818359375000e+02 1.188454345703125000e+03 9.623438110351562500e+02
6.514903564453125000e+02 8.700346679687500000e+02 1.213214233398437500e+03 9.639848632812500000e+02
6.659417724609375000e+02 8.484379272460937500e+02 1.190337158203125000e+03 9.762922363281250000e+02
6.549431762695312500e+02 8.551448364257812500e+02 1.202815185546875000e+03 9.766258544921875000e+02
6.317643432617187500e+02 8.585892333984375000e+02 1.224620727539062500e+03 9.887349853515625000e+02
6.586682739257812500e+02 8.400615844726562500e+02 1.191188720703125000e+03 9.902591552734375000e+02
6.082680664062500000e+02 8.636376953125000000e+02 1.247418334960937500e+03 1.001616943359375000e+03
7.787259521484375000e+02 9.498712768554687500e+02 1.164036132812500000e+03 8.411510009765625000e+02
7.679760131835937500e+02 9.313687744140625000e+02 1.162418212890625000e+03 8.561219482421875000e+02
7.281857910156250000e+02 9.638259887695312500e+02 1.200078979492187500e+03 8.554832763671875000e+02
6.151607666015625000e+02 9.922710571289062500e+02 1.282065551757812500e+03 8.913742675781250000e+02
6.151607666015625000e+02 9.922710571289062500e+02 1.282065551757812500e+03 8.913742675781250000e+02
6.412310791015625000e+02 8.632261352539062500e+02 1.217908447265625000e+03 9.783507690429687500e+02
6.690040283203125000e+02 8.310268554687500000e+02 1.176874389648437500e+03 9.934033203125000000e+02
6.490903320312500000e+02 8.257962036132812500e+02 1.190891479492187500e+03 1.014176330566406250e+03
7.512681884765625000e+02 9.888095092773437500e+02 1.195173828125000000e+03 8.360851440429687500e+02
7.085537109375000000e+02 9.954971923828125000e+02 1.220894165039062500e+03 8.510666503906250000e+02
7.154851684570312500e+02 9.425902709960937500e+02 1.198885131835937500e+03 8.740401611328125000e+02
7.340615234375000000e+02 8.355834960937500000e+02 1.127200439453125000e+03 9.421711425781250000e+02
7.340615234375000000e+02 8.355834960937500000e+02 1.127200439453125000e+03 9.421711425781250000e+02
6.327534179687500000e+02 8.442236328125000000e+02 1.216029296875000000e+03 1.005435485839843750e+03
9.136560668945312500e+02 5.012059020996093750e+02 3.623091888427734375e+01 6.408631591796875000e+02
6.084957885742187500e+02 8.471661987304687500e+02 1.240341308593750000e+03 1.019996337890625000e+03
9.267940063476562500e+02 9.579613647460937500e+02 5.413057250976562500e+02 9.943453369140625000e+02
9.267940063476562500e+02 9.579613647460937500e+02 5.413057250976562500e+02 9.943453369140625000e+02
7.038212280273437500e+02 8.423347167968750000e+02 1.156128784179687500e+03 9.563782958984375000e+02
7.038212280273437500e+02 8.423347167968750000e+02 1.156128784179687500e+03 9.563782958984375000e+02
6.665375976562500000e+02 8.549838256835937500e+02 1.195190307617187500e+03 9.669957885742187500e+02
