1.360250976562500000e+03 8.269548950195312500e+02 6.815787353515625000e+02 5.106021728515625000e+02
8.517233276367187500e+02 2.063819274902343750e+02 3.974710388183593750e+02 8.164509277343750000e+02
1.409161865234375000e+03 9.900897216796875000e+02 7.461737060546875000e+02 4.940733337402343750e+02
1.409161865234375000e+03 9.900897216796875000e+02 7.461737060546875000e+02 4.940733337402343750e+02
9.129550781250000000e+02 9.803604125976562500e+02 1.010394592285156250e+03 6.016889038085937500e+02
6.969693603515625000e+02 9.946242675781250000e+02 1.131709106445312500e+03 6.642932128906250000e+02
7.138687133789062500e+02 9.638251342773437500e+02 1.116817138671875000e+03 6.757937622070312500e+02
8.261650390625000000e+02 8.505000610351562500e+02 1.008801208496093750e+03 7.078103027343750000e+02
8.403374633789062500e+02 7.566724243164062500e+02 9.392361450195312500e+02 7.930462036132812500e+02
8.543147583007812500e+02 9.753372192382812500e+02 1.036798583984375000e+03 6.218695678710937500e+02
8.367303466796875000e+02 8.518399658203125000e+02 1.004320373535156250e+03 7.000220947265625000e+02
8.161660156250000000e+02 8.497085571289062500e+02 1.016098999023437500e+03 7.123081054687500000e+02
8.039916381835937500e+02 8.541234130859375000e+02 1.026932128906250000e+03 7.134713745117187500e+02
8.039916381835937500e+02 8.541234130859375000e+02 1.026932128906250000e+03 7.134713745117187500e+02
8.125226440429687500e+02 8.400193481445312500e+02 1.015552978515625000e+03 7.224413452148437500e+02
8.000054321289062500e+02 8.419348144531250000e+02 1.024307128906250000e+03 7.256380615234375000e+02
8.000054321289062500e+02 8.419348144531250000e+02 1.024307128906250000e+03 7.256380615234375000e+02
8.484775390625000000e+02 7.733575439453125000e+02 9.453485107421875000e+02 7.684926147460937500e+02
7.715671997070312500e+02 7.645452880859375000e+02 1.006360168457031250e+03 8.279611206054687500e+02
7.715671997070312500e+02 7.645452880859375000e+02 1.006360168457031250e+03 8.279611206054687500e+02
8.819357299804687500e+02 1.021398254394531250e+03 1.036411376953125000e+03 5.927924194335937500e+02
8.889462280273437500e+02 9.559822998046875000e+02 1.014515502929687500e+03 6.196901855468750000e+02
7.808609008789062500e+02 8.779318237304687500e+02 1.050084838867187500e+03 7.068538208007812500e+02
7.808609008789062500e+02 8.779318237304687500e+02 1.050084838867187500e+03 7.068538208007812500e+02
6.947729492187500000e+02 8.317423706054687500e+02 1.102943115234375000e+03 7.901061401367187500e+02
7.771640625000000000e+02 7.692719116210937500e+02 1.001713806152343750e+03 8.183217773437500000e+02
7.603326416015625000e+02 7.672564086914062500e+02 1.016425659179687500e+03 8.317697753906250000e+02
7.782450561523437500e+02 7.537829589843750000e+02 9.924590454101562500e+02 8.391264038085937500e+02
7.814952392578125000e+02 9.537029418945312500e+02 1.076045288085937500e+03 6.562153930664062500e+02
8.275410766601562500e+02 8.433605346679687500e+02 1.004859985351562500e+03 7.121281127929687500e+02
7.871577758789062500e+02 8.580322875976562500e+02 1.040910644531250000e+03 7.167188110351562500e+02
7.871577758789062500e+02 8.580322875976562500e+02 1.040910644531250000e+03 7.167188110351562500e+02
7.031734619140625000e+02 8.401640625000000000e+02 1.098950195312500000e+03 7.777911987304687500e+02
1.230287597656250000e+03 7.074586181640625000e+02 3.463507995605468750e+02 7.962651977539062500e+02
7.553411865234375000e+02 7.448900146484375000e+02 1.007174621582031250e+03 8.686452636718750000e+02
8.831873779296875000e+02 9.881797485351562500e+02 1.028162353515625000e+03 6.086963500976562500e+02
7.610575561523437500e+02 9.432828979492187500e+02 1.085750732421875000e+03 6.686460571289062500e+02
7.982618408203125000e+02 8.825476074218750000e+02 1.042075439453125000e+03 6.948341674804687500e+02
6.686234130859375000e+02 8.589527587890625000e+02 1.132498901367187500e+03 7.762697143554687500e+02
1.218384033203125000e+03 8.998010253906250000e+02 8.765496215820312500e+02 3.288348693847656250e+02
6.046956787109375000e+02 8.645415039062500000e+02 1.188122680664062500e+03 8.053225097656250000e+02
