1.038561035156250000e+03 6.314750976562500000e+02 9.762139892578125000e+02 4.978328857421875000e+02
1.105770019531250000e+03 6.151083984375000000e+02 1.148050048828125000e+03 4.992080078125000000e+02
8.367303466796875000e+02 8.518399658203125000e+02 7.644223632812500000e+02 5.999298095703125000e+02
6.402415771484375000e+02 9.488004760742187500e+02 5.979979248046875000e+02 6.039816284179687500e+02
1.126823120117187500e+03 7.555127563476562500e+02 1.040769287109375000e+03 6.325893554687500000e+02
1.134239379882812500e+03 7.562053833007812500e+02 1.046962524414062500e+03 6.361105346679687500e+02
1.092438110351562500e+03 7.968519897460937500e+02 9.819878540039062500e+02 6.509112548828125000e+02
1.115848510742187500e+03 7.991837768554687500e+02 9.975229492187500000e+02 6.620813598632812500e+02
1.213758422851562500e+03 7.666162719726562500e+02 1.103768310546875000e+03 6.754362182617187500e+02
1.329400024414062500e+03 7.485093383789062500e+02 1.222006103515625000e+03 7.085881347656250000e+02
1.234601440429687500e+03 8.280358886718750000e+02 1.069502197265625000e+03 7.303751831054687500e+02
1.352444213867187500e+03 7.620436401367187500e+02 1.230229736328125000e+03 7.301109008789062500e+02
1.336459350585937500e+03 8.318744506835937500e+02 1.149977783203125000e+03 7.760269775390625000e+02
1.050053100585937500e+03 1.008443237304687500e+03 8.078592529296875000e+02 7.793892822265625000e+02
1.226494750976562500e+03 9.206106567382812500e+02 9.888843994140625000e+02 7.934531250000000000e+02
1.338111328125000000e+03 3.556886291503906250e+02 1.765433105468750000e+03 2.855662536621093750e+02
9.204122924804687500e+02 7.183149414062500000e+02 8.414611206054687500e+02 5.295400390625000000e+02
6.757329101562500000e+02 9.150096435546875000e+02 6.983088378906250000e+02 6.067376708984375000e+02
9.661505126953125000e+02 8.168009643554687500e+02 8.744431762695312500e+02 6.200480346679687500e+02
9.925950317382812500e+02 8.077289428710937500e+02 8.994808349609375000e+02 6.223327026367187500e+02
1.003039672851562500e+03 8.028441772460937500e+02 9.092094726562500000e+02 6.225051879882812500e+02
1.055939819335937500e+03 7.849695434570312500e+02 9.658147583007812500e+02 6.261270141601562500e+02
9.187828979492187500e+02 8.572834472656250000e+02 8.171878051757812500e+02 6.312678222656250000e+02
9.227584838867187500e+02 8.751970214843750000e+02 8.081247558593750000e+02 6.458495483398437500e+02
9.227584838867187500e+02 8.751970214843750000e+02 8.081247558593750000e+02 6.458495483398437500e+02
1.102791259765625000e+03 8.103397216796875000e+02 9.789059448242187500e+02 6.661326293945312500e+02
1.102791259765625000e+03 8.103397216796875000e+02 9.789059448242187500e+02 6.661326293945312500e+02
7.430082397460937500e+02 1.001565551757812500e+03 6.289923095703125000e+02 6.725454711914062500e+02
7.564734497070312500e+02 9.978334350585937500e+02 6.388538208007812500e+02 6.726118164062500000e+02
1.102008911132812500e+03 8.253249511718750000e+02 9.672449951171875000e+02 6.761267700195312500e+02
8.895887451171875000e+02 9.705623168945312500e+02 7.296425170898437500e+02 6.997068481445312500e+02
1.066743041992187500e+03 8.808280029296875000e+02 9.017675170898437500e+02 7.027215576171875000e+02
8.541864624023437500e+02 9.997949218750000000e+02 6.928560791015625000e+02 7.069327392578125000e+02
1.216561523437500000e+03 8.115637207031250000e+02 1.067318969726562500e+03 7.102621459960937500e+02
8.635307617187500000e+02 1.013913818359375000e+03 6.910451660156250000e+02 7.182577514648437500e+02
1.335210815429687500e+03 7.728307495117187500e+02 1.203768554687500000e+03 7.302475585937500000e+02
1.032604125976562500e+03 1.010070068359375000e+03 7.946733398437500000e+02 7.759385986328125000e+02
1.043729980468750000e+03 1.027802856445312500e+03 7.927337646484375000e+02 7.904645385742187500e+02
1.229956787109375000e+03 9.308582763671875000e+02 9.835060424804687500e+02 8.001652221679687500e+02
1.070794067382812500e+03 1.045334350585937500e+03 7.992377319335937500e+02 8.105396118164062500e+02
1.070794067382812500e+03 1.045334350585937500e+03 7.992377319335937500e+02 8.105396118164062500e+02
1.328225952148437500e+03 9.270222167968750000e+02 1.059880737304687500e+03 8.369186401367187500e+02
1.342084472656250000e+03 9.382815551757812500e+02 1.063249877929687500e+03 8.519040527343750000e+02
1.342084472656250000e+03 9.382815551757812500e+02 1.063249877929687500e+03 8.519040527343750000e+02
1.014370605468750000e+03 6.851159057617187500e+02 9.305602416992187500e+02 5.355138549804687500e+02
6.920391235351562500e+02 8.602603149414062500e+02 6.721340942382812500e+02 5.588628540039062500e+02
5.969945678710937500e+02 9.326845092773437500e+02 5.821391601562500000e+02 5.789346923828125000e+02
1.205077392578125000e+03 6.954799804687500000e+02 1.165310058593750000e+03 6.138554687500000000e+02
1.212071411132812500e+03 7.050052490234375000e+02 1.161636718750000000e+03 6.247594604492187500e+02
9.981766357421875000e+02 8.178039550781250000e+02 8.944187011718750000e+02 6.318132324218750000e+02
1.191059692382812500e+03 7.561119384765625000e+02 1.096637207031250000e+03 6.583356323242187500e+02
1.184716552734375000e+03 8.234461669921875000e+02 1.035978515625000000e+03 7.047435913085937500e+02
1.337630493164062500e+03 7.463505859375000000e+02 1.231785278320312500e+03 7.101834716796875000e+02
1.074271240234375000e+03 9.011353759765625000e+02 8.932984008789062500e+02 7.198497924804687500e+02
1.343948120117187500e+03 7.694652709960937500e+02 1.215582031250000000e+03 7.311833496093750000e+02
1.052945556640625000e+03 1.054510009765625000e+03 7.826411743164062500e+02 8.101925048828125000e+02
1.052945556640625000e+03 1.054510009765625000e+03 7.826411743164062500e+02 8.101925048828125000e+02
1.205181762695312500e+03 1.020423522949218750e+03 9.038019409179687500e+02 8.477481079101562500e+02
1.178527343750000000e+03 1.048799804687500000e+03 8.665797729492187500e+02 8.555205688476562500e+02
1.192568969726562500e+03 1.041879760742187500e+03 8.804471435546875000e+02 8.551339111328125000e+02
1.192568969726562500e+03 1.041879760742187500e+03 8.804471435546875000e+02 8.551339111328125000e+02
1.219110351562500000e+03 1.046702880859375000e+03 8.953936157226562500e+02 8.685459594726562500e+02
1.235583862304687500e+03 1.037288696289062500e+03 9.122290039062500000e+02 8.694454345703125000e+02
1.381269287109375000e+03 9.424894409179687500e+02 1.090051147460937500e+03 8.715109252929687500e+02
1.257448852539062500e+03 3.071381530761718750e+02 1.695486083984375000e+03 1.916489105224609375e+02
1.014110595703125000e+03 6.694135742187500000e+02 9.357646484375000000e+02 5.222843017578125000e+02
1.014110595703125000e+03 6.694135742187500000e+02 9.357646484375000000e+02 5.222843017578125000e+02
6.841370849609375000e+02 8.443591918945312500e+02 6.732702636718750000e+02 5.454503784179687500e+02
1.104630371093750000e+03 8.006422119140625000e+02 9.901227416992187500e+02 6.569069824218750000e+02
9.231712036132812500e+02 8.924864501953125000e+02 7.962841186523437500e+02 6.598464965820312500e+02
7.581853027343750000e+02 9.891915893554687500e+02 6.440056152343750000e+02 6.661303710937500000e+02
8.889462280273437500e+02 9.559822998046875000e+02 7.375621948242187500e+02 6.882014770507812500e+02
8.429723510742187500e+02 1.014955200195312500e+03 6.788019409179687500e+02 7.134873046875000000e+02
1.206374023437500000e+03 8.227571411132812500e+02 1.053835205078125000e+03 7.146808471679687500e+02
9.052843017578125000e+02 9.974477539062500000e+02 7.247805175781250000e+02 7.206292724609375000e+02
1.259913940429687500e+03 8.417700195312500000e+02 1.074915405273437500e+03 7.533776245117187500e+02
1.178415405273437500e+03 9.008527832031250000e+02 9.677501831054687500e+02 7.567142333984375000e+02
1.351505249023437500e+03 8.415348510742187500e+02 1.152947143554687500e+03 7.893034667968750000e+02
1.341662353515625000e+03 8.589732055664062500e+02 1.129906005859375000e+03 7.981953735351562500e+02
1.338728393554687500e+03 9.220548095703125000e+02 1.073260864257812500e+03 8.389857788085937500e+02
1.353905273437500000e+03 9.323053588867187500e+02 1.076450195312500000e+03 8.522813110351562500e+02
1.213822021484375000e+03 3.018425903320312500e+02 1.642491088867187500e+03 1.651315612792968750e+02
9.308373413085937500e+02 8.196235351562500000e+02 8.430442504882812500e+02 6.078281860351562500e+02
7.982618408203125000e+02 8.825476074218750000e+02 7.236355590820312500e+02 6.113531494140625000e+02
1.084995605468750000e+03 7.887181396484375000e+02 9.819004516601562500e+02 6.406697387695312500e+02
1.084995605468750000e+03 7.887181396484375000e+02 9.819004516601562500e+02 6.406697387695312500e+02
1.067275146484375000e+03 7.971076660156250000e+02 9.644328613281250000e+02 6.443804931640625000e+02
1.067275146484375000e+03 7.971076660156250000e+02 9.644328613281250000e+02 6.443804931640625000e+02
7.812500000000000000e+02 9.815243530273437500e+02 6.601571044921875000e+02 6.686522827148437500e+02
1.047521728515625000e+03 9.139613647460937500e+02 8.629434814453125000e+02 7.179375000000000000e+02
1.223137573242187500e+03 8.211985473632812500e+02 1.062683471679687500e+03 7.217828979492187500e+02
8.819357299804687500e+02 1.021398254394531250e+03 6.974454956054687500e+02 7.306979980468750000e+02
1.205809082031250000e+03 8.483507080078125000e+02 1.030906738281250000e+03 7.357910766601562500e+02
1.041022094726562500e+03 9.986279296875000000e+02 8.088170776367187500e+02 7.698898925781250000e+02
1.212844848632812500e+03 9.070138549804687500e+02 9.887507934570312500e+02 7.759357910156250000e+02
6.311000366210937500e+02 9.744552001953125000e+02 5.775035400390625000e+02 6.171384887695312500e+02
9.575081176757812500e+02 8.338493041992187500e+02 8.551983032226562500e+02 6.288768310546875000e+02
1.163013671875000000e+03 7.480905761718750000e+02 1.079478393554687500e+03 6.400274658203125000e+02
9.496768798828125000e+02 9.008394165039062500e+02 8.075457763671875000e+02 6.744655151367187500e+02
9.255109252929687500e+02 9.895946044921875000e+02 7.420332031250000000e+02 7.218573608398437500e+02
1.107823608398437500e+03 6.707336425781250000e+02 1.038848999023437500e+03 5.551526489257812500e+02
8.667899169921875000e+02 8.685127563476562500e+02 7.752120361328125000e+02 6.216048583984375000e+02
1.336560058593750000e+03 2.898857116699218750e+02 1.807869140625000000e+03 2.006077270507812500e+02
8.774884033203125000e+02 8.334498291015625000e+02 7.996556396484375000e+02 6.001387329101562500e+02
6.046956787109375000e+02 8.645415039062500000e+02 6.124967041015625000e+02 5.414415283203125000e+02
8.391352539062500000e+02 9.219140625000000000e+02 7.305187377929687500e+02 6.503958129882812500e+02
1.018026306152343750e+03 8.361677246093750000e+02 8.942991943359375000e+02 6.560141601562500000e+02
1.151075073242187500e+03 7.775805053710937500e+02 1.043234863281250000e+03 6.622105712890625000e+02
9.763220214843750000e+02 9.432476196289062500e+02 8.001574096679687500e+02 7.129585571289062500e+02
8.115488281250000000e+02 6.725172119140625000e+02 7.378161621093750000e+02 4.914631347656250000e+02
