1.084508422851562500e+03 7.998065795898437500e+02 9.942676391601562500e+02 5.908164062500000000e+02
9.372898559570312500e+02 9.913847656250000000e+02 1.208553955078125000e+03 7.281386108398437500e+02
8.814520263671875000e+02 8.464674682617187500e+02 1.034991210937500000e+03 7.723203735351562500e+02
6.982374877929687500e+02 8.791277465820312500e+02 1.088290283203125000e+03 9.697319946289062500e+02
7.004547119140625000e+02 7.788485107421875000e+02 7.399891357421875000e+02 4.717141113281250000e+02
1.000856079101562500e+03 8.718551635742187500e+02 1.261507324218750000e+03 6.534636840820312500e+02
9.977376098632812500e+02 8.902651367187500000e+02 1.091060058593750000e+03 6.744179687500000000e+02
8.796306762695312500e+02 9.675770874023437500e+02 7.269840698242187500e+02 6.858397216796875000e+02
8.796306762695312500e+02 9.675770874023437500e+02 7.269840698242187500e+02 6.858397216796875000e+02
9.238479614257812500e+02 1.006004638671875000e+03 1.224721923828125000e+03 7.388778686523437500e+02
8.935876464843750000e+02 9.530707397460937500e+02 1.174885742187500000e+03 7.606661376953125000e+02
8.928200073242187500e+02 8.444513549804687500e+02 1.032787963867187500e+03 7.611112060546875000e+02
8.730295410156250000e+02 8.184246215820312500e+02 9.911369018554687500e+02 7.808624877929687500e+02
8.725420532226562500e+02 8.285458374023437500e+02 1.006532348632812500e+03 7.805166015625000000e+02
8.623120727539062500e+02 8.290565795898437500e+02 1.009041992187500000e+03 7.923302001953125000e+02
8.623120727539062500e+02 8.290565795898437500e+02 1.009041992187500000e+03 7.923302001953125000e+02
8.114879150390625000e+02 9.002778320312500000e+02 1.116427124023437500e+03 8.381347656250000000e+02
8.211783447265625000e+02 7.044878540039062500e+02 7.370299072265625000e+02 8.568358154296875000e+02
7.725634765625000000e+02 9.270763549804687500e+02 1.154714111328125000e+03 8.732404174804687500e+02
7.247360229492187500e+02 8.690203857421875000e+02 1.071972900390625000e+03 9.400566406250000000e+02
8.674702758789062500e+02 9.719565429687500000e+02 1.200353759765625000e+03 7.817428588867187500e+02
6.634943237304687500e+02 8.173270874023437500e+02 9.746395263671875000e+02 1.047945434570312500e+03
8.735276489257812500e+02 8.471084594726562500e+02 1.037745239257812500e+03 7.817663574218750000e+02
7.380375366210937500e+02 8.611772460937500000e+02 1.058707763671875000e+03 9.251580200195312500e+02
7.175972290039062500e+02 8.598191528320312500e+02 1.057502197265625000e+03 9.524183349609375000e+02
8.310781250000000000e+02 9.220830688476562500e+02 1.143090332031250000e+03 8.157211303710937500e+02
7.254163208007812500e+02 8.825148315429687500e+02 1.091159790039062500e+03 9.331132202148437500e+02
1.135352416992187500e+03 8.057455444335937500e+02 8.090020751953125000e+02 6.992828979492187500e+02
