6.799834594726562500e+02 8.796314697265625000e+02 7.613113403320312500e+02 7.528779907226562500e+02
1.808840576171875000e+03 1.283808593750000000e+02 9.993779907226562500e+02 7.016290283203125000e+02
1.032774169921875000e+03 8.483082885742187500e+02 7.656921386718750000e+02 6.999360351562500000e+02
1.124947265625000000e+03 9.320874023437500000e+02 6.452404785156250000e+02 7.149275512695312500e+02
1.225113281250000000e+03 8.851714477539062500e+02 6.196023559570312500e+02 8.025017089843750000e+02
1.225113281250000000e+03 8.851714477539062500e+02 6.196023559570312500e+02 8.025017089843750000e+02
9.628816528320312500e+02 6.327233276367187500e+02 9.268815307617187500e+02 6.069960327148437500e+02
1.035163452148437500e+03 8.604062500000000000e+02 7.530949707031250000e+02 6.948950195312500000e+02
1.256010864257812500e+03 8.055393676757812500e+02 6.744910278320312500e+02 8.955601806640625000e+02
1.259061645507812500e+03 8.750354003906250000e+02 6.039512329101562500e+02 8.318956909179687500e+02
1.238672729492187500e+03 8.962704467773437500e+02 6.008164062500000000e+02 8.036067504882812500e+02
1.204940795898437500e+03 8.610031738281250000e+02 6.505354003906250000e+02 8.046288452148437500e+02
1.133112915039062500e+03 7.391187744140625000e+02 8.485928344726562500e+02 8.440788574218750000e+02
1.148295898437500000e+03 7.440272827148437500e+02 8.279126586914062500e+02 8.549418334960937500e+02
1.187315551757812500e+03 8.061954345703125000e+02 7.166917724609375000e+02 8.430946655273437500e+02
