7.001007690429687500e+02 8.617081298828125000e+02 1.964477539062500000e+02 4.405372924804687500e+02
9.514595947265625000e+02 3.259403076171875000e+02 1.211294799804687500e+03 7.325161743164062500e+02
1.044152099609375000e+03 1.021196960449218750e+03 8.825260009765625000e+02 5.682902832031250000e+02
1.050933105468750000e+03 8.540449829101562500e+02 8.961836547851562500e+02 6.615548706054687500e+02
1.225113281250000000e+03 8.851714477539062500e+02 7.600675659179687500e+02 6.542567138671875000e+02
1.035163452148437500e+03 8.604062500000000000e+02 9.086734008789062500e+02 6.578281860351562500e+02
1.032774169921875000e+03 8.483082885742187500e+02 9.141103515625000000e+02 6.655704345703125000e+02
1.256010864257812500e+03 8.055393676757812500e+02 7.129713745117187500e+02 7.332372436523437500e+02
1.077824584960937500e+03 9.986345825195312500e+02 8.678481445312500000e+02 5.794787597656250000e+02
1.163860351562500000e+03 9.647838745117187500e+02 8.127160034179687500e+02 5.996515502929687500e+02
9.357722778320312500e+02 9.082875366210937500e+02 9.687923583984375000e+02 6.168963012695312500e+02
1.115759643554687500e+03 9.290850219726562500e+02 8.433280639648437500e+02 6.189965820312500000e+02
6.519238891601562500e+02 8.076812133789062500e+02 1.227016723632812500e+03 8.537538452148437500e+02
1.138371215820312500e+03 9.597122192382812500e+02 8.274495849609375000e+02 6.001872558593750000e+02
1.238672729492187500e+03 8.962704467773437500e+02 7.521333007812500000e+02 6.464053344726562500e+02
1.204940795898437500e+03 8.610031738281250000e+02 7.743872070312500000e+02 6.689283447265625000e+02
1.297809570312500000e+03 8.306505737304687500e+02 6.851394042968750000e+02 7.083485717773437500e+02
1.163234375000000000e+03 7.470016479492187500e+02 7.978887329101562500e+02 7.946459350585937500e+02
1.145101806640625000e+03 9.307606201171875000e+02 8.237243041992187500e+02 6.186954956054687500e+02
9.829215698242187500e+02 9.740919799804687500e+02 9.236159057617187500e+02 5.885389404296875000e+02
