1.332892333984375000e+03 7.161316528320312500e+02 8.034254150390625000e+02 5.156433105468750000e+02
1.134113769531250000e+03 7.082638549804687500e+02 7.800375976562500000e+02 3.011743774414062500e+02
1.253391113281250000e+03 9.875413208007812500e+02 4.879269104003906250e+02 8.598709716796875000e+02
1.253391113281250000e+03 9.875413208007812500e+02 4.879269104003906250e+02 8.598709716796875000e+02
1.234897460937500000e+03 9.048900756835937500e+02 5.911432495117187500e+02 8.806760864257812500e+02
1.247093383789062500e+03 9.050261230468750000e+02 5.859420776367187500e+02 8.909750976562500000e+02
1.270072998046875000e+03 9.167846069335937500e+02 5.561034545898437500e+02 9.040022583007812500e+02
7.288601684570312500e+02 8.547383422851562500e+02 6.748967895507812500e+02 6.305771484375000000e+02
1.291657348632812500e+03 1.004729919433593750e+03 4.531583557128906250e+02 8.831528930664062500e+02
1.271986816406250000e+03 9.262517700195312500e+02 5.472603759765625000e+02 9.001774902343750000e+02
1.265318725585937500e+03 8.325099487304687500e+02 6.895135498046875000e+02 9.536441040039062500e+02
1.294101074218750000e+03 8.526781616210937500e+02 6.405235595703125000e+02 9.726834106445312500e+02
1.257355590820312500e+03 1.000593017578125000e+03 4.724048767089843750e+02 8.579445190429687500e+02
1.289897949218750000e+03 9.305845336914062500e+02 5.300776367187500000e+02 9.164527587890625000e+02
1.289801025390625000e+03 9.808560791015625000e+02 1.140700561523437500e+03 9.552723388671875000e+02
1.291220825195312500e+03 8.167236328125000000e+02 7.067568359375000000e+02 1.000627319335937500e+03
8.975783081054687500e+02 1.047296752929687500e+03 1.053043701171875000e+03 1.035197631835937500e+03
8.975783081054687500e+02 1.047296752929687500e+03 1.053043701171875000e+03 1.035197631835937500e+03
8.533287963867187500e+02 1.027157714843750000e+03 9.873552856445312500e+02 1.001849670410156250e+03
1.371716796875000000e+03 9.201681518554687500e+02 1.327188842773437500e+03 8.279426269531250000e+02
