1.121519409179687500e+03 1.230143070220947266e+01 1.208437377929687500e+03 4.519433593750000000e+01
1.132589965820312500e+03 7.551528320312500000e+02 8.673024902343750000e+02 6.269826660156250000e+02
7.881740722656250000e+02 9.878403930664062500e+02 1.299655029296875000e+03 7.643287353515625000e+02
7.814279785156250000e+02 9.773023681640625000e+02 1.296497436523437500e+03 7.749589843750000000e+02
7.008100585937500000e+02 9.573466796875000000e+02 1.323764404296875000e+03 8.329878540039062500e+02
7.319932250976562500e+02 9.201235961914062500e+02 1.267423706054687500e+03 8.332495117187500000e+02
6.059647827148437500e+02 1.055040039062500000e+03 1.449443115234375000e+03 8.404772338867187500e+02
6.059647827148437500e+02 1.055040039062500000e+03 1.449443115234375000e+03 8.404772338867187500e+02
2.488997497558593750e+02 7.898245239257812500e+02 9.889854125976562500e+02 4.394075012207031250e+02
6.865037231445312500e+02 9.622459106445312500e+02 1.334307250976562500e+03 8.366036987304687500e+02
7.108005371093750000e+02 9.321506958007812500e+02 1.293719116210937500e+03 8.406253051757812500e+02
5.999528198242187500e+02 1.016546691894531250e+03 1.430159423828125000e+03 8.657372436523437500e+02
7.880049438476562500e+02 9.609772338867187500e+02 1.277047119140625000e+03 7.777256469726562500e+02
5.972863769531250000e+02 1.041976806640625000e+03 1.448114013671875000e+03 8.534948730468750000e+02
7.266851196289062500e+02 8.451267700195312500e+02 1.182514038085937500e+03 8.894468383789062500e+02
7.266851196289062500e+02 8.451267700195312500e+02 1.182514038085937500e+03 8.894468383789062500e+02
7.551341552734375000e+02 8.412103881835937500e+02 1.158740600585937500e+03 8.674207763671875000e+02
6.517643432617187500e+02 1.018053527832031250e+03 1.398685302734375000e+03 8.331963500976562500e+02
7.716900024414062500e+02 8.523132324218750000e+02 1.166579589843750000e+03 8.482085571289062500e+02
6.221953735351562500e+02 1.017727294921875000e+03 1.416909545898437500e+03 8.481887817382812500e+02
7.132294311523437500e+02 9.134539794921875000e+02 1.273546020507812500e+03 8.504395141601562500e+02
7.288601684570312500e+02 8.547383422851562500e+02 1.195980224609375000e+03 8.773284912109375000e+02
7.288601684570312500e+02 8.547383422851562500e+02 1.195980224609375000e+03 8.773284912109375000e+02
6.005831298828125000e+02 1.000869079589843750e+03 1.420159545898437500e+03 8.754796142578125000e+02
6.005831298828125000e+02 1.000869079589843750e+03 1.420159545898437500e+03 8.754796142578125000e+02
6.506476440429687500e+02 8.282780151367187500e+02 1.201881835937500000e+03 9.890977783203125000e+02
6.309471435546875000e+02 8.455368652343750000e+02 1.241284301757812500e+03 9.890330200195312500e+02
6.497280883789062500e+02 9.465381469726562500e+02 1.344546386718750000e+03 8.735843505859375000e+02
6.497280883789062500e+02 9.465381469726562500e+02 1.344546386718750000e+03 8.735843505859375000e+02
6.551240234375000000e+02 9.815253295898437500e+02 1.370181152343750000e+03 8.521016235351562500e+02
7.824005126953125000e+02 8.991323242187500000e+02 1.215319091796875000e+03 8.140706176757812500e+02
