1.228262939453125000e+02 7.883556518554687500e+02 1.972395935058593750e+02 4.198456726074218750e+02
1.228262939453125000e+02 7.883556518554687500e+02 1.972395935058593750e+02 4.198456726074218750e+02
2.209227294921875000e+02 8.150906372070312500e+02 2.938176269531250000e+02 4.485857543945312500e+02
8.398098754882812500e+02 6.804768676757812500e+02 7.347312622070312500e+02 5.478296508789062500e+02
1.514690673828125000e+03 7.057887268066406250e+01 9.611289672851562500e+02 7.826064453125000000e+02
8.701568603515625000e+02 5.392765502929687500e+02 9.433999633789062500e+02 3.032967224121093750e+02
5.107389068603515625e+01 7.205291137695312500e+02 1.324682006835937500e+02 3.412518920898437500e+02
8.684502563476562500e+02 8.683790283203125000e+02 6.346034545898437500e+02 8.023887329101562500e+02
5.911853637695312500e+02 1.027795654296875000e+03 2.900104064941406250e+02 9.235214233398437500e+02
8.469807128906250000e+02 5.525611572265625000e+02 9.164271240234375000e+02 3.136639099121093750e+02
9.208486938476562500e+02 5.402745361328125000e+02 9.811171875000000000e+02 3.259520568847656250e+02
3.591670837402343750e+02 6.819020996093750000e+02 4.067938537597656250e+02 3.625265502929687500e+02
1.303171844482421875e+02 8.480498657226562500e+02 2.013474884033203125e+02 4.728853454589843750e+02
1.284482177734375000e+03 7.688107299804687500e+02 1.118374267578125000e+03 7.814809570312500000e+02
1.045583618164062500e+03 8.143434448242187500e+02 8.406199951171875000e+02 7.813610229492187500e+02
1.108494262695312500e+03 8.072270507812500000e+02 9.108566284179687500e+02 7.855820922851562500e+02
7.108005371093750000e+02 9.321506958007812500e+02 4.496897888183593750e+02 8.405406494140625000e+02
7.108005371093750000e+02 9.321506958007812500e+02 4.496897888183593750e+02 8.405406494140625000e+02
9.710291137695312500e+02 9.168486938476562500e+02 6.989898681640625000e+02 8.915385742187500000e+02
9.581567382812500000e+02 9.230173339843750000e+02 6.848090209960937500e+02 8.947565917968750000e+02
1.270072998046875000e+03 9.167846069335937500e+02 9.884934082031250000e+02 9.742951049804687500e+02
1.089959838867187500e+03 9.734657592773437500e+02 7.729245605468750000e+02 9.915482788085937500e+02
8.816601562500000000e+02 5.458334960937500000e+02 9.511571044921875000e+02 3.123408203125000000e+02
4.030929565429687500e+02 6.646082153320312500e+02 4.445079345703125000e+02 3.544763793945312500e+02
1.534763183593750000e+02 7.704759521484375000e+02 2.264015045166015625e+02 4.115512390136718750e+02
7.705023193359375000e+02 7.127047729492187500e+02 6.452592163085937500e+02 5.741814575195312500e+02
7.272535400390625000e+02 7.674205932617187500e+02 5.678533325195312500e+02 6.354332275390625000e+02
6.309471435546875000e+02 8.455368652343750000e+02 4.326516418457031250e+02 7.117163696289062500e+02
7.266851196289062500e+02 8.451267700195312500e+02 5.184039916992187500e+02 7.371113281250000000e+02
7.266851196289062500e+02 8.451267700195312500e+02 5.184039916992187500e+02 7.371113281250000000e+02
1.124698974609375000e+03 7.781535034179687500e+02 9.468999023437500000e+02 7.556419067382812500e+02
1.012663146972656250e+03 8.280126342773437500e+02 8.009285888671875000e+02 7.893115844726562500e+02
1.133639526367187500e+03 8.144248657226562500e+02 9.291898193359375000e+02 8.051166381835937500e+02
8.974075927734375000e+02 8.669875488281250000e+02 6.626945190429687500e+02 8.078626098632812500e+02
1.231835083007812500e+03 8.336574096679687500e+02 1.014486328125000000e+03 8.556760864257812500e+02
1.265318725585937500e+03 8.325099487304687500e+02 1.048523437500000000e+03 8.629672241210937500e+02
1.156548828125000000e+03 8.925234375000000000e+02 8.930780639648437500e+02 9.120696411132812500e+02
1.234897460937500000e+03 9.048900756835937500e+02 9.632984619140625000e+02 9.470062866210937500e+02
1.257549926757812500e+03 8.995870361328125000e+02 9.892789306640625000e+02 9.480502929687500000e+02
9.695132446289062500e+02 9.690737915039062500e+02 6.622965698242187500e+02 9.538659057617187500e+02
1.056073364257812500e+03 9.644857177734375000e+02 7.497792968750000000e+02 9.710345458984375000e+02
1.050422119140625000e+03 9.804367065429687500e+02 7.334287109375000000e+02 9.899669189453125000e+02
1.229372192382812500e+03 9.781420288085937500e+02 9.056378784179687500e+02 1.035386352539062500e+03
1.105538696289062500e+03 3.225106811523437500e+02 1.249449951171875000e+03 1.042076416015625000e+02
3.852148132324218750e+02 7.037645874023437500e+02 4.307723388671875000e+02 3.853677368164062500e+02
1.175138549804687500e+03 7.025479125976562500e+02 1.058817749023437500e+03 6.642770996093750000e+02
6.554873046875000000e+02 8.121943359375000000e+02 4.719441528320312500e+02 6.736965332031250000e+02
7.716900024414062500e+02 8.523132324218750000e+02 5.540519409179687500e+02 7.562122802734375000e+02
8.131022338867187500e+02 8.468929443359375000e+02 5.922927246093750000e+02 7.581392822265625000e+02
1.277393310546875000e+03 7.564485473632812500e+02 1.120412597656250000e+03 7.651906127929687500e+02
1.118848266601562500e+03 7.894973144531250000e+02 9.332148437500000000e+02 7.653530273437500000e+02
1.118848266601562500e+03 7.894973144531250000e+02 9.332148437500000000e+02 7.653530273437500000e+02
8.339716796875000000e+02 8.646490478515625000e+02 6.052068481445312500e+02 7.898712158203125000e+02
1.005961608886718750e+03 8.365358276367187500e+02 7.870925903320312500e+02 7.983645019531250000e+02
1.033630493164062500e+03 8.386950683593750000e+02 8.122974243164062500e+02 8.082131958007812500e+02
8.642570800781250000e+02 8.826684570312500000e+02 6.263073120117187500e+02 8.160208740234375000e+02
1.115248046875000000e+03 8.540783081054687500e+02 8.832606811523437500e+02 8.498879394531250000e+02
1.104741699218750000e+03 8.758036499023437500e+02 8.550569458007812500e+02 8.778817138671875000e+02
8.461658325195312500e+02 9.484650268554687500e+02 5.621506347656250000e+02 8.941022338867187500e+02
5.972863769531250000e+02 1.041976806640625000e+03 2.886980285644531250e+02 9.409954223632812500e+02
9.390751953125000000e+02 9.846992797851562500e+02 6.255715332031250000e+02 9.658641357421875000e+02
1.080184326171875000e+03 9.581194458007812500e+02 7.729436035156250000e+02 9.715192871093750000e+02
7.612595214843750000e+02 1.042053588867187500e+03 4.303835754394531250e+02 9.842441406250000000e+02
9.302770385742187500e+02 1.003855712890625000e+03 6.062211303710937500e+02 9.863480224609375000e+02
1.152455932617187500e+03 3.130916442871093750e+02 1.304411254882812500e+03 1.129485397338867188e+02
1.737775878906250000e+02 6.883076782226562500e+02 2.457408599853515625e+02 3.285371093750000000e+02
6.032886505126953125e+01 7.281523437500000000e+02 1.408483886718750000e+02 3.532199096679687500e+02
1.309727630615234375e+02 7.831702270507812500e+02 2.005123901367187500e+02 4.175117492675781250e+02
7.132294311523437500e+02 9.134539794921875000e+02 4.651497802734375000e+02 8.169095458984375000e+02
9.270902709960937500e+02 1.022464355468750000e+03 5.916137084960937500e+02 1.007813598632812500e+03
1.129576416015625000e+03 9.971228027343750000e+02 7.949194335937500000e+02 1.032409057617187500e+03
3.747831726074218750e+02 6.454542846679687500e+02 4.284206542968750000e+02 3.239278869628906250e+02
1.171485961914062500e+03 8.023233032226562500e+02 9.776373291015625000e+02 7.940709838867187500e+02
1.151547973632812500e+03 8.119057006835937500e+02 9.453817749023437500e+02 8.058417968750000000e+02
6.221953735351562500e+02 1.017727294921875000e+03 3.214262084960937500e+02 9.200202026367187500e+02
3.824825134277343750e+02 6.785032348632812500e+02 4.272049865722656250e+02 3.630523376464843750e+02
7.966229858398437500e+02 8.665002441406250000e+02 5.727001953125000000e+02 7.760938720703125000e+02
9.190551757812500000e+02 8.801909179687500000e+02 6.797542724609375000e+02 8.260677490234375000e+02
9.205239257812500000e+02 9.696159667968750000e+02 6.251379394531250000e+02 9.361065063476562500e+02
1.073507690429687500e+03 9.364082031250000000e+02 7.857713623046875000e+02 9.420643310546875000e+02
1.075793579101562500e+03 8.233545532226562500e+02 8.682317504882812500e+02 7.974070434570312500e+02
1.806375427246093750e+02 8.111793212890625000e+02 2.493644104003906250e+02 4.476252136230468750e+02
7.824005126953125000e+02 8.991323242187500000e+02 5.371153564453125000e+02 8.157638549804687500e+02
1.082914794921875000e+03 7.476757812500000000e+02 9.081660766601562500e+02 7.191273803710937500e+02
1.045153320312500000e+03 8.723419799804687500e+02 7.919011230468750000e+02 8.545040283203125000e+02
7.779009399414062500e+02 6.826250610351562500e+02 6.465474853515625000e+02 5.512358398437500000e+02
