9.440109252929687500e+02 1.010333251953125000e+03 7.032155761718750000e+02 5.370509033203125000e+02
9.613953857421875000e+02 9.736860961914062500e+02 6.983118286132812500e+02 5.522766113281250000e+02
9.862244262695312500e+02 8.491928100585937500e+02 7.031867065429687500e+02 6.139572143554687500e+02
1.176320922851562500e+03 8.697327880859375000e+02 5.569237060546875000e+02 6.292933349609375000e+02
1.091259277343750000e+03 9.590767211914062500e+02 6.212755126953125000e+02 5.709279174804687500e+02
1.097615722656250000e+03 9.435598144531250000e+02 6.146882324218750000e+02 5.817397460937500000e+02
1.084252563476562500e+03 9.079625854492187500e+02 6.253331298828125000e+02 5.954133300781250000e+02
9.926118774414062500e+02 8.666217041015625000e+02 6.966606445312500000e+02 6.033327636718750000e+02
9.708533935546875000e+02 8.619852905273437500e+02 7.114827880859375000e+02 6.052949829101562500e+02
1.037959106445312500e+03 8.429497680664062500e+02 6.658434448242187500e+02 6.246182250976562500e+02
1.317238647460937500e+03 8.024140625000000000e+02 1.039510864257812500e+03 6.642940673828125000e+02
8.899199218750000000e+02 5.994626464843750000e+02 1.814802978515625000e+03 5.675652694702148438e+01
1.208558227539062500e+03 8.494767456054687500e+02 5.283360595703125000e+02 6.481169433593750000e+02
7.935632324218750000e+02 5.939827270507812500e+02 9.476724853515625000e+02 7.429078979492187500e+02
1.041484619140625000e+03 9.039960327148437500e+02 6.548140869140625000e+02 5.923935546875000000e+02
1.184314331054687500e+03 8.978693847656250000e+02 5.525554809570312500e+02 6.140282592773437500e+02
1.006796875000000000e+03 8.450855102539062500e+02 6.883121948242187500e+02 6.197035522460937500e+02
1.128434936523437500e+03 6.424640502929687500e+02 6.626945190429687500e+02 8.078626098632812500e+02
1.069626953125000000e+03 9.115576782226562500e+02 6.353925781250000000e+02 5.912830810546875000e+02
7.203879394531250000e+02 8.892453613281250000e+02 1.048884765625000000e+03 6.846567382812500000e+02
