6.745181274414062500e+02 5.933706054687500000e+02 7.209851684570312500e+02 2.011848907470703125e+02
8.595372924804687500e+02 9.080722045898437500e+02 9.476123657226562500e+02 4.767842407226562500e+02
7.456710815429687500e+02 9.653327026367187500e+02 1.023010070800781250e+03 4.762283020019531250e+02
8.481762084960937500e+02 9.059497070312500000e+02 9.530364990234375000e+02 4.798427734375000000e+02
8.481762084960937500e+02 9.059497070312500000e+02 9.530364990234375000e+02 4.798427734375000000e+02
7.278205566406250000e+02 9.499473876953125000e+02 1.030465942382812500e+03 4.862809143066406250e+02
7.356081542968750000e+02 9.286553344726562500e+02 1.022696044921875000e+03 4.955735778808593750e+02
6.595370483398437500e+02 8.747570800781250000e+02 1.064548583984375000e+03 5.477709960937500000e+02
8.088754272460937500e+02 7.974699707031250000e+02 9.468848266601562500e+02 5.582438964843750000e+02
8.088754272460937500e+02 7.974699707031250000e+02 9.468848266601562500e+02 5.582438964843750000e+02
8.176080932617187500e+02 7.893299560546875000e+02 9.376733398437500000e+02 5.620298461914062500e+02
7.696393432617187500e+02 8.050167236328125000e+02 9.786348266601562500e+02 5.655953979492187500e+02
7.743505249023437500e+02 7.931506347656250000e+02 9.720758666992187500e+02 5.737163696289062500e+02
8.085073852539062500e+02 7.796171264648437500e+02 9.399085083007812500e+02 5.742070922851562500e+02
7.927619018554687500e+02 8.186229858398437500e+02 9.668766479492187500e+02 5.471168823242187500e+02
8.141910400390625000e+02 8.054887695312500000e+02 9.458082275390625000e+02 5.505008544921875000e+02
9.518984985351562500e+02 8.226981201171875000e+02 9.466225585937500000e+02 7.038200073242187500e+02
7.623258056640625000e+02 9.314133911132812500e+02 1.008476318359375000e+03 4.862579040527343750e+02
8.450616455078125000e+02 8.804512329101562500e+02 9.488899536132812500e+02 4.931209411621093750e+02
1.071828979492187500e+03 9.517410888671875000e+02 1.078369262695312500e+03 6.205293579101562500e+02
7.498333129882812500e+02 9.089135131835937500e+02 1.011509277343750000e+03 5.027123107910156250e+02
7.902235717773437500e+02 7.978056640625000000e+02 9.629171142578125000e+02 5.645645141601562500e+02
7.203879394531250000e+02 8.892453613281250000e+02 1.025461791992187500e+03 5.221827392578125000e+02
7.509618530273437500e+02 8.273555297851562500e+02 9.974085693359375000e+02 5.570880737304687500e+02
