7.123280639648437500e+02 2.806266784667968750e+02 1.144632812500000000e+03 1.706914520263671875e+02
6.658274841308593750e+01 7.703937988281250000e+02 1.066046997070312500e+03 6.418439331054687500e+02
6.490770874023437500e+02 2.448101348876953125e+02 1.095187255859375000e+03 1.289368133544921875e+02
1.223242431640625000e+03 6.712411499023437500e+02 1.258570556640625000e+03 7.663331298828125000e+02
1.227906250000000000e+03 6.780093383789062500e+02 1.257167114257812500e+03 7.768691406250000000e+02
6.414051513671875000e+02 2.523650054931640625e+02 1.089857177734375000e+03 1.386483001708984375e+02
7.254960937500000000e+02 2.782444763183593750e+02 1.158070434570312500e+03 1.683127136230468750e+02
1.031915283203125000e+03 4.008174438476562500e+02 9.778207397460937500e+02 3.538663330078125000e+02
9.897767944335937500e+02 9.124216308593750000e+02 7.348723144531250000e+02 8.800754394531250000e+02
1.128330444335937500e+03 8.898660888671875000e+02 8.569149780273437500e+02 9.354391479492187500e+02
1.055179565429687500e+03 1.002292907714843750e+03 6.783788452148437500e+02 9.911326904296875000e+02
1.135429443359375000e+03 9.555956420898437500e+02 7.843649902343750000e+02 9.983861694335937500e+02
1.037220336914062500e+03 1.030184936523437500e+03 6.381790771484375000e+02 1.004136535644531250e+03
7.697362670898437500e+02 2.425998535156250000e+02 1.239160644531250000e+03 1.273172683715820312e+02
6.798001708984375000e+02 2.493595275878906250e+02 1.118287475585937500e+03 1.382875518798828125e+02
1.014097839355468750e+03 3.870873718261718750e+02 9.575368652343750000e+02 3.324670410156250000e+02
7.763372802734375000e+02 7.575900268554687500e+02 1.278484130859375000e+03 8.208443603515625000e+02
1.291346679687500000e+03 7.559643554687500000e+02 1.208654907226562500e+03 9.049024658203125000e+02
1.060285034179687500e+03 9.887903442382812500e+02 6.945522460937500000e+02 9.842706909179687500e+02
4.355218811035156250e+02 2.568986206054687500e+02 8.913648071289062500e+02 1.393540649414062500e+02
1.077960937500000000e+03 4.126395568847656250e+02 1.755870605468750000e+03 3.795451049804687500e+02
1.218823364257812500e+03 8.506060791015625000e+02 9.884412231445312500e+02 9.518831787109375000e+02
1.218823364257812500e+03 8.506060791015625000e+02 9.884412231445312500e+02 9.518831787109375000e+02
7.348561401367187500e+02 1.827374877929687500e+02 1.223053344726562500e+03 6.465869903564453125e+01
6.574193115234375000e+02 3.207308654785156250e+02 1.090463134765625000e+03 2.092263031005859375e+02
1.094333862304687500e+03 8.621463623046875000e+02 8.657383422851562500e+02 8.914894409179687500e+02
1.253387084960937500e+03 8.552356567382812500e+02 1.016487792968750000e+03 9.830470581054687500e+02
1.253387084960937500e+03 8.552356567382812500e+02 1.016487792968750000e+03 9.830470581054687500e+02
1.087011108398437500e+03 3.689475708007812500e+02 1.788907470703125000e+03 3.188796997070312500e+02
1.212035644531250000e+03 8.044265136718750000e+02 1.035350097656250000e+03 9.071785278320312500e+02
