8.376165161132812500e+02 8.149689941406250000e+02 7.627604980468750000e+02 7.794309692382812500e+02
1.075525878906250000e+03 8.084075317382812500e+02 9.825547485351562500e+02 8.328040161132812500e+02
8.858078613281250000e+02 8.817297973632812500e+02 7.574732055664062500e+02 8.586539306640625000e+02
8.792188110351562500e+02 1.002315795898437500e+03 8.198021850585937500e+02 1.001578857421875000e+03
1.060016479492187500e+03 6.532780151367187500e+02 9.876233520507812500e+02 6.616881103515625000e+02
1.055530029296875000e+03 6.693560180664062500e+02 9.751383666992187500e+02 6.786345825195312500e+02
9.217659912109375000e+02 7.350402832031250000e+02 8.922288208007812500e+02 7.147398071289062500e+02
1.040450927734375000e+03 7.152670898437500000e+02 9.555024414062500000e+02 7.255211181640625000e+02
7.606355590820312500e+02 8.263713989257812500e+02 6.912949829101562500e+02 7.747055664062500000e+02
7.506293945312500000e+02 8.352455444335937500e+02 6.794675903320312500e+02 7.790390014648437500e+02
1.001209716796875000e+03 8.013856811523437500e+02 9.181575927734375000e+02 8.052731323242187500e+02
8.555169067382812500e+02 8.946827392578125000e+02 7.237950439453125000e+02 8.639229125976562500e+02
8.675179443359375000e+02 8.928656616210937500e+02 7.354173583984375000e+02 8.651019287109375000e+02
9.745936279296875000e+02 8.965388793945312500e+02 8.237365112304687500e+02 8.989110107421875000e+02
9.681798706054687500e+02 9.065691528320312500e+02 8.125084228515625000e+02 9.070881347656250000e+02
1.242219116210937500e+03 8.548223876953125000e+02 1.132104248046875000e+03 9.391560058593750000e+02
1.242219116210937500e+03 8.548223876953125000e+02 1.132104248046875000e+03 9.391560058593750000e+02
1.011440856933593750e+03 6.376761474609375000e+02 9.387890625000000000e+02 6.348124389648437500e+02
9.515760498046875000e+02 7.458161621093750000e+02 9.106746215820312500e+02 7.344362182617187500e+02
8.669822387695312500e+02 8.077055664062500000e+02 7.921640625000000000e+02 7.789226074218750000e+02
8.575924072265625000e+02 8.119818725585937500e+02 7.810520629882812500e+02 7.807655029296875000e+02
7.359433593750000000e+02 8.894197387695312500e+02 6.339107666015625000e+02 8.285820922851562500e+02
1.065214843750000000e+03 8.118605957031250000e+02 9.745011596679687500e+02 8.342111816406250000e+02
1.306848510742187500e+03 7.516016845703125000e+02 1.302932373046875000e+03 8.360939331054687500e+02
7.337406005859375000e+02 9.229407348632812500e+02 6.123261718750000000e+02 8.588944091796875000e+02
7.211022338867187500e+02 9.343996582031250000e+02 5.953785400390625000e+02 8.677772827148437500e+02
7.211022338867187500e+02 9.343996582031250000e+02 5.953785400390625000e+02 8.677772827148437500e+02
7.449038696289062500e+02 9.307009277343750000e+02 6.146573486328125000e+02 8.704599609375000000e+02
9.783605957031250000e+02 9.045481567382812500e+02 8.221157836914062500e+02 9.084537963867187500e+02
1.117362304687500000e+03 8.654641113281250000e+02 9.864555053710937500e+02 9.089254150390625000e+02
9.884059448242187500e+02 9.027472534179687500e+02 8.326557617187500000e+02 9.095225219726562500e+02
1.126575317382812500e+03 8.633518066406250000e+02 9.976372070312500000e+02 9.094328613281250000e+02
1.201962402343750000e+03 8.444016723632812500e+02 1.095579345703125000e+03 9.118145141601562500e+02
9.798790893554687500e+02 9.136431884765625000e+02 8.173171997070312500e+02 9.189837036132812500e+02
9.798790893554687500e+02 9.136431884765625000e+02 8.173171997070312500e+02 9.189837036132812500e+02
1.103401977539062500e+03 8.842887573242187500e+02 9.570675659179687500e+02 9.253263549804687500e+02
1.226513793945312500e+03 8.479888916015625000e+02 1.119520874023437500e+03 9.253742065429687500e+02
1.113824584960937500e+03 8.819483642578125000e+02 9.685510253906250000e+02 9.264223022460937500e+02
1.108136474609375000e+03 8.929134521484375000e+02 9.558634643554687500e+02 9.360575561523437500e+02
7.040034179687500000e+02 1.017760375976562500e+03 5.311265258789062500e+02 9.414726562500000000e+02
1.079510620117187500e+03 8.607042846679687500e+02 1.408279785156250000e+03 9.421701049804687500e+02
1.451946533203125000e+03 8.148424682617187500e+02 1.446257446289062500e+03 9.709182128906250000e+02
1.049598632812500000e+03 9.920409545898437500e+02 8.244567871093750000e+02 1.023904785156250000e+03
1.135571044921875000e+03 9.635592041015625000e+02 9.297011108398437500e+02 1.025183105468750000e+03
1.019339416503906250e+03 1.008355834960937500e+03 7.846323242187500000e+02 1.030298583984375000e+03
1.056273071289062500e+03 1.013283813476562500e+03 8.154761352539062500e+02 1.048826660156250000e+03
1.056273071289062500e+03 1.013283813476562500e+03 8.154761352539062500e+02 1.048826660156250000e+03
6.414051513671875000e+02 2.523650054931640625e+02 8.935756225585937500e+02 1.961130828857421875e+02
1.086629638671875000e+03 7.197860717773437500e+02 9.981129760742187500e+02 7.414746704101562500e+02
8.833025512695312500e+02 7.940715332031250000e+02 8.147571411132812500e+02 7.704351806640625000e+02
7.212089233398437500e+02 9.090469360351562500e+02 6.103029174804687500e+02 8.457937622070312500e+02
7.334897460937500000e+02 9.378285522460937500e+02 6.028605346679687500e+02 8.742196655273437500e+02
8.454996337890625000e+02 9.072039794921875000e+02 7.073026733398437500e+02 8.733653564453125000e+02
8.454996337890625000e+02 9.072039794921875000e+02 7.073026733398437500e+02 8.733653564453125000e+02
1.014558959960937500e+03 8.800237426757812500e+02 8.728324584960937500e+02 8.943446044921875000e+02
1.196404541015625000e+03 8.366422729492187500e+02 1.094407836914062500e+03 9.017701416015625000e+02
1.196404541015625000e+03 8.366422729492187500e+02 1.094407836914062500e+03 9.017701416015625000e+02
1.310211669921875000e+03 8.051304931640625000e+02 1.259392456054687500e+03 9.030257568359375000e+02
9.677590942382812500e+02 8.725947875976562500e+02 1.142954467773437500e+03 9.080732421875000000e+02
1.210628173828125000e+03 8.428521118164062500e+02 1.105669189453125000e+03 9.147270507812500000e+02
1.325007568359375000e+03 8.099319458007812500e+02 1.273155517578125000e+03 9.147659301757812500e+02
9.897767944335937500e+02 9.124216308593750000e+02 8.287598266601562500e+02 9.203212890625000000e+02
1.135638427734375000e+03 8.786482543945312500e+02 9.937003784179687500e+02 9.293262329101562500e+02
1.135638427734375000e+03 8.786482543945312500e+02 9.937003784179687500e+02 9.293262329101562500e+02
1.128330444335937500e+03 8.898660888671875000e+02 9.782017211914062500e+02 9.397075195312500000e+02
1.128330444335937500e+03 8.898660888671875000e+02 9.782017211914062500e+02 9.397075195312500000e+02
1.452126464843750000e+03 7.926804809570312500e+02 1.467946411132812500e+03 9.417194213867187500e+02
6.886345825195312500e+02 1.033233764648437500e+03 5.140919189453125000e+02 9.484361572265625000e+02
1.350767333984375000e+03 8.293332519531250000e+02 1.289186279296875000e+03 9.481262817382812500e+02
1.229661376953125000e+03 8.728784790039062500e+02 1.102818481445312500e+03 9.556065673828125000e+02
1.357094482421875000e+03 8.374270019531250000e+02 1.291775146484375000e+03 9.605890502929687500e+02
6.864351806640625000e+02 1.053811767578125000e+03 4.977658386230468750e+02 9.700463256835937500e+02
1.445465942382812500e+03 8.181141967773437500e+02 1.432600830078125000e+03 9.701826782226562500e+02
8.423436279296875000e+02 1.013388000488281250e+03 6.354787597656250000e+02 9.770117797851562500e+02
8.904501342773437500e+02 1.003668884277343750e+03 6.791392822265625000e+02 9.832227783203125000e+02
1.035550170898437500e+03 9.834376220703125000e+02 8.178245239257812500e+02 1.009422363281250000e+03
1.048702880859375000e+03 9.817069702148437500e+02 8.306533203125000000e+02 1.013132507324218750e+03
1.123251464843750000e+03 9.572452392578125000e+02 9.217421264648437500e+02 1.012003417968750000e+03
1.123251464843750000e+03 9.572452392578125000e+02 9.217421264648437500e+02 1.012003417968750000e+03
1.135429443359375000e+03 9.555956420898437500e+02 9.344976196289062500e+02 1.015456359863281250e+03
1.145085327148437500e+03 9.520080566406250000e+02 9.476357421875000000e+02 1.015013488769531250e+03
1.145085327148437500e+03 9.520080566406250000e+02 9.476357421875000000e+02 1.015013488769531250e+03
1.157402587890625000e+03 9.520874633789062500e+02 9.600447998046875000e+02 1.019594055175781250e+03
1.157402587890625000e+03 9.520874633789062500e+02 9.600447998046875000e+02 1.019594055175781250e+03
1.177630249023437500e+03 9.692306518554687500e+02 9.675349731445312500e+02 1.045800537109375000e+03
1.024160644531250000e+03 1.031342407226562500e+03 7.730668334960937500e+02 1.055615356445312500e+03
1.293839477539062500e+03 9.386604614257812500e+02 1.121236816406250000e+03 1.057500976562500000e+03
1.293839477539062500e+03 9.386604614257812500e+02 1.121236816406250000e+03 1.057500976562500000e+03
1.028139404296875000e+03 6.696331787109375000e+02 9.531915893554687500e+02 6.726099243164062500e+02
9.288798217773437500e+02 7.461313476562500000e+02 8.910932617187500000e+02 7.292661743164062500e+02
1.284309570312500000e+03 7.368576660156250000e+02 1.287748291015625000e+03 8.140770263671875000e+02
1.279928100585937500e+03 7.486348266601562500e+02 1.276524291992187500e+03 8.218481445312500000e+02
7.206708374023437500e+02 8.887573852539062500e+02 6.223687133789062500e+02 8.238788452148437500e+02
1.291346679687500000e+03 7.559643554687500000e+02 1.278125976562500000e+03 8.371226806640625000e+02
1.397357666015625000e+03 7.495379638671875000e+02 1.431091430664062500e+03 8.654841308593750000e+02
1.009240600585937500e+03 8.689081420898437500e+02 8.756638793945312500e+02 8.794057617187500000e+02
1.184946166992187500e+03 8.329454345703125000e+02 1.084107788085937500e+03 8.937515258789062500e+02
9.870725708007812500e+02 8.985026245117187500e+02 8.338019409179687500e+02 9.039190063476562500e+02
1.026320068359375000e+03 8.869920654296875000e+02 8.790987548828125000e+02 9.066510009765625000e+02
1.127724121093750000e+03 8.683801879882812500e+02 9.956000366210937500e+02 9.163784790039062500e+02
1.127724121093750000e+03 8.683801879882812500e+02 9.956000366210937500e+02 9.163784790039062500e+02
1.345286621093750000e+03 8.085234985351562500e+02 1.302371337890625000e+03 9.201724853515625000e+02
7.165398559570312500e+02 9.968327026367187500e+02 5.527390747070312500e+02 9.243681640625000000e+02
9.816505126953125000e+02 9.195923461914062500e+02 8.159948120117187500e+02 9.255252685546875000e+02
1.335768432617187500e+03 8.241523437500000000e+02 1.275097045898437500e+03 9.378902587890625000e+02
1.335768432617187500e+03 8.241523437500000000e+02 1.275097045898437500e+03 9.378902587890625000e+02
8.869808959960937500e+02 9.664852905273437500e+02 7.009938964843750000e+02 9.434451293945312500e+02
8.415812377929687500e+02 9.911517944335937500e+02 6.497139892578125000e+02 9.556563110351562500e+02
8.533613891601562500e+02 1.002797180175781250e+03 6.500832519531250000e+02 9.701645507812500000e+02
9.007719116210937500e+02 9.888611450195312500e+02 6.970465698242187500e+02 9.731686401367187500e+02
8.678395996093750000e+02 1.008192382812500000e+03 6.593787841796875000e+02 9.804620361328125000e+02
8.678395996093750000e+02 1.008192382812500000e+03 6.593787841796875000e+02 9.804620361328125000e+02
1.460827880859375000e+03 8.226096801757812500e+02 1.451534912109375000e+03 9.841118774414062500e+02
1.460827880859375000e+03 8.226096801757812500e+02 1.451534912109375000e+03 9.841118774414062500e+02
1.022036987304687500e+03 9.765484008789062500e+02 8.110444335937500000e+02 9.969810791015625000e+02
8.565411987304687500e+02 1.032988647460937500e+03 6.332198486328125000e+02 1.001097534179687500e+03
8.707462158203125000e+02 1.039268676757812500e+03 6.419294433593750000e+02 1.012407531738281250e+03
1.143030029296875000e+03 9.762796630859375000e+02 9.273255004882812500e+02 1.039971679687500000e+03
8.339559326171875000e+02 7.999789428710937500e+02 7.709350585937500000e+02 7.631876831054687500e+02
1.260666748046875000e+03 7.451556396484375000e+02 1.248293701171875000e+03 8.161402587890625000e+02
1.376473022460937500e+03 7.386763305664062500e+02 1.406051513671875000e+03 8.432774658203125000e+02
1.304962036132812500e+03 7.609797973632812500e+02 1.292383056640625000e+03 8.483442993164062500e+02
1.108077514648437500e+03 8.449447631835937500e+02 9.910114135742187500e+02 8.830589599609375000e+02
1.145309448242187500e+03 8.341770019531250000e+02 1.040069702148437500e+03 8.827864379882812500e+02
1.126083251953125000e+03 8.516157226562500000e+02 1.006324462890625000e+03 8.979326171875000000e+02
1.323242919921875000e+03 7.987578735351562500e+02 1.279781982421875000e+03 9.000023803710937500e+02
1.255752563476562500e+03 8.337606201171875000e+02 1.166527465820312500e+03 9.218466796875000000e+02
1.127808349609375000e+03 8.834991455078125000e+02 9.805581054687500000e+02 9.320151367187500000e+02
8.593339843750000000e+02 9.726042480468750000e+02 6.717941894531250000e+02 9.419464111328125000e+02
1.232422851562500000e+03 8.597077636718750000e+02 1.114861328125000000e+03 9.425352783203125000e+02
1.119239746093750000e+03 8.965109863281250000e+02 9.652251586914062500e+02 9.447915649414062500e+02
1.246019775390625000e+03 8.672507934570312500e+02 1.126595092773437500e+03 9.552561035156250000e+02
1.472685302734375000e+03 7.948693847656250000e+02 1.498400024414062500e+03 9.543529663085937500e+02
1.454247192382812500e+03 8.041305541992187500e+02 1.458952514648437500e+03 9.571366577148437500e+02
1.340463134765625000e+03 8.453674316406250000e+02 1.263097167968750000e+03 9.636429443359375000e+02
9.906895751953125000e+02 9.892657470703125000e+02 7.746069335937500000e+02 1.000065124511718750e+03
1.060285034179687500e+03 9.887903442382812500e+02 8.353148193359375000e+02 1.027090087890625000e+03
4.355218811035156250e+02 2.568986206054687500e+02 6.992057495117187500e+02 2.034293365478515625e+02
1.366513671875000000e+03 7.280637817382812500e+02 1.404521850585937500e+03 8.242849731445312500e+02
9.998710327148437500e+02 8.851203613281250000e+02 8.560875244140625000e+02 8.927656250000000000e+02
1.201591674804687500e+03 8.551611328125000000e+02 1.085888793945312500e+03 9.216157226562500000e+02
1.218823364257812500e+03 8.506060791015625000e+02 1.108412963867187500e+03 9.235048828125000000e+02
1.218823364257812500e+03 8.506060791015625000e+02 1.108412963867187500e+03 9.235048828125000000e+02
1.253387084960937500e+03 8.552356567382812500e+02 1.147840454101562500e+03 9.413603515625000000e+02
1.253387084960937500e+03 8.552356567382812500e+02 1.147840454101562500e+03 9.413603515625000000e+02
7.609232177734375000e+02 1.035377075195312500e+03 5.597943115234375000e+02 9.737758178710937500e+02
1.062960327148437500e+03 3.103182373046875000e+02 1.417608764648437500e+03 2.492285308837890625e+02
6.574193115234375000e+02 3.207308654785156250e+02 8.987362670898437500e+02 2.615761718750000000e+02
8.313364868164062500e+02 8.762245483398437500e+02 7.210126953125000000e+02 8.378038330078125000e+02
1.094333862304687500e+03 8.621463623046875000e+02 9.659624633789062500e+02 8.991837158203125000e+02
1.219191284179687500e+03 8.311450195312500000e+02 1.123939941406250000e+03 9.042019653320312500e+02
1.427388427734375000e+03 8.007174072265625000e+02 1.420884521484375000e+03 9.483623657226562500e+02
1.439088256835937500e+03 8.268266601562500000e+02 1.413986816406250000e+03 9.792451171875000000e+02
1.475840698242187500e+03 8.232063598632812500e+02 1.473171264648437500e+03 9.880456542968750000e+02
1.374147216796875000e+03 7.478730468750000000e+02 1.396121704101562500e+03 8.568751831054687500e+02
1.212035644531250000e+03 8.044265136718750000e+02 1.132360107421875000e+03 8.723935546875000000e+02
1.377848876953125000e+03 8.348992309570312500e+02 1.323592773437500000e+03 9.648261108398437500e+02
1.377848876953125000e+03 8.348992309570312500e+02 1.323592773437500000e+03 9.648261108398437500e+02
1.169301391601562500e+03 8.538734741210937500e+02 1.050258666992187500e+03 9.180093994140625000e+02
1.296360961914062500e+03 3.144421386718750000e+02 1.801596191406250000e+03 2.528172302246093750e+02
1.458417480468750000e+03 7.498495483398437500e+02 1.525913818359375000e+03 8.864935913085937500e+02
