1.031915283203125000e+03 4.008174438476562500e+02 1.010569885253906250e+03 3.769282836914062500e+02
1.004410949707031250e+03 5.925958251953125000e+02 9.667197265625000000e+02 5.757642822265625000e+02
1.027092773437500000e+03 6.118890380859375000e+02 9.876788330078125000e+02 5.969003295898437500e+02
8.269400634765625000e+02 6.420290527343750000e+02 8.409153442382812500e+02 6.120801391601562500e+02
1.119893432617187500e+03 6.325781860351562500e+02 1.138171997070312500e+03 6.285258789062500000e+02
1.146928222656250000e+03 6.295939331054687500e+02 1.167651733398437500e+03 6.280693969726562500e+02
8.538446655273437500e+02 6.710500488281250000e+02 8.548430786132812500e+02 6.428798828125000000e+02
1.127290649414062500e+03 6.468620605468750000e+02 1.139525878906250000e+03 6.441127319335937500e+02
8.571900024414062500e+02 6.769453735351562500e+02 8.557944335937500000e+02 6.486934814453125000e+02
8.300430297851562500e+02 6.846224975585937500e+02 8.285395507812500000e+02 6.538677368164062500e+02
8.464321899414062500e+02 7.204325561523437500e+02 8.311419677734375000e+02 6.904683227539062500e+02
8.527679443359375000e+02 7.227182006835937500e+02 8.359396362304687500e+02 6.940390014648437500e+02
9.076524047851562500e+02 7.203903198242187500e+02 8.874036865234375000e+02 6.963305664062500000e+02
7.206355590820312500e+02 7.425277099609375000e+02 7.067086791992187500e+02 6.994716186523437500e+02
7.206355590820312500e+02 7.425277099609375000e+02 7.067086791992187500e+02 6.994716186523437500e+02
1.219021606445312500e+03 6.898797607421875000e+02 1.222065673828125000e+03 6.990433349609375000e+02
9.152944946289062500e+02 7.257377929687500000e+02 8.941757812500000000e+02 7.022213134765625000e+02
8.743284912109375000e+02 7.322804565429687500e+02 8.531346435546875000e+02 7.047536010742187500e+02
9.581737060546875000e+02 7.412908325195312500e+02 9.313217163085937500e+02 7.231287841796875000e+02
7.476254882812500000e+02 8.022208862304687500e+02 7.091359863281250000e+02 7.601645507812500000e+02
8.247021484375000000e+02 8.048269653320312500e+02 7.793937988281250000e+02 7.710822753906250000e+02
9.846174316406250000e+02 7.905543212890625000e+02 9.403911743164062500e+02 7.757705688476562500e+02
8.289807739257812500e+02 8.095657348632812500e+02 7.815737915039062500e+02 7.763914184570312500e+02
8.376165161132812500e+02 8.149689941406250000e+02 7.894913330078125000e+02 7.826846923828125000e+02
9.958906860351562500e+02 7.955917968750000000e+02 9.496995849609375000e+02 7.823968505859375000e+02
8.724327392578125000e+02 8.735212402343750000e+02 7.989044799804687500e+02 8.454625854492187500e+02
3.625778961181640625e+01 1.417834625244140625e+02 3.450535278320312500e+02 1.287764587402343750e+02
1.309259521484375000e+03 1.752244567871093750e+02 1.528537475585937500e+03 1.418316802978515625e+02
1.309259521484375000e+03 1.752244567871093750e+02 1.528537475585937500e+03 1.418316802978515625e+02
7.123280639648437500e+02 2.806266784667968750e+02 8.247086181640625000e+02 2.525993957519531250e+02
1.326745361328125000e+03 3.261688842773437500e+02 1.534313720703125000e+03 3.110037536621093750e+02
1.590632202148437500e+03 3.738960266113281250e+02 1.865702270507812500e+03 3.751054077148437500e+02
8.944064941406250000e+02 4.047158203125000000e+02 8.666788330078125000e+02 3.795094299316406250e+02
1.010362792968750000e+03 4.434059753417968750e+02 9.629344482421875000e+02 4.211880798339843750e+02
1.047136230468750000e+03 5.481362915039062500e+02 1.016536743164062500e+03 5.326369628906250000e+02
1.028315795898437500e+03 5.549030151367187500e+02 9.898100585937500000e+02 5.378435058593750000e+02
1.196053222656250000e+03 5.614339599609375000e+02 1.327954589843750000e+03 5.615245361328125000e+02
1.014536926269531250e+03 6.013493652343750000e+02 9.752495727539062500e+02 5.858861083984375000e+02
1.100150512695312500e+03 5.985987548828125000e+02 1.130091064453125000e+03 5.912330322265625000e+02
1.008551513671875000e+03 6.312265625000000000e+02 9.693673706054687500e+02 6.155260620117187500e+02
1.019326232910156250e+03 6.356358642578125000e+02 9.799607543945312500e+02 6.221939086914062500e+02
1.040221191406250000e+03 6.531971435546875000e+02 9.991375122070312500e+02 6.415792846679687500e+02
1.040221191406250000e+03 6.531971435546875000e+02 9.991375122070312500e+02 6.415792846679687500e+02
1.150772094726562500e+03 6.456714477539062500e+02 1.165769165039062500e+03 6.456740722656250000e+02
8.463758544921875000e+02 6.757695312500000000e+02 8.462435302734375000e+02 6.468690795898437500e+02
8.302596435546875000e+02 6.779387817382812500e+02 8.308493652343750000e+02 6.471950073242187500e+02
9.890069580078125000e+02 6.673914184570312500e+02 9.473129882812500000e+02 6.514143066406250000e+02
9.890069580078125000e+02 6.673914184570312500e+02 9.473129882812500000e+02 6.514143066406250000e+02
1.141383056640625000e+03 6.554904785156250000e+02 1.152094848632812500e+03 6.544586791992187500e+02
1.141383056640625000e+03 6.554904785156250000e+02 1.152094848632812500e+03 6.544586791992187500e+02
1.055530029296875000e+03 6.693560180664062500e+02 1.011272338867187500e+03 6.595570068359375000e+02
8.169494628906250000e+02 6.935830688476562500e+02 8.124442749023437500e+02 6.613973999023437500e+02
8.327453613281250000e+02 6.915070800781250000e+02 8.281753540039062500e+02 6.612156982421875000e+02
1.223242431640625000e+03 6.712411499023437500e+02 1.234534790039062500e+03 6.795997314453125000e+02
1.201290039062500000e+03 6.769357299804687500e+02 1.207619750976562500e+03 6.832119750976562500e+02
1.060648071289062500e+03 6.946182250976562500e+02 1.012730834960937500e+03 6.866266479492187500e+02
1.227906250000000000e+03 6.780093383789062500e+02 1.237660156250000000e+03 6.864896850585937500e+02
1.212329345703125000e+03 6.801661376953125000e+02 1.219664062500000000e+03 6.872658081054687500e+02
1.337201293945312500e+03 6.707786254882812500e+02 1.365322387695312500e+03 6.909486694335937500e+02
1.335952514648437500e+03 6.773649291992187500e+02 1.361736328125000000e+03 6.985420532226562500e+02
1.307516235351562500e+03 6.843568725585937500e+02 1.323829345703125000e+03 7.025409545898437500e+02
1.040450927734375000e+03 7.152670898437500000e+02 9.938583374023437500e+02 7.048064575195312500e+02
1.319662719726562500e+03 6.869984741210937500e+02 1.336317504882812500e+03 7.065430908203125000e+02
8.647430419921875000e+02 7.402175903320312500e+02 8.415566406250000000e+02 7.115304565429687500e+02
8.647430419921875000e+02 7.402175903320312500e+02 8.415566406250000000e+02 7.115304565429687500e+02
9.217659912109375000e+02 7.350402832031250000e+02 8.976443481445312500e+02 7.126060180664062500e+02
9.412671508789062500e+02 7.427686767578125000e+02 9.138610839843750000e+02 7.226129150390625000e+02
8.469637451171875000e+02 7.877436523437500000e+02 8.085474853515625000e+02 7.568770751953125000e+02
9.921976318359375000e+02 7.768207397460937500e+02 9.516080932617187500e+02 7.625499877929687500e+02
7.407199096679687500e+02 8.078157958984375000e+02 7.035712890625000000e+02 7.652398071289062500e+02
7.407199096679687500e+02 8.078157958984375000e+02 7.035712890625000000e+02 7.652398071289062500e+02
8.489551391601562500e+02 8.001724853515625000e+02 8.057465820312500000e+02 7.692594604492187500e+02
8.638837890625000000e+02 7.981292114257812500e+02 8.183082885742187500e+02 7.692750854492187500e+02
8.638837890625000000e+02 7.981292114257812500e+02 8.183082885742187500e+02 7.692750854492187500e+02
9.657334594726562500e+02 7.936398315429687500e+02 9.192249145507812500e+02 7.768266601562500000e+02
9.885193481445312500e+02 7.964617919921875000e+02 9.420343017578125000e+02 7.816788330078125000e+02
9.793479003906250000e+02 7.982298583984375000e+02 9.294269409179687500e+02 7.828546142578125000e+02
9.793479003906250000e+02 7.982298583984375000e+02 9.294269409179687500e+02 7.828546142578125000e+02
7.062491455078125000e+02 8.346226196289062500e+02 6.612416381835937500e+02 7.861099853515625000e+02
8.688602294921875000e+02 8.171715698242187500e+02 8.198457641601562500e+02 7.882593383789062500e+02
1.001209716796875000e+03 8.013856811523437500e+02 9.520424804687500000e+02 7.884495849609375000e+02
1.001209716796875000e+03 8.013856811523437500e+02 9.520424804687500000e+02 7.884495849609375000e+02
8.404671630859375000e+02 8.217496337890625000e+02 7.905833129882812500e+02 7.894060058593750000e+02
1.065214843750000000e+03 8.118605957031250000e+02 1.012752929687500000e+03 8.068337402343750000e+02
8.661397705078125000e+02 8.766199951171875000e+02 7.908287963867187500e+02 8.473523559570312500e+02
1.112531860351562500e+03 8.562282714843750000e+02 1.044426147460937500e+03 8.594971923828125000e+02
9.745936279296875000e+02 8.965388793945312500e+02 8.925788574218750000e+02 8.810527343750000000e+02
9.745936279296875000e+02 8.965388793945312500e+02 8.925788574218750000e+02 8.810527343750000000e+02
2.179766082763671875e+02 1.861120452880859375e+02 4.779981384277343750e+02 1.677128753662109375e+02
6.644144287109375000e+02 2.357976531982421875e+02 7.830620727539062500e+02 2.083836975097656250e+02
6.490770874023437500e+02 2.448101348876953125e+02 7.699843750000000000e+02 2.175494079589843750e+02
1.332817016601562500e+03 3.229769897460937500e+02 1.544309570312500000e+03 3.079519653320312500e+02
1.030512817382812500e+03 3.925213317871093750e+02 1.009370910644531250e+03 3.685126953125000000e+02
9.109699096679687500e+02 4.124149780273437500e+02 8.881672363281250000e+02 3.860727539062500000e+02
1.535334960937500000e+03 4.094861450195312500e+02 1.786566162109375000e+03 4.154036560058593750e+02
1.016819091796875000e+03 4.890368347167968750e+02 9.746280517578125000e+02 4.673936462402343750e+02
1.049231567382812500e+03 5.692365112304687500e+02 1.020400085449218750e+03 5.524570922851562500e+02
9.395928955078125000e+02 5.853656616210937500e+02 9.105812988281250000e+02 5.640518188476562500e+02
1.011440856933593750e+03 6.376761474609375000e+02 9.703509521484375000e+02 6.227403564453125000e+02
1.152160400390625000e+03 6.380581054687500000e+02 1.170381225585937500e+03 6.375332031250000000e+02
9.600479125976562500e+02 6.607142944335937500e+02 9.233799438476562500e+02 6.413746948242187500e+02
1.060016479492187500e+03 6.532780151367187500e+02 1.020561035156250000e+03 6.429674072265625000e+02
1.161371582031250000e+03 6.491363525390625000e+02 1.175278198242187500e+03 6.490681152343750000e+02
1.161371582031250000e+03 6.491363525390625000e+02 1.175278198242187500e+03 6.490681152343750000e+02
1.156201782226562500e+03 6.533861083984375000e+02 1.167851684570312500e+03 6.532435302734375000e+02
1.170553100585937500e+03 6.516802368164062500e+02 1.184156127929687500e+03 6.528368530273437500e+02
1.318723388671875000e+03 6.602850952148437500e+02 1.348960815429687500e+03 6.789906616210937500e+02
8.524748535156250000e+02 7.172974853515625000e+02 8.378330688476562500e+02 6.871856689453125000e+02
1.199185302734375000e+03 6.833369140625000000e+02 1.203804077148437500e+03 6.903730468750000000e+02
8.611226806640625000e+02 7.202145996093750000e+02 8.455419921875000000e+02 6.922531738281250000e+02
9.294967041015625000e+02 7.191422729492187500e+02 9.056970825195312500e+02 6.970590820312500000e+02
8.716619873046875000e+02 7.298306274414062500e+02 8.516235961914062500e+02 7.017520751953125000e+02
1.331695434570312500e+03 6.837564697265625000e+02 1.353229125976562500e+03 7.037937011718750000e+02
1.359828125000000000e+03 6.852756347656250000e+02 1.384310180664062500e+03 7.085335693359375000e+02
8.803834228515625000e+02 7.357166137695312500e+02 8.569956665039062500e+02 7.096860351562500000e+02
8.557435302734375000e+02 7.430670776367187500e+02 8.317713623046875000e+02 7.138775024414062500e+02
8.475207519531250000e+02 7.498226318359375000e+02 8.215388183593750000e+02 7.198056030273437500e+02
8.651757812500000000e+02 7.474230346679687500e+02 8.391430053710937500e+02 7.199144897460937500e+02
9.515760498046875000e+02 7.458161621093750000e+02 9.223734130859375000e+02 7.273505249023437500e+02
1.278285278320312500e+03 7.270223388671875000e+02 1.274367309570312500e+03 7.452034912109375000e+02
1.278285278320312500e+03 7.270223388671875000e+02 1.274367309570312500e+03 7.452034912109375000e+02
1.400557617187500000e+03 7.247005004882812500e+02 1.415772338867187500e+03 7.558795776367187500e+02
7.206892700195312500e+02 8.023652954101562500e+02 6.856776733398437500e+02 7.560835571289062500e+02
9.974746704101562500e+02 7.709485473632812500e+02 9.588543090820312500e+02 7.571805419921875000e+02
9.974746704101562500e+02 7.709485473632812500e+02 9.588543090820312500e+02 7.571805419921875000e+02
1.306907958984375000e+03 7.428886108398437500e+02 1.299655029296875000e+03 7.643287353515625000e+02
9.472223510742187500e+02 7.901541748046875000e+02 9.032402343750000000e+02 7.707107543945312500e+02
1.306848510742187500e+03 7.516016845703125000e+02 1.296497436523437500e+03 7.749589843750000000e+02
1.412821166992187500e+03 7.441898193359375000e+02 1.424252441406250000e+03 7.800684814453125000e+02
8.575924072265625000e+02 8.119818725585937500e+02 8.096721801757812500e+02 7.821457519531250000e+02
1.397357666015625000e+03 7.495379638671875000e+02 1.402100097656250000e+03 7.839286499023437500e+02
9.527839965820312500e+02 8.090618896484375000e+02 9.016695556640625000e+02 7.905188598632812500e+02
9.706720581054687500e+02 8.064988403320312500e+02 9.194422607421875000e+02 7.902700195312500000e+02
7.284188842773437500e+02 8.422686157226562500e+02 6.804580078125000000e+02 7.977305908203125000e+02
1.301290283203125000e+03 8.060147705078125000e+02 1.267423706054687500e+03 8.332495117187500000e+02
1.234561401367187500e+03 8.309691162109375000e+02 1.183394531250000000e+03 8.502001342773437500e+02
1.101163208007812500e+03 8.498074340820312500e+02 1.034959838867187500e+03 8.519635009765625000e+02
9.982894287109375000e+02 8.675665283203125000e+02 9.229713745117187500e+02 8.555804443359375000e+02
9.677590942382812500e+02 8.725947875976562500e+02 8.915190429687500000e+02 8.564332275390625000e+02
9.677590942382812500e+02 8.725947875976562500e+02 8.915190429687500000e+02 8.564332275390625000e+02
8.675179443359375000e+02 8.928656616210937500e+02 7.857725219726562500e+02 8.632232666015625000e+02
1.226513793945312500e+03 8.479888916015625000e+02 1.168892211914062500e+03 8.663715820312500000e+02
1.117362304687500000e+03 8.654641113281250000e+02 1.046038574218750000e+03 8.693689575195312500e+02
9.847222900390625000e+02 8.865256958007812500e+02 9.053940429687500000e+02 8.720220336914062500e+02
9.847222900390625000e+02 8.865256958007812500e+02 9.053940429687500000e+02 8.720220336914062500e+02
1.110049438476562500e+03 8.742207031250000000e+02 1.037139892578125000e+03 8.775995483398437500e+02
9.636470947265625000e+02 8.983441772460937500e+02 8.774359741210937500e+02 8.818128662109375000e+02
1.113824584960937500e+03 8.819483642578125000e+02 1.036627563476562500e+03 8.861699218750000000e+02
1.293839477539062500e+03 9.386604614257812500e+02 1.208990844726562500e+03 9.736520996093750000e+02
1.293839477539062500e+03 9.386604614257812500e+02 1.208990844726562500e+03 9.736520996093750000e+02
1.183288208007812500e+03 9.776909790039062500e+02 1.072896240234375000e+03 9.954859008789062500e+02
1.183288208007812500e+03 9.776909790039062500e+02 1.072896240234375000e+03 9.954859008789062500e+02
1.198657348632812500e+03 1.329371948242187500e+02 1.398530029296875000e+03 9.773744964599609375e+01
1.074652832031250000e+03 1.607743988037109375e+02 1.240647827148437500e+03 1.313435211181640625e+02
1.094655380249023438e+02 1.587288208007812500e+02 4.017561340332031250e+02 1.440401306152343750e+02
1.338287109375000000e+03 1.851240692138671875e+02 1.562765136718750000e+03 1.509595642089843750e+02
3.981379699707031250e+02 2.224573059082031250e+02 5.364323120117187500e+02 1.945944824218750000e+02
6.414051513671875000e+02 2.523650054931640625e+02 7.644833984375000000e+02 2.265729522705078125e+02
7.556445922851562500e+02 2.617897949218750000e+02 8.735839843750000000e+02 2.349978332519531250e+02
7.254960937500000000e+02 2.782444763183593750e+02 8.400650634765625000e+02 2.505448913574218750e+02
9.380562133789062500e+02 4.372607727050781250e+02 9.014542846679687500e+02 4.099317626953125000e+02
1.001424926757812500e+03 5.134039306640625000e+02 9.593400878906250000e+02 4.934801940917968750e+02
9.633120727539062500e+02 5.805674438476562500e+02 9.288322143554687500e+02 5.600632934570312500e+02
9.648756103515625000e+02 6.371917724609375000e+02 9.304495849609375000e+02 6.179862060546875000e+02
9.648756103515625000e+02 6.371917724609375000e+02 9.304495849609375000e+02 6.179862060546875000e+02
1.049367309570312500e+03 6.435786743164062500e+02 1.010446105957031250e+03 6.323566894531250000e+02
8.191412353515625000e+02 6.814338378906250000e+02 8.190814208984375000e+02 6.491260986328125000e+02
1.229339233398437500e+03 6.715604248046875000e+02 1.242535888671875000e+03 6.806762695312500000e+02
1.251838745117187500e+03 6.806685791015625000e+02 1.263224609375000000e+03 6.922232055664062500e+02
1.346828735351562500e+03 6.818532714843750000e+02 1.372016723632812500e+03 7.037223510742187500e+02
1.086629638671875000e+03 7.197860717773437500e+02 1.038109497070312500e+03 7.148948974609375000e+02
9.778035888671875000e+02 7.391472778320312500e+02 9.491625976562500000e+02 7.253446044921875000e+02
1.249893920898437500e+03 7.373729248046875000e+02 1.237777099609375000e+03 7.534490966796875000e+02
1.284309570312500000e+03 7.368576660156250000e+02 1.278361694335937500e+03 7.574441528320312500e+02
9.379277954101562500e+02 7.821992797851562500e+02 8.988935546875000000e+02 7.607434692382812500e+02
7.113170166015625000e+02 8.115519409179687500e+02 6.750258789062500000e+02 7.658749389648437500e+02
1.349278564453125000e+03 7.354137573242187500e+02 1.352992309570312500e+03 7.639210815429687500e+02
9.840423583984375000e+02 7.807311401367187500e+02 9.414282226562500000e+02 7.658492431640625000e+02
1.279928100585937500e+03 7.486348266601562500e+02 1.267870117187500000e+03 7.681735229492187500e+02
1.411402709960937500e+03 7.355411376953125000e+02 1.424433837890625000e+03 7.693941040039062500e+02
9.432840576171875000e+02 8.019630737304687500e+02 8.953715820312500000e+02 7.811380004882812500e+02
1.304962036132812500e+03 7.609797973632812500e+02 1.290024291992187500e+03 7.847240600585937500e+02
1.365665405273437500e+03 7.526530761718750000e+02 1.364862426757812500e+03 7.841525268554687500e+02
1.289590820312500000e+03 8.024180908203125000e+02 1.257414916992187500e+03 8.274436645507812500e+02
1.310211669921875000e+03 8.051304931640625000e+02 1.277808593750000000e+03 8.332194824218750000e+02
8.855010986328125000e+02 8.691506958007812500e+02 8.145559082031250000e+02 8.424975585937500000e+02
1.325007568359375000e+03 8.099319458007812500e+02 1.293719116210937500e+03 8.406253051757812500e+02
1.325007568359375000e+03 8.099319458007812500e+02 1.293719116210937500e+03 8.406253051757812500e+02
1.135617431640625000e+03 8.404281005859375000e+02 1.073959716796875000e+03 8.451894531250000000e+02
1.135617431640625000e+03 8.404281005859375000e+02 1.073959716796875000e+03 8.451894531250000000e+02
1.184946166992187500e+03 8.329454345703125000e+02 1.130651733398437500e+03 8.448413696289062500e+02
1.472685302734375000e+03 7.948693847656250000e+02 1.473148803710937500e+03 8.439032592773437500e+02
1.360665405273437500e+03 8.282210083007812500e+02 1.327205078125000000e+03 8.660121459960937500e+02
1.014558959960937500e+03 8.800237426757812500e+02 9.355536499023437500e+02 8.696926879882812500e+02
1.127724121093750000e+03 8.683801879882812500e+02 1.055128662109375000e+03 8.745543212890625000e+02
1.340463134765625000e+03 8.453674316406250000e+02 1.295812500000000000e+03 8.799194335937500000e+02
9.870725708007812500e+02 8.985026245117187500e+02 9.021531372070312500e+02 8.826476440429687500e+02
1.214102172851562500e+03 8.668964843750000000e+02 1.147289184570312500e+03 8.852202758789062500e+02
1.229661376953125000e+03 8.728784790039062500e+02 1.163073242187500000e+03 8.937929077148437500e+02
1.229661376953125000e+03 8.728784790039062500e+02 1.163073242187500000e+03 8.937929077148437500e+02
1.045788208007812500e+03 1.015590393066406250e+03 9.164833984375000000e+02 1.012496704101562500e+03
1.045788208007812500e+03 1.015590393066406250e+03 9.164833984375000000e+02 1.012496704101562500e+03
1.191435852050781250e+02 2.986246109008789062e+01 4.137279052734375000e+02 2.906394195556640625e+01
1.303440063476562500e+03 9.666521453857421875e+01 1.527882568359375000e+03 5.377552032470703125e+01
1.077664794921875000e+02 6.293361663818359375e+01 3.996146240234375000e+02 5.522847366333007812e+01
1.322141357421875000e+03 1.174139556884765625e+02 1.548038085937500000e+03 7.149859619140625000e+01
1.171812973022460938e+02 8.955018615722656250e+01 4.064370727539062500e+02 7.800141906738281250e+01
3.953255462646484375e+01 1.289271850585937500e+02 3.482283020019531250e+02 1.177087554931640625e+02
1.321653076171875000e+03 1.530655364990234375e+02 1.544822631835937500e+03 1.165912322998046875e+02
1.332516601562500000e+03 1.658294219970703125e+02 1.557240234375000000e+03 1.301057891845703125e+02
1.049607543945312500e+03 1.613206024169921875e+02 1.211590820312500000e+03 1.315455627441406250e+02
1.322162353515625000e+03 1.735750427246093750e+02 1.542091796875000000e+03 1.396385498046875000e+02
1.483012695312500000e+03 2.285384674072265625e+02 1.738308837890625000e+03 2.010319519042968750e+02
1.343580322265625000e+03 2.991536560058593750e+02 1.560105834960937500e+03 2.807666320800781250e+02
1.050692749023437500e+03 3.373656921386718750e+02 1.203659545898437500e+03 3.166353759765625000e+02
1.339069335937500000e+03 3.359815979003906250e+02 1.548915039062500000e+03 3.228363342285156250e+02
1.077960937500000000e+03 4.126395568847656250e+02 1.227817749023437500e+03 3.968740234375000000e+02
9.344603271484375000e+02 4.599987182617187500e+02 9.026824951171875000e+02 4.344867858886718750e+02
9.667875976562500000e+02 5.921828002929687500e+02 9.345661621093750000e+02 5.718137817382812500e+02
9.667875976562500000e+02 5.921828002929687500e+02 9.345661621093750000e+02 5.718137817382812500e+02
9.296728515625000000e+02 5.979561157226562500e+02 9.020310668945312500e+02 5.756434326171875000e+02
1.006095336914062500e+03 6.049941406250000000e+02 9.660902099609375000e+02 5.873653564453125000e+02
9.584308471679687500e+02 6.488435668945312500e+02 9.244250488281250000e+02 6.297360229492187500e+02
1.028139404296875000e+03 6.696331787109375000e+02 9.849316406250000000e+02 6.568890380859375000e+02
1.300020874023437500e+03 6.643729858398437500e+02 1.325290649414062500e+03 6.804157104492187500e+02
1.300020874023437500e+03 6.643729858398437500e+02 1.325290649414062500e+03 6.804157104492187500e+02
1.224672363281250000e+03 6.866898193359375000e+02 1.230431518554687500e+03 6.964587402343750000e+02
8.307796630859375000e+02 7.343294067382812500e+02 8.121632690429687500e+02 7.024965820312500000e+02
1.243801513671875000e+03 6.969031372070312500e+02 1.249472167968750000e+03 7.087347412109375000e+02
9.288798217773437500e+02 7.461313476562500000e+02 9.008194580078125000e+02 7.246804809570312500e+02
9.288798217773437500e+02 7.461313476562500000e+02 9.008194580078125000e+02 7.246804809570312500e+02
1.290207275390625000e+03 7.279399414062500000e+02 1.288090942382812500e+03 7.478924560546875000e+02
1.274531494140625000e+03 7.369230957031250000e+02 1.265425903320312500e+03 7.542022094726562500e+02
1.385984741210937500e+03 7.234511108398437500e+02 1.400285156250000000e+03 7.541256103515625000e+02
1.369760620117187500e+03 7.275322875976562500e+02 1.379211181640625000e+03 7.573491821289062500e+02
1.260666748046875000e+03 7.451556396484375000e+02 1.247879882812500000e+03 7.617321777343750000e+02
9.767728271484375000e+02 7.845209350585937500e+02 9.334982299804687500e+02 7.682374877929687500e+02
1.399211181640625000e+03 7.380343627929687500e+02 1.410502929687500000e+03 7.741858520507812500e+02
1.291346679687500000e+03 7.559643554687500000e+02 1.277047119140625000e+03 7.777256469726562500e+02
1.291346679687500000e+03 7.559643554687500000e+02 1.277047119140625000e+03 7.777256469726562500e+02
9.918266601562500000e+02 8.034498291015625000e+02 9.416035156250000000e+02 7.892810668945312500e+02
8.541133422851562500e+02 8.233289184570312500e+02 8.018155517578125000e+02 7.924880981445312500e+02
7.008084716796875000e+02 8.452500000000000000e+02 6.560747070312500000e+02 7.963651733398437500e+02
1.048218994140625000e+03 8.046036376953125000e+02 9.964306030273437500e+02 7.968184814453125000e+02
1.008644226074218750e+03 8.097637939453125000e+02 9.553167114257812500e+02 7.986449584960937500e+02
9.820246582031250000e+02 8.152017211914062500e+02 9.271815795898437500e+02 8.003172607421875000e+02
9.482899169921875000e+02 8.204398803710937500e+02 8.942148437500000000e+02 8.015072021484375000e+02
1.323242919921875000e+03 7.987578735351562500e+02 1.296905883789062500e+03 8.282301635742187500e+02
8.722065429687500000e+02 8.635456542968750000e+02 8.026956176757812500e+02 8.343851318359375000e+02
7.206708374023437500e+02 8.887573852539062500e+02 6.540900268554687500e+02 8.395933837890625000e+02
1.208436645507812500e+03 8.300825805664062500e+02 1.155131225585937500e+03 8.455112304687500000e+02
1.108077514648437500e+03 8.449447631835937500e+02 1.044835571289062500e+03 8.462610473632812500e+02
1.454247192382812500e+03 8.041305541992187500e+02 1.448114013671875000e+03 8.534948730468750000e+02
1.255752563476562500e+03 8.337606201171875000e+02 1.206087646484375000e+03 8.554470825195312500e+02
8.437050170898437500e+02 8.919798583984375000e+02 7.674434814453125000e+02 8.592629394531250000e+02
1.466799072265625000e+03 8.126026000976562500e+02 1.460699584960937500e+03 8.655421142578125000e+02
1.466799072265625000e+03 8.126026000976562500e+02 1.460699584960937500e+03 8.655421142578125000e+02
1.232422851562500000e+03 8.597077636718750000e+02 1.170279174804687500e+03 8.799775390625000000e+02
1.246019775390625000e+03 8.672507934570312500e+02 1.182514038085937500e+03 8.894468383789062500e+02
1.246019775390625000e+03 8.672507934570312500e+02 1.182514038085937500e+03 8.894468383789062500e+02
1.119239746093750000e+03 8.965109863281250000e+02 1.035640380859375000e+03 9.025404052734375000e+02
9.816505126953125000e+02 9.195923461914062500e+02 8.887414550781250000e+02 9.066289672851562500e+02
1.263953125000000000e+03 9.251013183593750000e+02 1.181253784179687500e+03 9.539443969726562500e+02
1.269775024414062500e+03 9.414780273437500000e+02 1.177331054687500000e+03 9.716721191406250000e+02
8.904501342773437500e+02 1.003668884277343750e+03 7.725767822265625000e+02 9.752409057617187500e+02
1.252776367187500000e+03 9.477414550781250000e+02 1.160215332031250000e+03 9.765150756835937500e+02
1.307708862304687500e+03 9.665738525390625000e+02 1.210659912109375000e+03 1.005979003906250000e+03
1.307708862304687500e+03 9.665738525390625000e+02 1.210659912109375000e+03 1.005979003906250000e+03
1.143194946289062500e+03 9.980642089843750000e+02 1.021308654785156250e+03 1.010947875976562500e+03
1.316463623046875000e+03 9.790549316406250000e+02 1.215459106445312500e+03 1.020588806152343750e+03
1.238876419067382812e+02 1.330520439147949219e+01 4.167255554199218750e+02 1.400388050079345703e+01
1.398922363281250000e+03 8.705630493164062500e+01 1.645734497070312500e+03 3.914611816406250000e+01
1.200847534179687500e+03 1.025999832153320312e+02 1.403921386718750000e+03 6.257905960083007812e+01
1.214727050781250000e+03 1.358315429687500000e+02 1.418484985351562500e+03 9.812747955322265625e+01
1.656766052246093750e+02 1.324350433349609375e+02 4.476684875488281250e+02 1.210490646362304688e+02
9.950943603515625000e+02 1.565190124511718750e+02 1.147040649414062500e+03 1.273355331420898438e+02
1.064143798828125000e+03 1.722757873535156250e+02 1.227526245117187500e+03 1.411459503173828125e+02
1.037278076171875000e+03 1.786210937500000000e+02 1.196577270507812500e+03 1.476394500732421875e+02
1.656791839599609375e+02 1.864042205810546875e+02 4.405679626464843750e+02 1.682502441406250000e+02
6.798001708984375000e+02 2.493595275878906250e+02 7.967526855468750000e+02 2.222103118896484375e+02
1.444112304687500000e+03 2.905079650878906250e+02 1.675163085937500000e+03 2.745773010253906250e+02
1.069519287109375000e+03 3.914412841796875000e+02 1.220459716796875000e+03 3.746457824707031250e+02
9.751968383789062500e+02 4.177592468261718750e+02 9.488732299804687500e+02 3.946682739257812500e+02
1.556850341796875000e+03 4.186962280273437500e+02 1.810735717773437500e+03 4.266376342773437500e+02
1.005608154296875000e+03 5.642573242187500000e+02 9.650433959960937500e+02 5.459786376953125000e+02
9.998806762695312500e+02 5.858262939453125000e+02 9.631688232421875000e+02 5.696582031250000000e+02
1.291317626953125000e+03 6.670155029296875000e+02 1.311418334960937500e+03 6.825755004882812500e+02
1.291317626953125000e+03 6.670155029296875000e+02 1.311418334960937500e+03 6.825755004882812500e+02
1.310009033203125000e+03 6.757393798828125000e+02 1.328721923828125000e+03 6.950833740234375000e+02
9.100150756835937500e+02 7.336690063476562500e+02 8.864239501953125000e+02 7.102080688476562500e+02
1.366513671875000000e+03 7.280637817382812500e+02 1.373921264648437500e+03 7.569263305664062500e+02
9.593591308593750000e+02 7.805671997070312500e+02 9.171043090820312500e+02 7.624958496093750000e+02
9.986830444335937500e+02 7.876589965820312500e+02 9.540838623046875000e+02 7.752747192382812500e+02
1.145309448242187500e+03 8.341770019531250000e+02 1.088239990234375000e+03 8.413914184570312500e+02
1.126083251953125000e+03 8.516157226562500000e+02 1.061763671875000000e+03 8.582512207031250000e+02
1.009240600585937500e+03 8.689081420898437500e+02 9.347257080078125000e+02 8.625768432617187500e+02
1.201591674804687500e+03 8.551611328125000000e+02 1.139367919921875000e+03 8.700576171875000000e+02
1.218823364257812500e+03 8.506060791015625000e+02 1.158740600585937500e+03 8.674207763671875000e+02
1.218823364257812500e+03 8.506060791015625000e+02 1.158740600585937500e+03 8.674207763671875000e+02
9.998710327148437500e+02 8.851203613281250000e+02 9.194754638671875000e+02 8.731976928710937500e+02
9.998710327148437500e+02 8.851203613281250000e+02 9.194754638671875000e+02 8.731976928710937500e+02
1.127808349609375000e+03 8.834991455078125000e+02 1.050273071289062500e+03 8.894875488281250000e+02
1.155704956054687500e+03 9.448986816406250000e+02 1.056685180664062500e+03 9.560312500000000000e+02
1.176335327148437500e+03 9.525598754882812500e+02 1.074756958007812500e+03 9.688021850585937500e+02
1.333067016601562500e+03 9.852321777343750000e+02 1.231408569335937500e+03 1.030541259765625000e+03
1.219422973632812500e+03 7.132653808593750000e+01 1.428649414062500000e+03 2.711297035217285156e+01
1.291407348632812500e+03 8.001842498779296875e+01 1.508121948242187500e+03 3.308459854125976562e+01
1.234896850585937500e+03 8.566503906250000000e+01 1.445704345703125000e+03 4.174806213378906250e+01
1.249902343750000000e+03 1.007626113891601562e+02 1.460639038085937500e+03 5.672929000854492188e+01
1.337013549804687500e+03 1.012325820922851562e+02 1.566094482421875000e+03 5.917833709716796875e+01
1.217241821289062500e+03 1.043307571411132812e+02 1.424043212890625000e+03 6.424845123291015625e+01
5.542608642578125000e+01 8.077665710449218750e+01 3.612416076660156250e+02 7.613991546630859375e+01
1.306743164062500000e+03 1.597554168701171875e+02 1.525414916992187500e+03 1.233868179321289062e+02
1.222045043945312500e+03 1.730931243896484375e+02 1.426291748046875000e+03 1.396111450195312500e+02
1.645515136718750000e+02 2.136250305175781250e+02 4.347717285156250000e+02 1.911498718261718750e+02
4.355218811035156250e+02 2.568986206054687500e+02 5.714649047851562500e+02 2.282829132080078125e+02
1.064956542968750000e+03 2.803386230468750000e+02 1.219376098632812500e+03 2.610706787109375000e+02
1.444112304687500000e+03 2.905079650878906250e+02 1.675384521484375000e+03 2.738775024414062500e+02
1.408610961914062500e+03 7.915704956054687500e+02 1.398685302734375000e+03 8.331963500976562500e+02
8.313364868164062500e+02 8.762245483398437500e+02 7.623853149414062500e+02 8.411708984375000000e+02
8.604058227539062500e+02 8.687631835937500000e+02 7.857786254882812500e+02 8.391255493164062500e+02
1.219191284179687500e+03 8.311450195312500000e+02 1.166579589843750000e+03 8.482085571289062500e+02
1.427388427734375000e+03 8.007174072265625000e+02 1.416909545898437500e+03 8.481887817382812500e+02
1.310864501953125000e+03 8.216943359375000000e+02 1.273546020507812500e+03 8.504395141601562500e+02
1.094333862304687500e+03 8.621463623046875000e+02 1.024194458007812500e+03 8.632781372070312500e+02
1.253387084960937500e+03 8.552356567382812500e+02 1.195980224609375000e+03 8.773284912109375000e+02
1.253387084960937500e+03 8.552356567382812500e+02 1.195980224609375000e+03 8.773284912109375000e+02
1.439088256835937500e+03 8.268266601562500000e+02 1.420159545898437500e+03 8.754796142578125000e+02
1.475840698242187500e+03 8.232063598632812500e+02 1.464455688476562500e+03 8.751661376953125000e+02
1.003476867675781250e+03 9.736046142578125000e+02 8.900301513671875000e+02 9.621744384765625000e+02
1.146830688476562500e+03 9.668955078125000000e+02 1.038161987304687500e+03 9.783119506835937500e+02
1.294861206054687500e+03 9.525327758789062500e+02 1.201881835937500000e+03 9.890977783203125000e+02
1.328598632812500000e+03 9.473170166015625000e+02 1.241284301757812500e+03 9.890330200195312500e+02
1.126987792968750000e+03 9.808215332031250000e+02 1.012689514160156250e+03 9.900501098632812500e+02
1.008362426757812500e+03 1.029479003906250000e+03 8.749846191406250000e+02 1.019875732421875000e+03
1.189085327148437500e+03 1.008080200195312500e+03 1.066228759765625000e+03 1.028948852539062500e+03
1.004737426757812500e+03 6.272584533691406250e+01 1.163819213867187500e+03 2.846469497680664062e+01
1.321428100585937500e+03 8.480125427246093750e+01 1.548034423828125000e+03 3.943927764892578125e+01
1.430970214843750000e+03 9.524208068847656250e+01 1.686587158203125000e+03 4.737428665161132812e+01
1.415433349609375000e+02 9.353417205810546875e+01 4.301054382324218750e+02 8.609269714355468750e+01
7.000118408203125000e+02 1.693988494873046875e+02 8.299815673828125000e+02 1.436576080322265625e+02
7.000118408203125000e+02 1.693988494873046875e+02 8.299815673828125000e+02 1.436576080322265625e+02
1.487972045898437500e+03 2.020645294189453125e+02 1.745492675781250000e+03 1.705522613525390625e+02
6.332152709960937500e+02 2.382837829589843750e+02 7.563175659179687500e+02 2.104247741699218750e+02
1.347330932617187500e+03 2.641123352050781250e+02 1.569036254882812500e+03 2.420486145019531250e+02
1.418352416992187500e+03 2.956621093750000000e+02 1.644660156250000000e+03 2.792924804687500000e+02
1.062960327148437500e+03 3.103182373046875000e+02 1.217463134765625000e+03 2.882987670898437500e+02
6.574193115234375000e+02 3.207308654785156250e+02 7.751448974609375000e+02 2.897193603515625000e+02
1.575616699218750000e+03 3.081805419921875000e+02 1.849554321289062500e+03 2.960855407714843750e+02
8.978439941406250000e+02 4.731606750488281250e+02 8.760552368164062500e+02 4.446217346191406250e+02
1.006520385742187500e+03 6.951257934570312500e+02 9.617733154296875000e+02 6.800358886718750000e+02
7.590834960937500000e+02 8.893858032226562500e+02 6.897587280273437500e+02 8.454935913085937500e+02
1.377848876953125000e+03 8.348992309570312500e+02 1.344546386718750000e+03 8.735843505859375000e+02
1.377848876953125000e+03 8.348992309570312500e+02 1.344546386718750000e+03 8.735843505859375000e+02
1.150924194335937500e+03 8.846135253906250000e+02 1.073628784179687500e+03 8.944577636718750000e+02
1.272888183593750000e+03 9.734404296875000000e+02 1.170333984375000000e+03 1.008592590332031250e+03
1.440564086914062500e+03 7.750417327880859375e+01 1.704773437500000000e+03 2.649949455261230469e+01
7.348561401367187500e+02 1.827374877929687500e+02 8.610105590820312500e+02 1.578045196533203125e+02
7.348561401367187500e+02 1.827374877929687500e+02 8.610105590820312500e+02 1.578045196533203125e+02
1.549868896484375000e+03 2.120543365478515625e+02 1.818492065429687500e+03 1.833399505615234375e+02
1.439739501953125000e+03 2.160397186279296875e+02 1.678611694335937500e+03 1.900583648681640625e+02
1.483490112304687500e+03 2.562710266113281250e+02 1.734473022460937500e+03 2.330730133056640625e+02
1.518600341796875000e+03 2.569759826660156250e+02 1.779897827148437500e+03 2.349306793212890625e+02
7.292809448242187500e+02 2.999666442871093750e+02 8.562984619140625000e+02 2.678115539550781250e+02
1.557092773437500000e+03 3.256900024414062500e+02 1.825304687500000000e+03 3.213543090820312500e+02
1.087011108398437500e+03 3.689475708007812500e+02 1.243830566406250000e+03 3.485997314453125000e+02
1.105799194335937500e+03 5.815316772460937500e+02 1.090688720703125000e+03 5.694487304687500000e+02
1.312386108398437500e+03 7.170252685546875000e+02 1.316197631835937500e+03 7.388781127929687500e+02
1.212035644531250000e+03 8.044265136718750000e+02 1.165324340820312500e+03 8.202716674804687500e+02
1.391776245117187500e+03 8.119609375000000000e+02 1.370181152343750000e+03 8.521016235351562500e+02
1.052180541992187500e+03 8.794259033203125000e+02 9.738695068359375000e+02 8.736661376953125000e+02
1.052180541992187500e+03 8.794259033203125000e+02 9.738695068359375000e+02 8.736661376953125000e+02
7.331663208007812500e+02 9.655322875976562500e+02 6.413961791992187500e+02 9.156510009765625000e+02
7.331663208007812500e+02 9.655322875976562500e+02 6.413961791992187500e+02 9.156510009765625000e+02
6.671387329101562500e+02 1.971365509033203125e+02 7.876919555664062500e+02 1.668568572998046875e+02
1.459131835937500000e+03 1.927406921386718750e+02 1.709424682617187500e+03 1.630800781250000000e+02
7.300552368164062500e+02 2.306844024658203125e+02 8.469026489257812500e+02 2.036547546386718750e+02
6.781336669921875000e+02 2.388038482666015625e+02 8.027827148437500000e+02 2.101557922363281250e+02
1.209827514648437500e+03 2.384990997314453125e+02 1.405755493164062500e+03 2.078961486816406250e+02
1.074145141601562500e+03 2.721803894042968750e+02 1.235136108398437500e+03 2.457963867187500000e+02
1.234656616210937500e+03 3.117740173339843750e+02 1.428248779296875000e+03 2.926170959472656250e+02
1.234656616210937500e+03 3.117740173339843750e+02 1.428248779296875000e+03 2.926170959472656250e+02
8.994555664062500000e+02 4.255520019531250000e+02 8.826033935546875000e+02 4.004481201171875000e+02
1.042225219726562500e+03 6.258035278320312500e+02 1.008223999023437500e+03 6.111419067382812500e+02
1.387543701171875000e+03 6.877565917968750000e+02 1.418162353515625000e+03 7.149181518554687500e+02
1.040888183593750000e+03 8.281056518554687500e+02 9.863166503906250000e+02 8.160233764648437500e+02
1.440656250000000000e+03 1.382746734619140625e+02 1.694237304687500000e+03 9.277796173095703125e+01
1.248281250000000000e+03 1.504792175292968750e+02 1.459908813476562500e+03 1.126035766601562500e+02
1.296360961914062500e+03 3.144421386718750000e+02 1.501379272460937500e+03 2.963754882812500000e+02
1.296360961914062500e+03 3.144421386718750000e+02 1.501379272460937500e+03 2.963754882812500000e+02
1.356871948242187500e+03 3.224346618652343750e+02 1.575793579101562500e+03 3.092945556640625000e+02
1.241654174804687500e+03 7.931054687500000000e+02 1.215319091796875000e+03 8.140706176757812500e+02
1.220957763671875000e+03 8.493189086914062500e+02 1.166853637695312500e+03 8.678942871093750000e+02
1.319866577148437500e+03 8.820699462890625000e+02 1.259832641601562500e+03 9.175988769531250000e+02
1.319866577148437500e+03 8.820699462890625000e+02 1.259832641601562500e+03 9.175988769531250000e+02
1.193439697265625000e+03 9.042023315429687500e+02 1.116540893554687500e+03 9.234484252929687500e+02
1.458417480468750000e+03 7.498495483398437500e+02 1.475443603515625000e+03 7.897374877929687500e+02
1.171438842773437500e+03 9.337184906005859375e+01 1.378365112304687500e+03 5.110922241210937500e+01
7.008496704101562500e+02 2.733898925781250000e+02 8.188544921875000000e+02 2.477564697265625000e+02
1.135343261718750000e+03 7.670322875976562500e+02 1.091998901367187500e+03 7.703234863281250000e+02
1.135343261718750000e+03 7.670322875976562500e+02 1.091998901367187500e+03 7.703234863281250000e+02
1.152517822265625000e+03 6.251248779296875000e+02 1.154195678710937500e+03 6.255372314453125000e+02
