1.300513549804687500e+03 9.623917846679687500e+02 4.778335266113281250e+02 8.155090332031250000e+02
1.240411010742187500e+03 8.603019409179687500e+02 5.795598144531250000e+02 8.500777587890625000e+02
1.129166259765625000e+03 9.656876831054687500e+02 9.706956787109375000e+02 9.184860839843750000e+02
1.129166259765625000e+03 9.656876831054687500e+02 9.706956787109375000e+02 9.184860839843750000e+02
1.123251464843750000e+03 9.572452392578125000e+02 5.978305664062500000e+02 7.224537353515625000e+02
1.192959106445312500e+03 9.777803955078125000e+02 5.423895263671875000e+02 7.488960571289062500e+02
1.219037231445312500e+03 8.416811523437500000e+02 6.092622680664062500e+02 8.505386352539062500e+02
8.667664184570312500e+02 9.097921752929687500e+02 6.163135375976562500e+02 1.025909790039062500e+03
1.159866333007812500e+03 9.859686889648437500e+02 5.627269897460937500e+02 7.263041992187500000e+02
1.267114624023437500e+03 9.540374145507812500e+02 5.062077331542968750e+02 8.004100341796875000e+02
1.281578491210937500e+03 9.589319458007812500e+02 4.926617431640625000e+02 8.039133911132812500e+02
1.269775024414062500e+03 9.414780273437500000e+02 5.101778869628906250e+02 8.082996826171875000e+02
1.300914184570312500e+03 9.700856933593750000e+02 4.726780700683593750e+02 8.116433715820312500e+02
1.214102172851562500e+03 8.668964843750000000e+02 5.961293945312500000e+02 8.257299194335937500e+02
1.293839477539062500e+03 9.386604614257812500e+02 4.920010986328125000e+02 8.285830078125000000e+02
1.293839477539062500e+03 9.386604614257812500e+02 4.920010986328125000e+02 8.285830078125000000e+02
1.229661376953125000e+03 8.728784790039062500e+02 5.795170898437500000e+02 8.325814819335937500e+02
1.229661376953125000e+03 8.728784790039062500e+02 5.795170898437500000e+02 8.325814819335937500e+02
1.226513793945312500e+03 8.479888916015625000e+02 6.005245361328125000e+02 8.493782348632812500e+02
1.135429443359375000e+03 9.555956420898437500e+02 9.664552001953125000e+02 9.087022705078125000e+02
1.123251464843750000e+03 9.572452392578125000e+02 9.617480468750000000e+02 9.179575805664062500e+02
1.280158813476562500e+03 7.427115478515625000e+02 6.550552978515625000e+02 1.026647583007812500e+03
1.155704956054687500e+03 9.448986816406250000e+02 5.860531005859375000e+02 7.447147216796875000e+02
1.252776367187500000e+03 9.477414550781250000e+02 5.200408325195312500e+02 7.968886108398437500e+02
1.263953125000000000e+03 9.251013183593750000e+02 5.238895263671875000e+02 8.169613647460937500e+02
1.210628173828125000e+03 8.428521118164062500e+02 6.159105224609375000e+02 8.421407470703125000e+02
1.243066040039062500e+03 8.451477050781250000e+02 5.881595458984375000e+02 8.652338867187500000e+02
1.234561401367187500e+03 8.309691162109375000e+02 6.070993041992187500e+02 8.716287231445312500e+02
1.301290283203125000e+03 8.060147705078125000e+02 5.698182373046875000e+02 9.565886840820312500e+02
1.350767333984375000e+03 8.293332519531250000e+02 5.060382080078125000e+02 9.736910400390625000e+02
1.325007568359375000e+03 8.099319458007812500e+02 5.438636474609375000e+02 9.745235595703125000e+02
1.189085327148437500e+03 1.008080200195312500e+03 5.321745605468750000e+02 7.314794311523437500e+02
1.294861206054687500e+03 9.525327758789062500e+02 4.870388488769531250e+02 8.175997314453125000e+02
1.216438842773437500e+03 8.802394409179687500e+02 5.848131103515625000e+02 8.176975708007812500e+02
1.333067016601562500e+03 9.852321777343750000e+02 4.440803833007812500e+02 8.199178466796875000e+02
1.280023193359375000e+03 9.329216918945312500e+02 5.068569946289062500e+02 8.217088012695312500e+02
1.332089477539062500e+03 9.647343139648437500e+02 4.506327514648437500e+02 8.323654174804687500e+02
1.246019775390625000e+03 8.672507934570312500e+02 5.716356811523437500e+02 8.471440429687500000e+02
1.246019775390625000e+03 8.672507934570312500e+02 5.716356811523437500e+02 8.471440429687500000e+02
1.233216552734375000e+03 8.411558227539062500e+02 6.008421630859375000e+02 8.617288818359375000e+02
1.255752563476562500e+03 8.337606201171875000e+02 5.870496826171875000e+02 8.839023437500000000e+02
1.335768432617187500e+03 8.241523437500000000e+02 5.220154418945312500e+02 9.660205688476562500e+02
1.345286621093750000e+03 8.085234985351562500e+02 5.248385620117187500e+02 9.982374877929687500e+02
1.270645629882812500e+03 7.319639282226562500e+02 6.753934936523437500e+02 1.032737060546875000e+03
1.146830688476562500e+03 9.668955078125000000e+02 5.794191894531250000e+02 7.296831665039062500e+02
1.328598632812500000e+03 9.473170166015625000e+02 4.634403381347656250e+02 8.422351074218750000e+02
1.218823364257812500e+03 8.506060791015625000e+02 6.049869384765625000e+02 8.419390258789062500e+02
1.218823364257812500e+03 8.506060791015625000e+02 6.049869384765625000e+02 8.419390258789062500e+02
1.126987792968750000e+03 9.808215332031250000e+02 9.759064331054687500e+02 9.286826782226562500e+02
1.340463134765625000e+03 8.453674316406250000e+02 5.052394104003906250e+02 9.441434936523437500e+02
1.291346679687500000e+03 7.559643554687500000e+02 6.270499267578125000e+02 1.017831665039062500e+03
1.291346679687500000e+03 7.559643554687500000e+02 6.270499267578125000e+02 1.017831665039062500e+03
1.284309570312500000e+03 7.368576660156250000e+02 6.515185546875000000e+02 1.041389160156250000e+03
1.272888183593750000e+03 9.734404296875000000e+02 4.919624938964843750e+02 7.920722656250000000e+02
1.219191284179687500e+03 8.311450195312500000e+02 6.209591064453125000e+02 8.581846923828125000e+02
1.273894409179687500e+03 8.688365478515625000e+02 5.478222656250000000e+02 8.659970703125000000e+02
1.253387084960937500e+03 8.552356567382812500e+02 5.741840820312500000e+02 8.636013183593750000e+02
1.253387084960937500e+03 8.552356567382812500e+02 5.741840820312500000e+02 8.636013183593750000e+02
1.310864501953125000e+03 8.216943359375000000e+02 5.501396484375000000e+02 9.459655151367187500e+02
1.212035644531250000e+03 8.044265136718750000e+02 6.481766357421875000e+02 8.780742797851562500e+02
1.319866577148437500e+03 8.820699462890625000e+02 5.006282043457031250e+02 8.930405273437500000e+02
