1.316324707031250000e+03 9.695010375976562500e+02 4.401859436035156250e+02 8.732183227539062500e+02
1.240411010742187500e+03 8.603019409179687500e+02 5.805386962890625000e+02 8.785815429687500000e+02
1.240411010742187500e+03 8.603019409179687500e+02 5.805386962890625000e+02 8.785815429687500000e+02
1.145085327148437500e+03 9.520080566406250000e+02 5.477697753906250000e+02 7.670404663085937500e+02
1.329910766601562500e+03 9.752402954101562500e+02 4.264169311523437500e+02 8.815670166015625000e+02
1.169533081054687500e+03 1.005679138183593750e+03 4.956679992675781250e+02 7.626338500976562500e+02
1.113824584960937500e+03 8.819483642578125000e+02 6.247105102539062500e+02 7.737705688476562500e+02
1.128330444335937500e+03 8.898660888671875000e+02 6.096594238281250000e+02 7.781373291015625000e+02
1.214102172851562500e+03 8.668964843750000000e+02 5.890747070312500000e+02 8.529073486328125000e+02
1.214102172851562500e+03 8.668964843750000000e+02 5.890747070312500000e+02 8.529073486328125000e+02
1.196404541015625000e+03 8.366422729492187500e+02 6.318935546875000000e+02 8.560278320312500000e+02
1.274005249023437500e+03 9.297576904296875000e+02 4.945083007812500000e+02 8.651385498046875000e+02
1.056273071289062500e+03 1.013283813476562500e+03 8.795561523437500000e+02 1.003789916992187500e+03
1.056273071289062500e+03 1.013283813476562500e+03 8.795561523437500000e+02 1.003789916992187500e+03
1.048895629882812500e+03 1.026576904296875000e+03 8.899524536132812500e+02 1.015603393554687500e+03
1.048895629882812500e+03 1.026576904296875000e+03 8.899524536132812500e+02 1.015603393554687500e+03
1.143194946289062500e+03 9.980642089843750000e+02 5.125628662109375000e+02 7.526845703125000000e+02
1.133222656250000000e+03 9.481207275390625000e+02 5.570102539062500000e+02 7.628540649414062500e+02
1.200374267578125000e+03 9.918759155273437500e+02 4.917603759765625000e+02 7.853474731445312500e+02
1.252776367187500000e+03 9.477414550781250000e+02 4.931512145996093750e+02 8.402737426757812500e+02
1.255762084960937500e+03 9.349765014648437500e+02 5.025136413574218750e+02 8.479161987304687500e+02
1.289485107421875000e+03 9.721450195312500000e+02 4.533326416015625000e+02 8.532680053710937500e+02
1.297579345703125000e+03 9.810072631835937500e+02 4.432583618164062500e+02 8.540034179687500000e+02
1.269775024414062500e+03 9.414780273437500000e+02 4.896523437500000000e+02 8.543021850585937500e+02
1.229661376953125000e+03 8.728784790039062500e+02 5.738377075195312500e+02 8.624476318359375000e+02
1.229661376953125000e+03 8.728784790039062500e+02 5.738377075195312500e+02 8.624476318359375000e+02
1.210628173828125000e+03 8.428521118164062500e+02 6.172656250000000000e+02 8.643317260742187500e+02
1.210628173828125000e+03 8.428521118164062500e+02 6.172656250000000000e+02 8.643317260742187500e+02
1.316463623046875000e+03 9.790549316406250000e+02 4.321873474121093750e+02 8.699551391601562500e+02
1.293839477539062500e+03 9.386604614257812500e+02 4.759511718750000000e+02 8.763132934570312500e+02
1.293839477539062500e+03 9.386604614257812500e+02 4.759511718750000000e+02 8.763132934570312500e+02
1.302538085937500000e+03 9.373743896484375000e+02 4.726671447753906250e+02 8.814525756835937500e+02
1.342784912109375000e+03 9.751754150390625000e+02 4.198871154785156250e+02 8.912852783203125000e+02
1.316376953125000000e+03 9.356804199218750000e+02 4.653690795898437500e+02 8.941397094726562500e+02
1.061853271484375000e+03 1.024970336914062500e+03 8.919196777343750000e+02 1.003225524902343750e+03
1.357094482421875000e+03 8.374270019531250000e+02 5.305137329101562500e+02 1.013033996582031250e+03
1.350767333984375000e+03 8.293332519531250000e+02 5.440365600585937500e+02 1.013968200683593750e+03
1.045788208007812500e+03 1.015590393066406250e+03 8.784554443359375000e+02 1.014331481933593750e+03
1.045788208007812500e+03 1.015590393066406250e+03 8.784554443359375000e+02 1.014331481933593750e+03
1.280158813476562500e+03 7.427115478515625000e+02 7.166091918945312500e+02 1.026465698242187500e+03
1.037220336914062500e+03 1.030184936523437500e+03 8.897431640625000000e+02 1.027501953125000000e+03
1.189085327148437500e+03 1.008080200195312500e+03 4.850061035156250000e+02 7.720322875976562500e+02
1.155704956054687500e+03 9.448986816406250000e+02 5.485023803710937500e+02 7.777750244140625000e+02
1.176335327148437500e+03 9.525598754882812500e+02 5.331397705078125000e+02 7.849484863281250000e+02
1.202177856445312500e+03 9.745687255859375000e+02 5.020691833496093750e+02 7.924062500000000000e+02
1.241995971679687500e+03 9.290217285156250000e+02 5.149771118164062500e+02 8.421165771484375000e+02
1.241995971679687500e+03 9.290217285156250000e+02 5.149771118164062500e+02 8.421165771484375000e+02
1.281578491210937500e+03 9.589319458007812500e+02 4.679544372558593750e+02 8.528658447265625000e+02
1.263953125000000000e+03 9.251013183593750000e+02 5.053374633789062500e+02 8.610632324218750000e+02
1.280023193359375000e+03 9.329216918945312500e+02 4.897771301269531250e+02 8.676164550781250000e+02
1.307708862304687500e+03 9.665738525390625000e+02 4.471434326171875000e+02 8.695791015625000000e+02
1.307708862304687500e+03 9.665738525390625000e+02 4.471434326171875000e+02 8.695791015625000000e+02
1.333067016601562500e+03 9.852321777343750000e+02 4.191978759765625000e+02 8.779284667968750000e+02
1.233216552734375000e+03 8.411558227539062500e+02 6.067306518554687500e+02 8.857050170898437500e+02
1.233216552734375000e+03 8.411558227539062500e+02 6.067306518554687500e+02 8.857050170898437500e+02
1.356764404296875000e+03 9.816860961914062500e+02 4.064450378417968750e+02 8.982651977539062500e+02
1.356764404296875000e+03 9.816860961914062500e+02 4.064450378417968750e+02 8.982651977539062500e+02
1.313351928710937500e+03 9.165755615234375000e+02 4.833653564453125000e+02 9.040019531250000000e+02
1.323465209960937500e+03 8.483362426757812500e+02 5.415444335937500000e+02 9.660466308593750000e+02
1.322167480468750000e+03 8.336616210937500000e+02 5.579346923828125000e+02 9.781427001953125000e+02
1.322167480468750000e+03 8.336616210937500000e+02 5.579346923828125000e+02 9.781427001953125000e+02
1.205386962890625000e+03 9.990932006835937500e+02 1.162236572265625000e+03 9.987774047851562500e+02
1.347021850585937500e+03 8.370680541992187500e+02 5.389008789062500000e+02 1.001691101074218750e+03
1.335768432617187500e+03 8.241523437500000000e+02 5.600526733398437500e+02 1.002493286132812500e+03
1.335768432617187500e+03 8.241523437500000000e+02 5.600526733398437500e+02 1.002493286132812500e+03
1.325007568359375000e+03 8.099319458007812500e+02 5.856676025390625000e+02 1.005200256347656250e+03
1.325007568359375000e+03 8.099319458007812500e+02 5.856676025390625000e+02 1.005200256347656250e+03
1.360665405273437500e+03 8.282210083007812500e+02 5.387713623046875000e+02 1.026903686523437500e+03
1.270645629882812500e+03 7.319639282226562500e+02 7.409649047851562500e+02 1.026192382812500000e+03
1.345286621093750000e+03 8.085234985351562500e+02 5.735455932617187500e+02 1.031094604492187500e+03
1.358107177734375000e+03 8.131354980468750000e+02 5.586572875976562500e+02 1.040705566406250000e+03
1.297426635742187500e+03 7.402260742187500000e+02 7.098781738281250000e+02 1.052154296875000000e+03
1.146830688476562500e+03 9.668955078125000000e+02 5.352153930664062500e+02 7.628043823242187500e+02
1.282790893554687500e+03 9.916541137695312500e+02 4.446471252441406250e+02 8.394743652343750000e+02
1.201591674804687500e+03 8.551611328125000000e+02 6.061430053710937500e+02 8.496821899414062500e+02
1.218823364257812500e+03 8.506060791015625000e+02 6.038230590820312500e+02 8.668562011718750000e+02
1.218823364257812500e+03 8.506060791015625000e+02 6.038230590820312500e+02 8.668562011718750000e+02
1.294861206054687500e+03 9.525327758789062500e+02 4.651231994628906250e+02 8.678248291015625000e+02
1.232422851562500000e+03 8.597077636718750000e+02 5.871331176757812500e+02 8.739234619140625000e+02
1.246019775390625000e+03 8.672507934570312500e+02 5.701987304687500000e+02 8.780252685546875000e+02
1.246019775390625000e+03 8.672507934570312500e+02 5.701987304687500000e+02 8.780252685546875000e+02
1.255752563476562500e+03 8.337606201171875000e+02 6.002850952148437500e+02 9.102061157226562500e+02
1.340463134765625000e+03 8.453674316406250000e+02 5.335648803710937500e+02 9.862335205078125000e+02
1.150924194335937500e+03 8.846135253906250000e+02 6.014375610351562500e+02 7.944647216796875000e+02
1.272888183593750000e+03 9.734404296875000000e+02 4.635520629882812500e+02 8.421632690429687500e+02
1.219191284179687500e+03 8.311450195312500000e+02 6.272566528320312500e+02 8.787423706054687500e+02
1.253387084960937500e+03 8.552356567382812500e+02 5.779168701171875000e+02 8.928917846679687500e+02
1.253387084960937500e+03 8.552356567382812500e+02 5.779168701171875000e+02 8.928917846679687500e+02
1.328598632812500000e+03 9.473170166015625000e+02 4.488952331542968750e+02 8.967380371093750000e+02
1.267953491210937500e+03 7.582730102539062500e+02 6.967313232421875000e+02 9.937955932617187500e+02
1.323242919921875000e+03 7.987578735351562500e+02 6.025505981445312500e+02 1.014235229492187500e+03
1.273894409179687500e+03 8.688365478515625000e+02 5.515175170898437500e+02 9.006810913085937500e+02
1.310864501953125000e+03 8.216943359375000000e+02 5.813489990234375000e+02 9.781272583007812500e+02
1.255785888671875000e+03 9.353233032226562500e+02 5.032319641113281250e+02 8.494886474609375000e+02
1.212035644531250000e+03 8.044265136718750000e+02 6.616407470703125000e+02 8.944394531250000000e+02
1.193439697265625000e+03 9.042023315429687500e+02 5.677954711914062500e+02 8.148502807617187500e+02
