9.992709960937500000e+02 1.024990844726562500e+03 9.355093994140625000e+02 9.060146484375000000e+02
9.992709960937500000e+02 1.024990844726562500e+03 9.355093994140625000e+02 9.060146484375000000e+02
8.575924072265625000e+02 8.119818725585937500e+02 9.979038696289062500e+02 6.016778564453125000e+02
8.261041259765625000e+02 7.284706420898437500e+02 9.929537353515625000e+02 7.145884399414062500e+02
8.667664184570312500e+02 9.097921752929687500e+02 9.457418823242187500e+02 8.256130371093750000e+02
1.255762084960937500e+03 9.349765014648437500e+02 7.742861328125000000e+02 8.572347412109375000e+02
1.229661376953125000e+03 8.728784790039062500e+02 7.574910888671875000e+02 9.014874267578125000e+02
1.214102172851562500e+03 8.668964843750000000e+02 7.407466430664062500e+02 9.117627563476562500e+02
1.123251464843750000e+03 9.572452392578125000e+02 1.031442260742187500e+03 9.283102416992187500e+02
1.123251464843750000e+03 9.572452392578125000e+02 1.031442260742187500e+03 9.283102416992187500e+02
8.557435302734375000e+02 7.430670776367187500e+02 9.707947387695312500e+02 6.808482055664062500e+02
1.252776367187500000e+03 9.477414550781250000e+02 7.665111694335937500e+02 8.447863159179687500e+02
1.269775024414062500e+03 9.414780273437500000e+02 7.592399902343750000e+02 8.642791137695312500e+02
1.110475219726562500e+03 9.514711303710937500e+02 1.022481262207031250e+03 9.161182861328125000e+02
8.833538208007812500e+02 8.156453247070312500e+02 9.757338867187500000e+02 5.887501220703125000e+02
8.833538208007812500e+02 8.156453247070312500e+02 9.757338867187500000e+02 5.887501220703125000e+02
8.339559326171875000e+02 7.999789428710937500e+02 1.011047241210937500e+03 6.216785888671875000e+02
8.307796630859375000e+02 7.343294067382812500e+02 9.894008789062500000e+02 7.013869018554687500e+02
1.263953125000000000e+03 9.251013183593750000e+02 7.787610473632812500e+02 8.720329589843750000e+02
8.277382812500000000e+02 7.492736206054687500e+02 9.976643066406250000e+02 6.820378417968750000e+02
1.656766052246093750e+02 1.324350433349609375e+02 3.790422363281250000e+02 5.869544677734375000e+02
