1.002569091796875000e+03 4.776335754394531250e+02 9.857824707031250000e+02 3.634246215820312500e+02
1.007113403320312500e+03 4.823505249023437500e+02 9.899638671875000000e+02 3.668058776855468750e+02
9.774554443359375000e+02 4.866399841308593750e+02 9.576350708007812500e+02 3.773787231445312500e+02
1.160015380859375000e+03 8.292204589843750000e+02 1.118609252929687500e+03 6.164069213867187500e+02
1.183288208007812500e+03 9.776909790039062500e+02 1.223999633789062500e+03 7.172453613281250000e+02
1.135571044921875000e+03 9.635592041015625000e+02 1.191947021484375000e+03 7.242694702148437500e+02
1.129166259765625000e+03 9.656876831054687500e+02 1.188892333984375000e+03 7.284877319335937500e+02
1.158968261718750000e+03 1.005569396972656250e+03 1.227109741210937500e+03 7.445380249023437500e+02
1.005377685546875000e+03 9.984080200195312500e+02 1.142669067382812500e+03 7.986586914062500000e+02
1.335768432617187500e+03 8.241523437500000000e+02 1.208527465820312500e+03 5.589140625000000000e+02
8.420127563476562500e+02 6.404870605468750000e+02 6.935613403320312500e+02 5.603696899414062500e+02
1.196404541015625000e+03 8.366422729492187500e+02 1.144133300781250000e+03 6.107341308593750000e+02
1.210628173828125000e+03 8.428521118164062500e+02 1.155512084960937500e+03 6.106519165039062500e+02
9.581737060546875000e+02 7.412908325195312500e+02 9.122307128906250000e+02 6.138895263671875000e+02
1.214102172851562500e+03 8.668964843750000000e+02 1.173454345703125000e+03 6.281333618164062500e+02
1.059931518554687500e+03 8.051921997070312500e+02 1.040769287109375000e+03 6.325893554687500000e+02
1.065214843750000000e+03 8.118605957031250000e+02 1.046962524414062500e+03 6.361105346679687500e+02
9.793479003906250000e+02 7.982298583984375000e+02 9.767614135742187500e+02 6.574454956054687500e+02
1.117362304687500000e+03 8.654641113281250000e+02 1.118796875000000000e+03 6.604620971679687500e+02
1.113824584960937500e+03 8.819483642578125000e+02 1.127790893554687500e+03 6.729877319335937500e+02
1.289485107421875000e+03 9.721450195312500000e+02 1.269968872070312500e+03 6.775755004882812500e+02
1.145085327148437500e+03 9.520080566406250000e+02 1.189216796875000000e+03 7.127361450195312500e+02
1.022138977050781250e+03 8.957144775390625000e+02 1.081637695312500000e+03 7.186727294921875000e+02
1.022138977050781250e+03 8.957144775390625000e+02 1.081637695312500000e+03 7.186727294921875000e+02
9.956178588867187500e+02 8.994467773437500000e+02 1.069502197265625000e+03 7.303751831054687500e+02
9.745936279296875000e+02 8.965388793945312500e+02 1.052579101562500000e+03 7.370748901367187500e+02
7.505285034179687500e+02 8.080138549804687500e+02 7.955091552734375000e+02 7.652402954101562500e+02
7.385827026367187500e+02 8.228761596679687500e+02 8.005609130859375000e+02 7.840502319335937500e+02
8.667664184570312500e+02 9.097921752929687500e+02 9.888843994140625000e+02 7.934531250000000000e+02
9.063532714843750000e+02 9.940358886718750000e+02 1.078065551757812500e+03 8.374104003906250000e+02
1.466799072265625000e+03 8.126026000976562500e+02 1.263396728515625000e+03 5.175617065429687500e+02
1.466799072265625000e+03 8.126026000976562500e+02 1.263396728515625000e+03 5.175617065429687500e+02
1.014349853515625000e+03 6.667852783203125000e+02 9.945300903320312500e+02 5.335386352539062500e+02
1.184946166992187500e+03 8.329454345703125000e+02 1.135079345703125000e+03 6.104415893554687500e+02
9.515760498046875000e+02 7.458161621093750000e+02 9.092094726562500000e+02 6.225051879882812500e+02
9.974746704101562500e+02 7.709485473632812500e+02 9.658147583007812500e+02 6.261270141601562500e+02
8.611226806640625000e+02 7.202145996093750000e+02 8.043185424804687500e+02 6.316952514648437500e+02
1.048218994140625000e+03 8.046036376953125000e+02 1.031727172851562500e+03 6.364403686523437500e+02
8.527679443359375000e+02 7.227182006835937500e+02 8.004645385742187500e+02 6.402265625000000000e+02
8.452640380859375000e+02 7.417097778320312500e+02 8.148569335937500000e+02 6.599570312500000000e+02
1.269775024414062500e+03 9.414780273437500000e+02 1.244903808593750000e+03 6.647586059570312500e+02
1.281578491210937500e+03 9.589319458007812500e+02 1.260831176757812500e+03 6.732009887695312500e+02
8.542121582031250000e+02 7.824077758789062500e+02 8.642623901367187500e+02 6.928008422851562500e+02
7.584877319335937500e+02 7.488643188476562500e+02 7.377532348632812500e+02 7.085846557617187500e+02
7.584877319335937500e+02 7.488643188476562500e+02 7.377532348632812500e+02 7.085846557617187500e+02
1.123251464843750000e+03 9.572452392578125000e+02 1.181053466796875000e+03 7.243630371093750000e+02
1.026052612304687500e+03 9.074713134765625000e+02 1.091188110351562500e+03 7.262322998046875000e+02
1.026052612304687500e+03 9.074713134765625000e+02 1.091188110351562500e+03 7.262322998046875000e+02
1.143030029296875000e+03 9.762796630859375000e+02 1.203768554687500000e+03 7.302475585937500000e+02
1.169533081054687500e+03 1.005679138183593750e+03 1.233651367187500000e+03 7.409785766601562500e+02
9.897767944335937500e+02 9.124216308593750000e+02 1.074801879882812500e+03 7.427409667968750000e+02
7.407199096679687500e+02 8.078157958984375000e+02 7.849493408203125000e+02 7.701669311523437500e+02
1.055179565429687500e+03 1.002292907714843750e+03 1.172692993164062500e+03 7.814970703125000000e+02
8.555169067382812500e+02 8.946827392578125000e+02 9.676936035156250000e+02 7.867070922851562500e+02
1.045788208007812500e+03 1.015590393066406250e+03 1.176253540039062500e+03 7.938192138671875000e+02
1.014029724121093750e+03 9.989050292968750000e+02 1.148711303710937500e+03 7.948871459960937500e+02
1.037220336914062500e+03 1.030184936523437500e+03 1.181074462890625000e+03 8.073755493164062500e+02
1.037220336914062500e+03 1.030184936523437500e+03 1.181074462890625000e+03 8.073755493164062500e+02
8.997753295898437500e+02 9.717442626953125000e+02 1.058338989257812500e+03 8.240009765625000000e+02
8.766381835937500000e+02 9.747542114257812500e+02 1.045682617187500000e+03 8.373304443359375000e+02
8.888623046875000000e+02 9.803380737304687500e+02 1.059880737304687500e+03 8.369186401367187500e+02
8.888623046875000000e+02 9.803380737304687500e+02 1.059880737304687500e+03 8.369186401367187500e+02
7.451560058593750000e+02 9.197835693359375000e+02 9.024677124023437500e+02 8.601224975585937500e+02
1.556850341796875000e+03 4.186962280273437500e+02 9.411606445312500000e+02 1.207914047241210938e+02
9.344603271484375000e+02 4.599987182617187500e+02 9.056546020507812500e+02 3.599088745117187500e+02
9.584308471679687500e+02 6.488435668945312500e+02 9.305602416992187500e+02 5.355138549804687500e+02
8.350598754882812500e+02 6.370028076171875000e+02 6.815440063476562500e+02 5.576013793945312500e+02
1.218823364257812500e+03 8.506060791015625000e+02 1.165310058593750000e+03 6.138554687500000000e+02
8.743447265625000000e+02 7.147666625976562500e+02 8.112007446289062500e+02 6.221131591796875000e+02
1.201591674804687500e+03 8.551611328125000000e+02 1.161636718750000000e+03 6.247594604492187500e+02
1.108077514648437500e+03 8.449447631835937500e+02 1.097764404296875000e+03 6.457216186523437500e+02
1.127724121093750000e+03 8.683801879882812500e+02 1.127174926757812500e+03 6.608618164062500000e+02
1.294861206054687500e+03 9.525327758789062500e+02 1.261300659179687500e+03 6.618067016601562500e+02
1.009240600585937500e+03 8.689081420898437500e+02 8.809001464843750000e+02 6.891301269531250000e+02
1.026320068359375000e+03 8.869920654296875000e+02 1.078657348632812500e+03 7.105736083984375000e+02
8.558328857421875000e+02 8.040374145507812500e+02 8.850181884765625000e+02 7.132385253906250000e+02
8.575924072265625000e+02 8.119818725585937500e+02 8.932984008789062500e+02 7.198497924804687500e+02
9.870725708007812500e+02 8.985026245117187500e+02 1.060948364257812500e+03 7.323918457031250000e+02
1.159866333007812500e+03 9.859686889648437500e+02 1.215582031250000000e+03 7.311833496093750000e+02
1.143194946289062500e+03 9.980642089843750000e+02 1.216739257812500000e+03 7.439915771484375000e+02
1.022036987304687500e+03 9.765484008789062500e+02 1.137388305664062500e+03 7.757720947265625000e+02
7.347398681640625000e+02 9.058444213867187500e+02 8.804471435546875000e+02 8.551339111328125000e+02
9.070159912109375000e+02 1.023798950195312500e+03 1.100778320312500000e+03 8.592767333984375000e+02
7.337406005859375000e+02 9.229407348632812500e+02 8.953936157226562500e+02 8.685459594726562500e+02
7.449038696289062500e+02 9.307009277343750000e+02 9.122290039062500000e+02 8.694454345703125000e+02
8.819821166992187500e+02 1.028730834960937500e+03 1.090051147460937500e+03 8.715109252929687500e+02
8.423436279296875000e+02 1.013388000488281250e+03 1.052414062500000000e+03 8.805465087890625000e+02
7.211022338867187500e+02 9.343996582031250000e+02 8.960036010742187500e+02 8.844038085937500000e+02
7.399782714843750000e+02 1.040815307617187500e+03 1.003174438476562500e+03 9.512116088867187500e+02
7.399782714843750000e+02 1.040815307617187500e+03 1.003174438476562500e+03 9.512116088867187500e+02
7.538031005859375000e+02 1.052090698242187500e+03 1.021853637695312500e+03 9.521452636718750000e+02
9.380562133789062500e+02 4.372607727050781250e+02 9.149832153320312500e+02 3.380492553710937500e+02
1.627150154113769531e+01 1.198671112060546875e+02 9.873890991210937500e+02 4.128290710449218750e+02
1.291317626953125000e+03 6.670155029296875000e+02 1.083547241210937500e+03 4.399417114257812500e+02
9.648756103515625000e+02 6.371917724609375000e+02 9.357646484375000000e+02 5.222843017578125000e+02
9.648756103515625000e+02 6.371917724609375000e+02 9.357646484375000000e+02 5.222843017578125000e+02
9.918266601562500000e+02 8.034498291015625000e+02 9.901227416992187500e+02 6.569069824218750000e+02
1.008644226074218750e+03 8.097637939453125000e+02 1.008046386718750000e+03 6.562847900390625000e+02
8.554710083007812500e+02 7.925900268554687500e+02 8.749061279296875000e+02 7.029668579101562500e+02
9.998710327148437500e+02 8.851203613281250000e+02 1.053835205078125000e+03 7.146808471679687500e+02
7.580656127929687500e+02 7.372822265625000000e+02 1.229265258789062500e+03 7.241264038085937500e+02
1.060285034179687500e+03 9.887903442382812500e+02 1.167338256835937500e+03 7.713890380859375000e+02
9.906895751953125000e+02 9.892657470703125000e+02 1.129906005859375000e+03 7.981953735351562500e+02
9.906895751953125000e+02 9.892657470703125000e+02 1.129906005859375000e+03 7.981953735351562500e+02
7.284188842773437500e+02 8.422686157226562500e+02 8.099447021484375000e+02 8.071871337890625000e+02
1.051384155273437500e+03 1.035889526367187500e+03 1.192833374023437500e+03 8.061033325195312500e+02
8.477640380859375000e+02 9.192705078125000000e+02 9.823111572265625000e+02 8.114797363281250000e+02
8.246725463867187500e+02 9.079808959960937500e+02 9.560410156250000000e+02 8.125483398437500000e+02
9.007719116210937500e+02 9.888611450195312500e+02 1.073260864257812500e+03 8.389857788085937500e+02
9.903285522460937500e+02 1.048010009765625000e+03 1.167847167968750000e+03 8.378930053710937500e+02
8.904501342773437500e+02 1.003668884277343750e+03 1.076450195312500000e+03 8.522813110351562500e+02
8.415812377929687500e+02 9.911517944335937500e+02 1.035868041992187500e+03 8.646693115234375000e+02
8.678395996093750000e+02 1.008192382812500000e+03 1.066097900390625000e+03 8.643972167968750000e+02
8.688848266601562500e+02 1.023104492187500000e+03 1.077031616210937500e+03 8.727557373046875000e+02
7.334897460937500000e+02 9.378285522460937500e+02 9.093606567382812500e+02 8.816578979492187500e+02
8.302821044921875000e+02 1.003423095703125000e+03 1.037814575195312500e+03 8.802728271484375000e+02
7.297471923828125000e+02 1.020555664062500000e+03 9.795144653320312500e+02 9.429940795898437500e+02
9.832575073242187500e+02 6.030990600585937500e+02 9.507664184570312500e+02 4.856708984375000000e+02
9.986830444335937500e+02 7.876589965820312500e+02 9.819004516601562500e+02 6.406697387695312500e+02
9.998710327148437500e+02 8.851203613281250000e+02 1.062683471679687500e+03 7.217828979492187500e+02
1.003645507812500000e+03 9.042534179687500000e+02 1.079901977539062500e+03 7.288865966796875000e+02
8.437050170898437500e+02 8.919798583984375000e+02 9.559441528320312500e+02 7.904246826171875000e+02
8.615083007812500000e+02 9.895828247070312500e+02 1.049712158203125000e+03 8.509241943359375000e+02
6.786752929687500000e+02 1.018971923828125000e+03 9.396693115234375000e+02 9.704194335937500000e+02
9.895690307617187500e+02 1.013814025878906250e+03 1.143947875976562500e+03 8.138999633789062500e+02
1.058494628906250000e+03 7.065176391601562500e+02 1.038848999023437500e+03 5.551526489257812500e+02
1.387543701171875000e+03 6.877565917968750000e+02 1.156181762695312500e+03 4.389179382324218750e+02
1.040888183593750000e+03 8.281056518554687500e+02 1.043234863281250000e+03 6.622105712890625000e+02
9.820180664062500000e+02 8.887461547851562500e+02 1.047051757812500000e+03 7.244593505859375000e+02
1.074358520507812500e+03 9.331200561523437500e+02 1.135453247070312500e+03 7.258905639648437500e+02
1.135343261718750000e+03 7.670322875976562500e+02 1.086301513671875000e+03 5.785853881835937500e+02
1.135343261718750000e+03 7.670322875976562500e+02 1.086301513671875000e+03 5.785853881835937500e+02
