2.836565856933593750e+02 6.305009155273437500e+02 8.624971923828125000e+02 2.091304779052734375e+02
1.241995971679687500e+03 9.290217285156250000e+02 1.111694335937500000e+03 4.976719360351562500e+02
1.014029724121093750e+03 9.989050292968750000e+02 6.739314575195312500e+02 7.116654663085937500e+02
1.037220336914062500e+03 1.030184936523437500e+03 6.489955444335937500e+02 7.340468139648437500e+02
1.055179565429687500e+03 1.002292907714843750e+03 6.779224243164062500e+02 7.372297973632812500e+02
1.113824584960937500e+03 8.819483642578125000e+02 8.216402587890625000e+02 7.424224243164062500e+02
1.135429443359375000e+03 9.555956420898437500e+02 7.415698242187500000e+02 7.784119873046875000e+02
1.145085327148437500e+03 9.520080566406250000e+02 7.486788330078125000e+02 7.843826904296875000e+02
1.157402587890625000e+03 9.520874633789062500e+02 7.508809204101562500e+02 7.935523681640625000e+02
1.169533081054687500e+03 1.005679138183593750e+03 6.964010620117187500e+02 8.150169067382812500e+02
1.226513793945312500e+03 8.479888916015625000e+02 9.056028442382812500e+02 8.214855346679687500e+02
1.192959106445312500e+03 9.777803955078125000e+02 7.314086914062500000e+02 8.260339355468750000e+02
8.904501342773437500e+02 1.003668884277343750e+03 6.489891967773437500e+02 6.423972778320312500e+02
1.022036987304687500e+03 9.765484008789062500e+02 6.976740722656250000e+02 7.095977172851562500e+02
1.135638427734375000e+03 8.786482543945312500e+02 8.318535766601562500e+02 7.558956909179687500e+02
8.574315185546875000e+02 9.106245727539062500e+02 1.327805786132812500e+03 8.667898559570312500e+02
8.357252197265625000e+02 9.151488037109375000e+02 1.347718139648437500e+03 8.841953125000000000e+02
1.289485107421875000e+03 9.721450195312500000e+02 7.625471191406250000e+02 9.011680908203125000e+02
1.300914184570312500e+03 9.700856933593750000e+02 7.669335327148437500e+02 9.109291992187500000e+02
1.445465942382812500e+03 8.181141967773437500e+02 1.069017456054687500e+03 1.047666870117187500e+03
1.108077514648437500e+03 8.449447631835937500e+02 8.672451782226562500e+02 7.237815551757812500e+02
1.143194946289062500e+03 9.980642089843750000e+02 7.004795532226562500e+02 7.962164306640625000e+02
1.200374267578125000e+03 9.918759155273437500e+02 7.188253784179687500e+02 8.322484741210937500e+02
8.477640380859375000e+02 9.192705078125000000e+02 1.342401245117187500e+03 8.696939697265625000e+02
8.250367431640625000e+02 9.228410644531250000e+02 1.362375488281250000e+03 8.884283447265625000e+02
1.281578491210937500e+03 9.589319458007812500e+02 7.751858520507812500e+02 8.928610839843750000e+02
1.126083251953125000e+03 8.516157226562500000e+02 8.642478637695312500e+02 7.416597290039062500e+02
1.218823364257812500e+03 8.506060791015625000e+02 9.013237915039062500e+02 8.148164062500000000e+02
1.218823364257812500e+03 8.506060791015625000e+02 9.013237915039062500e+02 8.148164062500000000e+02
1.291346679687500000e+03 7.559643554687500000e+02 1.097653198242187500e+03 8.616750488281250000e+02
1.294861206054687500e+03 9.525327758789062500e+02 7.898329467773437500e+02 9.016068725585937500e+02
1.146830688476562500e+03 9.668955078125000000e+02 7.329157104492187500e+02 7.917281494140625000e+02
1.253387084960937500e+03 8.552356567382812500e+02 9.073807983398437500e+02 8.487676391601562500e+02
1.040888183593750000e+03 8.281056518554687500e+02 8.597028198242187500e+02 6.695134277343750000e+02
1.241654174804687500e+03 7.931054687500000000e+02 9.951750488281250000e+02 8.302210693359375000e+02
