9.897767944335937500e+02 9.124216308593750000e+02 8.861181640625000000e+02 6.390024414062500000e+02
1.159866333007812500e+03 9.859686889648437500e+02 7.612728271484375000e+02 6.635132446289062500e+02
1.177630249023437500e+03 9.692306518554687500e+02 7.559236450195312500e+02 6.791000366210937500e+02
1.177630249023437500e+03 9.692306518554687500e+02 7.559236450195312500e+02 6.791000366210937500e+02
1.103401977539062500e+03 8.842887573242187500e+02 8.456555175781250000e+02 6.971728515625000000e+02
1.025967041015625000e+03 1.040110961914062500e+03 8.009050903320312500e+02 5.984371948242187500e+02
1.143194946289062500e+03 9.980642089843750000e+02 7.600675659179687500e+02 6.542567138671875000e+02
1.133222656250000000e+03 9.481207275390625000e+02 7.909272460937500000e+02 6.751841430664062500e+02
1.252776367187500000e+03 9.477414550781250000e+02 7.205357055664062500e+02 7.237611694335937500e+02
1.281578491210937500e+03 9.589319458007812500e+02 6.973210449218750000e+02 7.259719848632812500e+02
1.269775024414062500e+03 9.414780273437500000e+02 7.129713745117187500e+02 7.332372436523437500e+02
1.293839477539062500e+03 9.386604614257812500e+02 6.956644897460937500e+02 7.497078857421875000e+02
1.214102172851562500e+03 8.668964843750000000e+02 7.883897705078125000e+02 7.628948364257812500e+02
1.229661376953125000e+03 8.728784790039062500e+02 7.731776733398437500e+02 7.668981933593750000e+02
1.226513793945312500e+03 8.479888916015625000e+02 7.927749633789062500e+02 7.851771240234375000e+02
1.218783935546875000e+03 1.005864746093750000e+03 7.181522827148437500e+02 6.748869018554687500e+02
1.202177856445312500e+03 9.745687255859375000e+02 7.403590087890625000e+02 6.848482666015625000e+02
1.155704956054687500e+03 9.448986816406250000e+02 7.800548095703125000e+02 6.858505859375000000e+02
1.176335327148437500e+03 9.525598754882812500e+02 7.659736938476562500e+02 6.876892700195312500e+02
1.297579345703125000e+03 9.810072631835937500e+02 6.818280029296875000e+02 7.201351928710937500e+02
1.307708862304687500e+03 9.665738525390625000e+02 6.785176391601562500e+02 7.326232910156250000e+02
1.307708862304687500e+03 9.665738525390625000e+02 6.785176391601562500e+02 7.326232910156250000e+02
1.263953125000000000e+03 9.251013183593750000e+02 7.232767333984375000e+02 7.446075439453125000e+02
1.356764404296875000e+03 9.816860961914062500e+02 6.414251708984375000e+02 7.457462158203125000e+02
1.332089477539062500e+03 9.647343139648437500e+02 6.601947631835937500e+02 7.461490478515625000e+02
1.308484130859375000e+03 9.272879638671875000e+02 6.916072387695312500e+02 7.620953979492187500e+02
8.888623046875000000e+02 9.803380737304687500e+02 8.696708984375000000e+02 8.615154418945312500e+02
1.325007568359375000e+03 8.099319458007812500e+02 7.378587036132812500e+02 8.972890625000000000e+02
1.143987182617187500e+03 1.016435241699218750e+03 7.521333007812500000e+02 6.464053344726562500e+02
1.189085327148437500e+03 1.008080200195312500e+03 7.337239379882812500e+02 6.633649902343750000e+02
1.146830688476562500e+03 9.668955078125000000e+02 7.743872070312500000e+02 6.689283447265625000e+02
1.282790893554687500e+03 9.916541137695312500e+02 6.851394042968750000e+02 7.083485717773437500e+02
1.333067016601562500e+03 9.852321777343750000e+02 6.554475708007812500e+02 7.333529663085937500e+02
1.294861206054687500e+03 9.525327758789062500e+02 6.924253540039062500e+02 7.379116821289062500e+02
1.201591674804687500e+03 8.551611328125000000e+02 8.026300659179687500e+02 7.658078002929687500e+02
1.246019775390625000e+03 8.672507934570312500e+02 7.659957275390625000e+02 7.785769042968750000e+02
1.246019775390625000e+03 8.672507934570312500e+02 7.659957275390625000e+02 7.785769042968750000e+02
1.233216552734375000e+03 8.411558227539062500e+02 7.978887329101562500e+02 7.946459350585937500e+02
1.255752563476562500e+03 8.337606201171875000e+02 7.792707519531250000e+02 8.158218994140625000e+02
1.150924194335937500e+03 8.846135253906250000e+02 8.147639770507812500e+02 7.152683715820312500e+02
1.272888183593750000e+03 9.734404296875000000e+02 6.985338745117187500e+02 7.157481079101562500e+02
1.328598632812500000e+03 9.473170166015625000e+02 6.713114013671875000e+02 7.570230712890625000e+02
1.218823364257812500e+03 8.506060791015625000e+02 7.964865722656250000e+02 7.801116333007812500e+02
1.218823364257812500e+03 8.506060791015625000e+02 7.964865722656250000e+02 7.801116333007812500e+02
1.293739135742187500e+03 1.698040313720703125e+02 1.069947021484375000e+03 1.964630279541015625e+02
1.253387084960937500e+03 8.552356567382812500e+02 7.680402221679687500e+02 7.951119995117187500e+02
1.253387084960937500e+03 8.552356567382812500e+02 7.680402221679687500e+02 7.951119995117187500e+02
1.255785888671875000e+03 9.353233032226562500e+02 7.257352905273437500e+02 7.338494262695312500e+02
1.319866577148437500e+03 8.820699462890625000e+02 6.953644409179687500e+02 8.138580932617187500e+02
