1.293839477539062500e+03 9.386604614257812500e+02 7.581717529296875000e+02 8.157913208007812500e+02
1.281578491210937500e+03 9.589319458007812500e+02 7.651530151367187500e+02 7.949247436523437500e+02
1.474112182617187500e+03 2.354776306152343750e+02 1.843423950195312500e+03 7.161000061035156250e+01
1.307708862304687500e+03 9.665738525390625000e+02 7.434674682617187500e+02 8.025405883789062500e+02
1.357094482421875000e+03 8.374270019531250000e+02 7.202459716796875000e+02 9.590731811523437500e+02
1.360665405273437500e+03 8.282210083007812500e+02 7.179814453125000000e+02 9.732000122070312500e+02
1.126987792968750000e+03 9.808215332031250000e+02 8.570424194335937500e+02 7.322400512695312500e+02
1.176335327148437500e+03 9.525598754882812500e+02 8.379260253906250000e+02 7.635272827148437500e+02
1.294861206054687500e+03 9.525327758789062500e+02 7.557933959960937500e+02 8.043431396484375000e+02
1.328598632812500000e+03 9.473170166015625000e+02 7.304785766601562500e+02 8.244485473632812500e+02
1.246019775390625000e+03 8.672507934570312500e+02 8.142972412109375000e+02 8.627802124023437500e+02
1.246019775390625000e+03 8.672507934570312500e+02 8.142972412109375000e+02 8.627802124023437500e+02
1.232422851562500000e+03 8.597077636718750000e+02 8.280608520507812500e+02 8.651425781250000000e+02
1.272888183593750000e+03 9.734404296875000000e+02 7.633337402343750000e+02 7.797378540039062500e+02
1.218823364257812500e+03 8.506060791015625000e+02 8.435201416015625000e+02 8.666380615234375000e+02
1.253387084960937500e+03 8.552356567382812500e+02 8.121619873046875000e+02 8.784997558593750000e+02
1.253387084960937500e+03 8.552356567382812500e+02 8.121619873046875000e+02 8.784997558593750000e+02
1.255785888671875000e+03 9.353233032226562500e+02 7.855364990234375000e+02 8.035382690429687500e+02
9.136401977539062500e+02 8.020263671875000000e+02 1.451575927734375000e+03 8.592638549804687500e+02
