9.889694213867187500e+02 3.838961486816406250e+02 9.495010375976562500e+02 2.581147766113281250e+02
9.629344482421875000e+02 4.211880798339843750e+02 9.404263305664062500e+02 3.122128601074218750e+02
1.118520263671875000e+03 5.966813354492187500e+02 1.029806640625000000e+03 4.371009521484375000e+02
1.139525878906250000e+03 6.441127319335937500e+02 1.061681518554687500e+03 4.868677978515625000e+02
1.148735839843750000e+03 6.486729736328125000e+02 1.071176635742187500e+03 4.906290588378906250e+02
9.799607543945312500e+02 6.221939086914062500e+02 9.513262329101562500e+02 5.035466003417968750e+02
9.991375122070312500e+02 6.415792846679687500e+02 9.718375854492187500e+02 5.213685913085937500e+02
1.342606689453125000e+03 6.958930664062500000e+02 1.247506225585937500e+03 5.216829223632812500e+02
1.237660156250000000e+03 6.864896850585937500e+02 1.158588134765625000e+03 5.228497924804687500e+02
8.285395507812500000e+02 6.538677368164062500e+02 7.586567382812500000e+02 5.282847900390625000e+02
1.211592163085937500e+03 6.937219238281250000e+02 1.137471801757812500e+03 5.316227416992187500e+02
8.348187866210937500e+02 6.583565673828125000e+02 7.675742797851562500e+02 5.328394165039062500e+02
1.011272338867187500e+03 6.595570068359375000e+02 9.842561645507812500e+02 5.376818237304687500e+02
8.941757812500000000e+02 7.022213134765625000e+02 8.460714111328125000e+02 5.770714111328125000e+02
9.938583374023437500e+02 7.048064575195312500e+02 9.656997070312500000e+02 5.822489624023437500e+02
1.374920043945312500e+03 7.688442993164062500e+02 1.286542114257812500e+03 5.868195190429687500e+02
9.423684082031250000e+02 7.701574707031250000e+02 9.150161132812500000e+02 6.418652954101562500e+02
8.225489501953125000e+02 7.626574096679687500e+02 7.929987182617187500e+02 6.482997436523437500e+02
8.046428222656250000e+02 7.631364746093750000e+02 7.755112915039062500e+02 6.511973266601562500e+02
8.308207397460937500e+02 7.688283691406250000e+02 8.049367675781250000e+02 6.536679687500000000e+02
8.018195190429687500e+02 7.758536376953125000e+02 7.771558227539062500e+02 6.648471679687500000e+02
8.018195190429687500e+02 7.758536376953125000e+02 7.771558227539062500e+02 6.648471679687500000e+02
1.059765380859375000e+03 8.936914062500000000e+02 1.053994628906250000e+03 7.446209716796875000e+02
1.225889648437500000e+03 3.723186645507812500e+02 1.026713378906250000e+03 1.331078948974609375e+02
9.567324218750000000e+02 5.194239501953125000e+02 9.273391723632812500e+02 4.073570861816406250e+02
1.130149414062500000e+03 5.838275146484375000e+02 1.037522338867187500e+03 4.212648620605468750e+02
1.153613159179687500e+03 5.880452880859375000e+02 1.059297973632812500e+03 4.237658386230468750e+02
1.127295654296875000e+03 5.978289794921875000e+02 1.038685180664062500e+03 4.373853454589843750e+02
1.127295654296875000e+03 5.978289794921875000e+02 1.038685180664062500e+03 4.373853454589843750e+02
9.752495727539062500e+02 5.858861083984375000e+02 9.459538574218750000e+02 4.698732910156250000e+02
1.175278198242187500e+03 6.490681152343750000e+02 1.096260131835937500e+03 4.909439697265625000e+02
1.160307617187500000e+03 6.510177001953125000e+02 1.082351196289062500e+03 4.932561340332031250e+02
9.693673706054687500e+02 6.155260620117187500e+02 9.371769409179687500e+02 4.986683654785156250e+02
8.548430786132812500e+02 6.428798828125000000e+02 7.829586181640625000e+02 5.136631469726562500e+02
8.462435302734375000e+02 6.468690795898437500e+02 7.743366699218750000e+02 5.183247680664062500e+02
1.319167602539062500e+03 6.915833740234375000e+02 1.227831665039062500e+03 5.190690307617187500e+02
1.222065673828125000e+03 6.990433349609375000e+02 1.148870483398437500e+03 5.357837524414062500e+02
1.158251220703125000e+03 6.979836425781250000e+02 1.091624755859375000e+03 5.427597045898437500e+02
1.161798706054687500e+03 7.092596435546875000e+02 1.098151977539062500e+03 5.533201904296875000e+02
1.153123779296875000e+03 7.147790527343750000e+02 1.092086425781250000e+03 5.602116088867187500e+02
8.311419677734375000e+02 6.904683227539062500e+02 7.740974121093750000e+02 5.699430541992187500e+02
8.359396362304687500e+02 6.940390014648437500e+02 7.817106323242187500e+02 5.736223144531250000e+02
8.976443481445312500e+02 7.126060180664062500e+02 8.517568359375000000e+02 5.851707153320312500e+02
8.415566406250000000e+02 7.115304565429687500e+02 7.942106323242187500e+02 5.908604736328125000e+02
7.067086791992187500e+02 6.994716186523437500e+02 6.467832031250000000e+02 5.930325927734375000e+02
1.296497436523437500e+03 7.749589843750000000e+02 1.224296142578125000e+03 6.030352783203125000e+02
9.516080932617187500e+02 7.625499877929687500e+02 9.195427246093750000e+02 6.325519409179687500e+02
9.403911743164062500e+02 7.757705688476562500e+02 9.145534667968750000e+02 6.470632934570312500e+02
9.192249145507812500e+02 7.768266601562500000e+02 8.940053710937500000e+02 6.504841918945312500e+02
9.420343017578125000e+02 7.816788330078125000e+02 9.155505371093750000e+02 6.534307250976562500e+02
8.183082885742187500e+02 7.692750854492187500e+02 7.928177490234375000e+02 6.551404418945312500e+02
9.294269409179687500e+02 7.828546142578125000e+02 9.040559692382812500e+02 6.559780273437500000e+02
9.294269409179687500e+02 7.828546142578125000e+02 9.040559692382812500e+02 6.559780273437500000e+02
8.057465820312500000e+02 7.692594604492187500e+02 7.776802368164062500e+02 6.580870971679687500e+02
9.520424804687500000e+02 7.884495849609375000e+02 9.280298461914062500e+02 6.590515747070312500e+02
9.520424804687500000e+02 7.884495849609375000e+02 9.280298461914062500e+02 6.590515747070312500e+02
1.009422180175781250e+03 8.706079711914062500e+02 1.004865966796875000e+03 7.300794067382812500e+02
7.908287963867187500e+02 8.473523559570312500e+02 7.911845703125000000e+02 7.384851684570312500e+02
6.681495971679687500e+02 8.503092651367187500e+02 6.691742553710937500e+02 7.611440429687500000e+02
6.428391113281250000e+02 8.586095581054687500e+02 6.449691162109375000e+02 7.734827270507812500e+02
1.544309570312500000e+03 3.079519653320312500e+02 1.312546875000000000e+03 5.350194168090820312e+01
1.534313720703125000e+03 3.110037536621093750e+02 1.302738891601562500e+03 5.614651107788085938e+01
1.238641723632812500e+03 3.960674743652343750e+02 1.040642456054687500e+03 1.604696350097656250e+02
1.009370910644531250e+03 3.685126953125000000e+02 9.706037597656250000e+02 2.399597473144531250e+02
8.883894042968750000e+02 4.061209106445312500e+02 8.459321899414062500e+02 2.897446594238281250e+02
9.592534179687500000e+02 4.479991760253906250e+02 9.342513427734375000e+02 3.369804077148437500e+02
8.400762329101562500e+02 6.348262939453125000e+02 7.633184204101562500e+02 5.053312072753906250e+02
9.703509521484375000e+02 6.227403564453125000e+02 9.409936523437500000e+02 5.052228698730468750e+02
9.703509521484375000e+02 6.227403564453125000e+02 9.409936523437500000e+02 5.052228698730468750e+02
8.308493652343750000e+02 6.471950073242187500e+02 7.579875488281250000e+02 5.207121582031250000e+02
1.020561035156250000e+03 6.429674072265625000e+02 9.909417114257812500e+02 5.203316650390625000e+02
1.248072265625000000e+03 6.960963134765625000e+02 1.169332641601562500e+03 5.311997680664062500e+02
8.281753540039062500e+02 6.612156982421875000e+02 7.615661621093750000e+02 5.369127807617187500e+02
8.455419921875000000e+02 6.922531738281250000e+02 7.904924316406250000e+02 5.696188964843750000e+02
8.569956665039062500e+02 7.096860351562500000e+02 8.092711181640625000e+02 5.884146118164062500e+02
9.223734130859375000e+02 7.273505249023437500e+02 8.817447509765625000e+02 5.993724975585937500e+02
8.391430053710937500e+02 7.199144897460937500e+02 7.954852905273437500e+02 6.010123291015625000e+02
9.588543090820312500e+02 7.571805419921875000e+02 9.234550781250000000e+02 6.256271362304687500e+02
9.032402343750000000e+02 7.707107543945312500e+02 8.755526123046875000e+02 6.469667358398437500e+02
7.861051635742187500e+02 7.588757324218750000e+02 7.547885131835937500e+02 6.481425170898437500e+02
1.473148803710937500e+03 8.439032592773437500e+02 1.372986450195312500e+03 6.495133056640625000e+02
9.982113037109375000e+02 7.856197509765625000e+02 9.715358886718750000e+02 6.502542114257812500e+02
1.323764404296875000e+03 8.329878540039062500e+02 1.255851440429687500e+03 6.543651123046875000e+02
9.194422607421875000e+02 7.902700195312500000e+02 8.990121459960937500e+02 6.640123901367187500e+02
7.035712890625000000e+02 7.652398071289062500e+02 6.704426879882812500e+02 6.658316040039062500e+02
9.016695556640625000e+02 7.905188598632812500e+02 8.803379516601562500e+02 6.672018432617187500e+02
8.096721801757812500e+02 7.821457519531250000e+02 7.851074218750000000e+02 6.707704467773437500e+02
7.040435180664062500e+02 7.739495239257812500e+02 6.728461303710937500e+02 6.748956298828125000e+02
8.198457641601562500e+02 7.882593383789062500e+02 7.978576660156250000e+02 6.760621948242187500e+02
1.327205078125000000e+03 8.660121459960937500e+02 1.266518554687500000e+03 6.834049072265625000e+02
1.168892211914062500e+03 8.663715820312500000e+02 1.138664916992187500e+03 7.055844116210937500e+02
1.034959838867187500e+03 8.519635009765625000e+02 1.018743041992187500e+03 7.107077636718750000e+02
1.205677734375000000e+03 8.837894287109375000e+02 1.173214355468750000e+03 7.166366577148437500e+02
1.046038574218750000e+03 8.693689575195312500e+02 1.034251586914062500e+03 7.249430541992187500e+02
1.147289184570312500e+03 8.852202758789062500e+02 1.125491577148437500e+03 7.247696533203125000e+02
9.229713745117187500e+02 8.555804443359375000e+02 9.228048095703125000e+02 7.275295410156250000e+02
9.229713745117187500e+02 8.555804443359375000e+02 9.228048095703125000e+02 7.275295410156250000e+02
1.163073242187500000e+03 8.937929077148437500e+02 1.141674072265625000e+03 7.304468994140625000e+02
8.915190429687500000e+02 8.564332275390625000e+02 8.940915527343750000e+02 7.329620361328125000e+02
8.915190429687500000e+02 8.564332275390625000e+02 8.940915527343750000e+02 7.329620361328125000e+02
1.037139892578125000e+03 8.775995483398437500e+02 1.031398071289062500e+03 7.332081909179687500e+02
1.037139892578125000e+03 8.775995483398437500e+02 1.031398071289062500e+03 7.332081909179687500e+02
6.587402954101562500e+02 8.500154418945312500e+02 6.573150024414062500e+02 7.601118164062500000e+02
8.930601806640625000e+02 8.890935058593750000e+02 9.013458862304687500e+02 7.659024658203125000e+02
9.593400878906250000e+02 4.934801940917968750e+02 9.342073974609375000e+02 3.843824462890625000e+02
9.674614257812500000e+02 5.309544677734375000e+02 9.385771484375000000e+02 4.188765563964843750e+02
1.116855346679687500e+03 6.042692871093750000e+02 1.031191284179687500e+03 4.458905944824218750e+02
9.304495849609375000e+02 6.179862060546875000e+02 8.938821411132812500e+02 5.017489013671875000e+02
9.304495849609375000e+02 6.179862060546875000e+02 8.938821411132812500e+02 5.017489013671875000e+02
1.242535888671875000e+03 6.806762695312500000e+02 1.158706298828125000e+03 5.148522949218750000e+02
1.263224609375000000e+03 6.922232055664062500e+02 1.181205810546875000e+03 5.268278198242187500e+02
1.325441894531250000e+03 7.101765747070312500e+02 1.236616088867187500e+03 5.371408691406250000e+02
1.169305297851562500e+03 7.158095703125000000e+02 1.105909057617187500e+03 5.607425537109375000e+02
1.169305297851562500e+03 7.158095703125000000e+02 1.105909057617187500e+03 5.607425537109375000e+02
1.237777099609375000e+03 7.534490966796875000e+02 1.173076049804687500e+03 5.877512207031250000e+02
1.278361694335937500e+03 7.574441528320312500e+02 1.209995117187500000e+03 5.903655395507812500e+02
9.964306030273437500e+02 7.968184814453125000e+02 9.720812377929687500e+02 6.611879272460937500e+02
6.750258789062500000e+02 7.658749389648437500e+02 6.384884643554687500e+02 6.695286254882812500e+02
1.206087646484375000e+03 8.554470825195312500e+02 1.167100585937500000e+03 6.923812866210937500e+02
1.055128662109375000e+03 8.745543212890625000e+02 1.046777221679687500e+03 7.291307983398437500e+02
1.005051696777343750e+03 8.793300781250000000e+02 1.002734191894531250e+03 7.380241699218750000e+02
9.355536499023437500e+02 8.696926879882812500e+02 9.366373291015625000e+02 7.403920898437500000e+02
9.053940429687500000e+02 8.720220336914062500e+02 9.066004028320312500e+02 7.478912963867187500e+02
1.013979248046875000e+03 8.928891601562500000e+02 1.016584533691406250e+03 7.524187622070312500e+02
9.021531372070312500e+02 8.826476440429687500e+02 9.054679565429687500e+02 7.576362304687500000e+02
8.712904663085937500e+02 8.903511352539062500e+02 8.840218505859375000e+02 7.684319458007812500e+02
9.425798339843750000e+02 9.056163330078125000e+02 9.523941650390625000e+02 7.743640136718750000e+02
6.203925170898437500e+02 8.656350097656250000e+02 6.226103515625000000e+02 7.826390380859375000e+02
7.615834350585937500e+02 8.882346191406250000e+02 7.789546508789062500e+02 7.830687866210937500e+02
8.887414550781250000e+02 9.066289672851562500e+02 9.071170654296875000e+02 7.820426635742187500e+02
1.087304809570312500e+03 9.534736328125000000e+02 1.088676757812500000e+03 7.961160278320312500e+02
1.160215332031250000e+03 9.765150756835937500e+02 1.155413330078125000e+03 8.023710937500000000e+02
1.182902587890625000e+03 9.952598266601562500e+02 1.177585571289062500e+03 8.178126831054687500e+02
8.019797363281250000e+02 9.352044067382812500e+02 8.312591552734375000e+02 8.231457519531250000e+02
1.215459106445312500e+03 1.020588806152343750e+03 1.205639648437500000e+03 8.343649902343750000e+02
7.673682861328125000e+02 9.467364501953125000e+02 8.019301757812500000e+02 8.371480712890625000e+02
1.040992675781250000e+03 9.986194458007812500e+02 1.061795043945312500e+03 8.426618041992187500e+02
9.383461303710937500e+02 9.882564086914062500e+02 9.718947143554687500e+02 8.505110473632812500e+02
6.404851684570312500e+02 9.482335205078125000e+02 6.752686767578125000e+02 8.622604370117187500e+02
7.342879028320312500e+02 9.672151489257812500e+02 7.769790039062500000e+02 8.644780883789062500e+02
1.096489013671875000e+03 1.032466796875000000e+03 1.115531250000000000e+03 8.639983520507812500e+02
7.725767822265625000e+02 9.752409057617187500e+02 8.150075683593750000e+02 8.658878784179687500e+02
9.369126586914062500e+02 1.011315368652343750e+03 9.771383056640625000e+02 8.711027832031250000e+02
1.465784057617187500e+03 2.904369812011718750e+02 1.243753784179687500e+03 3.280478286743164062e+01
1.525391479492187500e+03 3.187596130371093750e+02 1.295585937500000000e+03 6.594853973388671875e+01
1.548915039062500000e+03 3.228363342285156250e+02 1.316285522460937500e+03 6.883969879150390625e+01
1.211834106445312500e+03 3.996715393066406250e+02 1.016025695800781250e+03 1.626903076171875000e+02
1.810735717773437500e+03 4.266376342773437500e+02 1.524267944335937500e+03 1.790691680908203125e+02
8.881672363281250000e+02 3.860727539062500000e+02 8.295907592773437500e+02 2.582887573242187500e+02
9.014542846679687500e+02 4.099317626953125000e+02 8.646126708984375000e+02 2.953813171386718750e+02
9.587039184570312500e+02 5.071076660156250000e+02 9.343191528320312500e+02 3.992252502441406250e+02
9.660902099609375000e+02 5.873653564453125000e+02 9.360092773437500000e+02 4.732465209960937500e+02
1.126672241210937500e+03 6.343870849609375000e+02 1.047096679687500000e+03 4.749696655273437500e+02
8.190814208984375000e+02 6.491260986328125000e+02 7.466648559570312500e+02 5.248366699218750000e+02
1.011808837890625000e+03 6.492313842773437500e+02 9.823256835937500000e+02 5.272271728515625000e+02
9.849316406250000000e+02 6.568890380859375000e+02 9.586249389648437500e+02 5.379773559570312500e+02
1.124744750976562500e+03 7.026878662109375000e+02 1.064557983398437500e+03 5.481381225585937500e+02
9.459281616210937500e+02 6.691169433593750000e+02 9.141382446289062500e+02 5.511570434570312500e+02
8.121632690429687500e+02 7.024965820312500000e+02 7.600065917968750000e+02 5.855751953125000000e+02
9.491625976562500000e+02 7.253446044921875000e+02 9.067058105468750000e+02 5.938089599609375000e+02
9.008194580078125000e+02 7.246804809570312500e+02 8.588502807617187500e+02 5.996363525390625000e+02
8.988935546875000000e+02 7.607434692382812500e+02 8.673716430664062500e+02 6.373399047851562500e+02
1.296905883789062500e+03 8.282301635742187500e+02 1.234714965820312500e+03 6.530114135742187500e+02
8.953715820312500000e+02 7.811380004882812500e+02 8.718926391601562500e+02 6.577509155273437500e+02
1.448114013671875000e+03 8.534948730468750000e+02 1.356013549804687500e+03 6.573046264648437500e+02
9.416035156250000000e+02 7.892810668945312500e+02 9.181248779296875000e+02 6.610647583007812500e+02
9.553167114257812500e+02 7.986449584960937500e+02 9.341907348632812500e+02 6.689583129882812500e+02
9.271815795898437500e+02 8.003172607421875000e+02 9.080421752929687500e+02 6.739851684570312500e+02
8.942148437500000000e+02 8.015072021484375000e+02 8.776163940429687500e+02 6.790018920898437500e+02
6.657390747070312500e+02 7.758715209960937500e+02 6.320501098632812500e+02 6.824653930664062500e+02
6.657390747070312500e+02 7.758715209960937500e+02 6.320501098632812500e+02 6.824653930664062500e+02
8.018155517578125000e+02 7.924880981445312500e+02 7.832776489257812500e+02 6.823445434570312500e+02
8.026956176757812500e+02 8.343851318359375000e+02 7.974536132812500000e+02 7.250769042968750000e+02
1.182514038085937500e+03 8.894468383789062500e+02 1.154683959960937500e+03 7.256636962890625000e+02
1.182514038085937500e+03 8.894468383789062500e+02 1.154683959960937500e+03 7.256636962890625000e+02
8.145559082031250000e+02 8.424975585937500000e+02 8.124977416992187500e+02 7.310053100585937500e+02
1.145663330078125000e+03 8.991317138671875000e+02 1.127880615234375000e+03 7.383994140625000000e+02
1.050273071289062500e+03 8.894875488281250000e+02 1.043867065429687500e+03 7.427415161132812500e+02
1.035640380859375000e+03 9.025404052734375000e+02 1.037005371093750000e+03 7.575037231445312500e+02
7.746354980468750000e+02 8.771242675781250000e+02 7.860263671875000000e+02 7.703551635742187500e+02
6.796107788085937500e+02 8.693421630859375000e+02 6.865332641601562500e+02 7.773013916015625000e+02
1.056685180664062500e+03 9.560312500000000000e+02 1.062635864257812500e+03 8.021909179687500000e+02
7.813965454101562500e+02 9.361802368164062500e+02 8.092058715820312500e+02 8.276742553710937500e+02
1.258317626953125000e+03 1.030655273437500000e+03 1.241199462890625000e+03 8.379013061523437500e+02
7.283630371093750000e+02 9.564777221679687500e+02 7.703088378906250000e+02 8.532077026367187500e+02
7.874764404296875000e+02 9.634638671875000000e+02 8.261048583984375000e+02 8.519985961914062500e+02
1.021308654785156250e+03 1.010947875976562500e+03 1.051433105468750000e+03 8.546785278320312500e+02
7.472883300781250000e+02 9.761392822265625000e+02 7.953834228515625000e+02 8.686952514648437500e+02
6.421166992187500000e+02 9.688746948242187500e+02 6.843336791992187500e+02 8.817958374023437500e+02
5.806537475585937500e+02 9.726271972656250000e+02 6.232882080078125000e+02 8.963256225585937500e+02
8.873586425781250000e+02 1.036275878906250000e+03 9.433975219726562500e+02 8.986788330078125000e+02
5.946897583007812500e+02 9.920317993164062500e+02 6.468263549804687500e+02 9.106237182617187500e+02
5.701964721679687500e+02 9.921096801757812500e+02 6.223816528320312500e+02 9.154670410156250000e+02
1.220459716796875000e+03 3.746457824707031250e+02 1.021821899414062500e+03 1.356325988769531250e+02
1.642767456054687500e+03 3.848016357421875000e+02 1.400278442382812500e+03 1.380450134277343750e+02
9.560546875000000000e+02 5.256206665039062500e+02 9.254487304687500000e+02 4.118155517578125000e+02
1.157972900390625000e+03 5.965800170898437500e+02 1.065905761718750000e+03 4.352826232910156250e+02
9.631688232421875000e+02 5.696582031250000000e+02 9.318297119140625000e+02 4.549126586914062500e+02
1.311418334960937500e+03 6.825755004882812500e+02 1.222405517578125000e+03 5.093981018066406250e+02
1.328721923828125000e+03 6.950833740234375000e+02 1.238092773437500000e+03 5.206537475585937500e+02
1.215227050781250000e+03 7.072360229492187500e+02 1.146854858398437500e+03 5.466012573242187500e+02
9.171043090820312500e+02 7.624958496093750000e+02 8.860870361328125000e+02 6.361825561523437500e+02
9.724160156250000000e+02 7.726013793945312500e+02 9.428878173828125000e+02 6.399727172851562500e+02
9.334982299804687500e+02 7.682374877929687500e+02 9.050026245117187500e+02 6.406009521484375000e+02
9.540838623046875000e+02 7.752747192382812500e+02 9.257673950195312500e+02 6.453068847656250000e+02
1.416909545898437500e+03 8.481887817382812500e+02 1.331672363281250000e+03 6.549450073242187500e+02
7.045387573242187500e+02 7.587490234375000000e+02 6.686550292968750000e+02 6.603207397460937500e+02
1.490653442382812500e+03 8.768704833984375000e+02 1.389005371093750000e+03 6.755073242187500000e+02
1.420159545898437500e+03 8.754796142578125000e+02 1.341202270507812500e+03 6.823283691406250000e+02
1.166579589843750000e+03 8.482085571289062500e+02 1.131788574218750000e+03 6.876488037109375000e+02
1.158740600585937500e+03 8.674207763671875000e+02 1.131054687500000000e+03 7.072423095703125000e+02
1.006112792968750000e+03 8.495686645507812500e+02 9.951495971679687500e+02 7.107011108398437500e+02
1.139367919921875000e+03 8.700576171875000000e+02 1.115036132812500000e+03 7.115947875976562500e+02
9.194754638671875000e+02 8.731976928710937500e+02 9.238765869140625000e+02 7.472931518554687500e+02
6.540900268554687500e+02 8.395933837890625000e+02 6.483543090820312500e+02 7.517346191406250000e+02
6.326087646484375000e+02 8.556712036132812500e+02 6.342089233398437500e+02 7.684317626953125000e+02
8.096385498046875000e+02 8.836748657226562500e+02 8.213903198242187500e+02 7.723280029296875000e+02
6.160401611328125000e+02 8.891513671875000000e+02 6.243393554687500000e+02 8.075252685546875000e+02
1.201881835937500000e+03 9.890977783203125000e+02 1.190723510742187500e+03 8.081771240234375000e+02
8.900301513671875000e+02 9.621744384765625000e+02 9.203248291015625000e+02 8.335815429687500000e+02
7.299577636718750000e+02 9.407213745117187500e+02 7.644604492187500000e+02 8.388475341796875000e+02
1.065836791992187500e+03 1.005486022949218750e+03 1.085584960937500000e+03 8.437228393554687500e+02
8.719669189453125000e+02 9.754816894531250000e+02 9.103000488281250000e+02 8.487105102539062500e+02
1.173687133789062500e+03 1.026840209960937500e+03 1.178116699218750000e+03 8.475060424804687500e+02
1.066228759765625000e+03 1.028948852539062500e+03 1.091743286132812500e+03 8.644321289062500000e+02
7.891243896484375000e+02 9.816526489257812500e+02 8.347942504882812500e+02 8.684896850585937500e+02
7.891243896484375000e+02 9.816526489257812500e+02 8.347942504882812500e+02 8.684896850585937500e+02
5.964699096679687500e+02 9.545462036132812500e+02 6.340214233398437500e+02 8.742531738281250000e+02
5.979324951171875000e+02 9.765473632812500000e+02 6.453721923828125000e+02 8.948052978515625000e+02
6.395805053710937500e+02 9.854313964843750000e+02 6.900440063476562500e+02 8.977838745117187500e+02
1.849554321289062500e+03 2.960855407714843750e+02 1.569257080078125000e+03 4.521735000610351562e+01
1.003340454101562500e+03 6.706752929687500000e+02 9.747432861328125000e+02 5.516746215820312500e+02
9.617733154296875000e+02 6.800358886718750000e+02 9.352783813476562500e+02 5.616385498046875000e+02
1.398685302734375000e+03 8.331963500976562500e+02 1.315580566406250000e+03 6.438516235351562500e+02
1.398685302734375000e+03 8.331963500976562500e+02 1.315580566406250000e+03 6.438516235351562500e+02
1.273546020507812500e+03 8.504395141601562500e+02 1.221936767578125000e+03 6.768963623046875000e+02
1.344546386718750000e+03 8.735843505859375000e+02 1.281565673828125000e+03 6.912314453125000000e+02
1.344546386718750000e+03 8.735843505859375000e+02 1.281565673828125000e+03 6.912314453125000000e+02
1.024194458007812500e+03 8.632781372070312500e+02 1.014990356445312500e+03 7.213505249023437500e+02
7.857786254882812500e+02 8.391255493164062500e+02 7.853599243164062500e+02 7.308383789062500000e+02
1.212455688476562500e+03 8.962786865234375000e+02 1.179809204101562500e+03 7.276073608398437500e+02
8.780441894531250000e+02 8.600045166015625000e+02 8.799276733398437500e+02 7.380740356445312500e+02
1.241284301757812500e+03 9.890330200195312500e+02 1.220159790039062500e+03 8.050065307617187500e+02
1.038161987304687500e+03 9.783119506835937500e+02 1.055279907226562500e+03 8.247950439453125000e+02
1.012689514160156250e+03 9.900501098632812500e+02 1.037212158203125000e+03 8.392227783203125000e+02
1.019392333984375000e+03 1.030037719726562500e+03 1.051158447265625000e+03 8.722545166015625000e+02
7.089190063476562500e+02 1.007093933105468750e+03 7.655791015625000000e+02 9.016939697265625000e+02
5.630704956054687500e+02 1.009522705078125000e+03 6.159012451171875000e+02 9.332498779296875000e+02
1.217463134765625000e+03 2.882987670898437500e+02 1.017949645996093750e+03 3.533755493164062500e+01
1.212765380859375000e+03 7.702352905273437500e+02 1.152081054687500000e+03 6.048210449218750000e+02
1.370181152343750000e+03 8.521016235351562500e+02 1.296347412109375000e+03 6.657061767578125000e+02
7.623853149414062500e+02 8.411708984375000000e+02 7.615407104492187500e+02 7.368267822265625000e+02
1.073628784179687500e+03 8.944577636718750000e+02 1.065842285156250000e+03 7.453137817382812500e+02
1.073628784179687500e+03 8.944577636718750000e+02 1.065842285156250000e+03 7.453137817382812500e+02
6.897587280273437500e+02 8.454935913085937500e+02 6.879658203125000000e+02 7.522484130859375000e+02
8.647205200195312500e+02 9.995828857421875000e+02 9.088888549804687500e+02 8.705391235351562500e+02
1.295036621093750000e+03 7.180115356445312500e+02 1.213449707031250000e+03 5.501855468750000000e+02
1.295036621093750000e+03 7.180115356445312500e+02 1.213449707031250000e+03 5.501855468750000000e+02
1.316197631835937500e+03 7.388781127929687500e+02 1.232744750976562500e+03 5.627484741210937500e+02
1.010757995605468750e+03 6.977302856445312500e+02 9.875018310546875000e+02 5.752701416015625000e+02
1.240221191406250000e+03 8.632999267578125000e+02 1.197559692382812500e+03 6.932286376953125000e+02
1.240221191406250000e+03 8.632999267578125000e+02 1.197559692382812500e+03 6.932286376953125000e+02
8.465942382812500000e+02 8.717722167968750000e+02 8.525621337890625000e+02 7.535909423828125000e+02
1.189142456054687500e+03 7.321896362304687500e+02 1.129603881835937500e+03 5.719250488281250000e+02
9.759715576171875000e+02 1.002122558593750000e+03 1.007053771972656250e+03 8.531557006835937500e+02
1.418162353515625000e+03 7.149181518554687500e+02 1.312844726562500000e+03 5.341002197265625000e+02
1.215319091796875000e+03 8.140706176757812500e+02 1.166724731445312500e+03 6.479140625000000000e+02
1.166853637695312500e+03 8.678942871093750000e+02 1.140165039062500000e+03 7.061366577148437500e+02
1.116540893554687500e+03 9.234484252929687500e+02 1.107685302734375000e+03 7.646687011718750000e+02
1.475443603515625000e+03 7.897374877929687500e+02 1.370288452148437500e+03 6.009736938476562500e+02
1.259832641601562500e+03 9.175988769531250000e+02 1.229916015625000000e+03 7.403785400390625000e+02
9.751199340820312500e+02 9.316983642578125000e+02 9.864256591796875000e+02 7.908344726562500000e+02
1.091998901367187500e+03 7.703234863281250000e+02 1.053159912109375000e+03 6.250077514648437500e+02
1.091998901367187500e+03 7.703234863281250000e+02 1.053159912109375000e+03 6.250077514648437500e+02
