1.299655029296875000e+03 7.643287353515625000e+02 9.822338867187500000e+02 5.499285278320312500e+02
9.321340332031250000e+02 1.000339965820312500e+03 8.038700561523437500e+02 6.221952514648437500e+02
1.046286010742187500e+03 1.023427368164062500e+03 7.447198486328125000e+02 6.581258544921875000e+02
1.040992675781250000e+03 9.986194458007812500e+02 7.612728271484375000e+02 6.635132446289062500e+02
1.016765441894531250e+03 9.653287963867187500e+02 7.915932006835937500e+02 6.650964355468750000e+02
1.085934692382812500e+03 1.021802490234375000e+03 7.278491210937500000e+02 6.739933471679687500e+02
1.042631713867187500e+03 9.637640380859375000e+02 7.824071655273437500e+02 6.760195312500000000e+02
1.083258911132812500e+03 9.861989135742187500e+02 7.494963378906250000e+02 6.848312988281250000e+02
9.383461303710937500e+02 9.882564086914062500e+02 8.093286132812500000e+02 6.283191528320312500e+02
1.021308654785156250e+03 1.010947875976562500e+03 7.600675659179687500e+02 6.542567138671875000e+02
1.160215332031250000e+03 9.765150756835937500e+02 7.205357055664062500e+02 7.237611694335937500e+02
1.177331054687500000e+03 9.716721191406250000e+02 7.129713745117187500e+02 7.332372436523437500e+02
1.166332763671875000e+03 9.635023193359375000e+02 7.246901245117187500e+02 7.322399291992187500e+02
1.211714599609375000e+03 9.851080932617187500e+02 6.891257324218750000e+02 7.443560791015625000e+02
1.246169067382812500e+03 1.020825866699218750e+03 6.532490234375000000e+02 7.443624877929687500e+02
1.147289184570312500e+03 8.852202758789062500e+02 7.883897705078125000e+02 7.628948364257812500e+02
1.147289184570312500e+03 8.852202758789062500e+02 7.883897705078125000e+02 7.628948364257812500e+02
1.163073242187500000e+03 8.937929077148437500e+02 7.731776733398437500e+02 7.668981933593750000e+02
1.168892211914062500e+03 8.663715820312500000e+02 7.927749633789062500e+02 7.851771240234375000e+02
1.205677734375000000e+03 8.837894287109375000e+02 7.576471557617187500e+02 7.973478393554687500e+02
1.091722778320312500e+03 9.960839843750000000e+02 7.403590087890625000e+02 6.848482666015625000e+02
1.056685180664062500e+03 9.560312500000000000e+02 7.800548095703125000e+02 6.858505859375000000e+02
1.074756958007812500e+03 9.688021850585937500e+02 7.659736938476562500e+02 6.876892700195312500e+02
1.155647338867187500e+03 9.542654418945312500e+02 7.360413208007812500e+02 7.316019287109375000e+02
1.210659912109375000e+03 1.005979003906250000e+03 6.785176391601562500e+02 7.326232910156250000e+02
1.210659912109375000e+03 1.005979003906250000e+03 6.785176391601562500e+02 7.326232910156250000e+02
1.181253784179687500e+03 9.539443969726562500e+02 7.232767333984375000e+02 7.446075439453125000e+02
1.235930053710937500e+03 9.521779785156250000e+02 6.961015014648437500e+02 7.727210693359375000e+02
1.170279174804687500e+03 8.799775390625000000e+02 7.791532592773437500e+02 7.740965576171875000e+02
1.293719116210937500e+03 8.406253051757812500e+02 7.378587036132812500e+02 8.972890625000000000e+02
1.066228759765625000e+03 1.028948852539062500e+03 7.337239379882812500e+02 6.633649902343750000e+02
1.038161987304687500e+03 9.783119506835937500e+02 7.743872070312500000e+02 6.689283447265625000e+02
1.065836791992187500e+03 1.005486022949218750e+03 7.462390747070312500e+02 6.708836059570312500e+02
1.173687133789062500e+03 1.026840209960937500e+03 6.851394042968750000e+02 7.083485717773437500e+02
1.231408569335937500e+03 1.030541259765625000e+03 6.554475708007812500e+02 7.333529663085937500e+02
1.201881835937500000e+03 9.890977783203125000e+02 6.924253540039062500e+02 7.379116821289062500e+02
1.139367919921875000e+03 8.700576171875000000e+02 8.026300659179687500e+02 7.658078002929687500e+02
1.182514038085937500e+03 8.894468383789062500e+02 7.659957275390625000e+02 7.785769042968750000e+02
1.182514038085937500e+03 8.894468383789062500e+02 7.659957275390625000e+02 7.785769042968750000e+02
1.206087646484375000e+03 8.554470825195312500e+02 7.792707519531250000e+02 8.158218994140625000e+02
1.295812500000000000e+03 8.799194335937500000e+02 7.040809326171875000e+02 8.612100219726562500e+02
1.282394653320312500e+03 8.682479858398437500e+02 7.240583496093750000e+02 8.603781738281250000e+02
1.301803344726562500e+03 8.594774780273437500e+02 7.211281738281250000e+02 8.836360473632812500e+02
1.170333984375000000e+03 1.008592590332031250e+03 6.985338745117187500e+02 7.157481079101562500e+02
1.241284301757812500e+03 9.890330200195312500e+02 6.713114013671875000e+02 7.570230712890625000e+02
1.158740600585937500e+03 8.674207763671875000e+02 7.964865722656250000e+02 7.801116333007812500e+02
1.158740600585937500e+03 8.674207763671875000e+02 7.964865722656250000e+02 7.801116333007812500e+02
1.315427246093750000e+03 8.523876953125000000e+02 7.157703857421875000e+02 8.993470458984375000e+02
1.296905883789062500e+03 8.282301635742187500e+02 7.513076782226562500e+02 9.085106811523437500e+02
1.212455688476562500e+03 8.962786865234375000e+02 7.449126586914062500e+02 7.922057495117187500e+02
1.195980224609375000e+03 8.773284912109375000e+02 7.680402221679687500e+02 7.951119995117187500e+02
1.195980224609375000e+03 8.773284912109375000e+02 7.680402221679687500e+02 7.951119995117187500e+02
1.166579589843750000e+03 8.482085571289062500e+02 8.112335205078125000e+02 7.979926757812500000e+02
7.495920410156250000e+02 8.822318725585937500e+02 7.257352905273437500e+02 7.338494262695312500e+02
1.273546020507812500e+03 8.504395141601562500e+02 7.454456787109375000e+02 8.706437377929687500e+02
1.370181152343750000e+03 8.521016235351562500e+02 6.791845703125000000e+02 9.485540771484375000e+02
1.259832641601562500e+03 9.175988769531250000e+02 6.953644409179687500e+02 8.138580932617187500e+02
