1.102818481445312500e+03 9.556065673828125000e+02 5.293517456054687500e+02 7.258066406250000000e+02
1.124029052734375000e+03 7.577854003906250000e+02 9.139093017578125000e+02 7.686436767578125000e+02
1.291775146484375000e+03 9.605890502929687500e+02 4.141770019531250000e+02 8.251621093750000000e+02
1.273155517578125000e+03 9.147659301757812500e+02 4.496897888183593750e+02 8.405406494140625000e+02
1.273155517578125000e+03 9.147659301757812500e+02 4.496897888183593750e+02 8.405406494140625000e+02
1.149312744140625000e+03 7.515603637695312500e+02 6.844266357421875000e+02 8.538160400390625000e+02
1.140921752929687500e+03 7.453021850585937500e+02 6.958070068359375000e+02 8.542979125976562500e+02
1.302371337890625000e+03 9.201724853515625000e+02 4.258448791503906250e+02 8.563215332031250000e+02
1.312790893554687500e+03 9.103684082031250000e+02 4.288324890136718750e+02 8.665438842773437500e+02
1.171101074218750000e+03 7.280299072265625000e+02 6.989898681640625000e+02 8.915385742187500000e+02
1.171101074218750000e+03 7.280299072265625000e+02 6.989898681640625000e+02 8.915385742187500000e+02
1.301143188476562500e+03 8.194266357421875000e+02 5.019425048828125000e+02 9.264102783203125000e+02
1.126595092773437500e+03 9.552561035156250000e+02 5.184039916992187500e+02 7.371113281250000000e+02
1.126595092773437500e+03 9.552561035156250000e+02 5.184039916992187500e+02 7.371113281250000000e+02
1.114861328125000000e+03 9.425352783203125000e+02 5.318911743164062500e+02 7.385748291015625000e+02
1.275097045898437500e+03 9.378902587890625000e+02 4.344691162109375000e+02 8.272778320312500000e+02
1.305810913085937500e+03 9.696958618164062500e+02 3.981072082519531250e+02 8.302066650390625000e+02
1.093413696289062500e+03 6.603074340820312500e+02 8.562695312500000000e+02 8.836657714843750000e+02
1.225881103515625000e+03 7.217694091796875000e+02 6.622965698242187500e+02 9.538659057617187500e+02
1.198259643554687500e+03 6.793161621093750000e+02 7.497792968750000000e+02 9.710345458984375000e+02
1.244857421875000000e+03 7.121323242187500000e+02 6.614771728515625000e+02 9.857449340820312500e+02
1.208459716796875000e+03 6.736879882812500000e+02 7.482914428710937500e+02 9.889459838867187500e+02
1.216157958984375000e+03 6.807563476562500000e+02 7.334287109375000000e+02 9.899669189453125000e+02
1.293562133789062500e+03 9.340711059570312500e+02 4.255989990234375000e+02 8.427568359375000000e+02
1.279781982421875000e+03 9.000023803710937500e+02 4.551988525390625000e+02 8.535223999023437500e+02
1.142509521484375000e+03 7.351181030273437500e+02 7.050393676757812500e+02 8.664698486328125000e+02
1.246071044921875000e+03 8.327849121093750000e+02 5.300545043945312500e+02 8.736530761718750000e+02
1.176422973632812500e+03 7.514678344726562500e+02 6.643520507812500000e+02 8.782108764648437500e+02
1.278125976562500000e+03 8.371226806640625000e+02 5.030828857421875000e+02 8.949348754882812500e+02
1.278125976562500000e+03 8.371226806640625000e+02 5.030828857421875000e+02 8.949348754882812500e+02
1.240734252929687500e+03 8.014262695312500000e+02 5.621506347656250000e+02 8.941022338867187500e+02
1.292383056640625000e+03 8.483442993164062500e+02 4.833352966308593750e+02 8.972064208984375000e+02
1.276524291992187500e+03 8.218481445312500000e+02 5.191869506835937500e+02 8.990641479492187500e+02
1.276524291992187500e+03 8.218481445312500000e+02 5.191869506835937500e+02 8.990641479492187500e+02
1.287748291015625000e+03 8.140770263671875000e+02 5.142938232421875000e+02 9.214751586914062500e+02
1.458952514648437500e+03 9.571366577148437500e+02 2.886980285644531250e+02 9.409954223632812500e+02
1.254984375000000000e+03 7.344696655273437500e+02 6.255715332031250000e+02 9.658641357421875000e+02
1.289357910156250000e+03 7.489458618164062500e+02 5.791285400390625000e+02 9.861033935546875000e+02
1.275553955078125000e+03 7.357416381835937500e+02 6.062211303710937500e+02 9.863480224609375000e+02
1.431091430664062500e+03 8.654841308593750000e+02 3.581286926269531250e+02 9.965461425781250000e+02
1.381766601562500000e+03 8.157050170898437500e+02 4.344513854980468750e+02 1.004573242187500000e+03
1.159077636718750000e+03 9.681734619140625000e+02 4.918783264160156250e+02 7.485587768554687500e+02
1.233322021484375000e+03 8.169851684570312500e+02 5.512010498046875000e+02 8.769413452148437500e+02
1.310206665039062500e+03 8.487990722656250000e+02 4.701138916015625000e+02 9.101339111328125000e+02
1.382630004882812500e+03 8.580633544921875000e+02 4.024499511718750000e+02 9.633582153320312500e+02
1.406051513671875000e+03 8.432774658203125000e+02 3.923587951660156250e+02 9.986591796875000000e+02
1.293629394531250000e+03 7.355712890625000000e+02 5.916137084960937500e+02 1.007813598632812500e+03
1.271357421875000000e+03 7.159780883789062500e+02 6.365686645507812500e+02 1.008072875976562500e+03
1.323592773437500000e+03 9.648261108398437500e+02 3.891329040527343750e+02 8.436894531250000000e+02
1.323592773437500000e+03 9.648261108398437500e+02 3.891329040527343750e+02 8.436894531250000000e+02
1.420884521484375000e+03 9.483623657226562500e+02 3.214262084960937500e+02 9.200202026367187500e+02
1.473171264648437500e+03 9.880456542968750000e+02 2.661422119140625000e+02 9.287454833984375000e+02
1.403388671875000000e+03 9.224469604492187500e+02 3.505552978515625000e+02 9.252666015625000000e+02
1.300915771484375000e+03 8.019675903320312500e+02 5.158293457031250000e+02 9.435690917968750000e+02
1.404521850585937500e+03 8.242849731445312500e+02 4.104309692382812500e+02 1.015786315917968750e+03
1.203400146484375000e+03 9.320090332031250000e+02 4.852279968261718750e+02 7.871185913085937500e+02
1.203400146484375000e+03 9.320090332031250000e+02 4.852279968261718750e+02 7.871185913085937500e+02
1.205558837890625000e+03 8.182920532226562500e+02 5.743387451171875000e+02 8.542565917968750000e+02
1.205558837890625000e+03 8.182920532226562500e+02 5.743387451171875000e+02 8.542565917968750000e+02
1.233796020507812500e+03 7.459985351562500000e+02 6.251379394531250000e+02 9.361065063476562500e+02
1.363232177734375000e+03 9.434967651367187500e+02 3.705663146972656250e+02 8.833664550781250000e+02
1.363232177734375000e+03 9.434967651367187500e+02 3.705663146972656250e+02 8.833664550781250000e+02
1.201535888671875000e+03 7.330098876953125000e+02 6.713220214843750000e+02 9.213521118164062500e+02
1.201535888671875000e+03 7.330098876953125000e+02 6.713220214843750000e+02 9.213521118164062500e+02
1.340708862304687500e+03 8.275581665039062500e+02 4.636842346191406250e+02 9.566087036132812500e+02
1.196697021484375000e+03 8.745791625976562500e+02 5.371153564453125000e+02 8.157638549804687500e+02
1.354150024414062500e+03 8.886409301757812500e+02 4.128458862304687500e+02 9.169340820312500000e+02
