1.121236816406250000e+03 1.057500976562500000e+03 5.150177612304687500e+02 6.028782958984375000e+02
1.102110351562500000e+03 9.444152221679687500e+02 5.706785888671875000e+02 6.386960449218750000e+02
1.102110351562500000e+03 9.444152221679687500e+02 5.706785888671875000e+02 6.386960449218750000e+02
1.094246093750000000e+03 9.341916503906250000e+02 5.812047119140625000e+02 6.401951904296875000e+02
1.094246093750000000e+03 9.341916503906250000e+02 5.812047119140625000e+02 6.401951904296875000e+02
1.132104248046875000e+03 9.391560058593750000e+02 5.549389038085937500e+02 6.527000122070312500e+02
1.132104248046875000e+03 9.391560058593750000e+02 5.549389038085937500e+02 6.527000122070312500e+02
1.149831909179687500e+03 7.465451660156250000e+02 6.626914672851562500e+02 7.906124267578125000e+02
1.149831909179687500e+03 7.465451660156250000e+02 6.626914672851562500e+02 7.906124267578125000e+02
7.488820190429687500e+02 1.052796630859375000e+03 7.214426879882812500e+02 5.203461303710937500e+02
1.077940795898437500e+03 1.064325927734375000e+03 5.354824829101562500e+02 5.880827636718750000e+02
1.102818481445312500e+03 9.556065673828125000e+02 5.661217041015625000e+02 6.336875610351562500e+02
1.119520874023437500e+03 9.253742065429687500e+02 5.683439941406250000e+02 6.537357788085937500e+02
1.119520874023437500e+03 9.253742065429687500e+02 5.683439941406250000e+02 6.537357788085937500e+02
1.140283569335937500e+03 9.268493652343750000e+02 5.542910766601562500e+02 6.609153442382812500e+02
1.140283569335937500e+03 9.268493652343750000e+02 5.542910766601562500e+02 6.609153442382812500e+02
1.291775146484375000e+03 9.605890502929687500e+02 4.365776672363281250e+02 7.074241943359375000e+02
1.281522338867187500e+03 8.435513305664062500e+02 4.863810119628906250e+02 7.822587280273437500e+02
1.263286987304687500e+03 8.072918701171875000e+02 5.202199096679687500e+02 8.038066406250000000e+02
1.297160400390625000e+03 8.116865844726562500e+02 4.880357360839843750e+02 8.216768188476562500e+02
1.128924926757812500e+03 9.348848876953125000e+02 5.572176513671875000e+02 6.533336181640625000e+02
1.128397583007812500e+03 8.479599609375000000e+02 6.037050781250000000e+02 6.987579345703125000e+02
1.289186279296875000e+03 9.481262817382812500e+02 4.435505065917968750e+02 7.142441406250000000e+02
1.304226928710937500e+03 9.503786010742187500e+02 4.308848266601562500e+02 7.184090576171875000e+02
1.304226928710937500e+03 9.503786010742187500e+02 4.308848266601562500e+02 7.184090576171875000e+02
1.245481933593750000e+03 9.011493530273437500e+02 4.916376037597656250e+02 7.214196166992187500e+02
1.310501708984375000e+03 9.410788574218750000e+02 4.272613220214843750e+02 7.265409545898437500e+02
1.273155517578125000e+03 9.147659301757812500e+02 4.656699218750000000e+02 7.261851196289062500e+02
1.273155517578125000e+03 9.147659301757812500e+02 4.656699218750000000e+02 7.261851196289062500e+02
1.259392456054687500e+03 9.030257568359375000e+02 4.796432189941406250e+02 7.271712036132812500e+02
1.259392456054687500e+03 9.030257568359375000e+02 4.796432189941406250e+02 7.271712036132812500e+02
1.171950805664062500e+03 8.369528198242187500e+02 5.795359497070312500e+02 7.278156738281250000e+02
1.285718505859375000e+03 9.168619995117187500e+02 4.553248901367187500e+02 7.305631713867187500e+02
1.314445922851562500e+03 9.307823486328125000e+02 4.286543273925781250e+02 7.350318603515625000e+02
1.299039794921875000e+03 9.080227050781250000e+02 4.484506835937500000e+02 7.425153198242187500e+02
1.299039794921875000e+03 9.080227050781250000e+02 4.484506835937500000e+02 7.425153198242187500e+02
1.158527099609375000e+03 7.960067138671875000e+02 6.159410400390625000e+02 7.519765014648437500e+02
1.171671264648437500e+03 7.972091064453125000e+02 6.053966674804687500e+02 7.578369140625000000e+02
1.262611450195312500e+03 8.153864135742187500e+02 5.162614135742187500e+02 7.961191406250000000e+02
1.158971069335937500e+03 7.468397216796875000e+02 6.541820678710937500e+02 7.964064331054687500e+02
1.301143188476562500e+03 8.194266357421875000e+02 4.801492614746093750e+02 8.154960937500000000e+02
1.160672119140625000e+03 7.214194335937500000e+02 6.752800903320312500e+02 8.239904785156250000e+02
1.388420532226562500e+03 7.544329833984375000e+02 4.180909423828125000e+02 9.590563964843750000e+02
1.126595092773437500e+03 9.552561035156250000e+02 5.507257690429687500e+02 6.438229980468750000e+02
1.114861328125000000e+03 9.425352783203125000e+02 5.634943847656250000e+02 6.448093261718750000e+02
1.305810913085937500e+03 9.696958618164062500e+02 4.247124328613281250e+02 7.084296875000000000e+02
1.275097045898437500e+03 9.378902587890625000e+02 4.558475341796875000e+02 7.117503051757812500e+02
1.275097045898437500e+03 9.378902587890625000e+02 4.558475341796875000e+02 7.117503051757812500e+02
1.234400878906250000e+03 8.921915893554687500e+02 5.040089111328125000e+02 7.212911376953125000e+02
1.234400878906250000e+03 8.921915893554687500e+02 5.040089111328125000e+02 7.212911376953125000e+02
1.148923461914062500e+03 8.317753906250000000e+02 5.995384521484375000e+02 7.197902221679687500e+02
1.181335327148437500e+03 8.444458007812500000e+02 5.669489746093750000e+02 7.278779296875000000e+02
1.159969360351562500e+03 8.255658569335937500e+02 5.950630493164062500e+02 7.304620361328125000e+02
1.180397583007812500e+03 7.917392578125000000e+02 6.022344970703125000e+02 7.679918212890625000e+02
1.149312744140625000e+03 7.515603637695312500e+02 6.571090698242187500e+02 7.860683593750000000e+02
1.302932373046875000e+03 8.360939331054687500e+02 4.716891174316406250e+02 8.005802612304687500e+02
1.178715332031250000e+03 7.346429443359375000e+02 6.468736572265625000e+02 8.212452392578125000e+02
1.171101074218750000e+03 7.280299072265625000e+02 6.615679321289062500e+02 8.224796142578125000e+02
1.414975952148437500e+03 8.573020019531250000e+02 3.608659057617187500e+02 8.499780883789062500e+02
1.244694946289062500e+03 7.356527099609375000e+02 5.822191772460937500e+02 8.702454223632812500e+02
1.199058349609375000e+03 6.663240966796875000e+02 6.986666870117187500e+02 9.336948852539062500e+02
1.199058349609375000e+03 6.663240966796875000e+02 6.986666870117187500e+02 9.336948852539062500e+02
1.166527465820312500e+03 9.218466796875000000e+02 5.393319091796875000e+02 6.754023437500000000e+02
1.263097167968750000e+03 9.636429443359375000e+02 4.562178039550781250e+02 6.946369628906250000e+02
1.180752685546875000e+03 8.281999511718750000e+02 5.773308105468750000e+02 7.389882202148437500e+02
1.325187377929687500e+03 9.202675781250000000e+02 4.228733215332031250e+02 7.472707519531250000e+02
1.231822753906250000e+03 8.423275756835937500e+02 5.287148437500000000e+02 7.562681884765625000e+02
1.180338378906250000e+03 8.055788574218750000e+02 5.917779541015625000e+02 7.559108886718750000e+02
1.458952514648437500e+03 9.571366577148437500e+02 3.070104064941406250e+02 7.864777221679687500e+02
1.292383056640625000e+03 8.483442993164062500e+02 4.742781372070312500e+02 7.855491333007812500e+02
1.278125976562500000e+03 8.371226806640625000e+02 4.926905212402343750e+02 7.864096679687500000e+02
1.240734252929687500e+03 8.014262695312500000e+02 5.437131958007812500e+02 7.952777709960937500e+02
1.276524291992187500e+03 8.218481445312500000e+02 5.000726013183593750e+02 7.993906860351562500e+02
1.229381591796875000e+03 7.910025634765625000e+02 5.603776855468750000e+02 7.982958374023437500e+02
1.229381591796875000e+03 7.910025634765625000e+02 5.603776855468750000e+02 7.982958374023437500e+02
1.142509521484375000e+03 7.351181030273437500e+02 6.784129028320312500e+02 7.987327880859375000e+02
1.310921997070312500e+03 8.275128173828125000e+02 4.663184204101562500e+02 8.123540649414062500e+02
1.287748291015625000e+03 8.140770263671875000e+02 4.948577270507812500e+02 8.126577758789062500e+02
1.274327880859375000e+03 8.043295898437500000e+02 5.118334350585937500e+02 8.136068725585937500e+02
1.388134033203125000e+03 8.433407592773437500e+02 3.907253112792968750e+02 8.471436767578125000e+02
1.431091430664062500e+03 8.654841308593750000e+02 3.420265197753906250e+02 8.533358764648437500e+02
1.442439208984375000e+03 8.575513305664062500e+02 3.369694213867187500e+02 8.676895141601562500e+02
1.225881103515625000e+03 7.217694091796875000e+02 6.137656860351562500e+02 8.746976318359375000e+02
1.424183715820312500e+03 8.378952636718750000e+02 3.548568725585937500e+02 8.775773925781250000e+02
1.289357910156250000e+03 7.489458618164062500e+02 5.289190063476562500e+02 8.861998291015625000e+02
1.198259643554687500e+03 6.793161621093750000e+02 6.796510620117187500e+02 9.115789184570312500e+02
1.216157958984375000e+03 6.807563476562500000e+02 6.615847778320312500e+02 9.230819702148437500e+02
1.208459716796875000e+03 6.736879882812500000e+02 6.768274536132812500e+02 9.264329223632812500e+02
4.507863769531250000e+02 7.522409820556640625e+01 8.973697509765625000e+02 6.339871826171875000e+02
1.147840454101562500e+03 9.413603515625000000e+02 5.427485961914062500e+02 6.580256347656250000e+02
1.147840454101562500e+03 9.413603515625000000e+02 5.427485961914062500e+02 6.580256347656250000e+02
1.246071044921875000e+03 8.327849121093750000e+02 5.218226928710937500e+02 7.717320556640625000e+02
1.233322021484375000e+03 8.169851684570312500e+02 5.415468139648437500e+02 7.778106689453125000e+02
1.248293701171875000e+03 8.161402587890625000e+02 5.275744018554687500e+02 7.872144775390625000e+02
1.248293701171875000e+03 8.161402587890625000e+02 5.275744018554687500e+02 7.872144775390625000e+02
6.717941894531250000e+02 9.419464111328125000e+02 9.454887695312500000e+02 7.967236328125000000e+02
1.176422973632812500e+03 7.514678344726562500e+02 6.348881225585937500e+02 8.029031982421875000e+02
1.147395507812500000e+03 7.236496582031250000e+02 6.872301025390625000e+02 8.117280273437500000e+02
1.147395507812500000e+03 7.236496582031250000e+02 6.872301025390625000e+02 8.117280273437500000e+02
1.406051513671875000e+03 8.432774658203125000e+02 3.746649780273437500e+02 8.573583984375000000e+02
1.254984375000000000e+03 7.344696655273437500e+02 5.725088500976562500e+02 8.789113769531250000e+02
1.275553955078125000e+03 7.357416381835937500e+02 5.509507446289062500e+02 8.931564941406250000e+02
1.188777465820312500e+03 6.704979248046875000e+02 7.035397338867187500e+02 9.139543457031250000e+02
1.410697875976562500e+03 7.521521606445312500e+02 3.972326965332031250e+02 9.804753417968750000e+02
1.473171264648437500e+03 9.880456542968750000e+02 2.910876770019531250e+02 7.746961669921875000e+02
1.420884521484375000e+03 9.483623657226562500e+02 3.391401367187500000e+02 7.733688964843750000e+02
1.174930908203125000e+03 7.157811889648437500e+02 6.692464599609375000e+02 8.423140869140625000e+02
1.293629394531250000e+03 7.355712890625000000e+02 5.317639160156250000e+02 9.066473999023437500e+02
1.271357421875000000e+03 7.159780883789062500e+02 5.730238037109375000e+02 9.168120727539062500e+02
1.362387329101562500e+03 7.622308959960937500e+02 4.460405273437500000e+02 9.267899780273437500e+02
1.323592773437500000e+03 9.648261108398437500e+02 4.120264282226562500e+02 7.211292114257812500e+02
1.323592773437500000e+03 9.648261108398437500e+02 4.120264282226562500e+02 7.211292114257812500e+02
1.412165405273437500e+03 8.892708740234375000e+02 3.647880859375000000e+02 8.146513061523437500e+02
1.370128173828125000e+03 7.458663330078125000e+02 4.430993347167968750e+02 9.563502807617187500e+02
1.203400146484375000e+03 9.320090332031250000e+02 5.096510009765625000e+02 6.852313842773437500e+02
1.203400146484375000e+03 9.320090332031250000e+02 5.096510009765625000e+02 6.852313842773437500e+02
1.244221435546875000e+03 9.221550292968750000e+02 4.843072509765625000e+02 7.085833740234375000e+02
1.205558837890625000e+03 8.182920532226562500e+02 5.644352416992187500e+02 7.619973754882812500e+02
1.205558837890625000e+03 8.182920532226562500e+02 5.644352416992187500e+02 7.619973754882812500e+02
1.201535888671875000e+03 7.330098876953125000e+02 6.276486816406250000e+02 8.437443847656250000e+02
1.233796020507812500e+03 7.459985351562500000e+02 5.844636840820312500e+02 8.494871826171875000e+02
1.340708862304687500e+03 8.275581665039062500e+02 4.394614562988281250e+02 8.329204101562500000e+02
1.196697021484375000e+03 8.745791625976562500e+02 5.420325927734375000e+02 7.185115966796875000e+02
1.354150024414062500e+03 8.886409301757812500e+02 4.128410949707031250e+02 7.900237426757812500e+02
1.202510864257812500e+03 7.737300415039062500e+02 5.971972045898437500e+02 7.987274780273437500e+02
