9.624185791015625000e+02 3.770747375488281250e+02 9.212526245117187500e+02 2.940310363769531250e+02
8.435653076171875000e+02 3.703425903320312500e+02 7.610336914062500000e+02 3.065411682128906250e+02
9.555024414062500000e+02 7.255211181640625000e+02 9.879564208984375000e+02 6.096254882812500000e+02
9.825547485351562500e+02 8.328040161132812500e+02 1.019536682128906250e+03 6.821679687500000000e+02
9.100223999023437500e+02 7.897877807617187500e+02 9.325169067382812500e+02 6.855368041992187500e+02
1.451534912109375000e+03 9.841118774414062500e+02 1.313371704101562500e+03 6.115521850585937500e+02
9.745011596679687500e+02 8.342111816406250000e+02 1.013795471191406250e+03 6.869766845703125000e+02
1.104147216796875000e+03 9.334685668945312500e+02 1.157574340820312500e+03 6.954165039062500000e+02
1.131359130859375000e+03 9.621423339843750000e+02 1.186038940429687500e+03 7.012085571289062500e+02
9.713162231445312500e+02 9.165110473632812500e+02 1.079023071289062500e+03 7.381156616210937500e+02
9.669815063476562500e+02 9.366722412109375000e+02 1.091429321289062500e+03 7.518002929687500000e+02
1.121236816406250000e+03 1.057500976562500000e+03 1.239642211914062500e+03 7.529585571289062500e+02
9.600447998046875000e+02 1.019594055175781250e+03 1.146620239257812500e+03 7.990952758789062500e+02
9.600447998046875000e+02 1.019594055175781250e+03 1.146620239257812500e+03 7.990952758789062500e+02
9.297011108398437500e+02 1.025183105468750000e+03 1.135523681640625000e+03 8.158713378906250000e+02
9.387890625000000000e+02 6.348124389648437500e+02 9.500098876953125000e+02 5.398254394531250000e+02
1.464578979492187500e+03 8.530667724609375000e+02 1.251865966796875000e+03 5.393125000000000000e+02
1.155957397460937500e+03 9.521188354492187500e+02 1.191402099609375000e+03 6.872357788085937500e+02
1.009063964843750000e+03 9.115406494140625000e+02 1.095579223632812500e+03 7.202019653320312500e+02
9.864555053710937500e+02 9.089254150390625000e+02 1.080619873046875000e+03 7.282843627929687500e+02
9.937003784179687500e+02 9.293262329101562500e+02 1.099850952148437500e+03 7.363624267578125000e+02
7.810520629882812500e+02 7.807655029296875000e+02 8.210605468750000000e+02 7.421553344726562500e+02
9.685510253906250000e+02 9.264223022460937500e+02 1.085507568359375000e+03 7.441843872070312500e+02
9.782017211914062500e+02 9.397075195312500000e+02 1.100082641601562500e+03 7.490989379882812500e+02
9.476357421875000000e+02 1.015013488769531250e+03 1.137507324218750000e+03 8.020203857421875000e+02
9.476357421875000000e+02 1.015013488769531250e+03 1.137507324218750000e+03 8.020203857421875000e+02
8.221157836914062500e+02 9.084537963867187500e+02 9.814893798828125000e+02 8.031084594726562500e+02
9.820061645507812500e+02 1.048732177734375000e+03 1.176700317382812500e+03 8.047191162109375000e+02
9.675349731445312500e+02 1.045800537109375000e+03 1.168279052734375000e+03 8.094752197265625000e+02
8.178245239257812500e+02 1.009422363281250000e+03 1.064654296875000000e+03 8.621610717773437500e+02
7.846323242187500000e+02 1.030298583984375000e+03 1.061530029296875000e+03 8.907468261718750000e+02
7.730668334960937500e+02 1.055615356445312500e+03 1.075285644531250000e+03 9.089639892578125000e+02
6.751331787109375000e+02 9.708410034179687500e+02 9.360975341796875000e+02 9.219896850585937500e+02
8.768206787109375000e+02 3.837116699218750000e+02 7.965665893554687500e+02 3.137248840332031250e+02
1.024237792968750000e+03 8.872065429687500000e+02 1.084551147460937500e+03 6.985156860351562500e+02
9.910114135742187500e+02 8.830589599609375000e+02 1.064135253906250000e+03 7.091815795898437500e+02
9.956000366210937500e+02 9.163784790039062500e+02 1.090688720703125000e+03 7.291113281250000000e+02
1.097282958984375000e+03 1.028978515625000000e+03 1.214124877929687500e+03 7.475725097656250000e+02
1.091765869140625000e+03 1.052967773437500000e+03 1.224401123046875000e+03 7.606992187500000000e+02
1.066920410156250000e+03 1.048942382812500000e+03 1.214387817382812500e+03 7.706824340820312500e+02
8.398316650390625000e+02 8.909788818359375000e+02 9.778159179687500000e+02 7.840162963867187500e+02
7.073026733398437500e+02 8.733653564453125000e+02 8.599560546875000000e+02 8.445634155273437500e+02
6.880163574218750000e+02 9.489362792968750000e+02 9.242169189453125000e+02 9.023212280273437500e+02
8.798259887695312500e+02 4.001784057617187500e+02 8.027885742187500000e+02 3.268880310058593750e+02
9.531915893554687500e+02 6.726099243164062500e+02 9.723433227539062500e+02 5.684861450195312500e+02
1.108412963867187500e+03 9.235048828125000000e+02 1.153772705078125000e+03 6.885750122070312500e+02
1.108412963867187500e+03 9.235048828125000000e+02 1.153772705078125000e+03 6.885750122070312500e+02
1.085888793945312500e+03 9.216157226562500000e+02 1.143371826171875000e+03 6.981565551757812500e+02
8.147571411132812500e+02 7.704351806640625000e+02 8.367119750976562500e+02 7.155003051757812500e+02
1.081634643554687500e+03 9.586894531250000000e+02 1.163576171875000000e+03 7.175649414062500000e+02
9.652251586914062500e+02 9.447915649414062500e+02 1.095323852539062500e+03 7.583096923828125000e+02
8.790987548828125000e+02 9.066510009765625000e+02 1.015195373535156250e+03 7.732968750000000000e+02
9.621735229492187500e+02 1.009739501953125000e+03 1.142495239257812500e+03 7.921484985351562500e+02
9.793816528320312500e+02 1.028111694335937500e+03 1.159540405273437500e+03 7.933659667968750000e+02
9.793816528320312500e+02 1.028111694335937500e+03 1.159540405273437500e+03 7.933659667968750000e+02
8.110444335937500000e+02 9.969810791015625000e+02 1.051020874023437500e+03 8.592046508789062500e+02
8.353148193359375000e+02 1.027090087890625000e+03 1.085535278320312500e+03 8.599620361328125000e+02
6.500832519531250000e+02 9.701645507812500000e+02 9.153203125000000000e+02 9.356520996093750000e+02
6.593787841796875000e+02 9.804620361328125000e+02 9.327734985351562500e+02 9.367297363281250000e+02
6.782275390625000000e+02 1.007889343261718750e+03 9.741903686523437500e+02 9.395861206054687500e+02
1.323592773437500000e+03 9.648261108398437500e+02 1.262977050781250000e+03 6.401657714843750000e+02
1.123939941406250000e+03 9.042019653320312500e+02 1.145329589843750000e+03 6.699382934570312500e+02
1.147840454101562500e+03 9.413603515625000000e+02 1.182284301757812500e+03 6.872118530273437500e+02
8.560875244140625000e+02 8.927656250000000000e+02 9.923549194335937500e+02 7.797623901367187500e+02
8.586987304687500000e+02 9.175400390625000000e+02 1.010827758789062500e+03 7.918884887695312500e+02
7.986638793945312500e+02 1.020576965332031250e+03 1.062183593750000000e+03 8.769736328125000000e+02
6.028605346679687500e+02 8.742196655273437500e+02 7.662609252929687500e+02 9.150830688476562500e+02
6.419294433593750000e+02 1.012407531738281250e+03 9.507150878906250000e+02 9.676890258789062500e+02
9.659624633789062500e+02 8.991837158203125000e+02 1.060786865234375000e+03 7.297854003906250000e+02
1.050258666992187500e+03 9.180093994140625000e+02 1.120588500976562500e+03 7.073396606445312500e+02
