2.996677246093750000e+02 7.204534301757812500e+02 6.031983032226562500e+02 3.660776672363281250e+02
4.421343078613281250e+02 6.831293334960937500e+02 7.082110595703125000e+02 3.708868103027343750e+02
3.389931640625000000e+02 7.461401367187500000e+02 6.284761352539062500e+02 3.941922302246093750e+02
7.604353027343750000e+02 6.348829345703125000e+02 8.803260498046875000e+02 4.594564514160156250e+02
7.558012695312500000e+02 6.400479125976562500e+02 8.738024291992187500e+02 4.626277465820312500e+02
6.799107055664062500e+02 6.744619750976562500e+02 8.017129516601562500e+02 4.729614562988281250e+02
6.799107055664062500e+02 6.744619750976562500e+02 8.017129516601562500e+02 4.729614562988281250e+02
7.572251586914062500e+02 6.522495117187500000e+02 8.686388549804687500e+02 4.759943542480468750e+02
6.921687622070312500e+02 6.794331665039062500e+02 8.086068725585937500e+02 4.813192749023437500e+02
6.921687622070312500e+02 6.794331665039062500e+02 8.086068725585937500e+02 4.813192749023437500e+02
6.515097045898437500e+02 7.050978393554687500e+02 7.680679931640625000e+02 4.927790527343750000e+02
6.515097045898437500e+02 7.050978393554687500e+02 7.680679931640625000e+02 4.927790527343750000e+02
6.792916259765625000e+02 6.975307006835937500e+02 7.910853881835937500e+02 4.943014526367187500e+02
8.144141235351562500e+02 6.572791748046875000e+02 9.099583740234375000e+02 4.989753723144531250e+02
6.793594970703125000e+02 7.054214477539062500e+02 7.876539916992187500e+02 5.018436889648437500e+02
6.793594970703125000e+02 7.054214477539062500e+02 7.876539916992187500e+02 5.018436889648437500e+02
6.854263916015625000e+02 7.087321777343750000e+02 7.905975341796875000e+02 5.066330261230468750e+02
5.807597656250000000e+02 7.536115722656250000e+02 6.996044311523437500e+02 5.154746704101562500e+02
5.649053344726562500e+02 7.670064697265625000e+02 6.851851806640625000e+02 5.220273437500000000e+02
5.867348022460937500e+02 7.743930664062500000e+02 6.965303344726562500e+02 5.350203857421875000e+02
5.835797729492187500e+02 7.859541015625000000e+02 6.902215576171875000e+02 5.441707763671875000e+02
5.991512451171875000e+02 7.814084472656250000e+02 7.017932739257812500e+02 5.452740478515625000e+02
5.991512451171875000e+02 7.814084472656250000e+02 7.017932739257812500e+02 5.452740478515625000e+02
4.925815734863281250e+02 8.342653808593750000e+02 6.154165039062500000e+02 5.575104370117187500e+02
6.663784179687500000e+02 7.891943969726562500e+02 7.431090087890625000e+02 5.726546630859375000e+02
4.781717224121093750e+02 8.645892333984375000e+02 5.964974975585937500e+02 5.780573730468750000e+02
4.887188110351562500e+02 8.656534423828125000e+02 6.026301269531250000e+02 5.820384521484375000e+02
4.887188110351562500e+02 8.656534423828125000e+02 6.026301269531250000e+02 5.820384521484375000e+02
8.292483520507812500e+02 7.735330810546875000e+02 8.665814819335937500e+02 6.113640136718750000e+02
6.222082519531250000e+02 9.778249511718750000e+02 6.462805175781250000e+02 7.104075317382812500e+02
6.544263916015625000e+02 9.665034179687500000e+02 6.715953369140625000e+02 7.114984130859375000e+02
7.942775878906250000e+02 1.050405517578125000e+03 7.304492187500000000e+02 8.184058837890625000e+02
6.553278808593750000e+02 4.793459167480468750e+02 9.117705078125000000e+02 2.422141723632812500e+02
3.724747619628906250e+02 7.368777465820312500e+02 6.544474487304687500e+02 3.946133728027343750e+02
3.241043090820312500e+02 7.728978271484375000e+02 6.155831909179687500e+02 4.108929443359375000e+02
1.029557739257812500e+03 5.944193725585937500e+02 1.131643676757812500e+03 5.073677978515625000e+02
6.164556884765625000e+02 7.496238403320312500e+02 7.259091186523437500e+02 5.224491577148437500e+02
6.164556884765625000e+02 7.496238403320312500e+02 7.259091186523437500e+02 5.224491577148437500e+02
7.736876220703125000e+02 7.070970458984375000e+02 8.559117431640625000e+02 5.331642456054687500e+02
7.736876220703125000e+02 7.070970458984375000e+02 8.559117431640625000e+02 5.331642456054687500e+02
5.703122558593750000e+02 7.793078613281250000e+02 6.838994750976562500e+02 5.344437255859375000e+02
6.083978271484375000e+02 7.737791137695312500e+02 7.111080932617187500e+02 5.412041625976562500e+02
6.083978271484375000e+02 7.737791137695312500e+02 7.111080932617187500e+02 5.412041625976562500e+02
7.553867187500000000e+02 7.243392944335937500e+02 8.346674194335937500e+02 5.434987792968750000e+02
7.759353637695312500e+02 7.232542724609375000e+02 8.498986206054687500e+02 5.488746337890625000e+02
7.770441284179687500e+02 7.323499145507812500e+02 8.467873535156250000e+02 5.576194458007812500e+02
7.770441284179687500e+02 7.323499145507812500e+02 8.467873535156250000e+02 5.576194458007812500e+02
7.576554565429687500e+02 7.418266601562500000e+02 8.280498046875000000e+02 5.599334716796875000e+02
4.734642639160156250e+02 8.588566284179687500e+02 5.950781250000000000e+02 5.721491088867187500e+02
4.734642639160156250e+02 8.588566284179687500e+02 5.950781250000000000e+02 5.721491088867187500e+02
5.152189331054687500e+02 8.437525634765625000e+02 6.261672973632812500e+02 5.723534545898437500e+02
5.152189331054687500e+02 8.437525634765625000e+02 6.261672973632812500e+02 5.723534545898437500e+02
6.426285400390625000e+02 8.099572753906250000e+02 7.202314453125000000e+02 5.826927490234375000e+02
1.076202026367187500e+03 6.517057495117187500e+02 1.134362670898437500e+03 5.846717529296875000e+02
7.187797241210937500e+02 7.898834838867187500e+02 7.805200805664062500e+02 5.894588012695312500e+02
7.187797241210937500e+02 7.898834838867187500e+02 7.805200805664062500e+02 5.894588012695312500e+02
6.570453491210937500e+02 8.171090698242187500e+02 7.266941528320312500e+02 5.935300903320312500e+02
1.102659790039062500e+03 6.604266967773437500e+02 1.154250488281250000e+03 6.013796997070312500e+02
8.213568115234375000e+02 7.701406860351562500e+02 8.620436401367187500e+02 6.061814575195312500e+02
8.486148681640625000e+02 7.624344482421875000e+02 8.861644287109375000e+02 6.087247924804687500e+02
8.518811035156250000e+02 7.718247680664062500e+02 8.836370239257812500e+02 6.174426269531250000e+02
5.558549194335937500e+02 8.899154052734375000e+02 6.360202026367187500e+02 6.214776000976562500e+02
8.609946289062500000e+02 7.749633178710937500e+02 8.903011474609375000e+02 6.230973510742187500e+02
6.082703857421875000e+02 8.749684448242187500e+02 6.745270996093750000e+02 6.252873535156250000e+02
6.082703857421875000e+02 8.749684448242187500e+02 6.745270996093750000e+02 6.252873535156250000e+02
1.248429809570312500e+03 6.309625854492187500e+02 1.318384887695312500e+03 6.261158447265625000e+02
8.484465942382812500e+02 7.893496093750000000e+02 8.727593994140625000e+02 6.325676879882812500e+02
5.887700805664062500e+02 8.932196655273437500e+02 6.553536987304687500e+02 6.341544799804687500e+02
6.064343261718750000e+02 8.879038696289062500e+02 6.676233520507812500e+02 6.357924194335937500e+02
6.064343261718750000e+02 8.879038696289062500e+02 6.676233520507812500e+02 6.357924194335937500e+02
6.238356933593750000e+02 8.830876464843750000e+02 6.815179443359375000e+02 6.366602783203125000e+02
6.238356933593750000e+02 8.830876464843750000e+02 6.815179443359375000e+02 6.366602783203125000e+02
7.173766479492187500e+02 8.715002441406250000e+02 7.463590087890625000e+02 6.574917602539062500e+02
7.349121704101562500e+02 8.661767578125000000e+02 7.600311279296875000e+02 6.587724609375000000e+02
1.196740356445312500e+03 6.855999145507812500e+02 1.226579345703125000e+03 6.629226074218750000e+02
1.140770629882812500e+03 7.498688354492187500e+02 1.132546752929687500e+03 7.027347412109375000e+02
6.686931762695312500e+02 9.542901000976562500e+02 6.832339477539062500e+02 7.072291259765625000e+02
6.579901733398437500e+02 9.810886230468750000e+02 6.680675048828125000e+02 7.238246459960937500e+02
6.579901733398437500e+02 9.810886230468750000e+02 6.680675048828125000e+02 7.238246459960937500e+02
6.302604370117187500e+02 9.972778320312500000e+02 6.472509155273437500e+02 7.258525390625000000e+02
6.959757690429687500e+02 9.701078491210937500e+02 6.955681762695312500e+02 7.278611450195312500e+02
6.490700073242187500e+02 9.912977294921875000e+02 6.598340454101562500e+02 7.281346435546875000e+02
6.490700073242187500e+02 9.912977294921875000e+02 6.598340454101562500e+02 7.281346435546875000e+02
6.682946777343750000e+02 9.850474243164062500e+02 6.738487548828125000e+02 7.297373657226562500e+02
6.490040893554687500e+02 1.007909179687500000e+03 6.552164306640625000e+02 7.397869262695312500e+02
6.490040893554687500e+02 1.007909179687500000e+03 6.552164306640625000e+02 7.397869262695312500e+02
8.878036499023437500e+02 9.107412719726562500e+02 8.496872558593750000e+02 7.453207397460937500e+02
8.476653442382812500e+02 9.302730712890625000e+02 8.129261474609375000e+02 7.468146362304687500e+02
1.127545288085937500e+03 9.988143920898437500e+02 9.795466918945312500e+02 9.037800903320312500e+02
1.983695373535156250e+02 5.441961669921875000e+02 5.491970214843750000e+02 1.998706207275390625e+02
8.815993041992187500e+02 3.273782348632812500e+02 1.021323181152343750e+03 2.259739532470703125e+02
8.909047241210937500e+02 3.486443176269531250e+02 1.019588439941406250e+03 2.502743377685546875e+02
3.061521606445312500e+02 7.537822875976562500e+02 6.051209716796875000e+02 3.919822082519531250e+02
3.329642639160156250e+02 7.677551879882812500e+02 6.226201782226562500e+02 4.091759338378906250e+02
3.329642639160156250e+02 7.677551879882812500e+02 6.226201782226562500e+02 4.091759338378906250e+02
3.619551086425781250e+02 7.593135986328125000e+02 6.434024047851562500e+02 4.097638244628906250e+02
3.619551086425781250e+02 7.593135986328125000e+02 6.434024047851562500e+02 4.097638244628906250e+02
7.160629272460937500e+02 6.449820556640625000e+02 8.407773437500000000e+02 4.562126159667968750e+02
7.691751708984375000e+02 6.334321899414062500e+02 8.885590209960937500e+02 4.603837280273437500e+02
7.507993774414062500e+02 6.466820678710937500e+02 8.689309082031250000e+02 4.676349487304687500e+02
6.548280029296875000e+02 6.990728759765625000e+02 7.736118774414062500e+02 4.879828796386718750e+02
6.548280029296875000e+02 6.990728759765625000e+02 7.736118774414062500e+02 4.879828796386718750e+02
6.951524658203125000e+02 6.869561767578125000e+02 8.067103271484375000e+02 4.899452819824218750e+02
6.951524658203125000e+02 6.869561767578125000e+02 8.067103271484375000e+02 4.899452819824218750e+02
6.698590698242187500e+02 7.082094116210937500e+02 7.791301269531250000e+02 5.032434082031250000e+02
5.699064331054687500e+02 7.562634887695312500e+02 6.911060180664062500e+02 5.151254882812500000e+02
5.931047973632812500e+02 7.487911987304687500e+02 7.101959228515625000e+02 5.146722412109375000e+02
5.931047973632812500e+02 7.487911987304687500e+02 7.101959228515625000e+02 5.146722412109375000e+02
7.840363159179687500e+02 7.045369873046875000e+02 8.656644287109375000e+02 5.340959472656250000e+02
5.978069458007812500e+02 7.721709594726562500e+02 7.051028442382812500e+02 5.360972900390625000e+02
5.728798828125000000e+02 7.891714477539062500e+02 6.814061889648437500e+02 5.433383178710937500e+02
4.841177978515625000e+02 8.258875732421875000e+02 6.121279907226562500e+02 5.487554321289062500e+02
7.556800537109375000e+02 7.323876342773437500e+02 8.300041503906250000e+02 5.494952392578125000e+02
7.498475341796875000e+02 7.309146728515625000e+02 8.300041503906250000e+02 5.494952392578125000e+02
4.987797241210937500e+02 8.248035278320312500e+02 6.232698974609375000e+02 5.512860107421875000e+02
1.126760742187500000e+03 6.043189697265625000e+02 1.217622070312500000e+03 5.517438354492187500e+02
1.126760742187500000e+03 6.043189697265625000e+02 1.217622070312500000e+03 5.517438354492187500e+02
7.885675659179687500e+02 7.293775634765625000e+02 8.568651733398437500e+02 5.580538940429687500e+02
5.213891601562500000e+02 8.337727050781250000e+02 6.332758178710937500e+02 5.657125854492187500e+02
6.455507202148437500e+02 7.985109252929687500e+02 7.260809326171875000e+02 5.748420410156250000e+02
6.582567749023437500e+02 7.962045898437500000e+02 7.367093505859375000e+02 5.765517578125000000e+02
5.113719177246093750e+02 8.541264648437500000e+02 6.204037475585937500e+02 5.790983276367187500e+02
6.562270507812500000e+02 8.064050903320312500e+02 7.306185302734375000e+02 5.834198608398437500e+02
6.784096679687500000e+02 8.040317993164062500e+02 7.459956054687500000e+02 5.884111938476562500e+02
6.784096679687500000e+02 8.040317993164062500e+02 7.459956054687500000e+02 5.884111938476562500e+02
1.216977661132812500e+03 6.297711181640625000e+02 1.287820922851562500e+03 6.135823364257812500e+02
5.759006958007812500e+02 8.733610229492187500e+02 6.544777221679687500e+02 6.145559692382812500e+02
8.378823852539062500e+02 7.762803955078125000e+02 8.718785400390625000e+02 6.172913818359375000e+02
5.711060180664062500e+02 8.854581909179687500e+02 6.473225097656250000e+02 6.218820800781250000e+02
5.730806274414062500e+02 9.126941528320312500e+02 6.397029418945312500e+02 6.455380249023437500e+02
5.730806274414062500e+02 9.126941528320312500e+02 6.397029418945312500e+02 6.455380249023437500e+02
7.348723144531250000e+02 8.800754394531250000e+02 7.552135009765625000e+02 6.704418334960937500e+02
7.842257080078125000e+02 8.641197509765625000e+02 7.938674316406250000e+02 6.739690551757812500e+02
7.842257080078125000e+02 8.641197509765625000e+02 7.938674316406250000e+02 6.739690551757812500e+02
1.105696166992187500e+03 7.353128662109375000e+02 1.112275024414062500e+03 6.737257080078125000e+02
1.105696166992187500e+03 7.353128662109375000e+02 1.112275024414062500e+03 6.737257080078125000e+02
1.088982910156250000e+03 7.650303344726562500e+02 1.077181884765625000e+03 6.965158081054687500e+02
6.869349365234375000e+02 9.638744506835937500e+02 6.927111206054687500e+02 7.197244262695312500e+02
1.129136962890625000e+03 7.771909790039062500e+02 1.104071289062500000e+03 7.227032470703125000e+02
6.793201293945312500e+02 9.747339477539062500e+02 6.832586059570312500e+02 7.249992675781250000e+02
1.143346313476562500e+03 7.742507324218750000e+02 1.118935668945312500e+03 7.247680053710937500e+02
8.868963012695312500e+02 8.930807495117187500e+02 8.532053222656250000e+02 7.327879638671875000e+02
6.381790771484375000e+02 1.004136535644531250e+03 6.489955444335937500e+02 7.340468139648437500e+02
6.585019531250000000e+02 9.966390991210937500e+02 6.638457031250000000e+02 7.351119384765625000e+02
6.585019531250000000e+02 9.966390991210937500e+02 6.638457031250000000e+02 7.351119384765625000e+02
6.783788452148437500e+02 9.911326904296875000e+02 6.779224243164062500e+02 7.372297973632812500e+02
8.619094238281250000e+02 9.099960327148437500e+02 8.304727172851562500e+02 7.374114990234375000e+02
8.544752807617187500e+02 9.195291137695312500e+02 8.216402587890625000e+02 7.424224243164062500e+02
6.576500854492187500e+02 1.014468933105468750e+03 6.576448974609375000e+02 7.477487792968750000e+02
8.986719360351562500e+02 9.143914184570312500e+02 8.532720336914062500e+02 7.533464355468750000e+02
1.218218750000000000e+03 7.748541870117187500e+02 1.185772827148437500e+03 7.548187255859375000e+02
8.569149780273437500e+02 9.354391479492187500e+02 8.155483398437500000e+02 7.550833740234375000e+02
1.247327514648437500e+03 7.668057861328125000e+02 1.216637451171875000e+03 7.594323730468750000e+02
1.226191162109375000e+03 7.862348022460937500e+02 1.185617797851562500e+03 7.681307373046875000e+02
7.742179565429687500e+02 9.925879516601562500e+02 7.378250732421875000e+02 7.701289062500000000e+02
7.742179565429687500e+02 9.925879516601562500e+02 7.378250732421875000e+02 7.701289062500000000e+02
1.257167114257812500e+03 7.768691406250000000e+02 1.217445434570312500e+03 7.726838989257812500e+02
7.843649902343750000e+02 9.983861694335937500e+02 7.415698242187500000e+02 7.784119873046875000e+02
7.961036376953125000e+02 1.002322082519531250e+03 7.486788330078125000e+02 7.843826904296875000e+02
7.961036376953125000e+02 1.002322082519531250e+03 7.486788330078125000e+02 7.843826904296875000e+02
9.847525024414062500e+02 9.259627685546875000e+02 9.111500854492187500e+02 7.929712524414062500e+02
8.055629272460937500e+02 1.009004028320312500e+03 7.508809204101562500e+02 7.935523681640625000e+02
8.055629272460937500e+02 1.009004028320312500e+03 7.508809204101562500e+02 7.935523681640625000e+02
7.605920410156250000e+02 1.050968383789062500e+03 7.072117309570312500e+02 8.087077026367187500e+02
9.701313476562500000e+02 9.552083740234375000e+02 8.851212768554687500e+02 8.114544067382812500e+02
8.100414428710937500e+02 1.045719360351562500e+03 7.412253417968750000e+02 8.214199829101562500e+02
1.383810302734375000e+03 8.150896606445312500e+02 1.310891723632812500e+03 8.612144165039062500e+02
1.336098022460937500e+03 9.263485717773437500e+02 1.192114990234375000e+03 9.311575317382812500e+02
1.368963500976562500e+03 9.163611450195312500e+02 1.228112426757812500e+03 9.364554443359375000e+02
1.390583496093750000e+03 9.583064575195312500e+02 1.219094238281250000e+03 9.794746704101562500e+02
1.733302459716796875e+02 5.743765869140625000e+02 5.290606689453125000e+02 2.197202911376953125e+02
1.733302459716796875e+02 5.743765869140625000e+02 5.290606689453125000e+02 2.197202911376953125e+02
3.505080871582031250e+02 7.325142822265625000e+02 6.386576538085937500e+02 3.867797546386718750e+02
7.370694580078125000e+02 6.303638916015625000e+02 8.636885986328125000e+02 4.485238342285156250e+02
7.504672241210937500e+02 6.359570922851562500e+02 8.724808959960937500e+02 4.573455810546875000e+02
7.777315063476562500e+02 6.391083984375000000e+02 8.928879394531250000e+02 4.685984191894531250e+02
6.908322753906250000e+02 6.990479736328125000e+02 8.002163085937500000e+02 4.984823608398437500e+02
7.374746093750000000e+02 7.156491699218750000e+02 8.242828369140625000e+02 5.302178344726562500e+02
5.160534057617187500e+02 8.211317749023437500e+02 6.350447387695312500e+02 5.540469970703125000e+02
6.637152099609375000e+02 7.842575073242187500e+02 7.427310791015625000e+02 5.681287231445312500e+02
5.035632934570312500e+02 8.493778686523437500e+02 6.170004272460937500e+02 5.732943115234375000e+02
6.449992675781250000e+02 8.205725708007812500e+02 7.171823120117187500e+02 5.925618286132812500e+02
7.080386962890625000e+02 8.083232421875000000e+02 7.659705810546875000e+02 6.010024414062500000e+02
1.110915527343750000e+03 6.582281494140625000e+02 1.162972290039062500e+03 6.021748046875000000e+02
1.234090332031250000e+03 6.132668457031250000e+02 1.317373291015625000e+03 6.019854736328125000e+02
1.080630859375000000e+03 6.761946411132812500e+02 1.124017578125000000e+03 6.105908203125000000e+02
5.599915161132812500e+02 8.770200195312500000e+02 6.428657836914062500e+02 6.131789550781250000e+02
6.216037597656250000e+02 8.718173828125000000e+02 6.844356079101562500e+02 6.271459350585937500e+02
5.742789916992187500e+02 8.991939697265625000e+02 6.444937133789062500e+02 6.346466674804687500e+02
7.361536254882812500e+02 8.415755615234375000e+02 7.693223876953125000e+02 6.398933715820312500e+02
5.859406738281250000e+02 9.056625366210937500e+02 6.489891967773437500e+02 6.423972778320312500e+02
6.030141601562500000e+02 8.999393920898437500e+02 6.620804443359375000e+02 6.434415283203125000e+02
5.632080688476562500e+02 9.223445434570312500e+02 6.302212524414062500e+02 6.491969604492187500e+02
7.195223388671875000e+02 8.582449951171875000e+02 7.524208374023437500e+02 6.483248291015625000e+02
7.854613037109375000e+02 8.343071289062500000e+02 8.086010742187500000e+02 6.485684814453125000e+02
7.545110473632812500e+02 8.520700073242187500e+02 7.791404418945312500e+02 6.536771850585937500e+02
7.468224487304687500e+02 8.640402832031250000e+02 7.698200683593750000e+02 6.599347534179687500e+02
8.106990356445312500e+02 8.455392456054687500e+02 8.217789916992187500e+02 6.658150024414062500e+02
1.200767089843750000e+03 7.018847656250000000e+02 1.217453247070312500e+03 6.789851074218750000e+02
7.841581420898437500e+02 8.779533691406250000e+02 7.892937622070312500e+02 6.836619262695312500e+02
1.077267822265625000e+03 7.665921630859375000e+02 1.065792114257812500e+03 6.947268676757812500e+02
6.552596435546875000e+02 9.450278320312500000e+02 6.783530273437500000e+02 6.959322509765625000e+02
6.552596435546875000e+02 9.450278320312500000e+02 6.783530273437500000e+02 6.959322509765625000e+02
1.104312622070312500e+03 7.581579589843750000e+02 1.093833740234375000e+03 6.962747192382812500e+02
1.097599365234375000e+03 7.720383300781250000e+02 1.079413940429687500e+03 7.074101562500000000e+02
6.872290039062500000e+02 9.502011108398437500e+02 6.976740722656250000e+02 7.095977172851562500e+02
6.163097534179687500e+02 9.898010864257812500e+02 6.401715087890625000e+02 7.165864868164062500e+02
6.163097534179687500e+02 9.898010864257812500e+02 6.401715087890625000e+02 7.165864868164062500e+02
6.337883911132812500e+02 9.828596191406250000e+02 6.529572143554687500e+02 7.167979125976562500e+02
7.025026245117187500e+02 9.586160278320312500e+02 7.049864501953125000e+02 7.200285644531250000e+02
1.082927612304687500e+03 8.237667846679687500e+02 1.038121948242187500e+03 7.445099487304687500e+02
8.752257080078125000e+02 9.280351562500000000e+02 8.318535766601562500e+02 7.558956909179687500e+02
1.077843261718750000e+03 8.530317382812500000e+02 1.019632080078125000e+03 7.677805175781250000e+02
1.088964965820312500e+03 8.599517211914062500e+02 1.022276977539062500e+03 7.805565795898437500e+02
1.104118408203125000e+03 8.550007324218750000e+02 1.036484863281250000e+03 7.815946655273437500e+02
1.104118408203125000e+03 8.550007324218750000e+02 1.036484863281250000e+03 7.815946655273437500e+02
7.667973022460937500e+02 1.022558471679687500e+03 7.222933349609375000e+02 7.898994750976562500e+02
8.291943359375000000e+02 1.005944519042968750e+03 7.688334350585937500e+02 7.980273437500000000e+02
1.042051147460937500e+03 9.377540283203125000e+02 9.471744384765625000e+02 8.224545898437500000e+02
9.671200561523437500e+02 9.848650512695312500e+02 8.718344116210937500e+02 8.317169189453125000e+02
1.030830444335937500e+03 9.587257690429687500e+02 9.291503906250000000e+02 8.347229614257812500e+02
1.030830444335937500e+03 9.587257690429687500e+02 9.291503906250000000e+02 8.347229614257812500e+02
1.203189086914062500e+03 8.784531860351562500e+02 1.108152954101562500e+03 8.379392700195312500e+02
1.203189086914062500e+03 8.784531860351562500e+02 1.108152954101562500e+03 8.379392700195312500e+02
1.198966308593750000e+03 8.924305419921875000e+02 1.092529052734375000e+03 8.496616821289062500e+02
1.243322753906250000e+03 8.914207153320312500e+02 1.132417724609375000e+03 8.647952270507812500e+02
1.399855346679687500e+03 8.174179687500000000e+02 1.327805786132812500e+03 8.667898559570312500e+02
1.379201782226562500e+03 8.418212890625000000e+02 1.288600708007812500e+03 8.816110839843750000e+02
1.409824096679687500e+03 8.339754028320312500e+02 1.322613891601562500e+03 8.877742919921875000e+02
1.162457031250000000e+03 1.026311401367187500e+03 9.923151855468750000e+02 9.378078002929687500e+02
1.197246459960937500e+03 1.018923950195312500e+03 1.025624511718750000e+03 9.443004760742187500e+02
1.175340454101562500e+03 1.036385620117187500e+03 9.999932861328125000e+02 9.488322753906250000e+02
1.374195678710937500e+03 9.456757202148437500e+02 1.216557739257812500e+03 9.607989501953125000e+02
1.501242218017578125e+02 5.667020874023437500e+02 5.137737426757812500e+02 2.083325195312500000e+02
6.615023803710937500e+02 6.868936767578125000e+02 7.818461914062500000e+02 4.796305236816406250e+02
6.774004516601562500e+02 6.848510131835937500e+02 7.959187011718750000e+02 4.824238891601562500e+02
6.010694580078125000e+02 7.380878295898437500e+02 7.200533447265625000e+02 5.074269409179687500e+02
5.521810302734375000e+02 7.765491333007812500e+02 6.727393188476562500e+02 5.269364013671875000e+02
7.556358642578125000e+02 7.128452758789062500e+02 8.388489990234375000e+02 5.337081909179687500e+02
7.434639892578125000e+02 7.412365112304687500e+02 8.176566162109375000e+02 5.550687255859375000e+02
4.839842224121093750e+02 8.499098510742187500e+02 6.048101806640625000e+02 5.670617675781250000e+02
5.399396972656250000e+02 8.352568359375000000e+02 6.453251342773437500e+02 5.722656860351562500e+02
5.399396972656250000e+02 8.352568359375000000e+02 6.453251342773437500e+02 5.722656860351562500e+02
5.264458618164062500e+02 8.479408569335937500e+02 6.326944580078125000e+02 5.780942993164062500e+02
4.787737121582031250e+02 8.748477172851562500e+02 5.937200317382812500e+02 5.860582885742187500e+02
1.066380249023437500e+03 6.563110961914062500e+02 1.123259765625000000e+03 5.871331787109375000e+02
5.020570678710937500e+02 8.684242553710937500e+02 6.106117553710937500e+02 5.878927001953125000e+02
6.862196044921875000e+02 8.158167724609375000e+02 7.471435546875000000e+02 6.011320800781250000e+02
8.075340576171875000e+02 7.792738037109375000e+02 8.482204589843750000e+02 6.105376586914062500e+02
5.396252441406250000e+02 8.979298095703125000e+02 6.228994750976562500e+02 6.231188964843750000e+02
7.535612792968750000e+02 8.251283569335937500e+02 7.914998779296875000e+02 6.301315917968750000e+02
8.594075317382812500e+02 7.975808105468750000e+02 8.768802490234375000e+02 6.429295654296875000e+02
7.738324584960937500e+02 8.534492797851562500e+02 7.936611938476562500e+02 6.599964599609375000e+02
7.216487426757812500e+02 8.827471313476562500e+02 7.445225219726562500e+02 6.686754760742187500e+02
7.682805175781250000e+02 8.626881713867187500e+02 7.824611816406250000e+02 6.682695922851562500e+02
6.188599853515625000e+02 9.704661254882812500e+02 6.465354003906250000e+02 7.038182983398437500e+02
6.670872802734375000e+02 9.698381958007812500e+02 6.781469116210937500e+02 7.182875976562500000e+02
8.350519409179687500e+02 8.971262207031250000e+02 8.164795532226562500e+02 7.179723510742187500e+02
8.954865112304687500e+02 8.811212768554687500e+02 8.672451782226562500e+02 7.237815551757812500e+02
1.156310180664062500e+03 7.692218017578125000e+02 1.131442749023437500e+03 7.258094482421875000e+02
6.218217163085937500e+02 1.006966369628906250e+03 6.373623046875000000e+02 7.309482421875000000e+02
6.945522460937500000e+02 9.842706909179687500e+02 6.904396362304687500e+02 7.368353881835937500e+02
1.146019287109375000e+03 7.861409912109375000e+02 1.111667724609375000e+03 7.367002563476562500e+02
1.146019287109375000e+03 7.861409912109375000e+02 1.111667724609375000e+03 7.367002563476562500e+02
6.408778686523437500e+02 1.018155090332031250e+03 6.455420532226562500e+02 7.457356567382812500e+02
9.248720092773437500e+02 8.932321777343750000e+02 8.823696899414062500e+02 7.440424804687500000e+02
6.756456298828125000e+02 1.006434326171875000e+03 6.710924682617187500e+02 7.472023315429687500e+02
1.095877441406250000e+03 8.216886596679687500e+02 1.051246337890625000e+03 7.468709106445312500e+02
8.425660400390625000e+02 9.366058959960937500e+02 8.043756103515625000e+02 7.515679931640625000e+02
9.420708007812500000e+02 8.924755859375000000e+02 8.930419921875000000e+02 7.514044189453125000e+02
1.076867431640625000e+03 8.359948730468750000e+02 1.027222900390625000e+03 7.536086425781250000e+02
1.064223510742187500e+03 8.442356567382812500e+02 1.012646545410156250e+03 7.539284667968750000e+02
7.905793457031250000e+02 9.900448608398437500e+02 7.505498657226562500e+02 7.729052734375000000e+02
1.238814086914062500e+03 7.874166870117187500e+02 1.196114868164062500e+03 7.751629638671875000e+02
1.074263061523437500e+03 8.663124389648437500e+02 1.008081970214843750e+03 7.798864135742187500e+02
1.261604614257812500e+03 7.927333374023437500e+02 1.212090942382812500e+03 7.890061035156250000e+02
7.425596313476562500e+02 1.042654907226562500e+03 7.004795532226562500e+02 7.962164306640625000e+02
8.182904052734375000e+02 1.022878051757812500e+03 7.580900268554687500e+02 8.058218383789062500e+02
1.102307495117187500e+03 8.861906738281250000e+02 1.018282836914062500e+03 8.062038574218750000e+02
8.423939819335937500e+02 1.016795776367187500e+03 7.743032226562500000e+02 8.090909423828125000e+02
1.185129638671875000e+03 8.576160278320312500e+02 1.106313232421875000e+03 8.128360595703125000e+02
9.857627563476562500e+02 9.735449829101562500e+02 8.866389770507812500e+02 8.302621459960937500e+02
1.003221252441406250e+03 9.682534790039062500e+02 9.032061767578125000e+02 8.328927612304687500e+02
1.056700439453125000e+03 9.490035400390625000e+02 9.547389526367187500e+02 8.354282226562500000e+02
9.901100463867187500e+02 9.905876464843750000e+02 8.828523559570312500e+02 8.444234619140625000e+02
1.214946655273437500e+03 8.863373413085937500e+02 1.111951171875000000e+03 8.510333862304687500e+02
1.130404907226562500e+03 9.551173095703125000e+02 1.009127197265625000e+03 8.690768432617187500e+02
1.396045532226562500e+03 8.333065795898437500e+02 1.310356933593750000e+03 8.807842407226562500e+02
1.139037231445312500e+03 9.674753417968750000e+02 1.008754333496093750e+03 8.839609985351562500e+02
1.408814819335937500e+03 8.471061401367187500e+02 1.312023315429687500e+03 8.968011474609375000e+02
1.118880737304687500e+03 1.016682800292968750e+03 9.700659790039062500e+02 9.101726074218750000e+02
1.150912109375000000e+03 1.014786193847656250e+03 9.938214721679687500e+02 9.221352539062500000e+02
1.150912109375000000e+03 1.014786193847656250e+03 9.938214721679687500e+02 9.221352539062500000e+02
1.162364868164062500e+03 6.007272338867187500e+02 1.254672607421875000e+03 5.611447753906250000e+02
6.774850463867187500e+02 8.310374145507812500e+02 7.350012207031250000e+02 6.107858276367187500e+02
5.948934936523437500e+02 9.177424926757812500e+02 6.505803833007812500e+02 6.551129760742187500e+02
1.240371215820312500e+03 6.836370239257812500e+02 1.269379516601562500e+03 6.753268432617187500e+02
7.579976806640625000e+02 8.817694702148437500e+02 7.692377929687500000e+02 6.788343505859375000e+02
1.119811157226562500e+03 7.334102783203125000e+02 1.126004516601562500e+03 6.799628295898437500e+02
6.779582519531250000e+02 9.354531860351562500e+02 6.971987304687500000e+02 6.954298706054687500e+02
1.127321533203125000e+03 7.494135131835937500e+02 1.120024536132812500e+03 6.967582397460937500e+02
8.603032226562500000e+02 8.686327514648437500e+02 8.468940429687500000e+02 7.028638916015625000e+02
8.603032226562500000e+02 8.686327514648437500e+02 8.468940429687500000e+02 7.028638916015625000e+02
1.122931030273437500e+03 7.650340576171875000e+02 1.106649536132812500e+03 7.071236572265625000e+02
1.267982666015625000e+03 7.718154907226562500e+02 1.231754272460937500e+03 7.689362182617187500e+02
8.118229980468750000e+02 1.000932861328125000e+03 7.600703735351562500e+02 7.888995971679687500e+02
1.283402832031250000e+03 7.987293090820312500e+02 1.226497558593750000e+03 8.019609375000000000e+02
9.884412231445312500e+02 9.518831787109375000e+02 9.013237915039062500e+02 8.148164062500000000e+02
9.884412231445312500e+02 9.518831787109375000e+02 9.013237915039062500e+02 8.148164062500000000e+02
9.449564208984375000e+02 9.810494995117187500e+02 8.575733032226562500e+02 8.218703002929687500e+02
1.176489624023437500e+03 8.918831787109375000e+02 1.077722656250000000e+03 8.395581665039062500e+02
1.046916992187500000e+03 9.661858520507812500e+02 9.371506958007812500e+02 8.468783569335937500e+02
1.231438476562500000e+03 8.823255615234375000e+02 1.128633789062500000e+03 8.552081298828125000e+02
1.208654907226562500e+03 9.049024658203125000e+02 1.097653198242187500e+03 8.616750488281250000e+02
1.208654907226562500e+03 9.049024658203125000e+02 1.097653198242187500e+03 8.616750488281250000e+02
1.393533203125000000e+03 8.499401855468750000e+02 1.294276123046875000e+03 8.961539916992187500e+02
1.125310913085937500e+03 1.036832641601562500e+03 9.609435424804687500e+02 9.319509887695312500e+02
1.374195678710937500e+03 9.456757202148437500e+02 1.213230468750000000e+03 9.644444580078125000e+02
1.367106933593750000e+03 9.792346191406250000e+02 1.185660156250000000e+03 9.881091308593750000e+02
4.460823059082031250e+02 8.660631103515625000e+02 5.763538818359375000e+02 5.701438598632812500e+02
1.180685791015625000e+03 6.711609497070312500e+02 1.222614868164062500e+03 6.409867553710937500e+02
6.328728637695312500e+02 9.622882690429687500e+02 6.592489624023437500e+02 7.017078857421875000e+02
9.057044677734375000e+02 8.570009765625000000e+02 8.775623779296875000e+02 7.089349365234375000e+02
8.657383422851562500e+02 8.914894409179687500e+02 8.400437622070312500e+02 7.233147583007812500e+02
8.657383422851562500e+02 8.914894409179687500e+02 8.400437622070312500e+02 7.233147583007812500e+02
1.089068359375000000e+03 8.379817504882812500e+02 1.034417114257812500e+03 7.609619750976562500e+02
8.795053710937500000e+02 9.476250000000000000e+02 8.249111938476562500e+02 7.725005493164062500e+02
8.795053710937500000e+02 9.476250000000000000e+02 8.249111938476562500e+02 7.725005493164062500e+02
1.056128784179687500e+03 8.676461181640625000e+02 9.935768432617187500e+02 7.733142089843750000e+02
1.056128784179687500e+03 8.676461181640625000e+02 9.935768432617187500e+02 7.733142089843750000e+02
7.805817871093750000e+02 1.019144287109375000e+03 7.329157104492187500e+02 7.917281494140625000e+02
1.018463439941406250e+03 9.102219238281250000e+02 9.423323974609375000e+02 7.928308105468750000e+02
1.018463439941406250e+03 9.102219238281250000e+02 9.423323974609375000e+02 7.928308105468750000e+02
9.670086059570312500e+02 9.440753784179687500e+02 8.893053588867187500e+02 8.006414794921875000e+02
1.012636779785156250e+03 9.370013427734375000e+02 9.265651245117187500e+02 8.091723022460937500e+02
1.170255493164062500e+03 8.700145874023437500e+02 1.085841186523437500e+03 8.193021240234375000e+02
1.016487792968750000e+03 9.830470581054687500e+02 9.073807983398437500e+02 8.487676391601562500e+02
1.016487792968750000e+03 9.830470581054687500e+02 9.073807983398437500e+02 8.487676391601562500e+02
1.239570678710937500e+03 9.271071777343750000e+02 1.106977539062500000e+03 8.915390014648437500e+02
1.239570678710937500e+03 9.271071777343750000e+02 1.106977539062500000e+03 8.915390014648437500e+02
1.176062011718750000e+03 9.748946533203125000e+02 1.031653442382812500e+03 9.017498168945312500e+02
1.173101928710937500e+03 1.015360229492187500e+03 1.009141174316406250e+03 9.318949584960937500e+02
6.330876464843750000e+02 7.276325073242187500e+02 7.478608398437500000e+02 5.092214660644531250e+02
6.859334106445312500e+02 7.767545166015625000e+02 7.628675537109375000e+02 5.686378784179687500e+02
1.150396606445312500e+03 6.735846557617187500e+02 1.185340087890625000e+03 6.343782958984375000e+02
1.172389892578125000e+03 6.925507812500000000e+02 1.194861938476562500e+03 6.642135620117187500e+02
1.016677551269531250e+03 8.825418701171875000e+02 9.523127441406250000e+02 7.688610229492187500e+02
1.357442993164062500e+03 8.018760986328125000e+02 1.299538940429687500e+03 8.381475219726562500e+02
1.253592773437500000e+03 8.748743896484375000e+02 1.152330322265625000e+03 8.533961181640625000e+02
1.362702758789062500e+03 8.267903442382812500e+02 1.284822998046875000e+03 8.633244628906250000e+02
1.014949768066406250e+03 1.012880859375000000e+03 8.923837280273437500e+02 8.695491333007812500e+02
1.127548339843750000e+03 9.881613769531250000e+02 9.880387573242187500e+02 8.955692138671875000e+02
1.354996215820312500e+03 9.246586914062500000e+02 1.209972167968750000e+03 9.363332519531250000e+02
1.243908325195312500e+03 7.351180419921875000e+02 1.233618408203125000e+03 7.318136596679687500e+02
1.183200561523437500e+03 7.717339477539062500e+02 1.154486572265625000e+03 7.384111938476562500e+02
1.208897827148437500e+03 7.923480224609375000e+02 1.165385375976562500e+03 7.694356689453125000e+02
1.208897827148437500e+03 7.923480224609375000e+02 1.165385375976562500e+03 7.694356689453125000e+02
1.136064453125000000e+03 7.034503173828125000e+02 1.154811157226562500e+03 6.600710449218750000e+02
1.193002807617187500e+03 7.393648071289062500e+02 1.186608154296875000e+03 7.095073242187500000e+02
1.081066772460937500e+03 9.834075317382812500e+02 9.554167480468750000e+02 8.728058471679687500e+02
1.081066772460937500e+03 9.834075317382812500e+02 9.554167480468750000e+02 8.728058471679687500e+02
1.283897094726562500e+03 9.137995605468750000e+02 1.153451538085937500e+03 9.007784423828125000e+02
1.283897094726562500e+03 9.137995605468750000e+02 1.153451538085937500e+03 9.007784423828125000e+02
7.699718627929687500e+02 7.889855957031250000e+02 8.149678955078125000e+02 6.055278930664062500e+02
7.654704589843750000e+02 8.549202270507812500e+02 7.866550903320312500e+02 6.569207153320312500e+02
7.644364013671875000e+02 9.390202636718750000e+02 7.532780151367187500e+02 7.268270263671875000e+02
1.428036499023437500e+03 8.426417236328125000e+02 1.340350219726562500e+03 8.929445190429687500e+02
1.094699707031250000e+03 9.236208496093750000e+02 9.951750488281250000e+02 8.302210693359375000e+02
1.298746093750000000e+03 8.575358886718750000e+02 1.203136718750000000e+03 8.594354858398437500e+02
1.263543334960937500e+03 9.792345581054687500e+02 1.102528808593750000e+03 9.406370849609375000e+02
1.330923339843750000e+03 7.025952148437500000e+02 1.347400024414062500e+03 7.316935424804687500e+02
