9.065935058593750000e+02 3.440759582519531250e+02 1.057510498046875000e+03 2.715372924804687500e+02
7.233264160156250000e+02 6.373339233398437500e+02 8.552938842773437500e+02 5.126608276367187500e+02
7.558012695312500000e+02 6.400479125976562500e+02 8.848273315429687500e+02 5.181881103515625000e+02
8.315184936523437500e+02 6.497837524414062500e+02 9.569785156250000000e+02 5.417949218750000000e+02
6.921687622070312500e+02 6.794331665039062500e+02 8.267008666992187500e+02 5.515404052734375000e+02
6.515097045898437500e+02 7.050978393554687500e+02 7.890098876953125000e+02 5.709344482421875000e+02
6.854263916015625000e+02 7.087321777343750000e+02 8.189172973632812500e+02 5.798964843750000000e+02
8.687562255859375000e+02 7.046997680664062500e+02 9.819005737304687500e+02 6.063568725585937500e+02
5.923397827148437500e+02 7.782067871093750000e+02 7.364858398437500000e+02 6.347771606445312500e+02
5.923397827148437500e+02 7.782067871093750000e+02 7.364858398437500000e+02 6.347771606445312500e+02
8.292483520507812500e+02 7.735330810546875000e+02 9.394184570312500000e+02 6.679265747070312500e+02
6.991388549804687500e+02 8.111701660156250000e+02 8.246328735351562500e+02 6.834671630859375000e+02
4.781717224121093750e+02 8.645892333984375000e+02 6.426165771484375000e+02 6.977615966796875000e+02
7.837302246093750000e+02 8.535164184570312500e+02 8.933589477539062500e+02 7.367744750976562500e+02
5.953648681640625000e+02 9.094868164062500000e+02 7.331295166015625000e+02 7.578051147460937500e+02
6.629875488281250000e+02 9.487749633789062500e+02 7.860823974609375000e+02 8.043963012695312500e+02
7.942775878906250000e+02 1.050405517578125000e+03 8.859378662109375000e+02 9.156681518554687500e+02
9.894184570312500000e+02 3.806229553222656250e+02 1.135692016601562500e+03 3.392486572265625000e+02
9.799672851562500000e+02 3.983640136718750000e+02 1.122816650390625000e+03 3.557376098632812500e+02
9.020535888671875000e+02 5.401383056640625000e+02 1.027536254882812500e+03 4.825293884277343750e+02
7.778844604492187500e+02 6.288109741210937500e+02 9.096821289062500000e+02 5.107727661132812500e+02
7.572251586914062500e+02 6.522495117187500000e+02 8.865756835937500000e+02 5.318288574218750000e+02
9.003727416992187500e+02 6.117535400390625000e+02 1.018636352539062500e+03 5.445516967773437500e+02
9.251107788085937500e+02 6.076871337890625000e+02 1.042639282226562500e+03 5.492630004882812500e+02
8.282117309570312500e+02 6.613480834960937500e+02 9.528076782226562500e+02 5.537961425781250000e+02
8.282117309570312500e+02 6.613480834960937500e+02 9.528076782226562500e+02 5.537961425781250000e+02
9.369008178710937500e+02 6.310096435546875000e+02 1.051267456054687500e+03 5.695061035156250000e+02
1.102659790039062500e+03 6.604266967773437500e+02 1.214655639648437500e+03 5.936006469726562500e+02
7.553867187500000000e+02 7.243392944335937500e+02 8.796286621093750000e+02 6.076094970703125000e+02
6.164556884765625000e+02 7.496238403320312500e+02 7.576074218750000000e+02 6.108003540039062500e+02
5.798519287109375000e+02 7.634624633789062500e+02 7.269474487304687500e+02 6.187357177734375000e+02
6.013439331054687500e+02 7.622515258789062500e+02 7.442026977539062500e+02 6.209179687500000000e+02
6.013439331054687500e+02 7.622515258789062500e+02 7.442026977539062500e+02 6.209179687500000000e+02
1.191040405273437500e+03 6.768273925781250000e+02 1.302989013671875000e+03 6.270795288085937500e+02
5.867348022460937500e+02 7.743930664062500000e+02 7.315913696289062500e+02 6.306286010742187500e+02
5.991512451171875000e+02 7.814084472656250000e+02 7.423442993164062500e+02 6.386535034179687500e+02
5.835797729492187500e+02 7.859541015625000000e+02 7.285863647460937500e+02 6.410713500976562500e+02
6.952108154296875000e+02 7.901306762695312500e+02 8.210328369140625000e+02 6.636795654296875000e+02
7.187797241210937500e+02 7.898834838867187500e+02 8.419673461914062500e+02 6.663497924804687500e+02
7.187797241210937500e+02 7.898834838867187500e+02 8.419673461914062500e+02 6.663497924804687500e+02
5.270440673828125000e+02 8.246085815429687500e+02 6.825221557617187500e+02 6.705733642578125000e+02
4.925815734863281250e+02 8.342653808593750000e+02 6.540477905273437500e+02 6.724788208007812500e+02
6.426285400390625000e+02 8.099572753906250000e+02 7.763749389648437500e+02 6.735557250976562500e+02
8.484465942382812500e+02 7.893496093750000000e+02 9.549230957031250000e+02 6.875216674804687500e+02
4.734642639160156250e+02 8.588566284179687500e+02 6.375621337890625000e+02 6.929256591796875000e+02
4.734642639160156250e+02 8.588566284179687500e+02 6.375621337890625000e+02 6.929256591796875000e+02
1.140770629882812500e+03 7.498688354492187500e+02 1.238358276367187500e+03 6.973899536132812500e+02
4.887188110351562500e+02 8.656534423828125000e+02 6.492261962890625000e+02 7.016531982421875000e+02
6.064343261718750000e+02 8.879038696289062500e+02 7.430643310546875000e+02 7.403463134765625000e+02
6.064343261718750000e+02 8.879038696289062500e+02 7.430643310546875000e+02 7.403463134765625000e+02
5.887700805664062500e+02 8.932196655273437500e+02 7.283640136718750000e+02 7.424105834960937500e+02
5.887700805664062500e+02 8.932196655273437500e+02 7.283640136718750000e+02 7.424105834960937500e+02
9.947280273437500000e+02 9.292367553710937500e+02 1.066788574218750000e+03 8.480227661132812500e+02
9.837789916992187500e+02 3.673458251953125000e+02 1.131622314453125000e+03 3.239449768066406250e+02
9.442293701171875000e+02 4.359121398925781250e+02 1.081643310546875000e+03 3.889729919433593750e+02
8.610223388671875000e+02 5.553922119140625000e+02 9.889530639648437500e+02 4.383854980468750000e+02
8.935170288085937500e+02 5.349190673828125000e+02 1.020271911621093750e+03 4.759876098632812500e+02
7.515694580078125000e+02 6.176951904296875000e+02 8.853964233398437500e+02 4.942573852539062500e+02
7.723843994140625000e+02 6.229107055664062500e+02 9.063345947265625000e+02 5.032068786621093750e+02
7.507993774414062500e+02 6.466820678710937500e+02 8.827881469726562500e+02 5.243785400390625000e+02
1.126760742187500000e+03 6.043189697265625000e+02 1.253217407226562500e+03 5.328242187500000000e+02
8.518660888671875000e+02 6.457889404296875000e+02 9.771225585937500000e+02 5.386638183593750000e+02
6.877178344726562500e+02 6.731196899414062500e+02 8.255997314453125000e+02 5.447218017578125000e+02
7.014688110351562500e+02 6.771561889648437500e+02 8.371356811523437500e+02 5.511257324218750000e+02
6.951524658203125000e+02 6.869561767578125000e+02 8.280418090820312500e+02 5.600656127929687500e+02
8.491880493164062500e+02 6.757933959960937500e+02 9.690803222656250000e+02 5.694658813476562500e+02
8.296916503906250000e+02 6.795757446289062500e+02 9.475848999023437500e+02 5.725493774414062500e+02
1.070024047851562500e+03 6.472476196289062500e+02 1.185630859375000000e+03 5.750401611328125000e+02
7.688523559570312500e+02 6.998339233398437500e+02 8.945654296875000000e+02 5.842128906250000000e+02
7.840363159179687500e+02 7.045369873046875000e+02 9.080919799804687500e+02 5.917122802734375000e+02
9.370851440429687500e+02 6.575823364257812500e+02 1.047870605468750000e+03 5.944844970703125000e+02
9.280362548828125000e+02 6.617637939453125000e+02 1.038948730468750000e+03 5.986109008789062500e+02
5.699064331054687500e+02 7.562634887695312500e+02 7.162503051757812500e+02 6.113547363281250000e+02
5.907010498046875000e+02 7.587973632812500000e+02 7.372327270507812500e+02 6.151176147460937500e+02
6.083978271484375000e+02 7.737791137695312500e+02 7.479589233398437500e+02 6.343110961914062500e+02
5.728798828125000000e+02 7.891714477539062500e+02 7.177614746093750000e+02 6.409116821289062500e+02
8.486148681640625000e+02 7.624344482421875000e+02 9.582673339843750000e+02 6.606249389648437500e+02
6.582567749023437500e+02 7.962045898437500000e+02 7.904912719726562500e+02 6.630584716796875000e+02
6.582567749023437500e+02 7.962045898437500000e+02 7.904912719726562500e+02 6.630584716796875000e+02
6.455507202148437500e+02 7.985109252929687500e+02 7.780429687500000000e+02 6.642123413085937500e+02
8.518811035156250000e+02 7.718247680664062500e+02 9.589957275390625000e+02 6.699410400390625000e+02
6.562270507812500000e+02 8.064050903320312500e+02 7.876454467773437500e+02 6.721960449218750000e+02
8.378823852539062500e+02 7.762803955078125000e+02 9.472617797851562500e+02 6.724393920898437500e+02
6.784096679687500000e+02 8.040317993164062500e+02 8.062922973632812500e+02 6.734274902343750000e+02
6.784096679687500000e+02 8.040317993164062500e+02 8.062922973632812500e+02 6.734274902343750000e+02
6.570453491210937500e+02 8.171090698242187500e+02 7.879298706054687500e+02 6.824251708984375000e+02
5.113719177246093750e+02 8.541264648437500000e+02 6.682211914062500000e+02 6.945609130859375000e+02
1.129136962890625000e+03 7.771909790039062500e+02 1.218950195312500000e+03 7.229707641601562500e+02
7.610288696289062500e+02 8.436316528320312500e+02 8.735626220703125000e+02 7.248883056640625000e+02
7.610288696289062500e+02 8.436316528320312500e+02 8.735626220703125000e+02 7.248883056640625000e+02
6.082703857421875000e+02 8.749684448242187500e+02 7.451527099609375000e+02 7.288115234375000000e+02
5.711060180664062500e+02 8.854581909179687500e+02 7.143453979492187500e+02 7.329285278320312500e+02
5.558549194335937500e+02 8.899154052734375000e+02 7.021340942382812500e+02 7.342404785156250000e+02
1.218218750000000000e+03 7.748541870117187500e+02 1.309091796875000000e+03 7.353417358398437500e+02
6.238356933593750000e+02 8.830876464843750000e+02 7.570902099609375000e+02 7.389364013671875000e+02
6.238356933593750000e+02 8.830876464843750000e+02 7.570902099609375000e+02 7.389364013671875000e+02
7.349121704101562500e+02 8.661767578125000000e+02 8.496768798828125000e+02 7.419298095703125000e+02
7.173766479492187500e+02 8.715002441406250000e+02 8.348156738281250000e+02 7.437838745117187500e+02
1.257167114257812500e+03 7.768691406250000000e+02 1.346345947265625000e+03 7.454891967773437500e+02
7.842257080078125000e+02 8.641197509765625000e+02 8.917561645507812500e+02 7.484606323242187500e+02
7.842257080078125000e+02 8.641197509765625000e+02 8.917561645507812500e+02 7.484606323242187500e+02
1.226191162109375000e+03 7.862348022460937500e+02 1.314885742187500000e+03 7.484389648437500000e+02
5.440057373046875000e+02 9.119292602539062500e+02 6.922419433593750000e+02 7.520673217773437500e+02
7.348723144531250000e+02 8.800754394531250000e+02 8.486436157226562500e+02 7.543951416015625000e+02
5.730806274414062500e+02 9.126941528320312500e+02 7.162778930664062500e+02 7.586828002929687500e+02
5.730806274414062500e+02 9.126941528320312500e+02 7.162778930664062500e+02 7.586828002929687500e+02
1.064137573242187500e+03 8.361661376953125000e+02 1.146852416992187500e+03 7.692166137695312500e+02
6.606218872070312500e+02 9.342114868164062500e+02 7.844266357421875000e+02 7.911749877929687500e+02
6.606218872070312500e+02 9.342114868164062500e+02 7.844266357421875000e+02 7.911749877929687500e+02
8.868963012695312500e+02 8.930807495117187500e+02 9.761419677734375000e+02 7.945782470703125000e+02
8.346074218750000000e+02 9.110866088867187500e+02 9.314225463867187500e+02 7.995865478515625000e+02
1.383810302734375000e+03 8.150896606445312500e+02 1.467497192382812500e+03 8.078568115234375000e+02
8.878036499023437500e+02 9.107412719726562500e+02 9.783931274414062500e+02 8.080436401367187500e+02
6.686931762695312500e+02 9.542901000976562500e+02 7.893524780273437500e+02 8.111687011718750000e+02
8.544752807617187500e+02 9.195291137695312500e+02 9.473982543945312500e+02 8.117207641601562500e+02
8.986719360351562500e+02 9.143914184570312500e+02 9.853581542968750000e+02 8.151401977539062500e+02
6.869349365234375000e+02 9.638744506835937500e+02 8.038689575195312500e+02 8.222138061523437500e+02
8.569149780273437500e+02 9.354391479492187500e+02 9.476979980468750000e+02 8.264710083007812500e+02
6.959757690429687500e+02 9.701078491210937500e+02 8.106748657226562500e+02 8.296400146484375000e+02
6.793201293945312500e+02 9.747339477539062500e+02 7.963471069335937500e+02 8.303975830078125000e+02
6.579901733398437500e+02 9.810886230468750000e+02 7.796737670898437500e+02 8.326499023437500000e+02
6.579901733398437500e+02 9.810886230468750000e+02 7.796737670898437500e+02 8.326499023437500000e+02
6.682946777343750000e+02 9.850474243164062500e+02 7.877994384765625000e+02 8.376702880859375000e+02
6.490700073242187500e+02 9.912977294921875000e+02 7.722664184570312500e+02 8.397623291015625000e+02
6.490700073242187500e+02 9.912977294921875000e+02 7.722664184570312500e+02 8.397623291015625000e+02
6.302604370117187500e+02 9.972778320312500000e+02 7.574515991210937500e+02 8.408977661132812500e+02
6.585019531250000000e+02 9.966390991210937500e+02 7.795593261718750000e+02 8.459649658203125000e+02
6.585019531250000000e+02 9.966390991210937500e+02 7.795593261718750000e+02 8.459649658203125000e+02
6.381790771484375000e+02 1.004136535644531250e+03 7.632071533203125000e+02 8.487146606445312500e+02
6.490040893554687500e+02 1.007909179687500000e+03 7.717121582031250000e+02 8.534699096679687500e+02
7.843649902343750000e+02 9.983861694335937500e+02 8.798728637695312500e+02 8.708935546875000000e+02
7.961036376953125000e+02 1.002322082519531250e+03 8.897188720703125000e+02 8.751434936523437500e+02
7.961036376953125000e+02 1.002322082519531250e+03 8.897188720703125000e+02 8.751434936523437500e+02
8.055629272460937500e+02 1.009004028320312500e+03 8.959631958007812500e+02 8.840814819335937500e+02
8.055629272460937500e+02 1.009004028320312500e+03 8.959631958007812500e+02 8.840814819335937500e+02
1.368963500976562500e+03 9.163611450195312500e+02 1.425153198242187500e+03 9.043582763671875000e+02
1.336098022460937500e+03 9.263485717773437500e+02 1.389537353515625000e+03 9.082083129882812500e+02
7.605920410156250000e+02 1.050968383789062500e+03 8.559502563476562500e+02 9.121621704101562500e+02
1.390583496093750000e+03 9.583064575195312500e+02 1.435720214843750000e+03 9.495402832031250000e+02
1.307099487304687500e+03 1.049972656250000000e+03 1.332214965820312500e+03 1.018336120605468750e+03
9.778207397460937500e+02 3.538663330078125000e+02 1.126691528320312500e+03 3.061497497558593750e+02
1.983695373535156250e+02 5.441961669921875000e+02 4.176506042480468750e+02 3.212756042480468750e+02
1.983695373535156250e+02 5.441961669921875000e+02 4.176506042480468750e+02 3.212756042480468750e+02
9.757446289062500000e+02 3.736866455078125000e+02 1.122828002929687500e+03 3.300065917968750000e+02
8.603107299804687500e+02 4.017027893066406250e+02 1.000889953613281250e+03 3.521755676269531250e+02
7.830904541015625000e+02 5.927821655273437500e+02 9.158906250000000000e+02 4.725936889648437500e+02
8.010827636718750000e+02 5.976834106445312500e+02 9.288756103515625000e+02 4.784054260253906250e+02
8.191023559570312500e+02 5.966157226562500000e+02 9.465708007812500000e+02 4.803553466796875000e+02
7.370694580078125000e+02 6.303638916015625000e+02 8.685344238281250000e+02 5.067719421386718750e+02
7.777315063476562500e+02 6.391083984375000000e+02 9.075863647460937500e+02 5.201156616210937500e+02
8.286423950195312500e+02 6.393886108398437500e+02 9.540492553710937500e+02 5.288920288085937500e+02
9.331243896484375000e+02 5.925239257812500000e+02 1.051394897460937500e+03 5.351408691406250000e+02
8.263801269531250000e+02 6.703351440429687500e+02 9.479344482421875000e+02 5.615398559570312500e+02
6.548280029296875000e+02 6.990728759765625000e+02 7.931950073242187500e+02 5.663441772460937500e+02
6.400937500000000000e+02 7.034334716796875000e+02 7.788198852539062500e+02 5.681618652343750000e+02
6.400937500000000000e+02 7.034334716796875000e+02 7.788198852539062500e+02 5.681618652343750000e+02
6.908322753906250000e+02 6.990479736328125000e+02 8.248880004882812500e+02 5.708718261718750000e+02
1.099504638671875000e+03 6.453096313476562500e+02 1.216573486328125000e+03 5.749923706054687500e+02
9.597699584960937500e+02 6.520122680664062500e+02 1.070133300781250000e+03 5.933338012695312500e+02
7.374746093750000000e+02 7.156491699218750000e+02 8.620975341796875000e+02 5.967971191406250000e+02
7.712776489257812500e+02 7.163463745117187500e+02 8.965052490234375000e+02 6.009068603515625000e+02
7.781271972656250000e+02 7.142610473632812500e+02 8.965052490234375000e+02 6.009068603515625000e+02
8.052935180664062500e+02 7.126064453125000000e+02 9.248826293945312500e+02 6.015844726562500000e+02
5.931047973632812500e+02 7.487911987304687500e+02 7.370194091796875000e+02 6.063255004882812500e+02
5.931047973632812500e+02 7.487911987304687500e+02 7.370194091796875000e+02 6.063255004882812500e+02
7.885675659179687500e+02 7.293775634765625000e+02 9.081869506835937500e+02 6.162640991210937500e+02
6.637152099609375000e+02 7.842575073242187500e+02 7.949497680664062500e+02 6.526309204101562500e+02
8.006926879882812500e+02 7.687501220703125000e+02 9.135906982421875000e+02 6.600732421875000000e+02
6.754332275390625000e+02 7.923284912109375000e+02 8.047666015625000000e+02 6.622835693359375000e+02
4.841177978515625000e+02 8.258875732421875000e+02 6.446317138671875000e+02 6.641819458007812500e+02
4.987797241210937500e+02 8.248035278320312500e+02 6.588865966796875000e+02 6.654378051757812500e+02
4.987797241210937500e+02 8.248035278320312500e+02 6.588865966796875000e+02 6.654378051757812500e+02
5.160534057617187500e+02 8.211317749023437500e+02 6.734096679687500000e+02 6.658310546875000000e+02
7.080386962890625000e+02 8.083232421875000000e+02 8.323009643554687500e+02 6.814006347656250000e+02
6.449992675781250000e+02 8.205725708007812500e+02 7.763014526367187500e+02 6.832473754882812500e+02
8.879290771484375000e+02 7.839978027343750000e+02 9.905108642578125000e+02 6.872017211914062500e+02
1.104312622070312500e+03 7.581579589843750000e+02 1.198246582031250000e+03 6.997062377929687500e+02
1.077267822265625000e+03 7.665921630859375000e+02 1.170793579101562500e+03 7.045908203125000000e+02
1.097599365234375000e+03 7.720383300781250000e+02 1.189116577148437500e+03 7.131560058593750000e+02
7.854613037109375000e+02 8.343071289062500000e+02 8.965677490234375000e+02 7.198709716796875000e+02
5.599915161132812500e+02 8.770200195312500000e+02 7.051987304687500000e+02 7.233628540039062500e+02
5.759006958007812500e+02 8.733610229492187500e+02 7.190811767578125000e+02 7.222686767578125000e+02
5.759006958007812500e+02 8.733610229492187500e+02 7.190811767578125000e+02 7.222686767578125000e+02
1.117514160156250000e+03 7.781653442382812500e+02 1.207277587890625000e+03 7.240454711914062500e+02
6.216037597656250000e+02 8.718173828125000000e+02 7.563095092773437500e+02 7.284954833984375000e+02
7.195223388671875000e+02 8.582449951171875000e+02 8.374258422851562500e+02 7.324182739257812500e+02
7.545110473632812500e+02 8.520700073242187500e+02 8.685521850585937500e+02 7.325718383789062500e+02
6.372172241210937500e+02 8.794847412109375000e+02 7.686807861328125000e+02 7.378870849609375000e+02
6.372172241210937500e+02 8.794847412109375000e+02 7.686807861328125000e+02 7.378870849609375000e+02
5.742789916992187500e+02 8.991939697265625000e+02 7.159566650390625000e+02 7.451531982421875000e+02
7.036140136718750000e+02 8.756079101562500000e+02 8.227760620117187500e+02 7.453586425781250000e+02
6.030141601562500000e+02 8.999393920898437500e+02 7.401627197265625000e+02 7.510469360351562500e+02
5.607007446289062500e+02 9.078922119140625000e+02 7.055084228515625000e+02 7.518784179687500000e+02
5.859406738281250000e+02 9.056625366210937500e+02 7.255113525390625000e+02 7.531957397460937500e+02
1.095877441406250000e+03 8.216886596679687500e+02 1.178963867187500000e+03 7.596979370117187500e+02
5.632080688476562500e+02 9.223445434570312500e+02 7.058726196289062500e+02 7.635605468750000000e+02
5.632080688476562500e+02 9.223445434570312500e+02 7.058726196289062500e+02 7.635605468750000000e+02
1.102516845703125000e+03 8.308747558593750000e+02 1.184144409179687500e+03 7.716334228515625000e+02
6.589993286132812500e+02 9.233974609375000000e+02 7.843170166015625000e+02 7.811959228515625000e+02
1.088964965820312500e+03 8.599517211914062500e+02 1.165144775390625000e+03 8.002328491210937500e+02
6.872290039062500000e+02 9.502011108398437500e+02 8.053855590820312500e+02 8.098692626953125000e+02
1.409824096679687500e+03 8.339754028320312500e+02 1.490136718750000000e+03 8.319298095703125000e+02
1.198966308593750000e+03 8.924305419921875000e+02 1.263441650390625000e+03 8.490921020507812500e+02
1.243322753906250000e+03 8.914207153320312500e+02 1.306521850585937500e+03 8.575376586914062500e+02
1.030830444335937500e+03 9.587257690429687500e+02 1.096697875976562500e+03 8.797255859375000000e+02
1.030830444335937500e+03 9.587257690429687500e+02 1.096697875976562500e+03 8.797255859375000000e+02
9.671200561523437500e+02 9.848650512695312500e+02 1.036779541015625000e+03 8.907838745117187500e+02
7.988791503906250000e+02 1.038959350585937500e+03 8.896862792968750000e+02 9.068795776367187500e+02
8.100414428710937500e+02 1.045719360351562500e+03 8.980268554687500000e+02 9.153650512695312500e+02
1.162457031250000000e+03 1.026311401367187500e+03 1.202401245117187500e+03 9.674896240234375000e+02
9.632167358398437500e+02 3.610633239746093750e+02 1.111925659179687500e+03 3.138909301757812500e+02
1.054328735351562500e+03 5.755673828125000000e+02 1.184323242187500000e+03 4.894648132324218750e+02
7.456447753906250000e+02 6.515043945312500000e+02 8.731872558593750000e+02 5.285838012695312500e+02
1.012966003417968750e+03 6.227362060546875000e+02 1.129065551757812500e+03 5.362497558593750000e+02
1.098707519531250000e+03 6.109541015625000000e+02 1.224859375000000000e+03 5.404901733398437500e+02
6.615023803710937500e+02 6.868936767578125000e+02 7.977793579101562500e+02 5.547649536132812500e+02
6.774004516601562500e+02 6.848510131835937500e+02 8.141394653320312500e+02 5.548952636718750000e+02
6.793378295898437500e+02 7.178339233398437500e+02 8.124191894531250000e+02 5.884971313476562500e+02
5.983334960937500000e+02 7.371766357421875000e+02 7.417429809570312500e+02 5.957340087890625000e+02
7.556358642578125000e+02 7.128452758789062500e+02 8.793699951171875000e+02 5.959637451171875000e+02
7.434639892578125000e+02 7.412365112304687500e+02 8.658906860351562500e+02 6.222693481445312500e+02
7.680838623046875000e+02 7.465458984375000000e+02 8.851693725585937500e+02 6.339768066406250000e+02
5.906871337890625000e+02 7.940717163085937500e+02 7.341479492187500000e+02 6.495753173828125000e+02
1.226482910156250000e+03 6.934417724609375000e+02 1.336414916992187500e+03 6.495661621093750000e+02
8.250571289062500000e+02 7.571268920898437500e+02 9.380413208007812500e+02 6.525684814453125000e+02
8.715678710937500000e+02 7.569696655273437500e+02 9.795721435546875000e+02 6.585775756835937500e+02
8.075340576171875000e+02 7.792738037109375000e+02 9.194506835937500000e+02 6.709663085937500000e+02
8.314772338867187500e+02 7.879772949218750000e+02 9.417885131835937500e+02 6.843756103515625000e+02
6.862196044921875000e+02 8.158167724609375000e+02 8.127895507812500000e+02 6.857965698242187500e+02
5.035632934570312500e+02 8.493778686523437500e+02 6.616491699218750000e+02 6.887631835937500000e+02
8.594075317382812500e+02 7.975808105468750000e+02 9.638638305664062500e+02 6.971605224609375000e+02
7.535612792968750000e+02 8.251283569335937500e+02 8.701715698242187500e+02 7.052122192382812500e+02
5.020570678710937500e+02 8.684242553710937500e+02 6.601291503906250000e+02 7.067170410156250000e+02
4.787737121582031250e+02 8.748477172851562500e+02 6.425811157226562500e+02 7.080360717773437500e+02
1.135136108398437500e+03 7.664869995117187500e+02 1.223634643554687500e+03 7.105208129882812500e+02
7.935554199218750000e+02 8.488972778320312500e+02 9.015485229492187500e+02 7.350956420898437500e+02
8.106990356445312500e+02 8.455392456054687500e+02 9.165036010742187500e+02 7.339522705078125000e+02
1.146019287109375000e+03 7.861409912109375000e+02 1.231765991210937500e+03 7.351272583007812500e+02
7.468224487304687500e+02 8.640402832031250000e+02 8.605993652343750000e+02 7.414434204101562500e+02
1.238814086914062500e+03 7.874166870117187500e+02 1.327477172851562500e+03 7.524890136718750000e+02
7.216487426757812500e+02 8.827471313476562500e+02 8.372478637695312500e+02 7.551109008789062500e+02
7.841581420898437500e+02 8.779533691406250000e+02 8.904390869140625000e+02 7.606484375000000000e+02
1.261604614257812500e+03 7.927333374023437500e+02 1.348280517578125000e+03 7.624624023437500000e+02
5.451067504882812500e+02 9.253710327148437500e+02 6.922412109375000000e+02 7.638872680664062500e+02
1.076867431640625000e+03 8.359948730468750000e+02 1.158952270507812500e+03 7.726170654296875000e+02
1.064223510742187500e+03 8.442356567382812500e+02 1.145185180664062500e+03 7.771198730468750000e+02
7.645723876953125000e+02 9.012362670898437500e+02 8.706046142578125000e+02 7.796473388671875000e+02
8.350519409179687500e+02 8.971262207031250000e+02 9.329648437500000000e+02 7.881678466796875000e+02
1.077843261718750000e+03 8.530317382812500000e+02 1.156851074218750000e+03 7.887715454101562500e+02
1.104118408203125000e+03 8.550007324218750000e+02 1.180566284179687500e+03 7.958447875976562500e+02
1.177776855468750000e+03 8.441033325195312500e+02 1.255480346679687500e+03 7.964223022460937500e+02
1.278484130859375000e+03 8.208443603515625000e+02 1.356227294921875000e+03 7.964958496093750000e+02
9.248720092773437500e+02 8.932321777343750000e+02 1.011101745605468750e+03 7.985022583007812500e+02
6.552596435546875000e+02 9.450278320312500000e+02 7.790939331054687500e+02 8.001437377929687500e+02
6.552596435546875000e+02 9.450278320312500000e+02 7.790939331054687500e+02 8.001437377929687500e+02
1.074263061523437500e+03 8.663124389648437500e+02 1.150511596679687500e+03 8.023429565429687500e+02
8.136622924804687500e+02 9.241683959960937500e+02 9.116406860351562500e+02 8.092668457031250000e+02
1.413729003906250000e+03 8.168179931640625000e+02 1.498827270507812500e+03 8.105400390625000000e+02
1.185129638671875000e+03 8.576160278320312500e+02 1.258650634765625000e+03 8.123886108398437500e+02
1.399855346679687500e+03 8.174179687500000000e+02 1.484013793945312500e+03 8.130373535156250000e+02
7.025026245117187500e+02 9.586160278320312500e+02 8.168755493164062500e+02 8.203270874023437500e+02
1.102307495117187500e+03 8.861906738281250000e+02 1.171813720703125000e+03 8.273716430664062500e+02
1.221000000000000000e+03 8.685412597656250000e+02 1.291119628906250000e+03 8.301176757812500000e+02
6.337883911132812500e+02 9.828596191406250000e+02 7.599835205078125000e+02 8.297229614257812500e+02
1.396045532226562500e+03 8.333065795898437500e+02 1.475987915039062500e+03 8.293287963867187500e+02
5.961016235351562500e+02 9.935209350585937500e+02 7.301069335937500000e+02 8.323536987304687500e+02
6.163097534179687500e+02 9.898010864257812500e+02 7.460285034179687500e+02 8.324982910156250000e+02
6.163097534179687500e+02 9.898010864257812500e+02 7.460285034179687500e+02 8.324982910156250000e+02
6.945522460937500000e+02 9.842706909179687500e+02 8.088008422851562500e+02 8.412586059570312500e+02
1.408814819335937500e+03 8.471061401367187500e+02 1.483379394531250000e+03 8.437270507812500000e+02
1.155397338867187500e+03 8.957364501953125000e+02 1.221265747070312500e+03 8.468220214843750000e+02
1.393533203125000000e+03 8.499401855468750000e+02 1.468244262695312500e+03 8.464868164062500000e+02
1.214946655273437500e+03 8.863373413085937500e+02 1.280908081054687500e+03 8.482394409179687500e+02
7.713408203125000000e+02 9.798186645507812500e+02 8.730040893554687500e+02 8.502903442382812500e+02
6.756456298828125000e+02 1.006434326171875000e+03 7.922456665039062500e+02 8.573215332031250000e+02
1.420199951171875000e+03 8.591033935546875000e+02 1.492900268554687500e+03 8.592391357421875000e+02
6.408778686523437500e+02 1.018155090332031250e+03 7.643026123046875000e+02 8.615946044921875000e+02
6.586304321289062500e+02 1.028304809570312500e+03 7.772055664062500000e+02 8.736351318359375000e+02
1.056700439453125000e+03 9.490035400390625000e+02 1.121777099609375000e+03 8.739409179687500000e+02
1.003221252441406250e+03 9.682534790039062500e+02 1.069738647460937500e+03 8.843788452148437500e+02
9.857627563476562500e+02 9.735449829101562500e+02 1.052352539062500000e+03 8.854725952148437500e+02
1.130404907226562500e+03 9.551173095703125000e+02 1.189071655273437500e+03 8.935156860351562500e+02
7.425596313476562500e+02 1.042654907226562500e+03 8.429364624023437500e+02 8.993978881835937500e+02
7.656981811523437500e+02 1.042174560546875000e+03 8.625918579101562500e+02 9.024157714843750000e+02
1.139037231445312500e+03 9.674753417968750000e+02 1.194125488281250000e+03 9.077508544921875000e+02
1.374195678710937500e+03 9.456757202148437500e+02 1.423699340820312500e+03 9.354688720703125000e+02
1.374195678710937500e+03 9.456757202148437500e+02 1.423699340820312500e+03 9.354688720703125000e+02
1.192191406250000000e+03 9.896222534179687500e+02 1.239077636718750000e+03 9.383698730468750000e+02
1.118880737304687500e+03 1.016682800292968750e+03 1.167215087890625000e+03 9.476837158203125000e+02
1.118880737304687500e+03 1.016682800292968750e+03 1.167215087890625000e+03 9.476837158203125000e+02
1.150912109375000000e+03 1.014786193847656250e+03 1.196624389648437500e+03 9.522851562500000000e+02
1.150912109375000000e+03 1.014786193847656250e+03 1.196624389648437500e+03 9.522851562500000000e+02
1.197246459960937500e+03 1.018923950195312500e+03 1.237749023437500000e+03 9.659161987304687500e+02
1.175340454101562500e+03 1.036385620117187500e+03 1.214497558593750000e+03 9.773049926757812500e+02
8.455500488281250000e+02 5.474920654296875000e+02 9.781458129882812500e+02 4.293161926269531250e+02
7.871381225585937500e+02 6.104345703125000000e+02 9.178984985351562500e+02 4.913423461914062500e+02
1.162364868164062500e+03 6.007272338867187500e+02 1.290724853515625000e+03 5.344367065429687500e+02
1.211712158203125000e+03 6.120614624023437500e+02 1.341526245117187500e+03 5.568409423828125000e+02
1.199200927734375000e+03 6.331365966796875000e+02 1.322532348632812500e+03 5.812142333984375000e+02
1.118769042968750000e+03 6.739621582031250000e+02 1.230383178710937500e+03 6.088210449218750000e+02
5.521810302734375000e+02 7.765491333007812500e+02 7.021478881835937500e+02 6.269881591796875000e+02
1.119811157226562500e+03 7.334102783203125000e+02 1.221858520507812500e+03 6.762553100585937500e+02
8.533262329101562500e+02 7.829273681640625000e+02 9.608288574218750000e+02 6.817471313476562500e+02
5.399396972656250000e+02 8.352568359375000000e+02 6.901575317382812500e+02 6.828668823242187500e+02
1.091825439453125000e+03 7.489423217773437500e+02 1.188179077148437500e+03 6.876398315429687500e+02
1.127321533203125000e+03 7.494135131835937500e+02 1.223267700195312500e+03 6.938701782226562500e+02
6.774850463867187500e+02 8.310374145507812500e+02 8.051818237304687500e+02 6.997402954101562500e+02
1.122931030273437500e+03 7.650340576171875000e+02 1.214765014648437500e+03 7.071765136718750000e+02
5.894992065429687500e+02 8.602682495117187500e+02 7.292009277343750000e+02 7.116445922851562500e+02
7.738324584960937500e+02 8.534492797851562500e+02 8.847097167968750000e+02 7.352897949218750000e+02
1.267982666015625000e+03 7.718154907226562500e+02 1.357630615234375000e+03 7.388305053710937500e+02
7.682805175781250000e+02 8.626881713867187500e+02 8.776428833007812500e+02 7.452150878906250000e+02
7.579976806640625000e+02 8.817694702148437500e+02 8.688416137695312500e+02 7.608103637695312500e+02
8.603032226562500000e+02 8.686327514648437500e+02 9.576954956054687500e+02 7.653799438476562500e+02
8.603032226562500000e+02 8.686327514648437500e+02 9.576954956054687500e+02 7.653799438476562500e+02
5.948934936523437500e+02 9.177424926757812500e+02 7.322700195312500000e+02 7.655791625976562500e+02
1.283402832031250000e+03 7.987293090820312500e+02 1.366633178710937500e+03 7.720510253906250000e+02
8.954865112304687500e+02 8.811212768554687500e+02 9.871085815429687500e+02 7.819129638671875000e+02
6.779582519531250000e+02 9.354531860351562500e+02 7.982999267578125000e+02 7.960636596679687500e+02
9.420708007812500000e+02 8.924755859375000000e+02 1.026005615234375000e+03 8.013751831054687500e+02
6.670872802734375000e+02 9.698381958007812500e+02 7.874081420898437500e+02 8.238096923828125000e+02
8.425660400390625000e+02 9.366058959960937500e+02 9.346275024414062500e+02 8.259779052734375000e+02
1.231438476562500000e+03 8.823255615234375000e+02 1.297564941406250000e+03 8.464655761718750000e+02
6.218217163085937500e+02 1.006966369628906250e+03 7.496253662109375000e+02 8.485119018554687500e+02
7.905793457031250000e+02 9.900448608398437500e+02 8.870668334960937500e+02 8.626427001953125000e+02
1.208654907226562500e+03 9.049024658203125000e+02 1.271032958984375000e+03 8.633414306640625000e+02
1.208654907226562500e+03 9.049024658203125000e+02 1.271032958984375000e+03 8.633414306640625000e+02
9.884412231445312500e+02 9.518831787109375000e+02 1.059697021484375000e+03 8.657075195312500000e+02
9.884412231445312500e+02 9.518831787109375000e+02 1.059697021484375000e+03 8.657075195312500000e+02
1.250483764648437500e+03 9.041250000000000000e+02 1.309911621093750000e+03 8.721396484375000000e+02
8.118229980468750000e+02 1.000932861328125000e+03 9.033028564453125000e+02 8.764908447265625000e+02
1.325507446289062500e+03 8.980582275390625000e+02 1.387721191406250000e+03 8.767660522460937500e+02
1.217616699218750000e+03 9.208899536132812500e+02 1.277140625000000000e+03 8.812267456054687500e+02
1.046916992187500000e+03 9.661858520507812500e+02 1.109085815429687500e+03 8.901671142578125000e+02
8.182904052734375000e+02 1.022878051757812500e+03 9.072998046875000000e+02 8.966748657226562500e+02
8.182904052734375000e+02 1.022878051757812500e+03 9.072998046875000000e+02 8.966748657226562500e+02
9.901100463867187500e+02 9.905876464843750000e+02 1.055089721679687500e+03 9.009257202148437500e+02
9.901100463867187500e+02 9.905876464843750000e+02 1.055089721679687500e+03 9.009257202148437500e+02
1.328534790039062500e+03 9.433526000976562500e+02 1.378954467773437500e+03 9.226523437500000000e+02
1.423453857421875000e+03 9.329295043945312500e+02 1.475772460937500000e+03 9.302330932617187500e+02
1.407218872070312500e+03 9.357178955078125000e+02 1.458769287109375000e+03 9.316093139648437500e+02
1.099595947265625000e+03 1.024448974609375000e+03 1.147513916015625000e+03 9.538034667968750000e+02
1.384645751953125000e+03 9.741121826171875000e+02 1.426026245117187500e+03 9.630415649414062500e+02
1.367106933593750000e+03 9.792346191406250000e+02 1.408114746093750000e+03 9.655750732421875000e+02
1.145481201171875000e+03 1.031225830078125000e+03 1.187508178710937500e+03 9.689751586914062500e+02
1.125310913085937500e+03 1.036832641601562500e+03 1.168620849609375000e+03 9.696342163085937500e+02
1.413148803710937500e+03 9.960836791992187500e+02 1.448161010742187500e+03 9.909464721679687500e+02
8.630554199218750000e+02 6.319523315429687500e+02 9.841151123046875000e+02 5.249205322265625000e+02
8.055468139648437500e+02 6.671991577148437500e+02 9.284218750000000000e+02 5.560447387695312500e+02
8.407557983398437500e+02 6.787507324218750000e+02 9.591395263671875000e+02 5.734520874023437500e+02
8.001905517578125000e+02 6.896954956054687500e+02 9.214041748046875000e+02 5.781951904296875000e+02
8.001905517578125000e+02 6.896954956054687500e+02 9.214041748046875000e+02 5.781951904296875000e+02
8.687380371093750000e+02 6.787054443359375000e+02 9.815851440429687500e+02 5.808921508789062500e+02
7.757051391601562500e+02 7.063785400390625000e+02 9.000376586914062500e+02 5.916915893554687500e+02
1.092266845703125000e+03 6.630609741210937500e+02 1.205267333984375000e+03 5.964176025390625000e+02
1.180685791015625000e+03 6.711609497070312500e+02 1.297208496093750000e+03 6.164536132812500000e+02
8.548683471679687500e+02 7.444190063476562500e+02 9.638919677734375000e+02 6.417154541015625000e+02
4.460823059082031250e+02 8.660631103515625000e+02 6.155761108398437500e+02 6.946586914062500000e+02
4.460823059082031250e+02 8.660631103515625000e+02 6.155761108398437500e+02 6.946586914062500000e+02
1.161666625976562500e+03 7.486693115234375000e+02 1.257230102539062500e+03 6.974642944335937500e+02
1.089068359375000000e+03 8.379817504882812500e+02 1.168906616210937500e+03 7.775806884765625000e+02
1.247740478515625000e+03 8.088767700195312500e+02 1.329849243164062500e+03 7.763037719726562500e+02
8.657383422851562500e+02 8.914894409179687500e+02 9.591127929687500000e+02 7.872437133789062500e+02
1.056128784179687500e+03 8.676461181640625000e+02 1.134342163085937500e+03 8.006449584960937500e+02
1.056128784179687500e+03 8.676461181640625000e+02 1.134342163085937500e+03 8.006449584960937500e+02
6.328728637695312500e+02 9.622882690429687500e+02 7.596072998046875000e+02 8.113607177734375000e+02
1.384970703125000000e+03 8.224540405273437500e+02 1.464507690429687500e+03 8.163042602539062500e+02
1.170255493164062500e+03 8.700145874023437500e+02 1.241948974609375000e+03 8.227326660156250000e+02
1.342918090820312500e+03 8.405017089843750000e+02 1.419785522460937500e+03 8.279449462890625000e+02
1.018463439941406250e+03 9.102219238281250000e+02 1.091760864257812500e+03 8.324859619140625000e+02
1.018463439941406250e+03 9.102219238281250000e+02 1.091760864257812500e+03 8.324859619140625000e+02
9.670086059570312500e+02 9.440753784179687500e+02 1.041511840820312500e+03 8.547623901367187500e+02
7.805817871093750000e+02 1.019144287109375000e+03 8.755940551757812500e+02 8.863141479492187500e+02
9.449564208984375000e+02 9.810494995117187500e+02 1.017832397460937500e+03 8.842564086914062500e+02
1.239570678710937500e+03 9.271071777343750000e+02 1.294779541015625000e+03 8.912400512695312500e+02
1.239570678710937500e+03 9.271071777343750000e+02 1.294779541015625000e+03 8.912400512695312500e+02
1.016487792968750000e+03 9.830470581054687500e+02 1.080902709960937500e+03 8.992639770507812500e+02
1.016487792968750000e+03 9.830470581054687500e+02 1.080902709960937500e+03 8.992639770507812500e+02
1.176062011718750000e+03 9.748946533203125000e+02 1.225236083984375000e+03 9.210577392578125000e+02
1.312162231445312500e+03 9.550944213867187500e+02 1.360465576171875000e+03 9.321638183593750000e+02
1.347823852539062500e+03 9.496605224609375000e+02 1.397579589843750000e+03 9.313992919921875000e+02
1.334862548828125000e+03 9.643705444335937500e+02 1.378298339843750000e+03 9.452569580078125000e+02
1.173101928710937500e+03 1.015360229492187500e+03 1.215806518554687500e+03 9.579117431640625000e+02
1.173101928710937500e+03 1.015360229492187500e+03 1.215806518554687500e+03 9.579117431640625000e+02
8.818897094726562500e+02 3.649032897949218750e+02 1.030081542968750000e+03 2.908979797363281250e+02
8.960716552734375000e+02 4.363242797851562500e+02 1.032651245117187500e+03 3.890005798339843750e+02
8.960716552734375000e+02 4.363242797851562500e+02 1.032651245117187500e+03 3.890005798339843750e+02
8.608705444335937500e+02 5.730270996093750000e+02 9.886836547851562500e+02 4.550906372070312500e+02
1.087639648437500000e+03 5.941416015625000000e+02 1.213405517578125000e+03 5.175587768554687500e+02
1.183881225585937500e+03 6.143887939453125000e+02 1.311261840820312500e+03 5.552719116210937500e+02
6.330876464843750000e+02 7.276325073242187500e+02 7.741842041015625000e+02 5.924942016601562500e+02
9.464067382812500000e+02 6.593140869140625000e+02 1.057626953125000000e+03 5.980551147460937500e+02
1.063460571289062500e+03 6.640140380859375000e+02 1.176156372070312500e+03 5.950442504882812500e+02
1.172389892578125000e+03 6.925507812500000000e+02 1.279518310546875000e+03 6.446198730468750000e+02
6.859334106445312500e+02 7.767545166015625000e+02 8.142193603515625000e+02 6.484523315429687500e+02
1.208897827148437500e+03 7.923480224609375000e+02 1.296049804687500000e+03 7.542482299804687500e+02
9.057044677734375000e+02 8.570009765625000000e+02 9.952963256835937500e+02 7.594335327148437500e+02
1.357442993164062500e+03 8.018760986328125000e+02 1.448161499023437500e+03 7.895961303710937500e+02
1.016677551269531250e+03 8.825418701171875000e+02 1.093092773437500000e+03 8.064157104492187500e+02
1.362702758789062500e+03 8.267903442382812500e+02 1.444642211914062500e+03 8.174267578125000000e+02
8.795053710937500000e+02 9.476250000000000000e+02 9.651469116210937500e+02 8.419732055664062500e+02
8.795053710937500000e+02 9.476250000000000000e+02 9.651469116210937500e+02 8.419732055664062500e+02
1.253592773437500000e+03 8.748743896484375000e+02 1.320240478515625000e+03 8.417984619140625000e+02
1.253592773437500000e+03 8.748743896484375000e+02 1.320240478515625000e+03 8.417984619140625000e+02
1.012636779785156250e+03 9.370013427734375000e+02 1.083646118164062500e+03 8.559472656250000000e+02
1.354996215820312500e+03 9.246586914062500000e+02 1.410266113281250000e+03 9.105065307617187500e+02
1.014949768066406250e+03 1.012880859375000000e+03 1.074913574218750000e+03 9.255533447265625000e+02
9.497049560546875000e+02 3.482406921386718750e+02 1.104003662109375000e+03 2.951221618652343750e+02
7.426801147460937500e+02 6.782802734375000000e+02 8.755916748046875000e+02 5.592402954101562500e+02
7.740137939453125000e+02 6.742860717773437500e+02 8.969938964843750000e+02 5.572089233398437500e+02
1.150396606445312500e+03 6.735846557617187500e+02 1.260044433593750000e+03 6.181413574218750000e+02
8.018624877929687500e+02 7.488869018554687500e+02 9.180294799804687500e+02 6.393873901367187500e+02
1.065586181640625000e+03 7.394418334960937500e+02 1.162088623046875000e+03 6.758004150390625000e+02
1.243908325195312500e+03 7.351180419921875000e+02 1.341842895507812500e+03 6.998297729492187500e+02
1.183200561523437500e+03 7.717339477539062500e+02 1.273224731445312500e+03 7.269566650390625000e+02
1.140890014648437500e+03 8.647420043945312500e+02 1.213606811523437500e+03 8.119305419921875000e+02
1.140890014648437500e+03 8.647420043945312500e+02 1.213606811523437500e+03 8.119305419921875000e+02
1.127548339843750000e+03 9.881613769531250000e+02 1.179098144531250000e+03 9.243379516601562500e+02
1.300824707031250000e+03 1.036731567382812500e+03 1.330425903320312500e+03 1.001819519042968750e+03
1.300824707031250000e+03 1.036731567382812500e+03 1.330425903320312500e+03 1.001819519042968750e+03
1.291643798828125000e+03 6.177595825195312500e+02 1.426727294921875000e+03 5.803768310546875000e+02
1.136064453125000000e+03 7.034503173828125000e+02 1.240481079101562500e+03 6.477872924804687500e+02
1.193002807617187500e+03 7.393648071289062500e+02 1.290954956054687500e+03 6.923099365234375000e+02
1.193002807617187500e+03 7.393648071289062500e+02 1.290954956054687500e+03 6.923099365234375000e+02
9.336033325195312500e+02 9.332735595703125000e+02 1.015906372070312500e+03 8.361379394531250000e+02
1.283897094726562500e+03 9.137995605468750000e+02 1.340957275390625000e+03 8.872546997070312500e+02
1.283897094726562500e+03 9.137995605468750000e+02 1.340957275390625000e+03 8.872546997070312500e+02
1.081066772460937500e+03 9.834075317382812500e+02 1.137421508789062500e+03 9.120097045898437500e+02
1.081066772460937500e+03 9.834075317382812500e+02 1.137421508789062500e+03 9.120097045898437500e+02
1.328395507812500000e+03 1.000885314941406250e+03 1.366344726562500000e+03 9.769147338867187500e+02
1.017115417480468750e+03 7.278970336914062500e+02 1.117783325195312500e+03 6.631518554687500000e+02
7.699718627929687500e+02 7.889855957031250000e+02 8.849263916015625000e+02 6.731500244140625000e+02
7.654704589843750000e+02 8.549202270507812500e+02 8.751157226562500000e+02 7.342883300781250000e+02
6.707148437500000000e+02 8.820853271484375000e+02 7.950263671875000000e+02 7.472444458007812500e+02
1.165646606445312500e+03 8.142119140625000000e+02 1.244572387695312500e+03 7.675485839843750000e+02
1.428036499023437500e+03 8.426417236328125000e+02 1.505739379882812500e+03 8.382732543945312500e+02
8.713074340820312500e+02 8.293809204101562500e+02 9.660905151367187500e+02 7.298244628906250000e+02
7.644364013671875000e+02 9.390202636718750000e+02 8.702150268554687500e+02 8.131195678710937500e+02
1.298746093750000000e+03 8.575358886718750000e+02 1.369500000000000000e+03 8.343314208984375000e+02
1.263543334960937500e+03 9.792345581054687500e+02 1.308849243164062500e+03 9.417196655273437500e+02
1.094699707031250000e+03 9.236208496093750000e+02 1.163644531250000000e+03 8.593846435546875000e+02
1.001962707519531250e+03 9.665528564453125000e+02 1.072033813476562500e+03 8.776235961914062500e+02
1.001962707519531250e+03 9.665528564453125000e+02 1.072033813476562500e+03 8.776235961914062500e+02
1.480361450195312500e+03 9.145003662109375000e+02 1.538179077148437500e+03 9.295078735351562500e+02
1.055122436523437500e+03 5.830862426757812500e+02 1.182671997070312500e+03 4.976196289062500000e+02
1.330923339843750000e+03 7.025952148437500000e+02 1.444002929687500000e+03 6.779361572265625000e+02
