5.003327636718750000e+02 6.673430786132812500e+02 1.264128662109375000e+03 5.697196655273437500e+02
1.282968383789062500e+03 7.701435546875000000e+02 9.967916259765625000e+02 9.469498901367187500e+02
2.384462585449218750e+02 1.989670181274414062e+01 1.728284057617187500e+03 6.794765472412109375e+01
8.827979125976562500e+02 8.715558471679687500e+02 8.757337036132812500e+02 6.601281127929687500e+02
9.909233398437500000e+02 4.747160644531250000e+02 7.226680908203125000e+02 3.270585021972656250e+02
9.671200561523437500e+02 9.848650512695312500e+02 7.731776733398437500e+02 7.668981933593750000e+02
1.257516860961914062e+02 5.799460449218750000e+02 1.276469238281250000e+03 3.645647277832031250e+02
9.670086059570312500e+02 9.440753784179687500e+02 8.026300659179687500e+02 7.658078002929687500e+02
9.901100463867187500e+02 9.905876464843750000e+02 7.659957275390625000e+02 7.785769042968750000e+02
9.884412231445312500e+02 9.518831787109375000e+02 7.964865722656250000e+02 7.801116333007812500e+02
9.884412231445312500e+02 9.518831787109375000e+02 7.964865722656250000e+02 7.801116333007812500e+02
1.018463439941406250e+03 9.102219238281250000e+02 8.330816040039062500e+02 7.991549072265625000e+02
1.018463439941406250e+03 9.102219238281250000e+02 8.330816040039062500e+02 7.991549072265625000e+02
1.016487792968750000e+03 9.830470581054687500e+02 7.680402221679687500e+02 7.951119995117187500e+02
1.012636779785156250e+03 9.370013427734375000e+02 8.112335205078125000e+02 7.979926757812500000e+02
1.127548339843750000e+03 9.881613769531250000e+02 7.454456787109375000e+02 8.706437377929687500e+02
1.253592773437500000e+03 8.748743896484375000e+02 8.465639038085937500e+02 1.001783020019531250e+03
1.253592773437500000e+03 8.748743896484375000e+02 8.465639038085937500e+02 1.001783020019531250e+03
1.035350097656250000e+03 9.071785278320312500e+02 8.331875000000000000e+02 8.236215820312500000e+02
