1.045988281250000000e+03 6.352396240234375000e+02 7.214426879882812500e+02 5.203461303710937500e+02
1.088142700195312500e+03 8.573271484375000000e+02 5.202199096679687500e+02 8.038066406250000000e+02
9.612518920898437500e+02 7.847842407226562500e+02 6.379331665039062500e+02 7.163640747070312500e+02
1.055617675781250000e+03 7.538591918945312500e+02 6.541820678710937500e+02 7.964064331054687500e+02
1.110071044921875000e+03 8.876809692382812500e+02 4.801492614746093750e+02 8.154960937500000000e+02
1.188913208007812500e+03 7.872268066406250000e+02 5.599257202148437500e+02 9.085692138671875000e+02
5.440473022460937500e+02 7.614233398437500000e+02 7.814749755859375000e+02 5.707243652343750000e+02
9.649536132812500000e+02 8.267286987304687500e+02 5.995384521484375000e+02 7.197902221679687500e+02
9.753612670898437500e+02 8.122434082031250000e+02 6.090456542968750000e+02 7.273934326171875000e+02
9.942045288085937500e+02 8.235764770507812500e+02 5.933325195312500000e+02 7.428151245117187500e+02
1.093642822265625000e+03 9.026857299804687500e+02 4.716891174316406250e+02 8.005802612304687500e+02
1.179156250000000000e+03 7.820200805664062500e+02 5.702246704101562500e+02 9.013040771484375000e+02
1.173053710937500000e+03 6.736331176757812500e+02 7.287536010742187500e+02 9.390369262695312500e+02
1.190366088867187500e+03 6.827336425781250000e+02 7.153782958984375000e+02 9.490668334960937500e+02
1.073063110351562500e+03 8.913250122070312500e+02 4.926905212402343750e+02 7.864096679687500000e+02
1.085021362304687500e+03 8.783375854492187500e+02 5.000726013183593750e+02 7.993906860351562500e+02
1.103777343750000000e+03 8.785009155273437500e+02 4.948577270507812500e+02 8.126577758789062500e+02
1.101138183593750000e+03 8.603498535156250000e+02 5.118334350585937500e+02 8.136068725585937500e+02
1.168936767578125000e+03 9.570160522460937500e+02 3.907253112792968750e+02 8.471436767578125000e+02
1.194097534179687500e+03 9.289200439453125000e+02 4.054546813964843750e+02 8.716046142578125000e+02
1.191882446289062500e+03 9.109697265625000000e+02 4.223151550292968750e+02 8.734866333007812500e+02
1.144156738281250000e+03 7.589095458984375000e+02 6.137656860351562500e+02 8.746976318359375000e+02
1.170620605468750000e+03 7.595277099609375000e+02 6.051658325195312500e+02 8.997892456054687500e+02
1.200828125000000000e+03 7.906483764648437500e+02 5.503068237304687500e+02 9.194689331054687500e+02
1.256534912109375000e+03 8.753483276367187500e+02 4.265180969238281250e+02 9.448700561523437500e+02
1.320957763671875000e+03 8.826018066406250000e+02 3.837917785644531250e+02 1.004225952148437500e+03
1.316391357421875000e+03 8.646606445312500000e+02 4.036789550781250000e+02 1.009446960449218750e+03
9.892402954101562500e+02 7.098021850585937500e+02 7.310839843750000000e+02 7.480922241210937500e+02
1.014293457031250000e+03 5.789575805664062500e+02 9.454887695312500000e+02 7.967236328125000000e+02
1.067611938476562500e+03 7.268055419921875000e+02 6.872301025390625000e+02 8.117280273437500000e+02
1.148434448242187500e+03 9.681066894531250000e+02 3.929756469726562500e+02 8.293631591796875000e+02
1.187843017578125000e+03 9.680264892578125000e+02 3.746649780273437500e+02 8.573583984375000000e+02
1.158375488281250000e+03 7.878768310546875000e+02 5.725088500976562500e+02 8.789113769531250000e+02
1.251553955078125000e+03 9.920800170898437500e+02 3.181693115234375000e+02 9.008266601562500000e+02
1.160957519531250000e+03 6.952600708007812500e+02 7.035397338867187500e+02 9.139543457031250000e+02
1.270703491210937500e+03 9.690480346679687500e+02 3.297598571777343750e+02 9.237041015625000000e+02
1.280901977539062500e+03 8.879818115234375000e+02 3.992882385253906250e+02 9.637713012695312500e+02
1.308312133789062500e+03 9.189197998046875000e+02 3.540876159667968750e+02 9.781804199218750000e+02
1.299265502929687500e+03 8.863409423828125000e+02 3.972326965332031250e+02 9.804753417968750000e+02
1.324098510742187500e+03 8.982347412109375000e+02 3.657270507812500000e+02 9.981475830078125000e+02
1.323774658203125000e+03 8.541559448242187500e+02 4.162842407226562500e+02 1.019723388671875000e+03
1.347445434570312500e+03 8.687479858398437500e+02 3.855932617187500000e+02 1.038983520507812500e+03
1.147910385131835938e+02 6.468077392578125000e+02 8.781421508789062500e+02 6.534113769531250000e+02
1.192947631835937500e+03 7.762514648437500000e+02 5.730238037109375000e+02 9.168120727539062500e+02
1.235058959960937500e+03 8.668715820312500000e+02 4.460405273437500000e+02 9.267899780273437500e+02
1.006960693359375000e+03 5.928766479492187500e+02 9.211232299804687500e+02 7.890172729492187500e+02
1.152202636718750000e+03 8.091589965820312500e+02 5.482987060546875000e+02 8.683035278320312500e+02
1.264465942382812500e+03 8.577106933593750000e+02 4.430993347167968750e+02 9.563502807617187500e+02
1.223887084960937500e+03 8.260319824218750000e+02 4.983096008300781250e+02 9.326453247070312500e+02
9.594420776367187500e+02 8.797320556640625000e+02 5.420325927734375000e+02 7.185115966796875000e+02
