1.184673950195312500e+03 9.325515136718750000e+02 1.119516357421875000e+03 5.985740356445312500e+02
1.184673950195312500e+03 9.325515136718750000e+02 1.119516357421875000e+03 5.985740356445312500e+02
1.045988281250000000e+03 6.352396240234375000e+02 1.043314941406250000e+03 4.568356628417968750e+02
8.005334472656250000e+02 7.077431640625000000e+02 9.912760009765625000e+02 5.967363281250000000e+02
8.005334472656250000e+02 7.077431640625000000e+02 9.912760009765625000e+02 5.967363281250000000e+02
1.057557128906250000e+03 7.156696777343750000e+02 7.420607299804687500e+02 6.058889770507812500e+02
1.060428466796875000e+03 6.427581176757812500e+02 7.336764526367187500e+02 6.920377807617187500e+02
1.083974853515625000e+03 7.517741699218750000e+02 7.240293579101562500e+02 5.715602416992187500e+02
1.023762084960937500e+03 7.336970825195312500e+02 7.757561645507812500e+02 5.858369140625000000e+02
1.176817749023437500e+03 7.071367187500000000e+02 6.238203735351562500e+02 6.227415161132812500e+02
1.082755249023437500e+03 6.631392211914062500e+02 7.108056030273437500e+02 6.670170898437500000e+02
1.066171630859375000e+03 6.473930053710937500e+02 7.269840698242187500e+02 6.858397216796875000e+02
5.922830810546875000e+02 8.051220092773437500e+02 5.243472900390625000e+02 7.020023193359375000e+02
1.011438842773437500e+03 6.022443847656250000e+02 7.904027099609375000e+02 7.515535278320312500e+02
9.928869628906250000e+02 5.987234497070312500e+02 8.142804565429687500e+02 7.569850463867187500e+02
9.928869628906250000e+02 5.987234497070312500e+02 8.142804565429687500e+02 7.569850463867187500e+02
5.624136352539062500e+02 7.082623291015625000e+02 5.903785400390625000e+02 5.364205932617187500e+02
1.065187500000000000e+03 7.657047729492187500e+02 7.392124633789062500e+02 5.608521118164062500e+02
1.144156738281250000e+03 7.589095458984375000e+02 6.663743896484375000e+02 5.733521118164062500e+02
1.011646301269531250e+03 7.341708984375000000e+02 7.858278198242187500e+02 5.853869628906250000e+02
9.799793701171875000e+02 6.061803588867187500e+02 8.309395751953125000e+02 7.433482666015625000e+02
9.799793701171875000e+02 6.061803588867187500e+02 8.309395751953125000e+02 7.433482666015625000e+02
9.857966308593750000e+02 5.815064697265625000e+02 8.254790039062500000e+02 7.901004638671875000e+02
1.054308837890625000e+03 8.516381835937500000e+02 7.529313354492187500e+02 5.032741394042968750e+02
1.056520019531250000e+03 7.389461669921875000e+02 7.474662475585937500e+02 5.832406005859375000e+02
8.053497924804687500e+02 7.172320556640625000e+02 9.813826293945312500e+02 5.881768798828125000e+02
1.070615478515625000e+03 6.549327392578125000e+02 7.223361206054687500e+02 6.762236938476562500e+02
1.056358398437500000e+03 6.470673828125000000e+02 7.377695312500000000e+02 6.857572021484375000e+02
1.093988403320312500e+03 6.337295532226562500e+02 6.922838134765625000e+02 7.101281127929687500e+02
9.896634521484375000e+02 6.100037841796875000e+02 8.179478149414062500e+02 7.370111694335937500e+02
1.009416809082031250e+03 6.088978881835937500e+02 7.923651123046875000e+02 7.416503906250000000e+02
9.898405151367187500e+02 5.882832641601562500e+02 8.196901855468750000e+02 7.758215332031250000e+02
1.067611938476562500e+03 7.268055419921875000e+02 7.340253295898437500e+02 5.947111816406250000e+02
1.070422241210937500e+03 7.099512329101562500e+02 7.287744140625000000e+02 6.113985595703125000e+02
1.050379882812500000e+03 5.612097778320312500e+02 7.340332031250000000e+02 8.404268188476562500e+02
1.014293457031250000e+03 5.789575805664062500e+02 7.861358642578125000e+02 7.977822265625000000e+02
9.986273803710937500e+02 7.164293212890625000e+02 7.975623779296875000e+02 6.023375244140625000e+02
1.006960693359375000e+03 5.928766479492187500e+02 7.941474609375000000e+02 7.713804321289062500e+02
