8.423298339843750000e+02 8.882249145507812500e+02 1.175254028320312500e+03 5.907309570312500000e+02
7.262558593750000000e+02 1.001645019531250000e+03 1.274039794921875000e+03 6.223783569335937500e+02
7.894977416992187500e+02 8.101834716796875000e+02 1.135253051757812500e+03 6.360569458007812500e+02
7.974729614257812500e+02 7.012826538085937500e+02 1.029304321289062500e+03 6.674233398437500000e+02
6.824697265625000000e+02 8.910406494140625000e+02 1.228610595703125000e+03 6.736192626953125000e+02
6.824697265625000000e+02 8.910406494140625000e+02 1.228610595703125000e+03 6.736192626953125000e+02
6.328678588867187500e+02 9.161488647460937500e+02 1.261652832031250000e+03 6.936851196289062500e+02
6.328678588867187500e+02 9.161488647460937500e+02 1.261652832031250000e+03 6.936851196289062500e+02
1.113802612304687500e+03 8.788456420898437500e+02 1.036500488281250000e+03 7.660877685546875000e+02
1.113802612304687500e+03 8.788456420898437500e+02 1.036500488281250000e+03 7.660877685546875000e+02
1.110931762695312500e+03 8.716434936523437500e+02 1.039636962890625000e+03 7.712042846679687500e+02
1.110931762695312500e+03 8.716434936523437500e+02 1.039636962890625000e+03 7.712042846679687500e+02
8.882041625976562500e+02 8.971015014648437500e+02 1.166705932617187500e+03 5.676192626953125000e+02
8.882041625976562500e+02 8.971015014648437500e+02 1.166705932617187500e+03 5.676192626953125000e+02
7.182922973632812500e+02 9.892733764648437500e+02 1.270028198242187500e+03 6.278299560546875000e+02
7.080840454101562500e+02 1.000604309082031250e+03 1.278729614257812500e+03 6.303184204101562500e+02
7.810178222656250000e+02 8.167708129882812500e+02 1.143825561523437500e+03 6.399676513671875000e+02
8.005334472656250000e+02 7.077431640625000000e+02 1.035137329101562500e+03 6.628519287109375000e+02
6.697557373046875000e+02 9.121511840820312500e+02 1.246471435546875000e+03 6.741535644531250000e+02
6.229308471679687500e+02 9.236979980468750000e+02 1.270659423828125000e+03 6.974616088867187500e+02
7.193004760742187500e+02 7.615410156250000000e+02 1.116889770507812500e+03 6.983156127929687500e+02
5.975763549804687500e+02 8.156696166992187500e+02 1.208741210937500000e+03 7.611618652343750000e+02
5.826145019531250000e+02 8.345751953125000000e+02 1.230131591796875000e+03 7.625302734375000000e+02
8.560327758789062500e+02 8.994334106445312500e+02 1.177396240234375000e+03 5.821708984375000000e+02
8.375081176757812500e+02 9.001156005859375000e+02 1.183352050781250000e+03 5.902745971679687500e+02
7.983118896484375000e+02 9.941453857421875000e+02 1.246869018554687500e+03 5.916662597656250000e+02
8.249122314453125000e+02 9.055856323242187500e+02 1.191170288085937500e+03 5.950166015625000000e+02
7.794200439453125000e+02 9.962845458984375000e+02 1.252815673828125000e+03 6.001101684570312500e+02
7.604624633789062500e+02 9.940885009765625000e+02 1.258850952148437500e+03 6.081051025390625000e+02
7.604624633789062500e+02 9.940885009765625000e+02 1.258850952148437500e+03 6.081051025390625000e+02
7.618997192382812500e+02 9.758624267578125000e+02 1.249208862304687500e+03 6.104591674804687500e+02
7.369166259765625000e+02 1.013571655273437500e+03 1.275675537109375000e+03 6.147423706054687500e+02
8.248403320312500000e+02 8.126993408203125000e+02 1.126101562500000000e+03 6.154345092773437500e+02
7.393312988281250000e+02 9.709317626953125000e+02 1.253906860351562500e+03 6.224031372070312500e+02
7.185910644531250000e+02 1.015326354980468750e+03 1.282218627929687500e+03 6.224596557617187500e+02
7.517446289062500000e+02 9.424638671875000000e+02 1.235361816406250000e+03 6.235536499023437500e+02
7.300049438476562500e+02 9.597940063476562500e+02 1.251799316406250000e+03 6.299584960937500000e+02
7.684343261718750000e+02 8.189783935546875000e+02 1.149375000000000000e+03 6.463472290039062500e+02
6.948647460937500000e+02 9.001763916015625000e+02 1.229996704101562500e+03 6.639255371093750000e+02
7.982567749023437500e+02 6.934682617187500000e+02 1.019376098632812500e+03 6.701499633789062500e+02
7.982567749023437500e+02 6.934682617187500000e+02 1.019376098632812500e+03 6.701499633789062500e+02
6.347620239257812500e+02 9.589071655273437500e+02 1.284933959960937500e+03 6.782703247070312500e+02
6.345643920898437500e+02 9.336741943359375000e+02 1.271990356445312500e+03 6.870332031250000000e+02
6.773103027343750000e+02 7.660692138671875000e+02 1.134885986328125000e+03 7.285985107421875000e+02
5.767641601562500000e+02 8.247662963867187500e+02 1.226456054687500000e+03 7.698344726562500000e+02
6.376849365234375000e+02 6.960256958007812500e+02 1.073547851562500000e+03 8.042503662109375000e+02
5.746438598632812500e+02 7.471591186523437500e+02 1.156246704101562500e+03 8.248091430664062500e+02
5.746438598632812500e+02 7.471591186523437500e+02 1.156246704101562500e+03 8.248091430664062500e+02
8.638380737304687500e+02 9.167473144531250000e+02 1.187742797851562500e+03 5.780131835937500000e+02
8.638380737304687500e+02 9.167473144531250000e+02 1.187742797851562500e+03 5.780131835937500000e+02
8.550689086914062500e+02 8.817559814453125000e+02 1.167116455078125000e+03 5.853154296875000000e+02
7.402344970703125000e+02 9.956611328125000000e+02 1.265618408203125000e+03 6.163278198242187500e+02
8.052614135742187500e+02 7.958847045898437500e+02 1.119881469726562500e+03 6.290238647460937500e+02
7.889278564453125000e+02 7.952348022460937500e+02 1.123045288085937500e+03 6.409394531250000000e+02
7.627134399414062500e+02 8.325048828125000000e+02 1.161320800781250000e+03 6.444898681640625000e+02
7.107593383789062500e+02 8.990292358398437500e+02 1.224415527343750000e+03 6.548226928710937500e+02
7.394525756835937500e+02 8.375921630859375000e+02 1.172478637695312500e+03 6.588957519531250000e+02
7.504138793945312500e+02 8.014107666015625000e+02 1.141668457031250000e+03 6.630901489257812500e+02
6.682182617187500000e+02 9.327100219726562500e+02 1.258712768554687500e+03 6.683344116210937500e+02
6.682182617187500000e+02 9.327100219726562500e+02 1.258712768554687500e+03 6.683344116210937500e+02
6.433956298828125000e+02 9.039271850585937500e+02 1.251757080078125000e+03 6.919815673828125000e+02
7.343894042968750000e+02 7.477700805664062500e+02 1.097421630859375000e+03 6.941810913085937500e+02
7.143887939453125000e+02 7.713540649414062500e+02 1.127399047851562500e+03 6.972738647460937500e+02
7.743179321289062500e+02 6.403934936523437500e+02 9.538652343750000000e+02 7.138817749023437500e+02
7.014146728515625000e+02 7.443187866210937500e+02 1.105991210937500000e+03 7.195216674804687500e+02
6.380004882812500000e+02 8.215974731445312500e+02 1.198371826171875000e+03 7.281829833984375000e+02
6.228320922851562500e+02 8.220002441406250000e+02 1.204841674804687500e+03 7.382599487304687500e+02
6.075521240234375000e+02 8.433149414062500000e+02 1.225408325195312500e+03 7.393320312500000000e+02
5.861098632812500000e+02 8.574516601562500000e+02 1.244639160156250000e+03 7.476174316406250000e+02
7.379793090820312500e+02 6.605957031250000000e+02 6.780153808593750000e+02 7.628539428710937500e+02
5.656062622070312500e+02 8.300542602539062500e+02 1.234622314453125000e+03 7.779330444335937500e+02
6.583110961914062500e+02 6.872062377929687500e+02 1.056207275390625000e+03 7.895650024414062500e+02
7.566046142578125000e+02 1.023672363281250000e+03 1.273629272460937500e+03 6.050310668945312500e+02
7.860635986328125000e+02 8.387495727539062500e+02 1.159716552734375000e+03 6.295314941406250000e+02
7.071217041015625000e+02 9.829350585937500000e+02 1.271286743164062500e+03 6.356065673828125000e+02
6.940803222656250000e+02 8.818715209960937500e+02 1.219674804687500000e+03 6.693100585937500000e+02
6.492468872070312500e+02 9.258949584960937500e+02 1.261233276367187500e+03 6.817739257812500000e+02
6.507217407226562500e+02 8.745288085937500000e+02 1.230988525390625000e+03 6.989836425781250000e+02
7.178864135742187500e+02 7.476451416015625000e+02 1.103562133789062500e+03 7.056740112304687500e+02
7.062769165039062500e+02 7.592322998046875000e+02 1.117568847656250000e+03 7.104041748046875000e+02
5.934154663085937500e+02 8.266831665039062500e+02 1.219577148437500000e+03 7.590049438476562500e+02
5.922830810546875000e+02 8.051220092773437500e+02 1.202064575195312500e+03 7.721699829101562500e+02
5.922830810546875000e+02 8.051220092773437500e+02 1.202064575195312500e+03 7.721699829101562500e+02
6.617030029296875000e+02 6.773571166992187500e+02 1.042048706054687500e+03 7.953786010742187500e+02
6.480803833007812500e+02 6.921880493164062500e+02 1.066469360351562500e+03 7.986163940429687500e+02
5.919938964843750000e+02 7.338742675781250000e+02 1.137558471679687500e+03 8.159595336914062500e+02
5.321445922851562500e+02 7.834052734375000000e+02 1.210774169921875000e+03 8.346696166992187500e+02
8.205924682617187500e+02 7.864893188476562500e+02 1.107283935546875000e+03 6.218275146484375000e+02
7.625671997070312500e+02 8.541862182617187500e+02 1.176668090820312500e+03 6.392139282226562500e+02
7.625671997070312500e+02 8.541862182617187500e+02 1.176668090820312500e+03 6.392139282226562500e+02
7.758548583984375000e+02 8.022574462890625000e+02 1.132993164062500000e+03 6.473692626953125000e+02
7.758548583984375000e+02 8.022574462890625000e+02 1.132993164062500000e+03 6.473692626953125000e+02
6.628296508789062500e+02 8.924587402343750000e+02 1.237115600585937500e+03 6.848806152343750000e+02
6.260207519531250000e+02 9.417573852539062500e+02 1.279168212890625000e+03 6.891543579101562500e+02
6.365234985351562500e+02 8.875214843750000000e+02 1.242689697265625000e+03 7.027686157226562500e+02
6.055568237304687500e+02 9.130789794921875000e+02 1.271028808593750000e+03 7.124597778320312500e+02
6.924060668945312500e+02 7.706716308593750000e+02 1.134226196289062500e+03 7.145941162109375000e+02
7.016857910156250000e+02 7.276471557617187500e+02 1.092182128906250000e+03 7.301459350585937500e+02
6.129442138671875000e+02 7.986062011718750000e+02 1.190607055664062500e+03 7.576276855468750000e+02
6.587980957031250000e+02 6.993937988281250000e+02 1.069177612304687500e+03 7.793714599609375000e+02
5.545098876953125000e+02 7.696400146484375000e+02 1.186142456054687500e+03 8.251654663085937500e+02
5.096269226074218750e+02 7.531549682617187500e+02 1.189566894531250000e+03 8.868497924804687500e+02
5.727918701171875000e+02 8.143045043945312500e+02 1.218232421875000000e+03 7.825079956054687500e+02
8.010529174804687500e+02 9.452111816406250000e+02 1.219713012695312500e+03 6.016320190429687500e+02
7.200733032226562500e+02 8.607105102539062500e+02 1.195274169921875000e+03 6.645253906250000000e+02
7.200733032226562500e+02 8.607105102539062500e+02 1.195274169921875000e+03 6.645253906250000000e+02
6.458352050781250000e+02 7.884299926757812500e+02 1.166539306640625000e+03 7.414635620117187500e+02
7.924645996093750000e+02 7.451828002929687500e+02 1.076871704101562500e+03 6.554663085937500000e+02
7.123160400390625000e+02 7.449118652343750000e+02 1.101849609375000000e+03 7.149905395507812500e+02
