1.112697021484375000e+03 1.050314697265625000e+03 7.913432006835937500e+02 9.003455200195312500e+02
8.423298339843750000e+02 8.882249145507812500e+02 8.275729370117187500e+02 6.776215209960937500e+02
9.496475830078125000e+02 9.781840209960937500e+02 7.973104858398437500e+02 7.755712890625000000e+02
9.496475830078125000e+02 9.781840209960937500e+02 7.973104858398437500e+02 7.755712890625000000e+02
1.107612228393554688e+02 5.087454528808593750e+02 9.597564697265625000e+02 2.095817871093750000e+02
7.343894042968750000e+02 7.477700805664062500e+02 9.060369873046875000e+02 5.606199340820312500e+02
7.393312988281250000e+02 9.709317626953125000e+02 7.458601684570312500e+02 6.609016723632812500e+02
8.249122314453125000e+02 9.055856323242187500e+02 8.115902099609375000e+02 6.784985961914062500e+02
7.794200439453125000e+02 9.962845458984375000e+02 7.384090576171875000e+02 6.898930664062500000e+02
9.445347900390625000e+02 9.657251586914062500e+02 8.043977661132812500e+02 7.681981811523437500e+02
9.840368041992187500e+02 9.660507202148437500e+02 8.156435546875000000e+02 7.911785888671875000e+02
1.800827026367187500e+01 5.021499938964843750e+02 9.228240966796875000e+02 1.789784545898437500e+02
6.365234985351562500e+02 8.875214843750000000e+02 7.710643920898437500e+02 5.783914794921875000e+02
7.000265502929687500e+02 1.013066833496093750e+03 7.088982543945312500e+02 6.570930786132812500e+02
7.618997192382812500e+02 9.758624267578125000e+02 7.446570434570312500e+02 6.746517944335937500e+02
9.562119140625000000e+02 7.920343017578125000e+02 9.497940673828125000e+02 7.020288085937500000e+02
8.976790161132812500e+02 9.065385131835937500e+02 8.363869018554687500e+02 7.177396240234375000e+02
9.753612670898437500e+02 8.122434082031250000e+02 9.434925537109375000e+02 7.239254760742187500e+02
9.971206665039062500e+02 9.616785278320312500e+02 8.238641967773437500e+02 7.971992187500000000e+02
1.027107788085937500e+03 9.710559082031250000e+02 8.265847167968750000e+02 8.191676635742187500e+02
1.414152221679687500e+02 4.107863159179687500e+02 1.020857055664062500e+03 1.581630401611328125e+02
6.628296508789062500e+02 8.924587402343750000e+02 7.772092285156250000e+02 5.928466186523437500e+02
6.492468872070312500e+02 9.258949584960937500e+02 7.513708496093750000e+02 5.987085571289062500e+02
7.071217041015625000e+02 9.829350585937500000e+02 7.259434204101562500e+02 6.526289672851562500e+02
7.402344970703125000e+02 9.956611328125000000e+02 7.255228881835937500e+02 6.705407714843750000e+02
8.550689086914062500e+02 8.817559814453125000e+02 8.371389770507812500e+02 6.853234863281250000e+02
8.550689086914062500e+02 8.817559814453125000e+02 8.371389770507812500e+02 6.853234863281250000e+02
8.560327758789062500e+02 8.994334106445312500e+02 8.239945068359375000e+02 6.897504882812500000e+02
7.723620605468750000e+02 1.043677368164062500e+03 7.102738037109375000e+02 7.061016235351562500e+02
9.901570434570312500e+02 9.811616821289062500e+02 8.107543334960937500e+02 8.027195434570312500e+02
1.085021362304687500e+03 8.783375854492187500e+02 9.247041015625000000e+02 8.227757568359375000e+02
9.168460845947265625e+01 4.498950500488281250e+02 9.785142211914062500e+02 1.655571899414062500e+02
7.566046142578125000e+02 1.023672363281250000e+03 7.146867675781250000e+02 6.896994628906250000e+02
8.959761962890625000e+02 8.517302856445312500e+02 8.773615722656250000e+02 6.957462768554687500e+02
8.959761962890625000e+02 8.517302856445312500e+02 8.773615722656250000e+02 6.957462768554687500e+02
8.816477661132812500e+02 8.711011962890625000e+02 8.583451538085937500e+02 6.974038085937500000e+02
1.009558959960937500e+03 9.450322875976562500e+02 8.403581542968750000e+02 8.040006713867187500e+02
1.103777343750000000e+03 8.785009155273437500e+02 9.337927246093750000e+02 8.403586425781250000e+02
1.187843017578125000e+03 9.680264892578125000e+02 8.882067260742187500e+02 9.390251464843750000e+02
9.046230468750000000e+02 8.267989501953125000e+02 8.972340087890625000e+02 6.869099731445312500e+02
9.473023681640625000e+02 8.223320312500000000e+02 9.217183227539062500e+02 7.108560180664062500e+02
9.615372924804687500e+02 9.475651245117187500e+02 8.216298217773437500e+02 7.736018066406250000e+02
1.054308837890625000e+03 8.516381835937500000e+02 9.367843627929687500e+02 7.994225463867187500e+02
1.239975830078125000e+03 9.490033569335937500e+02 9.274739379882812500e+02 9.692319335937500000e+02
5.906755981445312500e+02 6.080219116210937500e+02 9.607955322265625000e+02 4.232130432128906250e+02
9.986273803710937500e+02 7.164293212890625000e+02 1.045871093750000000e+03 6.978268432617187500e+02
1.264465942382812500e+03 8.577106933593750000e+02 1.036091064453125000e+03 9.666112060546875000e+02
1.237291259765625000e+02 5.361727905273437500e+02 9.564058227539062500e+02 2.335029907226562500e+02
9.594420776367187500e+02 8.797320556640625000e+02 8.814047851562500000e+02 7.503233032226562500e+02
1.087402587890625000e+03 8.814300537109375000e+02 9.304497680664062500e+02 8.277330322265625000e+02
1.180976440429687500e+03 8.695498657226562500e+02 9.807226562500000000e+02 8.952138671875000000e+02
