9.337142333984375000e+02 6.051824951171875000e+02 1.208197143554687500e+03 6.058579101562500000e+02
9.768404541015625000e+02 7.877444458007812500e+02 8.666905517578125000e+02 9.260623168945312500e+02
1.059141601562500000e+03 8.727799072265625000e+02 7.477340698242187500e+02 9.760051879882812500e+02
1.113802612304687500e+03 8.788456420898437500e+02 7.241727905273437500e+02 1.021375061035156250e+03
1.223300537109375000e+03 9.412658691406250000e+02 1.152852416992187500e+03 1.021977111816406250e+03
9.678890991210937500e+01 1.203313522338867188e+02 1.083574462890625000e+03 1.063426635742187500e+03
9.713413085937500000e+02 7.934742431640625000e+02 8.596878662109375000e+02 9.199017944335937500e+02
8.560327758789062500e+02 8.994334106445312500e+02 7.824565429687500000e+02 8.323217773437500000e+02
9.827502441406250000e+02 1.000886291503906250e+03 6.632589111328125000e+02 8.973275756835937500e+02
9.649536132812500000e+02 8.267286987304687500e+02 8.267745971679687500e+02 9.105762329101562500e+02
8.053497924804687500e+02 7.172320556640625000e+02 1.068402343750000000e+03 9.575550537109375000e+02
1.079530029296875000e+03 8.649551391601562500e+02 7.488944702148437500e+02 9.936561279296875000e+02
1.039895263671875000e+03 7.440396118164062500e+02 9.060169677734375000e+02 9.952306518554687500e+02
9.817899780273437500e+02 9.162218017578125000e+02 1.015277587890625000e+03 9.953517456054687500e+02
1.093642822265625000e+03 9.026857299804687500e+02 7.064457397460937500e+02 9.952797851562500000e+02
1.040642944335937500e+03 7.307206420898437500e+02 9.243485717773437500e+02 1.000271545410156250e+03
1.110071044921875000e+03 8.876809692382812500e+02 7.153881225585937500e+02 1.014527587890625000e+03
1.070984863281250000e+03 7.532047729492187500e+02 8.853760986328125000e+02 1.023076477050781250e+03
1.060428466796875000e+03 6.427581176757812500e+02 1.067119628906250000e+03 1.058601440429687500e+03
9.753612670898437500e+02 8.122434082031250000e+02 8.374263916015625000e+02 9.212706298828125000e+02
9.931107788085937500e+02 8.368231201171875000e+02 8.067244262695312500e+02 9.326943969726562500e+02
1.015057739257812500e+03 8.158822631835937500e+02 8.227487792968750000e+02 9.547210083007812500e+02
1.042985839843750000e+03 7.543466796875000000e+02 8.932244873046875000e+02 9.940466918945312500e+02
1.085021362304687500e+03 8.783375854492187500e+02 7.355756225585937500e+02 9.958476562500000000e+02
1.168936767578125000e+03 9.570160522460937500e+02 6.284157104492187500e+02 1.042882812500000000e+03
1.187594848632812500e+03 1.002973144531250000e+03 5.833670654296875000e+02 1.045510253906250000e+03
1.180802978515625000e+03 9.864216308593750000e+02 5.986743774414062500e+02 1.044667480468750000e+03
9.473023681640625000e+02 8.223320312500000000e+02 8.353667602539062500e+02 8.994768066406250000e+02
9.901570434570312500e+02 9.811616821289062500e+02 6.761594848632812500e+02 9.027205810546875000e+02
1.073063110351562500e+03 8.913250122070312500e+02 7.255628051757812500e+02 9.800175170898437500e+02
1.073063110351562500e+03 8.913250122070312500e+02 7.255628051757812500e+02 9.800175170898437500e+02
1.103777343750000000e+03 8.785009155273437500e+02 7.274188232421875000e+02 1.011411865234375000e+03
1.101138183593750000e+03 8.603498535156250000e+02 7.447687377929687500e+02 1.013540954589843750e+03
1.148434448242187500e+03 9.681066894531250000e+02 6.303280639648437500e+02 1.021729431152343750e+03
1.054308837890625000e+03 8.516381835937500000e+02 7.728383789062500000e+02 9.734304199218750000e+02
1.084821655273437500e+03 9.181492919921875000e+02 6.924154663085937500e+02 9.879318237304687500e+02
1.034443969726562500e+03 7.182013549804687500e+02 9.430753784179687500e+02 9.972294311523437500e+02
9.615372924804687500e+02 9.475651245117187500e+02 7.139578857421875000e+02 8.892219848632812500e+02
9.594420776367187500e+02 8.797320556640625000e+02 7.747345581054687500e+02 9.026334228515625000e+02
