9.823959350585937500e+02 9.454945678710937500e+02 6.431182861328125000e+02 9.113995971679687500e+02
1.007412475585937500e+03 9.558782348632812500e+02 6.268800048828125000e+02 9.274191894531250000e+02
1.112697021484375000e+03 1.050314697265625000e+03 5.185880126953125000e+02 9.902837524414062500e+02
9.840368041992187500e+02 9.660507202148437500e+02 6.280780029296875000e+02 9.105177001953125000e+02
9.768404541015625000e+02 7.877444458007812500e+02 8.023729248046875000e+02 9.152815551757812500e+02
1.103010864257812500e+03 1.053509765625000000e+03 5.212556762695312500e+02 9.825718994140625000e+02
1.090469726562500000e+03 8.716695556640625000e+02 6.806042480468750000e+02 9.967974853515625000e+02
1.093282836914062500e+03 8.645198974609375000e+02 6.864897460937500000e+02 1.001135742187500000e+03
1.113802612304687500e+03 8.788456420898437500e+02 6.651909179687500000e+02 1.015559875488281250e+03
1.110971557617187500e+03 8.640549316406250000e+02 6.812507324218750000e+02 1.016534301757812500e+03
8.190377197265625000e+02 8.948043823242187500e+02 7.782687377929687500e+02 1.062427612304687500e+03
9.780905151367187500e+02 8.382561035156250000e+02 7.451802368164062500e+02 9.138336791992187500e+02
9.971206665039062500e+02 9.616785278320312500e+02 6.240023193359375000e+02 9.211840820312500000e+02
1.009824218750000000e+03 9.905961303710937500e+02 5.991918334960937500e+02 9.265854492187500000e+02
1.004704040527343750e+03 8.282620239257812500e+02 7.516160278320312500e+02 9.353236694335937500e+02
1.027107788085937500e+03 9.710559082031250000e+02 6.074945678710937500e+02 9.400918579101562500e+02
1.059141601562500000e+03 8.727799072265625000e+02 6.886661987304687500e+02 9.704161376953125000e+02
1.088142700195312500e+03 8.573271484375000000e+02 6.960897827148437500e+02 9.968698730468750000e+02
1.066171630859375000e+03 6.473930053710937500e+02 9.935934448242187500e+02 1.017644531250000000e+03
1.183103637695312500e+03 9.424806518554687500e+02 5.806798095703125000e+02 1.062201416015625000e+03
9.649536132812500000e+02 8.267286987304687500e+02 7.638522949218750000e+02 9.039910888671875000e+02
9.753612670898437500e+02 8.122434082031250000e+02 7.742226562500000000e+02 9.128565673828125000e+02
9.797640991210937500e+02 8.256365966796875000e+02 7.606152954101562500e+02 9.152297363281250000e+02
1.008271667480468750e+03 7.985508422851562500e+02 7.834403076171875000e+02 9.382703857421875000e+02
1.044188110351562500e+03 9.708057861328125000e+02 6.028438110351562500e+02 9.508200073242187500e+02
1.042985839843750000e+03 7.543466796875000000e+02 8.322211303710937500e+02 9.720219116210937500e+02
1.079530029296875000e+03 8.649551391601562500e+02 6.906050415039062500e+02 9.887263793945312500e+02
1.080179931640625000e+03 8.527667236328125000e+02 7.032731933593750000e+02 9.906173706054687500e+02
1.093642822265625000e+03 9.026857299804687500e+02 6.482445678710937500e+02 9.949357910156250000e+02
1.110071044921875000e+03 8.876809692382812500e+02 6.579172363281250000e+02 1.010647949218750000e+03
1.110071044921875000e+03 8.876809692382812500e+02 6.579172363281250000e+02 1.010647949218750000e+03
1.083526855468750000e+03 7.410473022460937500e+02 8.403162231445312500e+02 1.013566772460937500e+03
1.088018554687500000e+03 7.248322143554687500e+02 8.624153442382812500e+02 1.022778686523437500e+03
9.971087646484375000e+02 8.208284912109375000e+02 7.603381958007812500e+02 9.289979248046875000e+02
1.015057739257812500e+03 8.158822631835937500e+02 7.619666748046875000e+02 9.445384521484375000e+02
1.040642944335937500e+03 7.307206420898437500e+02 8.626422729492187500e+02 9.748656005859375000e+02
1.073063110351562500e+03 8.913250122070312500e+02 6.665144042968750000e+02 9.788447265625000000e+02
1.073063110351562500e+03 8.913250122070312500e+02 6.665144042968750000e+02 9.788447265625000000e+02
1.085021362304687500e+03 8.783375854492187500e+02 6.764358520507812500e+02 9.910651855468750000e+02
1.085021362304687500e+03 8.783375854492187500e+02 6.764358520507812500e+02 9.910651855468750000e+02
1.056358398437500000e+03 6.470673828125000000e+02 9.977296752929687500e+02 1.005037536621093750e+03
1.109588989257812500e+03 9.011831054687500000e+02 6.450597534179687500e+02 1.009115844726562500e+03
1.101138183593750000e+03 8.603498535156250000e+02 6.897968750000000000e+02 1.007977478027343750e+03
9.473023681640625000e+02 8.223320312500000000e+02 7.719059448242187500e+02 8.930328369140625000e+02
9.901570434570312500e+02 9.811616821289062500e+02 6.132975463867187500e+02 9.132210693359375000e+02
1.103777343750000000e+03 8.785009155273437500e+02 6.708022460937500000e+02 1.007066650390625000e+03
1.168936767578125000e+03 9.570160522460937500e+02 5.729506835937500000e+02 1.048073608398437500e+03
1.054308837890625000e+03 8.516381835937500000e+02 7.126932373046875000e+02 9.681299438476562500e+02
1.067611938476562500e+03 7.268055419921875000e+02 8.648273925781250000e+02 1.000543273925781250e+03
1.148434448242187500e+03 9.681066894531250000e+02 5.714550781250000000e+02 1.027963867187500000e+03
9.986273803710937500e+02 7.164293212890625000e+02 8.929067993164062500e+02 9.413979492187500000e+02
5.598917846679687500e+02 6.661915893554687500e+02 5.605180053710937500e+02 9.441072387695312500e+02
5.598917846679687500e+02 6.661915893554687500e+02 5.605180053710937500e+02 9.441072387695312500e+02
9.594420776367187500e+02 8.797320556640625000e+02 7.088313598632812500e+02 9.050928344726562500e+02
