7.594772338867187500e+02 3.245765075683593750e+02 1.236159301757812500e+03 5.911406250000000000e+02
8.983666381835937500e+02 1.014900741577148438e+02 1.387347045898437500e+03 3.742115783691406250e+02
6.695655517578125000e+02 1.623459472656250000e+02 1.187144775390625000e+03 4.446863098144531250e+02
7.753511962890625000e+02 2.220950164794921875e+02 1.265674926757812500e+03 4.963428649902343750e+02
6.571795043945312500e+02 2.644440612792968750e+02 1.166242919921875000e+03 5.374185180664062500e+02
7.281472778320312500e+02 2.798808593750000000e+02 1.208863403320312500e+03 5.440339355468750000e+02
6.530836181640625000e+02 3.659814147949218750e+02 1.128442871093750000e+03 6.242714233398437500e+02
7.779906005859375000e+02 3.658958740234375000e+02 1.252156005859375000e+03 6.329574584960937500e+02
7.474421997070312500e+02 4.239278869628906250e+02 1.199989013671875000e+03 6.870426635742187500e+02
1.093527465820312500e+03 6.544940185546875000e+02 1.271503173828125000e+03 9.460882568359375000e+02
7.361843261718750000e+02 8.732252807617187500e+02 7.378710937500000000e+02 1.014661560058593750e+03
7.762465820312500000e+02 2.559352111816406250e+02 1.264002197265625000e+03 5.275536499023437500e+02
7.291842041015625000e+02 3.971652221679687500e+02 1.194352661132812500e+03 6.581383056640625000e+02
8.599647827148437500e+02 7.627121734619140625e+01 1.354327026367187500e+03 3.582817077636718750e+02
6.774990844726562500e+02 1.975919952392578125e+02 1.189527465820312500e+03 4.781126403808593750e+02
7.769048461914062500e+02 2.825992126464843750e+02 1.263054443359375000e+03 5.524366455078125000e+02
9.068154296875000000e+02 8.122030029296875000e+02 9.223863525390625000e+02 1.028674926757812500e+03
1.022727233886718750e+03 7.704024047851562500e+02 1.078511108398437500e+03 1.037490966796875000e+03
1.093686767578125000e+03 6.125745849609375000e+02 1.319184936523437500e+03 9.050838012695312500e+02
9.742586669921875000e+02 7.360765991210937500e+02 1.059811523437500000e+03 9.803597412109375000e+02
6.992340698242187500e+02 5.712307128906250000e+02 1.163834228515625000e+03 8.405983886718750000e+02
1.008050781250000000e+03 7.617879028320312500e+02 1.071617065429687500e+03 1.025037231445312500e+03
7.563596191406250000e+02 3.468819580078125000e+02 1.228805175781250000e+03 6.125631713867187500e+02
5.785745849609375000e+02 9.403132324218750000e+02 6.000368041992187500e+02 1.016742431640625000e+03
5.785745849609375000e+02 9.403132324218750000e+02 6.000368041992187500e+02 1.016742431640625000e+03
