8.904494628906250000e+02 9.216643066406250000e+02 5.923327636718750000e+02 6.638167114257812500e+02
9.945159912109375000e+02 9.405471191406250000e+02 5.683585815429687500e+02 7.446741943359375000e+02
1.016453796386718750e+03 9.425601806640625000e+02 5.638634033203125000e+02 7.644765625000000000e+02
1.113028442382812500e+03 8.431784057617187500e+02 6.896894531250000000e+02 8.570758056640625000e+02
9.124419555664062500e+02 7.805513916015625000e+02 7.657506103515625000e+02 6.577923583984375000e+02
9.959622802734375000e+02 8.575797119140625000e+02 6.672462158203125000e+02 7.375206909179687500e+02
1.016841735839843750e+03 9.871245727539062500e+02 5.132550048828125000e+02 7.668557128906250000e+02
1.114430786132812500e+03 8.600356445312500000e+02 6.680462646484375000e+02 8.570044555664062500e+02
1.124192138671875000e+03 9.433001098632812500e+02 5.553176269531250000e+02 8.665985717773437500e+02
1.131674194335937500e+03 8.459639282226562500e+02 6.892161254882812500e+02 8.772660522460937500e+02
1.136628417968750000e+03 9.551776123046875000e+02 5.400881958007812500e+02 8.792201538085937500e+02
1.140268798828125000e+03 9.874482421875000000e+02 4.995847778320312500e+02 8.820830078125000000e+02
1.159115112304687500e+03 9.566920166015625000e+02 5.356810913085937500e+02 9.036765747070312500e+02
7.451544189453125000e+02 9.025829467773437500e+02 6.199534912109375000e+02 5.684105224609375000e+02
1.003645568847656250e+03 9.620377807617187500e+02 5.409013061523437500e+02 7.534193725585937500e+02
1.093696166992187500e+03 8.490552368164062500e+02 6.815344848632812500e+02 8.377857666015625000e+02
1.116029663085937500e+03 9.519379882812500000e+02 5.421417846679687500e+02 8.633189697265625000e+02
1.121968261718750000e+03 8.517605590820312500e+02 6.788864135742187500e+02 8.638142089843750000e+02
1.161847290039062500e+03 9.799740600585937500e+02 5.073891906738281250e+02 9.043836059570312500e+02
9.068154296875000000e+02 8.122030029296875000e+02 7.205899658203125000e+02 6.586976318359375000e+02
1.175284057617187500e+03 1.011192687988281250e+03 4.659673767089843750e+02 9.169459228515625000e+02
1.027212158203125000e+03 7.447119750976562500e+02 8.436975708007812500e+02 7.560603637695312500e+02
1.088232055664062500e+03 8.323310546875000000e+02 7.107418212890625000e+02 8.285369262695312500e+02
1.120421997070312500e+03 8.725996704101562500e+02 6.479078979492187500e+02 8.637758789062500000e+02
1.139856445312500000e+03 8.583333129882812500e+02 6.723663940429687500e+02 8.851163940429687500e+02
6.992340698242187500e+02 5.712307128906250000e+02 4.759200134277343750e+02 4.947923583984375000e+02
1.008050781250000000e+03 7.617879028320312500e+02 7.995766601562500000e+02 7.409692382812500000e+02
1.097977294921875000e+03 9.367469482421875000e+02 5.655235595703125000e+02 8.439843139648437500e+02
1.135177856445312500e+03 7.705192260742187500e+02 8.079744262695312500e+02 8.805324707031250000e+02
1.150758422851562500e+03 8.837597045898437500e+02 6.327396240234375000e+02 8.946980590820312500e+02
1.154565185546875000e+03 9.416703491210937500e+02 5.548064575195312500e+02 8.981403198242187500e+02
5.280920410156250000e+02 4.265607910156250000e+02 1.472541381835937500e+03 4.294067382812500000e+02
7.423283081054687500e+02 6.276402587890625000e+02 3.510516357421875000e+02 5.861457519531250000e+02
9.723740234375000000e+02 9.307333374023437500e+02 5.809839477539062500e+02 7.305327758789062500e+02
1.128775512695312500e+03 1.000042846679687500e+03 4.857062377929687500e+02 8.705330200195312500e+02
9.230769042968750000e+02 9.606004028320312500e+02 5.490502319335937500e+02 6.885023803710937500e+02
1.062439575195312500e+03 9.054058227539062500e+02 6.091694946289062500e+02 8.051882324218750000e+02
1.116867187500000000e+03 8.544957885742187500e+02 6.799255371093750000e+02 8.646402587890625000e+02
