7.196591796875000000e+02 8.828820190429687500e+02 1.136280029296875000e+03 7.872782592773437500e+02
1.136628417968750000e+03 9.551776123046875000e+02 1.348532836914062500e+03 5.711693115234375000e+02
1.027731323242187500e+03 9.563587036132812500e+02 1.318361083984375000e+03 6.268964233398437500e+02
1.005872863769531250e+03 9.537442626953125000e+02 1.311104125976562500e+03 6.386678466796875000e+02
1.016489929199218750e+03 9.739071655273437500e+02 1.329491699218750000e+03 6.396229248046875000e+02
1.016489929199218750e+03 9.739071655273437500e+02 1.329491699218750000e+03 6.396229248046875000e+02
8.787434692382812500e+02 9.209486083984375000e+02 1.238358276367187500e+03 6.973899536132812500e+02
7.223890380859375000e+02 1.050772583007812500e+03 1.307817871093750000e+03 8.472821044921875000e+02
6.769122924804687500e+02 1.025294799804687500e+03 1.268710449218750000e+03 8.721411743164062500e+02
6.769122924804687500e+02 1.025294799804687500e+03 1.268710449218750000e+03 8.721411743164062500e+02
5.788745117187500000e+02 8.722485351562500000e+02 1.053423339843750000e+03 8.910170288085937500e+02
5.805386962890625000e+02 8.785815429687500000e+02 1.061530395507812500e+03 8.917050170898437500e+02
5.805386962890625000e+02 8.785815429687500000e+02 1.061530395507812500e+03 8.917050170898437500e+02
5.627537231445312500e+02 8.812218627929687500e+02 1.055933837890625000e+03 9.076683959960937500e+02
9.927642211914062500e+02 9.732264404296875000e+02 1.322216186523437500e+03 6.535696411132812500e+02
9.927642211914062500e+02 9.732264404296875000e+02 1.322216186523437500e+03 6.535696411132812500e+02
8.674140625000000000e+02 9.284569091796875000e+02 1.243438842773437500e+03 7.085393676757812500e+02
8.674140625000000000e+02 9.284569091796875000e+02 1.243438842773437500e+03 7.085393676757812500e+02
8.382568359375000000e+02 8.985839233398437500e+02 1.201296997070312500e+03 7.137355346679687500e+02
8.681339111328125000e+02 1.000706970214843750e+03 1.309091796875000000e+03 7.353417358398437500e+02
8.537739257812500000e+02 1.011533752441406250e+03 1.314885742187500000e+03 7.484389648437500000e+02
7.205913696289062500e+02 8.914202880859375000e+02 1.144284790039062500e+03 7.901114501953125000e+02
5.730037841796875000e+02 6.978954467773437500e+02 8.038689575195312500e+02 8.222138061523437500e+02
6.096594238281250000e+02 7.781373291015625000e+02 9.476979980468750000e+02 8.264710083007812500e+02
7.321907348632812500e+02 1.016311767578125000e+03 1.278335449218750000e+03 8.286768188476562500e+02
9.618410644531250000e+02 3.299848937988281250e+02 4.176506042480468750e+02 3.212756042480468750e+02
1.026743408203125000e+03 6.883340454101562500e+02 9.135906982421875000e+02 6.600732421875000000e+02
9.622445678710937500e+02 9.702741699218750000e+02 1.313266357421875000e+03 6.689435424804687500e+02
8.311710815429687500e+02 8.873508300781250000e+02 1.189116577148437500e+03 7.131560058593750000e+02
8.561142578125000000e+02 9.379267578125000000e+02 1.245879394531250000e+03 7.200935668945312500e+02
8.276351318359375000e+02 9.062218627929687500e+02 1.207277587890625000e+03 7.240454711914062500e+02
7.701928710937500000e+02 9.056904296875000000e+02 1.178963867187500000e+03 7.596979370117187500e+02
7.148806152343750000e+02 9.121415405273437500e+02 1.165144775390625000e+03 8.002328491210937500e+02
7.333803100585937500e+02 1.007075866699218750e+03 1.266730224609375000e+03 8.231228027343750000e+02
6.318935546875000000e+02 8.560278320312500000e+02 1.060251831054687500e+03 8.410364990234375000e+02
6.172656250000000000e+02 8.643317260742187500e+02 1.063302734375000000e+03 8.559815063476562500e+02
7.098781738281250000e+02 1.052154296875000000e+03 1.306521850585937500e+03 8.575376586914062500e+02
5.890747070312500000e+02 8.529073486328125000e+02 1.033248168945312500e+03 8.741153564453125000e+02
6.848770141601562500e+02 1.049507812500000000e+03 1.295452392578125000e+03 8.743074340820312500e+02
5.124253540039062500e+02 7.885217285156250000e+02 8.980268554687500000e+02 9.153650512695312500e+02
5.838991699218750000e+02 1.042227539062500000e+03 1.250344848632812500e+03 9.466276245117187500e+02
4.806942749023437500e+02 8.465928344726562500e+02 9.605942382812500000e+02 9.666946411132812500e+02
5.440365600585937500e+02 1.013968200683593750e+03 1.202401245117187500e+03 9.674896240234375000e+02
4.759511718750000000e+02 8.763132934570312500e+02 9.970544433593750000e+02 9.800717163085937500e+02
5.305137329101562500e+02 1.013033996582031250e+03 1.196291381835937500e+03 9.800175170898437500e+02
4.649024963378906250e+02 8.744019775390625000e+02 9.906712036132812500e+02 9.917584228515625000e+02
4.264169311523437500e+02 8.815670166015625000e+02 9.759143676757812500e+02 1.030053588867187500e+03
8.546251831054687500e+02 1.022016174316406250e+03 1.327477172851562500e+03 7.524890136718750000e+02
7.278764038085937500e+02 8.999764404296875000e+02 1.156851074218750000e+03 7.887715454101562500e+02
7.445921630859375000e+02 9.313218994140625000e+02 1.196522094726562500e+03 7.909880371093750000e+02
7.066552124023437500e+02 9.027039184570312500e+02 1.150511596679687500e+03 8.023429565429687500e+02
7.111400146484375000e+02 9.290012817382812500e+02 1.180948974609375000e+03 8.133218383789062500e+02
7.458411254882812500e+02 9.941505737304687500e+02 1.258650634765625000e+03 8.123886108398437500e+02
7.409649047851562500e+02 1.026192382812500000e+03 1.291119628906250000e+03 8.301176757812500000e+02
7.086973266601562500e+02 1.025036254882812500e+03 1.280908081054687500e+03 8.482394409179687500e+02
5.125628662109375000e+02 7.526845703125000000e+02 8.429364624023437500e+02 8.993978881835937500e+02
6.066300659179687500e+02 9.830977172851562500e+02 1.194125488281250000e+03 9.077508544921875000e+02
5.856676025390625000e+02 1.005200256347656250e+03 1.211159301757812500e+03 9.328474731445312500e+02
5.735455932617187500e+02 1.031094604492187500e+03 1.232804321289062500e+03 9.503729858398437500e+02
5.600526733398437500e+02 1.002493286132812500e+03 1.196624389648437500e+03 9.522851562500000000e+02
5.600526733398437500e+02 1.002493286132812500e+03 1.196624389648437500e+03 9.522851562500000000e+02
4.897771301269531250e+02 8.676164550781250000e+02 9.953925781250000000e+02 9.645963134765625000e+02
5.586572875976562500e+02 1.040705566406250000e+03 1.237749023437500000e+03 9.659161987304687500e+02
5.387713623046875000e+02 1.026903686523437500e+03 1.214497558593750000e+03 9.773049926757812500e+02
5.387713623046875000e+02 1.026903686523437500e+03 1.214497558593750000e+03 9.773049926757812500e+02
4.653690795898437500e+02 8.941397094726562500e+02 1.016434997558593750e+03 9.978516845703125000e+02
4.321873474121093750e+02 8.699551391601562500e+02 9.638324584960937500e+02 1.021578979492187500e+03
7.291842041015625000e+02 3.971652221679687500e+02 1.326123657226562500e+02 5.883560791015625000e+02
1.128775512695312500e+03 1.000042846679687500e+03 1.382518920898437500e+03 5.932988891601562500e+02
7.142700805664062500e+02 1.043618896484375000e+03 1.297564941406250000e+03 8.464655761718750000e+02
6.038230590820312500e+02 8.668562011718750000e+02 1.059697021484375000e+03 8.657075195312500000e+02
6.038230590820312500e+02 8.668562011718750000e+02 1.059697021484375000e+03 8.657075195312500000e+02
6.965064697265625000e+02 1.062221923828125000e+03 1.309911621093750000e+03 8.721396484375000000e+02
6.681823120117187500e+02 1.037702636718750000e+03 1.277140625000000000e+03 8.812267456054687500e+02
6.002850952148437500e+02 9.102061157226562500e+02 1.109085815429687500e+03 8.901671142578125000e+02
5.699711914062500000e+02 1.053841308593750000e+03 1.255333740234375000e+03 9.628425292968750000e+02
5.389008789062500000e+02 1.001691101074218750e+03 1.187508178710937500e+03 9.689751586914062500e+02
5.335648803710937500e+02 9.862335205078125000e+02 1.168620849609375000e+03 9.696342163085937500e+02
4.471434326171875000e+02 8.695791015625000000e+02 9.688151855468750000e+02 1.007183959960937500e+03
7.451544189453125000e+02 9.025829467773437500e+02 1.168906616210937500e+03 7.775806884765625000e+02
7.451544189453125000e+02 9.025829467773437500e+02 1.168906616210937500e+03 7.775806884765625000e+02
7.052498168945312500e+02 8.852404174804687500e+02 1.134342163085937500e+03 8.006449584960937500e+02
7.212286987304687500e+02 9.863422241210937500e+02 1.241948974609375000e+03 8.227326660156250000e+02
6.061430053710937500e+02 8.496821899414062500e+02 1.041511840820312500e+03 8.547623901367187500e+02
5.352153930664062500e+02 7.628043823242187500e+02 8.755940551757812500e+02 8.863141479492187500e+02
5.779168701171875000e+02 8.928917846679687500e+02 1.080902709960937500e+03 8.992639770507812500e+02
5.779168701171875000e+02 8.928917846679687500e+02 1.080902709960937500e+03 8.992639770507812500e+02
6.025505981445312500e+02 1.014235229492187500e+03 1.225236083984375000e+03 9.210577392578125000e+02
5.593690795898437500e+02 1.021003112792968750e+03 1.215806518554687500e+03 9.579117431640625000e+02
4.651231994628906250e+02 8.678248291015625000e+02 9.815399169921875000e+02 9.863237915039062500e+02
8.334782714843750000e+02 1.001120056152343750e+03 1.296049804687500000e+03 7.542482299804687500e+02
6.272566528320312500e+02 8.787423706054687500e+02 1.083646118164062500e+03 8.559472656250000000e+02
9.418973388671875000e+02 8.963676147460937500e+02 1.240481079101562500e+03 6.477872924804687500e+02
9.230769042968750000e+02 9.606004028320312500e+02 1.290954956054687500e+03 6.923099365234375000e+02
7.514544677734375000e+02 9.158928833007812500e+02 1.185392822265625000e+03 7.837106323242187500e+02
7.563596191406250000e+02 3.468819580078125000e+02 1.122035751342773438e+02 5.039270629882812500e+02
6.561958007812500000e+02 9.402091064453125000e+02 1.163644531250000000e+03 8.593846435546875000e+02
