8.405613403320312500e+02 4.784451293945312500e+02 1.075193725585937500e+03 3.420663452148437500e+02
1.024237548828125000e+03 6.157444458007812500e+02 1.224350585937500000e+03 5.040691833496093750e+02
9.856263427734375000e+02 6.461804199218750000e+02 1.189800659179687500e+03 5.349104614257812500e+02
6.096594238281250000e+02 7.781373291015625000e+02 8.391038208007812500e+02 6.103834228515625000e+02
7.580878295898437500e+02 8.756123657226562500e+02 9.683753662109375000e+02 7.071586914062500000e+02
7.654881591796875000e+02 8.758132324218750000e+02 9.743178100585937500e+02 7.075395507812500000e+02
8.486445312500000000e+02 4.847302551269531250e+02 1.081403442382812500e+03 3.482202148437500000e+02
8.486445312500000000e+02 4.847302551269531250e+02 1.081403442382812500e+03 3.482202148437500000e+02
8.950451049804687500e+02 5.053562622070312500e+02 1.128836059570312500e+03 3.679089050292968750e+02
6.694101562500000000e+02 5.742512207031250000e+02 8.858299560546875000e+02 4.385353393554687500e+02
1.115437744140625000e+03 6.034779052734375000e+02 1.322635131835937500e+03 5.048750915527343750e+02
6.696068725585937500e+02 7.109864501953125000e+02 8.888394775390625000e+02 5.594132080078125000e+02
5.177353515625000000e+02 7.619571533203125000e+02 7.642173461914062500e+02 5.897439575195312500e+02
7.594772338867187500e+02 3.245765075683593750e+02 9.597564697265625000e+02 2.095817871093750000e+02
5.788883056640625000e+02 3.354059143066406250e+02 7.905008544921875000e+02 2.190473937988281250e+02
7.567299804687500000e+02 5.683534545898437500e+02 9.652138061523437500e+02 4.405238647460937500e+02
7.248461303710937500e+02 6.256877441406250000e+02 9.362377319335937500e+02 4.906639709472656250e+02
7.052246704101562500e+02 6.297595825195312500e+02 9.191591796875000000e+02 4.923603210449218750e+02
5.520499877929687500e+02 6.768587646484375000e+02 7.895957641601562500e+02 5.215937500000000000e+02
6.786968994140625000e+02 6.907645874023437500e+02 8.963670043945312500e+02 5.429053344726562500e+02
1.008404602050781250e+03 6.627221069335937500e+02 1.207994506835937500e+03 5.522578735351562500e+02
6.079807739257812500e+02 7.676134033203125000e+02 8.393288574218750000e+02 6.028964843750000000e+02
6.305938720703125000e+02 7.840285034179687500e+02 8.585631103515625000e+02 6.193365478515625000e+02
9.696354980468750000e+02 7.604122924804687500e+02 1.164926147460937500e+03 6.327610473632812500e+02
8.727844848632812500e+02 8.036795654296875000e+02 1.071593261718750000e+03 6.592709350585937500e+02
4.896523437500000000e+02 8.543021850585937500e+02 7.458601684570312500e+02 6.609016723632812500e+02
5.729486694335937500e+02 1.006320922851562500e+03 8.156435546875000000e+02 7.911785888671875000e+02
7.153141479492187500e+02 2.861331176757812500e+02 9.213844604492187500e+02 1.675144805908203125e+02
5.456729736328125000e+02 3.345857238769531250e+02 7.584312133789062500e+02 2.147894592285156250e+02
5.005980834960937500e+02 3.805965881347656250e+02 7.182882690429687500e+02 2.598877258300781250e+02
8.851068115234375000e+02 4.817675170898437500e+02 1.114759521484375000e+03 3.479744567871093750e+02
8.616727905273437500e+02 4.893266296386718750e+02 1.093089599609375000e+03 3.539495849609375000e+02
9.021708984375000000e+02 4.994712524414062500e+02 1.136835693359375000e+03 3.641352233886718750e+02
6.361917114257812500e+02 5.566263427734375000e+02 8.584235229492187500e+02 4.221346130371093750e+02
6.372855224609375000e+02 6.227062377929687500e+02 8.603909301757812500e+02 4.814815368652343750e+02
7.064060058593750000e+02 6.390126953125000000e+02 9.199476318359375000e+02 4.992744140625000000e+02
6.887003784179687500e+02 6.798889770507812500e+02 9.045717163085937500e+02 5.369481811523437500e+02
6.677690429687500000e+02 6.995144653320312500e+02 8.880596923828125000e+02 5.502846069335937500e+02
5.293464355468750000e+02 7.469618530273437500e+02 7.710643920898437500e+02 5.783914794921875000e+02
4.850061035156250000e+02 7.720322875976562500e+02 7.382726440429687500e+02 5.945913085937500000e+02
5.331397705078125000e+02 7.849484863281250000e+02 7.767964477539062500e+02 6.093922119140625000e+02
4.471434326171875000e+02 8.695791015625000000e+02 7.121138305664062500e+02 6.705572509765625000e+02
4.471434326171875000e+02 8.695791015625000000e+02 7.121138305664062500e+02 6.705572509765625000e+02
4.191978759765625000e+02 8.779284667968750000e+02 6.908134155273437500e+02 6.725520629882812500e+02
4.897771301269531250e+02 8.676164550781250000e+02 7.446570434570312500e+02 6.746517944335937500e+02
7.361843261718750000e+02 8.732252807617187500e+02 9.497940673828125000e+02 7.020288085937500000e+02
7.635684204101562500e+02 8.922114868164062500e+02 9.735541992187500000e+02 7.222630004882812500e+02
7.762465820312500000e+02 2.559352111816406250e+02 9.800799560546875000e+02 1.375382690429687500e+02
8.187056884765625000e+02 2.722455749511718750e+02 1.020857055664062500e+03 1.581630401611328125e+02
5.771745605468750000e+02 3.157320861816406250e+02 7.858715209960937500e+02 1.978875274658203125e+02
6.424481811523437500e+02 3.318834228515625000e+02 8.506208496093750000e+02 2.120631713867187500e+02
9.522680053710937500e+02 3.378952941894531250e+02 1.160872070312500000e+03 2.278987121582031250e+02
9.389168090820312500e+02 3.398036193847656250e+02 1.141641601562500000e+03 2.296073303222656250e+02
7.291842041015625000e+02 3.971652221679687500e+02 9.258566894531250000e+02 2.835170593261718750e+02
9.149860382080078125e+01 4.511444396972656250e+02 3.985836181640625000e+02 3.058648376464843750e+02
9.839974975585937500e+02 4.801647644042968750e+02 1.213454101562500000e+03 3.518132629394531250e+02
8.950480957031250000e+02 5.757342529296875000e+02 1.120248901367187500e+03 4.403666687011718750e+02
8.735543823242187500e+02 5.866946411132812500e+02 1.099680541992187500e+03 4.487993164062500000e+02
6.527161254882812500e+02 6.153298950195312500e+02 8.724985351562500000e+02 4.759211425781250000e+02
8.673909912109375000e+02 6.223854980468750000e+02 1.088061401367187500e+03 4.849878234863281250e+02
6.908809814453125000e+02 6.407916259765625000e+02 9.073743896484375000e+02 5.018986206054687500e+02
1.004900512695312500e+03 6.132511596679687500e+02 1.206244628906250000e+03 5.028036804199218750e+02
8.568886718750000000e+02 6.528839721679687500e+02 1.073616210937500000e+03 5.149945678710937500e+02
1.145027221679687500e+03 6.143773193359375000e+02 1.352520141601562500e+03 5.164183349609375000e+02
5.693209838867187500e+02 6.724163208007812500e+02 8.030051269531250000e+02 5.190092773437500000e+02
1.028695434570312500e+03 6.527064819335937500e+02 1.228156494140625000e+03 5.439414062500000000e+02
6.512480468750000000e+02 7.016128540039062500e+02 8.735007934570312500e+02 5.512266235351562500e+02
1.074587158203125000e+03 6.556882324218750000e+02 1.273883544921875000e+03 5.511414184570312500e+02
1.029542236328125000e+03 6.774999389648437500e+02 1.228966674804687500e+03 5.649668579101562500e+02
5.352153930664062500e+02 7.628043823242187500e+02 7.772092285156250000e+02 5.928466186523437500e+02
5.026834411621093750e+02 7.755529785156250000e+02 7.513708496093750000e+02 5.987085571289062500e+02
6.175607910156250000e+02 7.823031616210937500e+02 8.467854614257812500e+02 6.164834594726562500e+02
4.446471252441406250e+02 8.394743652343750000e+02 7.083587036132812500e+02 6.457378540039062500e+02
4.651231994628906250e+02 8.678248291015625000e+02 7.255228881835937500e+02 6.705407714843750000e+02
6.038230590820312500e+02 8.668562011718750000e+02 8.371389770507812500e+02 6.853234863281250000e+02
6.038230590820312500e+02 8.668562011718750000e+02 8.371389770507812500e+02 6.853234863281250000e+02
5.701987304687500000e+02 8.780252685546875000e+02 8.099144897460937500e+02 6.883804321289062500e+02
5.701987304687500000e+02 8.780252685546875000e+02 8.099144897460937500e+02 6.883804321289062500e+02
5.871331176757812500e+02 8.739234619140625000e+02 8.239945068359375000e+02 6.897504882812500000e+02
8.546251831054687500e+02 1.022016174316406250e+03 1.052617797851562500e+03 8.430781860351562500e+02
6.030565185546875000e+02 2.698016967773437500e+02 8.166597900390625000e+02 1.515390930175781250e+02
7.769048461914062500e+02 2.825992126464843750e+02 9.785142211914062500e+02 1.655571899414062500e+02
6.546105346679687500e+02 3.190049133300781250e+02 8.617138671875000000e+02 2.005097503662109375e+02
5.921375732421875000e+02 3.265635681152343750e+02 8.015700073242187500e+02 2.087954559326171875e+02
6.530836181640625000e+02 3.659814147949218750e+02 8.581049194335937500e+02 2.515671386718750000e+02
6.020150146484375000e+02 3.906583862304687500e+02 8.087343750000000000e+02 2.731955261230468750e+02
9.624783325195312500e+02 4.183298645019531250e+02 1.196982055664062500e+03 2.882977905273437500e+02
5.941647949218750000e+02 4.152588806152343750e+02 7.989579467773437500e+02 2.996881103515625000e+02
9.708126220703125000e+02 4.355977172851562500e+02 1.202907470703125000e+03 3.061286315917968750e+02
8.739489746093750000e+02 4.533462219238281250e+02 1.106216918945312500e+03 3.186527404785156250e+02
5.108692932128906250e+02 4.412278747558593750e+02 7.253352661132812500e+02 3.190197143554687500e+02
1.000063049316406250e+03 4.767423400878906250e+02 1.228224609375000000e+03 3.540998535156250000e+02
9.310803833007812500e+02 5.051967468261718750e+02 1.164002319335937500e+03 3.710357971191406250e+02
7.447914428710937500e+02 6.038195800781250000e+02 9.537335205078125000e+02 4.723878479003906250e+02
7.447914428710937500e+02 6.038195800781250000e+02 9.537335205078125000e+02 4.723878479003906250e+02
6.014375610351562500e+02 7.944647216796875000e+02 8.330972290039062500e+02 6.243157958984375000e+02
6.014375610351562500e+02 7.944647216796875000e+02 8.330972290039062500e+02 6.243157958984375000e+02
1.135177856445312500e+03 7.705192260742187500e+02 1.334410034179687500e+03 6.650028686523437500e+02
8.788305664062500000e+02 8.139130859375000000e+02 1.079197875976562500e+03 6.693851318359375000e+02
4.488952331542968750e+02 8.967380371093750000e+02 7.146867675781250000e+02 6.896994628906250000e+02
6.530791625976562500e+02 8.716860961914062500e+02 8.773615722656250000e+02 6.957462768554687500e+02
6.272566528320312500e+02 8.787423706054687500e+02 8.583451538085937500e+02 6.974038085937500000e+02
5.515175170898437500e+02 9.006810913085937500e+02 7.957461547851562500e+02 7.053115844726562500e+02
9.831419677734375000e+02 8.481574096679687500e+02 1.176203857421875000e+03 7.152073974609375000e+02
8.973847656250000000e+02 9.017858886718750000e+02 1.093992065429687500e+03 7.507854003906250000e+02
8.533383789062500000e+02 9.090886840820312500e+02 1.053563354492187500e+03 7.529143676757812500e+02
6.967313232421875000e+02 9.937955932617187500e+02 9.155040893554687500e+02 8.001087036132812500e+02
6.025505981445312500e+02 1.014235229492187500e+03 8.403581542968750000e+02 8.040006713867187500e+02
7.142700805664062500e+02 1.043618896484375000e+03 9.337927246093750000e+02 8.403586425781250000e+02
6.695655517578125000e+02 1.623459472656250000e+02 8.850494995117187500e+02 3.553922271728515625e+01
5.280920410156250000e+02 4.265607910156250000e+02 7.399307861328125000e+02 3.066245117187500000e+02
9.243803710937500000e+02 4.682120361328125000e+02 1.165182373046875000e+03 3.335513000488281250e+02
8.872926025390625000e+02 4.964075622558593750e+02 1.120030151367187500e+03 3.637970886230468750e+02
8.872926025390625000e+02 4.964075622558593750e+02 1.120030151367187500e+03 3.637970886230468750e+02
9.059943237304687500e+02 5.151419067382812500e+02 1.139722534179687500e+03 3.790727539062500000e+02
9.059943237304687500e+02 5.151419067382812500e+02 1.139722534179687500e+03 3.790727539062500000e+02
6.694843139648437500e+02 6.292711791992187500e+02 8.897816772460937500e+02 4.889412841796875000e+02
6.694843139648437500e+02 6.292711791992187500e+02 8.897816772460937500e+02 4.889412841796875000e+02
7.423283081054687500e+02 6.276402587890625000e+02 9.522407836914062500e+02 4.946314697265625000e+02
1.049485229492187500e+03 6.080222167968750000e+02 1.251387084960937500e+03 5.016153869628906250e+02
1.072505126953125000e+03 6.039453735351562500e+02 1.275150878906250000e+03 5.000495300292968750e+02
1.100861450195312500e+03 6.771887817382812500e+02 1.302324584960937500e+03 5.735875244140625000e+02
1.027212158203125000e+03 7.447119750976562500e+02 1.222539062500000000e+03 6.309308471679687500e+02
1.008050781250000000e+03 7.617879028320312500e+02 1.204302612304687500e+03 6.403979492187500000e+02
6.738740844726562500e+02 8.641066284179687500e+02 8.972340087890625000e+02 6.869099731445312500e+02
7.052498168945312500e+02 8.852404174804687500e+02 9.217183227539062500e+02 7.108560180664062500e+02
1.088232055664062500e+03 8.323310546875000000e+02 1.279394897460937500e+03 7.171717529296875000e+02
5.813489990234375000e+02 9.781272583007812500e+02 8.216298217773437500e+02 7.736018066406250000e+02
7.398738403320312500e+02 1.928552703857421875e+02 9.519724731445312500e+02 6.835173797607421875e+01
6.774990844726562500e+02 1.975919952392578125e+02 8.899913940429687500e+02 7.438980865478515625e+01
6.857921752929687500e+02 2.415263977050781250e+02 8.951906127929687500e+02 1.233742752075195312e+02
6.195204467773437500e+02 3.354179077148437500e+02 8.277369384765625000e+02 2.181916961669921875e+02
7.384061279296875000e+02 4.231346435546875000e+02 9.324579467773437500e+02 3.096250915527343750e+02
9.934203491210937500e+02 4.388908386230468750e+02 1.228052490234375000e+03 3.091687622070312500e+02
7.562874755859375000e+02 5.831242065429687500e+02 9.641696166992187500e+02 4.527053222656250000e+02
6.654047851562500000e+02 6.516517944335937500e+02 8.840313720703125000e+02 5.075616455078125000e+02
1.051730834960937500e+03 6.654992675781250000e+02 1.251432617187500000e+03 5.561656494140625000e+02
7.192599487304687500e+02 7.084649047851562500e+02 9.373605346679687500e+02 5.593623657226562500e+02
6.771362915039062500e+02 7.351757202148437500e+02 8.971567993164062500e+02 5.826200561523437500e+02
5.783994750976562500e+02 7.742023315429687500e+02 8.142313842773437500e+02 6.058389892578125000e+02
4.861937561035156250e+02 8.171223144531250000e+02 7.393983154296875000e+02 6.318391723632812500e+02
1.053949951171875000e+03 7.575632324218750000e+02 1.248885742187500000e+03 6.436126708984375000e+02
6.238591918945312500e+02 8.242014770507812500e+02 8.556414794921875000e+02 6.525285644531250000e+02
5.032319641113281250e+02 8.494886474609375000e+02 7.562470703125000000e+02 6.614285278320312500e+02
5.032319641113281250e+02 8.494886474609375000e+02 7.562470703125000000e+02 6.614285278320312500e+02
8.486419677734375000e+02 8.484595336914062500e+02 1.045871093750000000e+03 6.978268432617187500e+02
9.723740234375000000e+02 9.307333374023437500e+02 1.159923217773437500e+03 7.878784179687500000e+02
7.365524902343750000e+02 3.125924682617187500e+02 9.382373657226562500e+02 1.970974121093750000e+02
7.563596191406250000e+02 3.468819580078125000e+02 9.564058227539062500e+02 2.335029907226562500e+02
6.069432373046875000e+02 4.149085388183593750e+02 8.101380004882812500e+02 2.988265991210937500e+02
6.802212524414062500e+02 6.036604003906250000e+02 9.007079467773437500e+02 4.647337341308593750e+02
6.802212524414062500e+02 6.036604003906250000e+02 9.007079467773437500e+02 4.647337341308593750e+02
6.263365478515625000e+02 6.655690307617187500e+02 8.516508789062500000e+02 5.189520263671875000e+02
6.263365478515625000e+02 6.655690307617187500e+02 8.516508789062500000e+02 5.189520263671875000e+02
1.050037841796875000e+03 6.360646972656250000e+02 1.250936279296875000e+03 5.280461425781250000e+02
1.114705932617187500e+03 6.791145019531250000e+02 1.319605712890625000e+03 5.754149169921875000e+02
1.083917602539062500e+03 7.526255493164062500e+02 1.280167968750000000e+03 6.454431762695312500e+02
8.018507690429687500e+02 8.889389648437500000e+02 1.006743408203125000e+03 7.257648925781250000e+02
1.060121337890625000e+03 8.526384277343750000e+02 1.251256469726562500e+03 7.292758789062500000e+02
1.060121337890625000e+03 8.526384277343750000e+02 1.251256469726562500e+03 7.292758789062500000e+02
7.514544677734375000e+02 9.158928833007812500e+02 9.637755126953125000e+02 7.410981445312500000e+02
1.066155273437500000e+03 9.633850708007812500e+02 1.252456787109375000e+03 8.273558349609375000e+02
5.698215332031250000e+02 3.839349365234375000e+02 7.785892333984375000e+02 2.650854187011718750e+02
1.028213043212890625e+02 5.210553588867187500e+02 3.979979553222656250e+02 3.693817138671875000e+02
5.641735229492187500e+02 6.827597656250000000e+02 7.965076293945312500e+02 5.276180419921875000e+02
9.533951416015625000e+02 7.196445922851562500e+02 1.152067260742187500e+03 5.978396606445312500e+02
9.429583740234375000e+02 7.835243530273437500e+02 1.137237670898437500e+03 6.508090209960937500e+02
1.058514526367187500e+03 8.038809814453125000e+02 1.252455932617187500e+03 6.876447753906250000e+02
9.230769042968750000e+02 9.606004028320312500e+02 1.116582519531250000e+03 8.020462646484375000e+02
9.230769042968750000e+02 9.606004028320312500e+02 1.116582519531250000e+03 8.020462646484375000e+02
6.301763916015625000e+02 3.248786621093750000e+02 8.393305664062500000e+02 2.067362365722656250e+02
2.534615783691406250e+02 4.002970275878906250e+02 5.165111083984375000e+02 2.658167419433593750e+02
9.594205932617187500e+02 5.244886474609375000e+02 1.183536865234375000e+03 4.006902160644531250e+02
9.594205932617187500e+02 5.244886474609375000e+02 1.183536865234375000e+03 4.006902160644531250e+02
7.830562744140625000e+02 6.084425659179687500e+02 9.982278442382812500e+02 4.800062866210937500e+02
7.378475341796875000e+02 6.789093017578125000e+02 9.513916015625000000e+02 5.399191894531250000e+02
6.102387084960937500e+02 7.298982543945312500e+02 8.319679565429687500e+02 5.713726196289062500e+02
1.062439575195312500e+03 9.054058227539062500e+02 1.252479492187500000e+03 7.782821044921875000e+02
6.437626342773437500e+02 2.648475341796875000e+02 8.516360473632812500e+02 1.468009948730468750e+02
6.437626342773437500e+02 2.648475341796875000e+02 8.516360473632812500e+02 1.468009948730468750e+02
8.010305786132812500e+02 3.116585083007812500e+02 1.001606750488281250e+03 1.951100006103515625e+02
3.459057617187500000e+02 4.379094543457031250e+02 5.980648193359375000e+02 3.044837951660156250e+02
3.459057617187500000e+02 4.379094543457031250e+02 5.980648193359375000e+02 3.044837951660156250e+02
5.007744750976562500e+02 9.466699218750000000e+02 7.571505126953125000e+02 7.371528320312500000e+02
6.561958007812500000e+02 9.402091064453125000e+02 8.814047851562500000e+02 7.503233032226562500e+02
7.221227416992187500e+02 2.368468322753906250e+02 9.311184692382812500e+02 1.220443725585937500e+02
5.750154418945312500e+02 5.637380371093750000e+02 7.839696655273437500e+02 4.377527160644531250e+02
6.518610229492187500e+02 3.899074401855468750e+02 8.657424926757812500e+02 2.658293762207031250e+02
2.139647674560546875e+02 5.534440917968750000e+02 4.883842163085937500e+02 4.076926879882812500e+02
