5.788883056640625000e+02 3.354059143066406250e+02 1.127805419921875000e+03 5.233717651367187500e+02
5.512220458984375000e+02 7.030914306640625000e+02 7.973484497070312500e+02 7.265531005859375000e+02
8.580031738281250000e+02 9.175508117675781250e+01 1.424063476562500000e+03 3.164130859375000000e+02
7.281472778320312500e+02 2.798808593750000000e+02 1.255100341796875000e+03 4.895966796875000000e+02
3.036008911132812500e+02 4.051093750000000000e+02 9.036547241210937500e+02 5.307023315429687500e+02
8.912785339355468750e+01 4.676487426757812500e+02 7.786271362304687500e+02 5.477670898437500000e+02
4.917603759765625000e+02 7.853474731445312500e+02 7.150718383789062500e+02 7.622694702148437500e+02
4.806942749023437500e+02 8.465928344726562500e+02 6.768472290039062500e+02 7.967548828125000000e+02
1.025673950195312500e+03 6.659069824218750000e+02 1.205400024414062500e+03 8.628515625000000000e+02
8.727844848632812500e+02 8.036795654296875000e+02 9.434558105468750000e+02 9.040808715820312500e+02
1.090303344726562500e+03 6.824454345703125000e+02 1.269023315429687500e+03 9.110363769531250000e+02
7.546996459960937500e+02 8.848527221679687500e+02 8.027072143554687500e+02 9.128983154296875000e+02
8.926445312500000000e+02 8.066257324218750000e+02 9.585772705078125000e+02 9.151898193359375000e+02
8.891795654296875000e+02 8.139712524414062500e+02 9.514236450195312500e+02 9.199132690429687500e+02
8.891795654296875000e+02 8.139712524414062500e+02 9.514236450195312500e+02 9.199132690429687500e+02
9.947817382812500000e+02 7.567373657226562500e+02 1.093540039062500000e+03 9.249256591796875000e+02
1.023542785644531250e+03 8.425526733398437500e+02 1.050657470703125000e+03 1.012985839843750000e+03
7.223890380859375000e+02 1.050772583007812500e+03 6.745197143554687500e+02 1.016024047851562500e+03
7.594772338867187500e+02 3.245765075683593750e+02 1.271573120117187500e+03 5.312750244140625000e+02
7.710460815429687500e+02 3.253661193847656250e+02 1.289055786132812500e+03 5.327473144531250000e+02
9.334315795898437500e+02 3.279169921875000000e+02 1.455501098632812500e+03 5.576033325195312500e+02
7.779906005859375000e+02 3.658958740234375000e+02 1.288526123046875000e+03 5.762055053710937500e+02
7.696441650390625000e+02 3.821809997558593750e+02 1.276540893554687500e+03 5.893776245117187500e+02
5.520499877929687500e+02 6.768587646484375000e+02 8.148648681640625000e+02 7.093318481445312500e+02
1.001525634765625000e+03 5.899178466796875000e+02 1.243937988281250000e+03 7.841295776367187500e+02
4.679544372558593750e+02 8.528658447265625000e+02 6.677550659179687500e+02 7.981777343750000000e+02
4.471434326171875000e+02 8.695791015625000000e+02 6.477378540039062500e+02 8.032036743164062500e+02
6.899497680664062500e+02 6.541241455078125000e+02 1.226535644531250000e+03 8.391885375976562500e+02
9.087850341796875000e+02 7.697146606445312500e+02 9.989546508789062500e+02 8.935783081054687500e+02
1.087721435546875000e+03 6.750964965820312500e+02 1.272538696289062500e+03 9.004179687500000000e+02
9.039916992187500000e+02 7.842933959960937500e+02 9.847817382812500000e+02 9.027428588867187500e+02
9.039916992187500000e+02 7.842933959960937500e+02 9.847817382812500000e+02 9.027428588867187500e+02
7.443433227539062500e+02 8.830314941406250000e+02 7.959647827148437500e+02 9.079312133789062500e+02
9.959768066406250000e+02 7.372770385742187500e+02 1.110692749023437500e+03 9.089847412109375000e+02
9.020814208984375000e+02 7.991453857421875000e+02 9.722348022460937500e+02 9.137113037109375000e+02
1.105262084960937500e+03 6.837533569335937500e+02 1.286725463867187500e+03 9.198037109375000000e+02
5.387713623046875000e+02 1.026903686523437500e+03 5.992246093750000000e+02 9.248757934570312500e+02
5.856676025390625000e+02 1.005200256347656250e+03 6.342124633789062500e+02 9.282283935546875000e+02
8.998148803710937500e+02 8.226828002929687500e+02 9.521113281250000000e+02 9.308280029296875000e+02
8.411168212890625000e+02 8.791464843750000000e+02 8.651527709960937500e+02 9.471022338867187500e+02
1.004220764160156250e+03 8.239025268554687500e+02 1.046019653320312500e+03 9.855168457031250000e+02
9.739409790039062500e+02 8.463563232421875000e+02 9.991741943359375000e+02 9.876306152343750000e+02
9.739409790039062500e+02 8.463563232421875000e+02 9.991741943359375000e+02 9.876306152343750000e+02
1.096966918945312500e+03 7.812752685546875000e+02 1.184246704101562500e+03 1.003675598144531250e+03
1.006191101074218750e+03 8.502565307617187500e+02 1.025883300781250000e+03 1.009290954589843750e+03
1.103536987304687500e+03 8.420958251953125000e+02 1.135366210937500000e+03 1.061346923828125000e+03
9.461250610351562500e+02 1.093088989257812500e+02 1.525978515625000000e+03 3.301530761718750000e+02
7.753511962890625000e+02 2.220950164794921875e+02 1.318295532226562500e+03 4.372187500000000000e+02
6.623541259765625000e+02 2.502433624267578125e+02 1.219759399414062500e+03 4.630314331054687500e+02
6.571795043945312500e+02 2.644440612792968750e+02 1.209165527343750000e+03 4.714780883789062500e+02
7.762465820312500000e+02 2.559352111816406250e+02 1.312500732421875000e+03 4.697518310546875000e+02
9.223832397460937500e+02 3.272164611816406250e+02 1.446485229492187500e+03 5.529729003906250000e+02
4.651231994628906250e+02 8.678248291015625000e+02 6.591486206054687500e+02 8.041961059570312500e+02
5.701987304687500000e+02 8.780252685546875000e+02 7.014204711914062500e+02 8.446068115234375000e+02
1.093527465820312500e+03 6.544940185546875000e+02 1.297621582031250000e+03 8.844246215820312500e+02
9.873071899414062500e+02 7.332326660156250000e+02 1.103508789062500000e+03 8.994628295898437500e+02
9.124419555664062500e+02 7.805513916015625000e+02 9.954016113281250000e+02 9.027026977539062500e+02
7.066552124023437500e+02 9.027039184570312500e+02 7.640638427734375000e+02 9.068320312500000000e+02
9.784506835937500000e+02 7.517648315429687500e+02 1.080848754882812500e+03 9.112886962890625000e+02
9.110093383789062500e+02 7.928165283203125000e+02 9.831770019531250000e+02 9.134431762695312500e+02
7.278764038085937500e+02 8.999764404296875000e+02 7.741991577148437500e+02 9.136934204101562500e+02
9.696354980468750000e+02 7.604122924804687500e+02 1.066346679687500000e+03 9.149546508789062500e+02
1.097011962890625000e+03 6.869534301757812500e+02 1.274514648437500000e+03 9.193842163085937500e+02
1.014765136718750000e+03 7.468857421875000000e+02 1.122196289062500000e+03 9.263930053710937500e+02
7.111400146484375000e+02 9.290012817382812500e+02 7.475272216796875000e+02 9.285292358398437500e+02
7.338912353515625000e+02 9.216699218750000000e+02 7.620277709960937500e+02 9.291221313476562500e+02
7.701928710937500000e+02 9.056904296875000000e+02 7.971214599609375000e+02 9.346233520507812500e+02
9.872125244140625000e+02 7.750695800781250000e+02 1.070970581054687500e+03 9.370462646484375000e+02
7.445921630859375000e+02 9.313218994140625000e+02 7.655435180664062500e+02 9.431082153320312500e+02
8.311710815429687500e+02 8.873508300781250000e+02 8.539237060546875000e+02 9.486362915039062500e+02
8.276351318359375000e+02 9.062218627929687500e+02 8.378602905273437500e+02 9.607667846679687500e+02
8.535515747070312500e+02 8.897096557617187500e+02 8.661246948242187500e+02 9.600004882812500000e+02
8.535515747070312500e+02 8.897096557617187500e+02 8.661246948242187500e+02 9.600004882812500000e+02
8.352324829101562500e+02 9.176161499023437500e+02 8.338027343750000000e+02 9.732818603515625000e+02
7.015686645507812500e+02 1.013376037597656250e+03 6.864929199218750000e+02 9.809029541015625000e+02
8.455824584960937500e+02 9.290155029296875000e+02 8.324055175781250000e+02 9.860034179687500000e+02
8.455824584960937500e+02 9.290155029296875000e+02 8.324055175781250000e+02 9.860034179687500000e+02
7.197222900390625000e+02 1.013476745605468750e+03 6.966033935546875000e+02 9.881809692382812500e+02
1.095578002929687500e+03 7.717585449218750000e+02 1.191188720703125000e+03 9.902591552734375000e+02
8.674140625000000000e+02 9.284569091796875000e+02 8.480243530273437500e+02 9.972305908203125000e+02
6.848770141601562500e+02 1.049507812500000000e+03 6.541054687500000000e+02 9.978802490234375000e+02
1.129035888671875000e+03 7.565956420898437500e+02 1.247418334960937500e+03 1.001616943359375000e+03
8.904494628906250000e+02 9.216643066406250000e+02 8.707205200195312500e+02 1.003260192871093750e+03
8.904494628906250000e+02 9.216643066406250000e+02 8.707205200195312500e+02 1.003260192871093750e+03
1.014009643554687500e+03 8.404882202148437500e+02 1.041582153320312500e+03 1.006525634765625000e+03
9.959622802734375000e+02 8.575797119140625000e+02 1.009445190429687500e+03 1.008953186035156250e+03
7.098781738281250000e+02 1.052154296875000000e+03 6.655834960937500000e+02 1.011523803710937500e+03
1.015112792968750000e+03 8.671024780273437500e+02 1.021460021972656250e+03 1.028755371093750000e+03
1.025984863281250000e+03 8.683920898437500000e+02 1.029843994140625000e+03 1.035253784179687500e+03
1.025984863281250000e+03 8.683920898437500000e+02 1.029843994140625000e+03 1.035253784179687500e+03
8.537739257812500000e+02 1.011533752441406250e+03 7.795660400390625000e+02 1.050976684570312500e+03
8.681339111328125000e+02 1.000706970214843750e+03 7.972662963867187500e+02 1.050475097656250000e+03
8.681339111328125000e+02 1.000706970214843750e+03 7.972662963867187500e+02 1.050475097656250000e+03
9.520635986328125000e+02 1.158412094116210938e+02 1.536095703125000000e+03 3.354311523437500000e+02
6.030565185546875000e+02 2.698016967773437500e+02 1.154176757812500000e+03 4.691926879882812500e+02
6.030565185546875000e+02 2.698016967773437500e+02 1.154176757812500000e+03 4.691926879882812500e+02
7.769048461914062500e+02 2.825992126464843750e+02 1.308806274414062500e+03 4.953629760742187500e+02
7.769048461914062500e+02 2.825992126464843750e+02 1.308806274414062500e+03 4.953629760742187500e+02
7.052388305664062500e+02 3.968324890136718750e+02 1.200755981445312500e+03 5.890822753906250000e+02
7.052388305664062500e+02 3.968324890136718750e+02 1.200755981445312500e+03 5.890822753906250000e+02
1.086725585937500000e+03 6.638947143554687500e+02 1.282065551757812500e+03 8.913742675781250000e+02
7.052498168945312500e+02 8.852404174804687500e+02 7.715675659179687500e+02 8.964176025390625000e+02
1.104533325195312500e+03 6.614762573242187500e+02 1.305187255859375000e+03 8.972656250000000000e+02
7.320383911132812500e+02 8.876186523437500000e+02 7.870778808593750000e+02 9.049119262695312500e+02
8.837836303710937500e+02 8.040737304687500000e+02 9.546219482421875000e+02 9.092220458984375000e+02
8.788305664062500000e+02 8.139130859375000000e+02 9.397036743164062500e+02 9.168991699218750000e+02
7.451544189453125000e+02 9.025829467773437500e+02 7.883142089843750000e+02 9.202670288085937500e+02
1.114210571289062500e+03 6.880343627929687500e+02 1.297732055664062500e+03 9.294932250976562500e+02
1.022727233886718750e+03 7.704024047851562500e+02 1.110375610351562500e+03 9.502194213867187500e+02
9.674944458007812500e+02 8.369696044921875000e+02 1.002450805664062500e+03 9.758838500976562500e+02
7.458411254882812500e+02 9.941505737304687500e+02 7.237330322265625000e+02 9.844697265625000000e+02
7.617927856445312500e+02 9.835765991210937500e+02 7.398710937500000000e+02 9.847326049804687500e+02
9.667810668945312500e+02 8.541433105468750000e+02 9.881476440429687500e+02 9.892632446289062500e+02
7.086973266601562500e+02 1.025036254882812500e+03 6.840671386718750000e+02 9.911412963867187500e+02
1.086974853515625000e+03 7.763570556640625000e+02 1.176874389648437500e+03 9.934033203125000000e+02
8.561142578125000000e+02 9.379267578125000000e+02 8.347069091796875000e+02 9.993081665039062500e+02
7.142700805664062500e+02 1.043618896484375000e+03 6.796093139648437500e+02 1.006497314453125000e+03
6.965064697265625000e+02 1.062221923828125000e+03 6.533145751953125000e+02 1.012132568359375000e+03
1.105203002929687500e+03 7.861493530273437500e+02 1.190891479492187500e+03 1.014176330566406250e+03
1.014985351562500000e+03 8.547926025390625000e+02 1.031441284179687500e+03 1.019986633300781250e+03
1.034592163085937500e+03 8.604434814453125000e+02 1.043248535156250000e+03 1.035280151367187500e+03
8.803933105468750000e+02 9.930829467773437500e+02 8.104886474609375000e+02 1.050079223632812500e+03
8.599647827148437500e+02 7.627121734619140625e+01 1.424705810546875000e+03 3.016029968261718750e+02
6.070897827148437500e+02 2.910404357910156250e+02 1.151820556640625000e+03 4.860409851074218750e+02
9.522680053710937500e+02 3.378952941894531250e+02 1.476700317382812500e+03 5.726510620117187500e+02
5.779168701171875000e+02 8.928917846679687500e+02 6.969554443359375000e+02 8.566216430664062500e+02
1.109333129882812500e+03 6.737269897460937500e+02 1.300228271484375000e+03 9.118555297851562500e+02
8.683527221679687500e+02 8.256478271484375000e+02 9.235606079101562500e+02 9.168595581054687500e+02
9.068154296875000000e+02 8.122030029296875000e+02 9.647500610351562500e+02 9.263757934570312500e+02
9.901742553710937500e+02 8.202338867187500000e+02 1.035672973632812500e+03 9.736567993164062500e+02
8.269162597656250000e+02 9.333023681640625000e+02 8.173907470703125000e+02 9.814912109375000000e+02
8.269162597656250000e+02 9.333023681640625000e+02 8.173907470703125000e+02 9.814912109375000000e+02
1.021991699218750000e+03 8.302883911132812500e+02 1.058613525390625000e+03 1.000612854003906250e+03
1.114578857421875000e+03 7.709887695312500000e+02 1.216029296875000000e+03 1.005435485839843750e+03
8.750147705078125000e+02 9.054861450195312500e+02 8.722902221679687500e+02 9.817166748046875000e+02
8.750147705078125000e+02 9.054861450195312500e+02 8.722902221679687500e+02 9.817166748046875000e+02
8.973847656250000000e+02 9.017858886718750000e+02 8.914723510742187500e+02 9.900055541992187500e+02
8.891320190429687500e+02 9.366471557617187500e+02 8.593718261718750000e+02 1.014340087890625000e+03
7.365524902343750000e+02 3.125924682617187500e+02 1.255116943359375000e+03 5.158091430664062500e+02
1.027212158203125000e+03 7.447119750976562500e+02 1.137833251953125000e+03 9.271648559570312500e+02
6.014375610351562500e+02 7.944647216796875000e+02 1.137833251953125000e+03 9.271648559570312500e+02
1.008050781250000000e+03 7.617879028320312500e+02 1.103776000976562500e+03 9.370675659179687500e+02
7.563596191406250000e+02 3.468819580078125000e+02 1.265503051757812500e+03 5.520630493164062500e+02
5.785745849609375000e+02 9.403132324218750000e+02 6.688493652343750000e+02 8.855960693359375000e+02
5.785745849609375000e+02 9.403132324218750000e+02 6.688493652343750000e+02 8.855960693359375000e+02
8.486419677734375000e+02 8.484595336914062500e+02 8.955116577148437500e+02 9.292888793945312500e+02
8.018507690429687500e+02 8.889389648437500000e+02 8.335666503906250000e+02 9.350322875976562500e+02
9.429583740234375000e+02 7.835243530273437500e+02 1.022365112304687500e+03 9.220219116210937500e+02
6.561958007812500000e+02 9.402091064453125000e+02 7.077489013671875000e+02 9.138908691406250000e+02
