1.014206054687500000e+03 9.061757202148437500e+02 6.695104370117187500e+02 5.923180541992187500e+02
1.027214599609375000e+03 8.998913574218750000e+02 6.627876586914062500e+02 6.027357788085937500e+02
1.027214599609375000e+03 8.998913574218750000e+02 6.627876586914062500e+02 6.027357788085937500e+02
1.018694335937500000e+03 8.062740478515625000e+02 7.356151123046875000e+02 6.648893432617187500e+02
1.029720092773437500e+03 8.013468627929687500e+02 7.303116455078125000e+02 6.768328857421875000e+02
8.560295410156250000e+02 9.258976440429687500e+02 7.624441528320312500e+02 5.097362976074218750e+02
9.864449462890625000e+02 9.159514770507812500e+02 6.835513916015625000e+02 5.726755371093750000e+02
9.667971191406250000e+02 8.990013427734375000e+02 7.083153076171875000e+02 5.723753051757812500e+02
9.667971191406250000e+02 8.990013427734375000e+02 7.083153076171875000e+02 5.723753051757812500e+02
9.887504272460937500e+02 9.057395019531250000e+02 6.881894531250000000e+02 5.794887695312500000e+02
9.887504272460937500e+02 9.057395019531250000e+02 6.881894531250000000e+02 5.794887695312500000e+02
1.015363708496093750e+03 9.251052856445312500e+02 6.573167724609375000e+02 5.821368408203125000e+02
9.943206176757812500e+02 8.871059570312500000e+02 6.963937377929687500e+02 5.932197265625000000e+02
1.004961791992187500e+03 8.914969482421875000e+02 6.853765869140625000e+02 5.963478393554687500e+02
1.004961791992187500e+03 8.914969482421875000e+02 6.853765869140625000e+02 5.963478393554687500e+02
1.006608398437500000e+03 8.816614990234375000e+02 6.902921752929687500e+02 6.031434326171875000e+02
1.097461181640625000e+03 9.410173950195312500e+02 5.880941162109375000e+02 6.148204345703125000e+02
1.117570922851562500e+03 9.372611694335937500e+02 5.723923950195312500e+02 6.284447021484375000e+02
1.117570922851562500e+03 9.372611694335937500e+02 5.723923950195312500e+02 6.284447021484375000e+02
1.110173095703125000e+03 9.248670654296875000e+02 5.828452758789062500e+02 6.330952758789062500e+02
1.154323242187500000e+03 9.481267089843750000e+02 5.360596923828125000e+02 6.420231323242187500e+02
9.989426879882812500e+02 8.098994750976562500e+02 7.470547485351562500e+02 6.496414794921875000e+02
1.007058898925781250e+03 8.123600463867187500e+02 7.398626708984375000e+02 6.527592773437500000e+02
1.007058898925781250e+03 8.123600463867187500e+02 7.398626708984375000e+02 6.527592773437500000e+02
1.010310729980468750e+03 8.052046508789062500e+02 7.428270263671875000e+02 6.605153808593750000e+02
1.010310729980468750e+03 8.052046508789062500e+02 7.428270263671875000e+02 6.605153808593750000e+02
1.152924438476562500e+03 1.049785888671875000e+03 1.031385986328125000e+03 6.619539184570312500e+02
1.046533569335937500e+03 8.164816284179687500e+02 7.047587890625000000e+02 6.756113281250000000e+02
1.046533569335937500e+03 8.164816284179687500e+02 7.047587890625000000e+02 6.756113281250000000e+02
1.033303955078125000e+03 7.961026611328125000e+02 7.293937377929687500e+02 6.842974243164062500e+02
1.115352539062500000e+03 8.361314086914062500e+02 6.289841918945312500e+02 7.063212890625000000e+02
1.118263427734375000e+03 8.208056640625000000e+02 6.365720825195312500e+02 7.228442382812500000e+02
1.118263427734375000e+03 8.208056640625000000e+02 6.365720825195312500e+02 7.228442382812500000e+02
8.295797119140625000e+02 9.621778564453125000e+02 7.553562622070312500e+02 4.852403259277343750e+02
1.099548217773437500e+03 1.044642333984375000e+03 5.417930908203125000e+02 5.591976928710937500e+02
1.004462707519531250e+03 9.315737915039062500e+02 6.632209472656250000e+02 5.727347412109375000e+02
9.972794799804687500e+02 9.203667602539062500e+02 6.739075317382812500e+02 5.748471679687500000e+02
1.014775817871093750e+03 9.350478515625000000e+02 6.516091308593750000e+02 5.763442382812500000e+02
1.116920776367187500e+03 9.481384887695312500e+02 5.678182983398437500e+02 6.207780761718750000e+02
1.096791137695312500e+03 9.306072998046875000e+02 5.930268554687500000e+02 6.213394165039062500e+02
1.105556762695312500e+03 9.338139648437500000e+02 5.821038208007812500e+02 6.246357421875000000e+02
1.110078125000000000e+03 9.146212768554687500e+02 5.894177856445312500e+02 6.392979125976562500e+02
1.110078125000000000e+03 9.146212768554687500e+02 5.894177856445312500e+02 6.392979125976562500e+02
9.957379150390625000e+02 8.172060546875000000e+02 7.446632080078125000e+02 6.415343017578125000e+02
1.005962768554687500e+03 8.195933227539062500e+02 7.342947998046875000e+02 6.451436157226562500e+02
1.134231201171875000e+03 9.224176635742187500e+02 5.651418457031250000e+02 6.484352416992187500e+02
1.027460937500000000e+03 7.866215820312500000e+02 7.450320434570312500e+02 6.877849121093750000e+02
1.027460937500000000e+03 7.866215820312500000e+02 7.450320434570312500e+02 6.877849121093750000e+02
1.047299682617187500e+03 7.060266723632812500e+02 8.045998535156250000e+02 7.934033203125000000e+02
1.047299682617187500e+03 7.060266723632812500e+02 8.045998535156250000e+02 7.934033203125000000e+02
9.590777587890625000e+02 1.032998291015625000e+03 6.407725830078125000e+02 5.091181335449218750e+02
6.679461669921875000e+02 6.519314575195312500e+02 1.192434814453125000e+03 5.455029907226562500e+02
6.679461669921875000e+02 6.519314575195312500e+02 1.192434814453125000e+03 5.455029907226562500e+02
1.022018737792968750e+03 9.464595336914062500e+02 6.407680053710937500e+02 5.748551635742187500e+02
1.007645568847656250e+03 9.184083251953125000e+02 6.671541137695312500e+02 5.827735595703125000e+02
9.765543823242187500e+02 8.756745605468750000e+02 7.161857299804687500e+02 5.900390625000000000e+02
1.079352783203125000e+03 9.650043334960937500e+02 5.905579223632812500e+02 5.925847167968750000e+02
9.826043090820312500e+02 8.955190429687500000e+02 6.739600830078125000e+02 5.941989746093750000e+02
1.092344604492187500e+03 9.560272827148437500e+02 5.837566528320312500e+02 6.032636718750000000e+02
1.092344604492187500e+03 9.560272827148437500e+02 5.837566528320312500e+02 6.032636718750000000e+02
1.104607177734375000e+03 9.534192504882812500e+02 5.768265380859375000e+02 6.141304931640625000e+02
1.104607177734375000e+03 9.534192504882812500e+02 5.768265380859375000e+02 6.141304931640625000e+02
1.038783935546875000e+03 8.852078857421875000e+02 6.626581420898437500e+02 6.181008300781250000e+02
1.137515380859375000e+03 9.656582641601562500e+02 5.427506103515625000e+02 6.202337646484375000e+02
1.141442016601562500e+03 9.368272705078125000e+02 5.520689086914062500e+02 6.418475341796875000e+02
1.013843322753906250e+03 7.932898559570312500e+02 7.497730102539062500e+02 6.732057495117187500e+02
1.024948608398437500e+03 7.964700927734375000e+02 7.382497558593750000e+02 6.772014770507812500e+02
1.143136596679687500e+03 8.610392456054687500e+02 5.884710693359375000e+02 7.029372558593750000e+02
1.124223632812500000e+03 8.467969970703125000e+02 6.151821899414062500e+02 7.049448242187500000e+02
1.163772460937500000e+03 8.674940185546875000e+02 5.652701416015625000e+02 7.125289916992187500e+02
1.156033935546875000e+03 8.400302734375000000e+02 5.875782470703125000e+02 7.321050415039062500e+02
1.168887939453125000e+03 8.358122558593750000e+02 5.781595458984375000e+02 7.465562133789062500e+02
1.168887939453125000e+03 8.358122558593750000e+02 5.781595458984375000e+02 7.465562133789062500e+02
1.158166137695312500e+03 8.240448608398437500e+02 5.939321899414062500e+02 7.504173583984375000e+02
1.058823120117187500e+03 7.029577026367187500e+02 7.990027465820312500e+02 8.080760498046875000e+02
1.081688598632812500e+03 7.151613159179687500e+02 7.619605712890625000e+02 8.137925415039062500e+02
1.148590942382812500e+03 7.457135009765625000e+02 6.620567016601562500e+02 8.382628784179687500e+02
1.165508300781250000e+03 7.500669555664062500e+02 6.392797851562500000e+02 8.493463134765625000e+02
1.141093994140625000e+03 7.245277099609375000e+02 6.888462524414062500e+02 8.619364013671875000e+02
1.175535156250000000e+03 7.336232299804687500e+02 6.380193481445312500e+02 8.864404907226562500e+02
1.170163818359375000e+03 6.634758911132812500e+02 7.189877929687500000e+02 1.013338745117187500e+03
1.026896850585937500e+03 9.287790527343750000e+02 6.469046630859375000e+02 5.864188232421875000e+02
1.031510009765625000e+03 9.087349853515625000e+02 6.547006835937500000e+02 6.014866333007812500e+02
1.022787231445312500e+03 8.922125854492187500e+02 6.696882934570312500e+02 6.059714355468750000e+02
1.085295532226562500e+03 9.381951904296875000e+02 5.978937988281250000e+02 6.092568359375000000e+02
1.127844726562500000e+03 9.407894287109375000e+02 5.611906127929687500e+02 6.324157714843750000e+02
1.122833007812500000e+03 9.224095458984375000e+02 5.753670654296875000e+02 6.406660766601562500e+02
1.004318969726562500e+03 8.258861694335937500e+02 7.316381225585937500e+02 6.410027465820312500e+02
1.145275268554687500e+03 9.193486328125000000e+02 5.574648437500000000e+02 6.565919799804687500e+02
1.050358154296875000e+03 8.401316528320312500e+02 6.831376342773437500e+02 6.599840698242187500e+02
1.002450866699218750e+03 7.983383178710937500e+02 7.547836914062500000e+02 6.614058227539062500e+02
1.043943237304687500e+03 8.274435424804687500e+02 6.975056152343750000e+02 6.645648193359375000e+02
1.102403686523437500e+03 8.557356567382812500e+02 6.297592163085937500e+02 6.808068847656250000e+02
1.131337402343750000e+03 8.639158935546875000e+02 5.975853271484375000e+02 6.934349975585937500e+02
1.113601196289062500e+03 8.484066162109375000e+02 6.230720214843750000e+02 6.941705322265625000e+02
1.106899414062500000e+03 8.341818237304687500e+02 6.385485839843750000e+02 7.004928588867187500e+02
1.049491577148437500e+03 7.886538696289062500e+02 7.265795898437500000e+02 7.017341918945312500e+02
1.135102661132812500e+03 8.455908203125000000e+02 6.050932006835937500e+02 7.115123291015625000e+02
1.135102661132812500e+03 8.455908203125000000e+02 6.050932006835937500e+02 7.115123291015625000e+02
1.110373901367187500e+03 8.181624145507812500e+02 6.463191528320312500e+02 7.189884033203125000e+02
1.127263671875000000e+03 8.241987304687500000e+02 6.247406616210937500e+02 7.263666992187500000e+02
1.148908569335937500e+03 8.307822875976562500e+02 6.010349731445312500e+02 7.338000488281250000e+02
1.139648315429687500e+03 8.221750488281250000e+02 6.153870849609375000e+02 7.371845092773437500e+02
1.131180786132812500e+03 8.104629516601562500e+02 6.309078369140625000e+02 7.426561279296875000e+02
1.155801391601562500e+03 7.532294311523437500e+02 6.475124511718750000e+02 8.359129028320312500e+02
9.756193237304687500e+02 9.032669677734375000e+02 6.997577514648437500e+02 5.754388427734375000e+02
9.933813476562500000e+02 8.734605712890625000e+02 7.053881225585937500e+02 6.003073120117187500e+02
1.146547363281250000e+03 9.525303955078125000e+02 5.399260253906250000e+02 6.340795288085937500e+02
1.162628662109375000e+03 9.423820190429687500e+02 5.305853271484375000e+02 6.506232299804687500e+02
1.148258056640625000e+03 8.490056762695312500e+02 5.913349609375000000e+02 7.178403930664062500e+02
1.148258056640625000e+03 8.490056762695312500e+02 5.913349609375000000e+02 7.178403930664062500e+02
1.074478759765625000e+03 7.098337402343750000e+02 7.722075805664062500e+02 8.121983032226562500e+02
1.140070434570312500e+03 7.404014282226562500e+02 6.754485473632812500e+02 8.369746704101562500e+02
1.133776977539062500e+03 7.285427856445312500e+02 6.941778564453125000e+02 8.471126098632812500e+02
1.096161132812500000e+03 9.099952392578125000e+02 6.041079101562500000e+02 6.346309204101562500e+02
1.054813354492187500e+03 8.127608032226562500e+02 6.994976806640625000e+02 6.856502075195312500e+02
1.081719360351562500e+03 7.287299804687500000e+02 7.471224975585937500e+02 7.962028808593750000e+02
1.150821411132812500e+03 7.239840087890625000e+02 6.783373413085937500e+02 8.727686157226562500e+02
1.171622802734375000e+03 7.240191650390625000e+02 6.515306396484375000e+02 8.982888183593750000e+02
1.158462524414062500e+03 7.135059814453125000e+02 6.779644775390625000e+02 8.997512207031250000e+02
1.163389282226562500e+03 6.808139648437500000e+02 7.060093383789062500e+02 9.654276733398437500e+02
9.989810791015625000e+02 8.490349121093750000e+02 7.180629882812500000e+02 6.209799804687500000e+02
1.031364135742187500e+03 8.151247558593750000e+02 7.175097045898437500e+02 6.669254150390625000e+02
1.057145263671875000e+03 7.970006713867187500e+02 7.100958251953125000e+02 7.013021240234375000e+02
1.170603881835937500e+03 8.536124267578125000e+02 5.649139404296875000e+02 7.300635375976562500e+02
1.089627807617187500e+03 6.997401733398437500e+02 7.718179931640625000e+02 8.484666748046875000e+02
1.057720947265625000e+03 9.257289428710937500e+02 6.258367919921875000e+02 6.057700805664062500e+02
1.057720947265625000e+03 9.257289428710937500e+02 6.258367919921875000e+02 6.057700805664062500e+02
1.083213256835937500e+03 8.201148681640625000e+02 6.690870361328125000e+02 6.983253173828125000e+02
1.083213256835937500e+03 8.201148681640625000e+02 6.690870361328125000e+02 6.983253173828125000e+02
9.552070922851562500e+02 8.257799072265625000e+02 7.574639282226562500e+02 6.029174804687500000e+02
1.118251220703125000e+03 8.180529174804687500e+02 6.381453247070312500e+02 7.245070800781250000e+02
1.073100463867187500e+03 8.711691894531250000e+02 6.456832885742187500e+02 6.502805786132812500e+02
