8.747923583984375000e+02 4.413205261230468750e+02 1.124105224609375000e+03 5.602777099609375000e+02
8.729250488281250000e+02 4.602887878417968750e+02 1.111083129882812500e+03 5.770642089843750000e+02
8.965659179687500000e+02 4.536938781738281250e+02 1.137723510742187500e+03 5.779501953125000000e+02
8.575546264648437500e+02 4.974809875488281250e+02 1.083395996093750000e+03 6.062510986328125000e+02
9.945257568359375000e+02 4.516790771484375000e+02 1.248357666015625000e+03 6.128078613281250000e+02
9.394928588867187500e+02 5.332358398437500000e+02 1.133826660156250000e+03 6.662780761718750000e+02
7.063924560546875000e+02 6.021390991210937500e+02 9.975598754882812500e+02 6.735734863281250000e+02
7.043840332031250000e+02 6.191203002929687500e+02 9.855118408203125000e+02 6.855739746093750000e+02
7.015347290039062500e+02 6.784786376953125000e+02 9.529927978515625000e+02 7.341463623046875000e+02
7.145096435546875000e+02 6.753411254882812500e+02 9.639458007812500000e+02 7.367438964843750000e+02
7.258367919921875000e+02 6.713447265625000000e+02 9.753690185546875000e+02 7.377986450195312500e+02
7.214327392578125000e+02 6.774700317382812500e+02 9.687751464843750000e+02 7.410797119140625000e+02
7.348273925781250000e+02 6.842040405273437500e+02 9.757371215820312500e+02 7.516914672851562500e+02
7.348273925781250000e+02 6.842040405273437500e+02 9.757371215820312500e+02 7.516914672851562500e+02
6.092622680664062500e+02 8.505386352539062500e+02 7.995126342773437500e+02 8.385601806640625000e+02
8.284564819335937500e+02 9.077233276367187500e+02 9.288792114257812500e+02 9.925728759765625000e+02
1.842796936035156250e+02 4.840519714355468750e+02 7.633672485351562500e+02 4.666285095214843750e+02
8.549311523437500000e+02 4.900724182128906250e+02 1.083340454101562500e+03 5.985455322265625000e+02
9.483677368164062500e+02 5.069424743652343750e+02 1.147457397460937500e+03 6.423391113281250000e+02
6.604213256835937500e+02 6.183461303710937500e+02 9.531224365234375000e+02 6.705513916015625000e+02
7.079114990234375000e+02 6.304791870117187500e+02 9.827714843750000000e+02 6.973796386718750000e+02
6.873985595703125000e+02 6.955013427734375000e+02 9.327839355468750000e+02 7.435504760742187500e+02
6.873985595703125000e+02 6.955013427734375000e+02 9.327839355468750000e+02 7.435504760742187500e+02
7.091786499023437500e+02 6.949743652343750000e+02 9.490079345703125000e+02 7.505949707031250000e+02
8.405848999023437500e+02 7.028740234375000000e+02 1.010193115234375000e+03 7.985501098632812500e+02
8.369886474609375000e+02 7.150643310546875000e+02 1.005202270507812500e+03 8.096511840820312500e+02
5.795170898437500000e+02 8.325814819335937500e+02 7.880841674804687500e+02 8.117675170898437500e+02
6.005245361328125000e+02 8.493782348632812500e+02 7.923079223632812500e+02 8.340385742187500000e+02
1.087189086914062500e+03 6.537861328125000000e+02 1.354364257812500000e+03 8.967723388671875000e+02
1.099132202148437500e+03 6.514680786132812500e+02 1.371042602539062500e+03 9.013240966796875000e+02
1.041694580078125000e+03 6.925343627929687500e+02 1.272515014648437500e+03 9.098576049804687500e+02
1.041694580078125000e+03 6.925343627929687500e+02 1.272515014648437500e+03 9.098576049804687500e+02
1.051617919921875000e+03 6.948147583007812500e+02 1.281738037109375000e+03 9.174421997070312500e+02
7.356885375976562500e+02 8.903658447265625000e+02 8.666905517578125000e+02 9.260623168945312500e+02
1.047299682617187500e+03 7.060266723632812500e+02 1.269901611328125000e+03 9.268708496093750000e+02
1.047299682617187500e+03 7.060266723632812500e+02 1.269901611328125000e+03 9.268708496093750000e+02
1.056302490234375000e+03 7.084697265625000000e+02 1.276723022460937500e+03 9.327937011718750000e+02
1.056302490234375000e+03 7.084697265625000000e+02 1.276723022460937500e+03 9.327937011718750000e+02
1.011176757812500000e+03 7.571043701171875000e+02 1.190598022460937500e+03 9.541954956054687500e+02
1.004161132812500000e+03 7.643269042968750000e+02 1.178165527343750000e+03 9.566221923828125000e+02
1.170163818359375000e+03 6.634758911132812500e+02 1.457852905273437500e+03 9.586420288085937500e+02
1.006306030273437500e+03 7.895113525390625000e+02 1.167107177734375000e+03 9.831724853515625000e+02
1.029720092773437500e+03 8.013468627929687500e+02 1.185667480468750000e+03 1.010958618164062500e+03
1.013007202148437500e+03 8.236810913085937500e+02 1.152852416992187500e+03 1.021977111816406250e+03
1.187632812500000000e+03 7.307331542968750000e+02 1.431883300781250000e+03 1.043927246093750000e+03
1.631468048095703125e+02 4.729940490722656250e+02 7.480130004882812500e+02 4.538062744140625000e+02
7.739290771484375000e+02 3.289710083007812500e+02 1.255546508789062500e+03 4.699417419433593750e+02
7.366625976562500000e+02 3.692111816406250000e+02 1.201519653320312500e+03 4.960463256835937500e+02
9.404081420898437500e+02 4.963518981933593750e+02 1.139848999023437500e+03 6.278661499023437500e+02
6.892120361328125000e+02 5.908281250000000000e+02 9.898031005859375000e+02 6.569951171875000000e+02
9.484703369140625000e+02 5.288035278320312500e+02 1.144062255859375000e+03 6.651081542968750000e+02
9.118516235351562500e+02 5.479973144531250000e+02 1.100775878906250000e+03 6.699824218750000000e+02
6.201440429687500000e+02 6.502537231445312500e+02 9.061096191406250000e+02 6.821755981445312500e+02
7.159042968750000000e+02 6.215332641601562500e+02 9.921555175781250000e+02 6.927749633789062500e+02
6.999585571289062500e+02 6.719202880859375000e+02 9.562554931640625000e+02 7.277452392578125000e+02
6.780887451171875000e+02 6.980396728515625000e+02 9.243837280273437500e+02 7.426694335937500000e+02
5.860531005859375000e+02 7.447147216796875000e+02 8.344034423828125000e+02 7.441984863281250000e+02
4.926617431640625000e+02 8.039133911132812500e+02 7.470917968750000000e+02 7.605576782226562500e+02
5.627516479492187500e+02 8.682812500000000000e+02 7.584602661132812500e+02 8.339367675781250000e+02
6.159105224609375000e+02 8.421407470703125000e+02 8.061991577148437500e+02 8.342862548828125000e+02
5.881595458984375000e+02 8.652338867187500000e+02 7.776848144531250000e+02 8.407988891601562500e+02
1.043759277343750000e+03 6.869296875000000000e+02 1.277222656250000000e+03 9.045195922851562500e+02
6.737501220703125000e+02 9.144999389648437500e+02 8.077147216796875000e+02 9.191875610351562500e+02
7.261596069335937500e+02 8.872597656250000000e+02 8.596878662109375000e+02 9.199017944335937500e+02
1.058823120117187500e+03 7.029577026367187500e+02 1.284694702148437500e+03 9.297235107421875000e+02
1.058823120117187500e+03 7.029577026367187500e+02 1.284694702148437500e+03 9.297235107421875000e+02
1.054725097656250000e+03 7.143688354492187500e+02 1.271966308593750000e+03 9.388575439453125000e+02
9.225966186523437500e+02 8.036384277343750000e+02 1.071913085937500000e+03 9.475875854492187500e+02
8.756275634765625000e+02 8.326314086914062500e+02 1.011485412597656250e+03 9.487888183593750000e+02
9.137957763671875000e+02 8.173836669921875000e+02 1.056156005859375000e+03 9.559903564453125000e+02
9.137957763671875000e+02 8.173836669921875000e+02 1.056156005859375000e+03 9.559903564453125000e+02
1.069111450195312500e+03 7.242164916992187500e+02 1.282610961914062500e+03 9.579055175781250000e+02
1.069111450195312500e+03 7.242164916992187500e+02 1.282610961914062500e+03 9.579055175781250000e+02
1.081688598632812500e+03 7.151613159179687500e+02 1.305204223632812500e+03 9.572172241210937500e+02
1.150761474609375000e+03 6.748620605468750000e+02 1.423463256835937500e+03 9.588398437500000000e+02
8.952176513671875000e+02 8.385821533203125000e+02 1.026432983398437500e+03 9.654418334960937500e+02
9.073976440429687500e+02 8.326841430664062500e+02 1.041184326171875000e+03 9.669536743164062500e+02
8.900166625976562500e+02 8.459882812500000000e+02 1.018191772460937500e+03 9.699540405273437500e+02
9.989426879882812500e+02 8.098994750976562500e+02 1.145876586914062500e+03 9.986544799804687500e+02
9.989426879882812500e+02 8.098994750976562500e+02 1.145876586914062500e+03 9.986544799804687500e+02
8.071876220703125000e+02 9.329548339843750000e+02 8.970728149414062500e+02 1.000966308593750000e+03
1.010310729980468750e+03 8.052046508789062500e+02 1.161697509765625000e+03 1.001725646972656250e+03
1.010310729980468750e+03 8.052046508789062500e+02 1.161697509765625000e+03 1.001725646972656250e+03
1.021870849609375000e+03 8.005684814453125000e+02 1.176590454101562500e+03 1.004902465820312500e+03
1.021870849609375000e+03 8.005684814453125000e+02 1.176590454101562500e+03 1.004902465820312500e+03
1.141093994140625000e+03 7.245277099609375000e+02 1.373482910156250000e+03 1.005156188964843750e+03
1.141093994140625000e+03 7.245277099609375000e+02 1.373482910156250000e+03 1.005156188964843750e+03
1.033303955078125000e+03 7.961026611328125000e+02 1.192557250976562500e+03 1.006983581542968750e+03
1.033303955078125000e+03 7.961026611328125000e+02 1.192557250976562500e+03 1.006983581542968750e+03
1.007058898925781250e+03 8.123600463867187500e+02 1.153947265625000000e+03 1.007014343261718750e+03
1.007058898925781250e+03 8.123600463867187500e+02 1.153947265625000000e+03 1.007014343261718750e+03
1.148590942382812500e+03 7.457135009765625000e+02 1.369688964843750000e+03 1.034070678710937500e+03
1.148590942382812500e+03 7.457135009765625000e+02 1.369688964843750000e+03 1.034070678710937500e+03
1.048281860351562500e+03 8.238006591796875000e+02 1.192205566406250000e+03 1.045384643554687500e+03
2.456259765625000000e+02 4.665786437988281250e+02 8.019737548828125000e+02 4.648743286132812500e+02
7.542208251953125000e+02 3.329936828613281250e+02 1.230852905273437500e+03 4.674585266113281250e+02
8.891448974609375000e+02 2.958718872070312500e+02 1.382428588867187500e+03 4.656684265136718750e+02
7.917776489257812500e+02 3.285255432128906250e+02 1.269875488281250000e+03 4.711523132324218750e+02
8.354331054687500000e+02 3.378403625488281250e+02 1.300760009765625000e+03 4.876532897949218750e+02
1.139125854492187500e+03 3.564877014160156250e+02 1.676807250976562500e+03 6.111960449218750000e+02
9.234547729492187500e+02 5.079316101074218750e+02 1.117896484375000000e+03 6.334087524414062500e+02
8.949945678710937500e+02 5.348273315429687500e+02 1.084843872070312500e+03 6.501443481445312500e+02
8.949945678710937500e+02 5.348273315429687500e+02 1.084843872070312500e+03 6.501443481445312500e+02
6.786594848632812500e+02 6.211188964843750000e+02 9.659785766601562500e+02 6.796138916015625000e+02
6.915356445312500000e+02 6.165104980468750000e+02 9.772460937500000000e+02 6.808971557617187500e+02
7.102449340820312500e+02 6.106516723632812500e+02 9.945111083984375000e+02 6.818604125976562500e+02
9.967354736328125000e+02 5.227599487304687500e+02 1.209980957031250000e+03 6.820867309570312500e+02
6.544760131835937500e+02 6.638114013671875000e+02 9.235216674804687500e+02 7.052687377929687500e+02
5.321745605468750000e+02 7.314794311523437500e+02 8.064414062500000000e+02 7.169339599609375000e+02
5.468018188476562500e+02 7.371093139648437500e+02 8.139599609375000000e+02 7.256427001953125000e+02
4.870388488769531250e+02 8.175997314453125000e+02 7.382088012695312500e+02 7.661611328125000000e+02
8.278388061523437500e+02 7.116044311523437500e+02 9.982161865234375000e+02 8.019430541992187500e+02
5.716356811523437500e+02 8.471440429687500000e+02 7.740296630859375000e+02 8.217377319335937500e+02
5.716356811523437500e+02 8.471440429687500000e+02 7.740296630859375000e+02 8.217377319335937500e+02
5.860122070312500000e+02 8.402363281250000000e+02 7.866596069335937500e+02 8.235119628906250000e+02
8.892252197265625000e+02 7.201843872070312500e+02 1.051209594726562500e+03 8.392185668945312500e+02
1.079929077148437500e+03 6.275999755859375000e+02 1.361666503906250000e+03 8.657186279296875000e+02
4.794995727539062500e+02 9.784651489257812500e+02 6.574538574218750000e+02 8.850890502929687500e+02
5.220154418945312500e+02 9.660205688476562500e+02 6.867096557617187500e+02 8.920667724609375000e+02
5.220154418945312500e+02 9.660205688476562500e+02 6.867096557617187500e+02 8.920667724609375000e+02
1.084873291015625000e+03 6.619129638671875000e+02 1.347388305664062500e+03 9.051198730468750000e+02
5.438636474609375000e+02 9.745235595703125000e+02 6.956981811523437500e+02 9.088792724609375000e+02
7.405900878906250000e+02 9.013255615234375000e+02 8.627030029296875000e+02 9.395119018554687500e+02
7.296200561523437500e+02 9.209729003906250000e+02 8.448572387695312500e+02 9.502310791015625000e+02
7.247197265625000000e+02 9.296054687500000000e+02 8.365875854492187500e+02 9.557546997070312500e+02
9.243643798828125000e+02 8.136856689453125000e+02 1.068402343750000000e+03 9.575550537109375000e+02
1.012800415039062500e+03 7.666577758789062500e+02 1.187233276367187500e+03 9.642869873046875000e+02
8.150509643554687500e+02 8.935571899414062500e+02 9.273143310546875000e+02 9.705395507812500000e+02
9.882878417968750000e+02 7.860117797851562500e+02 1.150253417968750000e+03 9.695851440429687500e+02
8.967444458007812500e+02 8.569279785156250000e+02 1.017090820312500000e+03 9.831554565429687500e+02
8.110252075195312500e+02 9.233678588867187500e+02 9.060169677734375000e+02 9.952306518554687500e+02
9.026193847656250000e+02 8.669619750976562500e+02 1.015277587890625000e+03 9.953517456054687500e+02
6.169929199218750000e+02 1.042256103515625000e+03 7.064457397460937500e+02 9.952797851562500000e+02
8.287077026367187500e+02 9.176350708007812500e+02 9.243485717773437500e+02 1.000271545410156250e+03
9.957379150390625000e+02 8.172060546875000000e+02 1.138474365234375000e+03 1.004608642578125000e+03
8.079950561523437500e+02 9.569426879882812500e+02 8.853760986328125000e+02 1.023076477050781250e+03
8.706178588867187500e+02 9.196350708007812500e+02 9.577858276367187500e+02 1.025152465820312500e+03
1.165508300781250000e+03 7.500669555664062500e+02 1.388545776367187500e+03 1.050204345703125000e+03
8.552098388671875000e+02 9.598992309570312500e+02 9.219467773437500000e+02 1.052867065429687500e+03
1.173504516601562500e+03 7.464039916992187500e+02 1.402755004882812500e+03 1.052566772460937500e+03
1.054855346679687500e+03 8.299005737304687500e+02 1.193911621093750000e+03 1.056120849609375000e+03
9.723161621093750000e+02 8.908909301757812500e+02 1.067119628906250000e+03 1.058601440429687500e+03
8.807792358398437500e+02 1.733149108886718750e+02 1.416828125000000000e+03 3.375939636230468750e+02
8.288286590576171875e+01 4.377073364257812500e+02 7.210864257812500000e+02 4.199687194824218750e+02
9.647792968750000000e+02 2.376043548583984375e+02 1.498919433593750000e+03 4.240566406250000000e+02
8.607838745117187500e+02 2.749605102539062500e+02 1.362272460937500000e+03 4.387613220214843750e+02
2.530044860839843750e+02 4.839297790527343750e+02 8.010957641601562500e+02 4.777674865722656250e+02
9.620872192382812500e+02 2.960747375488281250e+02 1.473018432617187500e+03 4.861176757812500000e+02
8.390178833007812500e+02 3.699959106445312500e+02 1.294058471679687500e+03 5.239943237304687500e+02
8.013424072265625000e+02 3.905283203125000000e+02 1.253663208007812500e+03 5.305100708007812500e+02
9.264041137695312500e+02 4.830127563476562500e+02 1.132832275390625000e+03 6.109528808593750000e+02
1.006854797363281250e+03 4.567134399414062500e+02 1.265089721679687500e+03 6.204822387695312500e+02
6.363800659179687500e+02 6.479293212890625000e+02 9.190567626953125000e+02 6.851663818359375000e+02
5.794191894531250000e+02 7.296831665039062500e+02 8.381226196289062500e+02 7.310111083984375000e+02
6.049869384765625000e+02 8.419390258789062500e+02 7.990042114257812500e+02 8.296087646484375000e+02
6.049869384765625000e+02 8.419390258789062500e+02 7.990042114257812500e+02 8.296087646484375000e+02
5.870496826171875000e+02 8.839023437500000000e+02 7.656071777343750000e+02 8.567735595703125000e+02
6.464655761718750000e+02 8.550827026367187500e+02 8.157723388671875000e+02 8.594996337890625000e+02
1.062763916015625000e+03 6.488915405273437500e+02 1.327822143554687500e+03 8.774245605468750000e+02
7.145067138671875000e+02 8.873717041015625000e+02 8.522241210937500000e+02 9.144074096679687500e+02
7.044995727539062500e+02 9.007493286132812500e+02 8.374263916015625000e+02 9.212706298828125000e+02
6.801641235351562500e+02 9.261272583007812500e+02 8.067244262695312500e+02 9.326943969726562500e+02
1.076354980468750000e+03 6.990511474609375000e+02 1.309146728515625000e+03 9.361607666015625000e+02
1.076354980468750000e+03 6.990511474609375000e+02 1.309146728515625000e+03 9.361607666015625000e+02
8.948834838867187500e+02 8.152055664062500000e+02 1.039846679687500000e+03 9.427745971679687500e+02
7.433872680664062500e+02 9.151439208984375000e+02 8.582255859375000000e+02 9.511141967773437500e+02
7.100471191406250000e+02 9.356796264648437500e+02 8.227487792968750000e+02 9.547210083007812500e+02
8.875161743164062500e+02 8.341049804687500000e+02 1.021654968261718750e+03 9.566615600585937500e+02
1.161041992187500000e+03 6.694692993164062500e+02 1.442205932617187500e+03 9.601996459960937500e+02
9.181048583984375000e+02 8.276606445312500000e+02 1.053692749023437500e+03 9.678942260742187500e+02
1.163389282226562500e+03 6.808139648437500000e+02 1.434922363281250000e+03 9.725145874023437500e+02
1.016602600097656250e+03 7.791019287109375000e+02 1.185175292968750000e+03 9.797725219726562500e+02
8.077547607421875000e+02 9.098412475585937500e+02 9.114294433593750000e+02 9.826798095703125000e+02
1.002450866699218750e+03 7.983383178710937500e+02 1.157701660156250000e+03 9.899844970703125000e+02
9.912398681640625000e+02 8.067596435546875000e+02 1.140957153320312500e+03 9.915998535156250000e+02
1.013843322753906250e+03 7.932898559570312500e+02 1.173550292968750000e+03 9.922613525390625000e+02
6.908359985351562500e+02 9.997354125976562500e+02 7.764020996093750000e+02 9.946013183593750000e+02
7.979528198242187500e+02 9.286937255859375000e+02 8.932244873046875000e+02 9.940466918945312500e+02
9.853182373046875000e+02 8.210446777343750000e+02 1.125675292968750000e+03 1.002896911621093750e+03
1.024948608398437500e+03 7.964700927734375000e+02 1.183641601562500000e+03 1.002063049316406250e+03
1.133776977539062500e+03 7.285427856445312500e+02 1.360449462890625000e+03 1.004179382324218750e+03
1.158462524414062500e+03 7.135059814453125000e+02 1.407624511718750000e+03 1.007346801757812500e+03
1.004318969726562500e+03 8.258861694335937500e+02 1.142356689453125000e+03 1.019199523925781250e+03
1.043406494140625000e+03 8.003355712890625000e+02 1.201346679687500000e+03 1.018581726074218750e+03
1.130132080078125000e+03 7.459206542968750000e+02 1.344069580078125000e+03 1.019519348144531250e+03
1.140070434570312500e+03 7.404014282226562500e+02 1.360822509765625000e+03 1.020946044921875000e+03
8.151246337890625000e+02 9.687268676757812500e+02 8.839735717773437500e+02 1.038350341796875000e+03
8.295797119140625000e+02 9.621778564453125000e+02 8.997488403320312500e+02 1.039973999023437500e+03
1.155801391601562500e+03 7.532294311523437500e+02 1.373062744140625000e+03 1.046400024414062500e+03
1.050358154296875000e+03 8.401316528320312500e+02 1.182519042968750000e+03 1.062740112304687500e+03
1.159419433593750000e+03 1.320747070312500000e+02 1.804155029296875000e+03 3.515793457031250000e+02
8.093919677734375000e+02 2.966561279296875000e+02 1.294671997070312500e+03 4.450461120605468750e+02
7.925383911132812500e+02 3.052915954589843750e+02 1.275885864257812500e+03 4.480627136230468750e+02
9.418507690429687500e+02 3.844150085449218750e+02 1.403978027343750000e+03 5.702160034179687500e+02
9.705911254882812500e+02 5.014025268554687500e+02 1.176412841796875000e+03 6.463107299804687500e+02
5.741840820312500000e+02 8.636013183593750000e+02 7.676536865234375000e+02 8.362420043945312500e+02
5.741840820312500000e+02 8.636013183593750000e+02 7.676536865234375000e+02 8.362420043945312500e+02
6.209591064453125000e+02 8.581846923828125000e+02 7.995904541015625000e+02 8.483767089843750000e+02
6.886411743164062500e+02 8.814099731445312500e+02 8.353667602539062500e+02 8.994768066406250000e+02
6.886411743164062500e+02 8.814099731445312500e+02 8.353667602539062500e+02 8.994768066406250000e+02
5.166755981445312500e+02 9.837348632812500000e+02 6.761594848632812500e+02 9.027205810546875000e+02
7.582763061523437500e+02 8.851248168945312500e+02 8.855930786132812500e+02 9.323966674804687500e+02
1.074478759765625000e+03 7.098337402343750000e+02 1.299021850585937500e+03 9.464942016601562500e+02
8.628457641601562500e+02 8.527503051757812500e+02 9.887888793945312500e+02 9.601134033203125000e+02
8.783949584960937500e+02 8.447362060546875000e+02 1.006870361328125000e+03 9.627322387695312500e+02
6.461036987304687500e+02 9.881862182617187500e+02 7.531008300781250000e+02 9.655953369140625000e+02
6.270499267578125000e+02 1.017831665039062500e+03 7.255628051757812500e+02 9.800175170898437500e+02
6.270499267578125000e+02 1.017831665039062500e+03 7.255628051757812500e+02 9.800175170898437500e+02
9.073142700195312500e+02 8.475463867187500000e+02 1.032029785156250000e+03 9.798607788085937500e+02
1.049491577148437500e+03 7.886538696289062500e+02 1.214912109375000000e+03 1.008848632812500000e+03
8.257084350585937500e+02 9.335721435546875000e+02 9.129799804687500000e+02 1.011066650390625000e+03
6.515185546875000000e+02 1.041389160156250000e+03 7.274188232421875000e+02 1.011411865234375000e+03
1.150821411132812500e+03 7.239840087890625000e+02 1.388024291992187500e+03 1.012164428710937500e+03
1.150821411132812500e+03 7.239840087890625000e+02 1.388024291992187500e+03 1.012164428710937500e+03
7.883053588867187500e+02 9.566727294921875000e+02 8.697985229492187500e+02 1.013488586425781250e+03
1.043943237304687500e+03 8.274435424804687500e+02 1.184818359375000000e+03 1.045915893554687500e+03
1.058443115234375000e+03 9.311099243164062500e+01 1.671670654296875000e+03 2.875845336914062500e+02
2.032371978759765625e+02 4.215197448730468750e+02 7.947918090820312500e+02 4.252027893066406250e+02
8.146657104492187500e+02 3.411027832031250000e+02 1.283718994140625000e+03 4.881520385742187500e+02
2.904713439941406250e+02 4.915227355957031250e+02 8.240578613281250000e+02 4.917752685546875000e+02
1.077392822265625000e+03 6.565179443359375000e+02 1.339952026367187500e+03 8.930917358398437500e+02
1.063312011718750000e+03 6.909413452148437500e+02 1.298114501953125000e+03 9.206693115234375000e+02
1.089627807617187500e+03 6.997401733398437500e+02 1.324747680664062500e+03 9.456930541992187500e+02
9.477694091796875000e+02 7.881661376953125000e+02 1.107297851562500000e+03 9.476624755859375000e+02
1.081719360351562500e+03 7.287299804687500000e+02 1.295294677734375000e+03 9.704508056640625000e+02
1.081719360351562500e+03 7.287299804687500000e+02 1.295294677734375000e+03 9.704508056640625000e+02
6.713739624023437500e+02 9.850877685546875000e+02 7.728383789062500000e+02 9.734304199218750000e+02
1.176773925781250000e+03 6.692216796875000000e+02 1.466025756835937500e+03 9.723475341796875000e+02
1.176773925781250000e+03 6.692216796875000000e+02 1.466025756835937500e+03 9.723475341796875000e+02
1.141343383789062500e+03 7.111722412109375000e+02 1.381480590820312500e+03 9.904044799804687500e+02
8.441585693359375000e+02 9.055119628906250000e+02 9.430753784179687500e+02 9.972294311523437500e+02
8.231064453125000000e+02 9.366665039062500000e+02 9.083900756835937500e+02 1.012751037597656250e+03
1.020161254882812500e+03 8.169593505859375000e+02 1.167201049804687500e+03 1.020773986816406250e+03
1.236873168945312500e+03 6.828368530273437500e+02 1.537879028320312500e+03 1.024613037109375000e+03
8.456157836914062500e+02 9.386369628906250000e+02 9.253046875000000000e+02 1.028274414062500000e+03
8.689207153320312500e+02 9.403391113281250000e+02 9.453148803710937500e+02 1.041653686523437500e+03
1.054813354492187500e+03 8.127608032226562500e+02 1.205626220703125000e+03 1.038497558593750000e+03
1.054813354492187500e+03 8.127608032226562500e+02 1.205626220703125000e+03 1.038497558593750000e+03
1.111851562500000000e+03 9.550128936767578125e+01 1.747360229492187500e+03 3.023109436035156250e+02
2.176181793212890625e+02 4.649380798339843750e+02 7.853591308593750000e+02 4.588945007324218750e+02
6.881413574218750000e+02 6.496917114257812500e+02 9.587031250000000000e+02 7.037387084960937500e+02
5.501396484375000000e+02 9.459655151367187500e+02 7.139578857421875000e+02 8.892219848632812500e+02
1.156532592773437500e+03 6.533723144531250000e+02 1.444324829101562500e+03 9.380155639648437500e+02
1.057145263671875000e+03 7.970006713867187500e+02 1.219881713867187500e+03 1.022672851562500000e+03
1.031364135742187500e+03 8.151247558593750000e+02 1.179785278320312500e+03 1.026364013671875000e+03
9.360169067382812500e+02 2.084120330810546875e+02 1.465979980468750000e+03 3.868804931640625000e+02
8.123651885986328125e+01 5.662337646484375000e+02 6.885598754882812500e+02 5.023307189941406250e+02
7.708231811523437500e+02 3.821069641113281250e+02 1.230214355468750000e+03 5.155860595703125000e+02
9.372528686523437500e+02 3.585480346679687500e+02 1.408616088867187500e+03 5.409528198242187500e+02
7.917288818359375000e+02 5.277578125000000000e+02 1.033625366210937500e+03 6.112359008789062500e+02
7.917288818359375000e+02 5.277578125000000000e+02 1.033625366210937500e+03 6.112359008789062500e+02
5.602342529296875000e+02 9.096531372070312500e+02 7.374208374023437500e+02 8.657170410156250000e+02
5.602342529296875000e+02 9.096531372070312500e+02 7.374208374023437500e+02 8.657170410156250000e+02
6.481766357421875000e+02 8.780742797851562500e+02 8.108155517578125000e+02 8.745429687500000000e+02
1.166304199218750000e+03 6.330914916992187500e+02 1.473807373046875000e+03 9.198594360351562500e+02
1.127227661132812500e+03 6.563131713867187500e+02 1.405836669921875000e+03 9.231889648437500000e+02
8.387811889648437500e+02 8.737359619140625000e+02 9.569095458984375000e+02 9.663286132812500000e+02
1.085694580078125000e+03 8.329432678222656250e+01 1.713096435546875000e+03 2.838609008789062500e+02
4.968395080566406250e+02 3.708130493164062500e+02 9.933552856445312500e+02 4.405913391113281250e+02
8.257594604492187500e+02 3.279822082519531250e+02 1.299854125976562500e+03 4.752748718261718750e+02
7.791372070312500000e+02 9.053991088867187500e+02 8.943363647460937500e+02 9.604078979492187500e+02
5.751830444335937500e+02 4.117251281738281250e+02 1.035422363281250000e+03 4.949727172851562500e+02
5.751830444335937500e+02 4.117251281738281250e+02 1.035422363281250000e+03 4.949727172851562500e+02
6.627916259765625000e+02 7.110962524414062500e+02 9.040854492187500000e+02 7.456979370117187500e+02
5.006282043457031250e+02 8.930405273437500000e+02 7.072473754882812500e+02 8.281214599609375000e+02
1.136400390625000000e+03 6.222682495117187500e+02 1.435630737304687500e+03 8.842714843750000000e+02
6.278091430664062500e+02 9.255509643554687500e+02 7.747345581054687500e+02 9.026334228515625000e+02
