9.856530151367187500e+02 4.823292846679687500e+02 9.155731201171875000e+02 4.234981994628906250e+02
2.922196769714355469e+01 5.722880249023437500e+02 7.320398559570312500e+02 3.431389160156250000e+02
7.781253051757812500e+02 5.785997924804687500e+02 1.247919677734375000e+03 4.513395385742187500e+02
1.041078613281250000e+03 5.005854492187500000e+02 8.884904785156250000e+02 4.621094970703125000e+02
9.241704711914062500e+02 5.795452270507812500e+02 1.454881225585937500e+03 4.911814880371093750e+02
1.002998535156250000e+03 7.277576293945312500e+02 8.930830688476562500e+02 6.947337036132812500e+02
4.082312774658203125e+01 4.570069885253906250e+02 7.561098022460937500e+02 2.587892150878906250e+02
5.338536453247070312e+01 6.319263916015625000e+02 7.420786743164062500e+02 3.864744567871093750e+02
6.468361206054687500e+02 6.125791625976562500e+02 1.111267822265625000e+03 4.646145629882812500e+02
8.833259887695312500e+02 8.834727783203125000e+02 7.806794433593750000e+02 7.903342285156250000e+02
2.450379028320312500e+02 6.835635986328125000e+02 8.326318359375000000e+02 4.507728271484375000e+02
8.246212768554687500e+02 8.764453735351562500e+02 7.534681396484375000e+02 7.629669189453125000e+02
1.139055297851562500e+03 8.080332031250000000e+02 1.052650512695312500e+03 8.480625610351562500e+02
1.114358398437500000e+03 8.368119506835937500e+02 9.885479736328125000e+02 8.634215698242187500e+02
1.120836791992187500e+03 9.252980346679687500e+02 8.721258544921875000e+02 9.475502929687500000e+02
1.060591064453125000e+03 4.995255126953125000e+02 9.116190795898437500e+02 4.655651855468750000e+02
1.425794219970703125e+02 7.472807617187500000e+02 7.931302490234375000e+02 4.770559387207031250e+02
1.150168823242187500e+03 5.714091186523437500e+02 1.799493896484375000e+03 5.615037231445312500e+02
1.053545898437500000e+03 1.028625854492187500e+03 7.078984375000000000e+02 9.943643798828125000e+02
1.077592285156250000e+03 7.189992065429687500e+02 9.661164550781250000e+02 7.188414916992187500e+02
1.227484985351562500e+03 7.632230834960937500e+02 6.091848754882812500e+02 8.433820190429687500e+02
1.158702758789062500e+03 8.473831176757812500e+02 1.004306579589843750e+03 8.949796752929687500e+02
1.312223999023437500e+03 8.654883422851562500e+02 1.128972656250000000e+03 1.018511291503906250e+03
