8.181369018554687500e+02 9.617276000976562500e+02 1.243583496093750000e+03 7.339305419921875000e+02
7.762171630859375000e+02 9.792682495117187500e+02 1.280158813476562500e+03 7.427115478515625000e+02
7.734182739257812500e+02 9.583507690429687500e+02 1.272519653320312500e+03 7.545640869140625000e+02
7.723354492187500000e+02 9.434404907226562500e+02 1.266652465820312500e+03 7.634713745117187500e+02
7.939466552734375000e+02 9.855250854492187500e+02 1.270645629882812500e+03 7.319639282226562500e+02
7.836641235351562500e+02 9.704701538085937500e+02 1.271113525390625000e+03 7.435689086914062500e+02
8.066125488281250000e+02 8.996283569335937500e+02 1.218639160156250000e+03 7.749124145507812500e+02
6.612467041015625000e+02 9.312523803710937500e+02 1.350767333984375000e+03 8.293332519531250000e+02
7.533664550781250000e+02 8.499515991210937500e+02 1.226513793945312500e+03 8.479888916015625000e+02
6.997256469726562500e+02 1.060684570312500000e+03 1.091031738281250000e+03 8.775576782226562500e+02
7.073576660156250000e+02 9.297498168945312500e+02 1.310211669921875000e+03 8.051304931640625000e+02
7.153115234375000000e+02 9.225238037109375000e+02 1.301290283203125000e+03 8.060147705078125000e+02
6.730222167968750000e+02 9.481845703125000000e+02 1.345286621093750000e+03 8.085234985351562500e+02
6.920308227539062500e+02 9.337158203125000000e+02 1.325007568359375000e+03 8.099319458007812500e+02
6.920308227539062500e+02 9.337158203125000000e+02 1.325007568359375000e+03 8.099319458007812500e+02
7.502859497070312500e+02 8.791477050781250000e+02 1.249059204101562500e+03 8.222013549804687500e+02
6.746864624023437500e+02 9.267047119140625000e+02 1.335768432617187500e+03 8.241523437500000000e+02
6.746864624023437500e+02 9.267047119140625000e+02 1.335768432617187500e+03 8.241523437500000000e+02
7.492863769531250000e+02 8.712863159179687500e+02 1.244682128906250000e+03 8.297276000976562500e+02
7.492863769531250000e+02 8.712863159179687500e+02 1.244682128906250000e+03 8.297276000976562500e+02
7.565432128906250000e+02 8.650268554687500000e+02 1.234561401367187500e+03 8.309691162109375000e+02
7.676030273437500000e+02 8.457523193359375000e+02 1.210628173828125000e+03 8.428521118164062500e+02
7.676030273437500000e+02 8.457523193359375000e+02 1.210628173828125000e+03 8.428521118164062500e+02
6.783249511718750000e+02 8.992221069335937500e+02 1.323465209960937500e+03 8.483362426757812500e+02
7.524693603515625000e+02 8.334857788085937500e+02 1.214102172851562500e+03 8.668964843750000000e+02
7.524693603515625000e+02 8.334857788085937500e+02 1.214102172851562500e+03 8.668964843750000000e+02
7.392987670898437500e+02 8.367736206054687500e+02 1.229661376953125000e+03 8.728784790039062500e+02
7.392987670898437500e+02 8.367736206054687500e+02 1.229661376953125000e+03 8.728784790039062500e+02
6.716739501953125000e+02 8.296591186523437500e+02 1.293839477539062500e+03 9.386604614257812500e+02
6.716739501953125000e+02 8.296591186523437500e+02 1.293839477539062500e+03 9.386604614257812500e+02
7.329472045898437500e+02 7.762506103515625000e+02 1.177630249023437500e+03 9.692306518554687500e+02
9.195633544921875000e+02 1.005828491210937500e+03 1.056273071289062500e+03 1.013283813476562500e+03
9.238621215820312500e+02 1.018169311523437500e+03 1.048895629882812500e+03 1.026576904296875000e+03
7.703043212890625000e+02 9.724517211914062500e+02 1.279928100585937500e+03 7.486348266601562500e+02
7.540195312500000000e+02 9.701757202148437500e+02 1.291346679687500000e+03 7.559643554687500000e+02
7.540195312500000000e+02 9.701757202148437500e+02 1.291346679687500000e+03 7.559643554687500000e+02
7.740899047851562500e+02 9.506735839843750000e+02 1.267953491210937500e+03 7.582730102539062500e+02
7.367470092773437500e+02 9.737958984375000000e+02 1.304962036132812500e+03 7.609797973632812500e+02
7.271730346679687500e+02 9.192924194335937500e+02 1.289590820312500000e+03 8.024180908203125000e+02
6.633587036132812500e+02 9.222313232421875000e+02 1.347021850585937500e+03 8.370680541992187500e+02
6.648394165039062500e+02 9.111658935546875000e+02 1.340463134765625000e+03 8.453674316406250000e+02
6.589880981445312500e+02 8.405519409179687500e+02 1.316376953125000000e+03 9.356804199218750000e+02
6.846762695312500000e+02 8.127626342773437500e+02 1.267114624023437500e+03 9.540374145507812500e+02
6.846762695312500000e+02 8.127626342773437500e+02 1.267114624023437500e+03 9.540374145507812500e+02
9.142834472656250000e+02 1.013953613281250000e+03 1.045788208007812500e+03 1.015590393066406250e+03
9.142834472656250000e+02 1.013953613281250000e+03 1.045788208007812500e+03 1.015590393066406250e+03
6.980627441406250000e+02 9.447224121093750000e+02 1.323242919921875000e+03 7.987578735351562500e+02
6.884170532226562500e+02 9.219722900390625000e+02 1.322399902343750000e+03 8.213116455078125000e+02
7.383761596679687500e+02 8.737619018554687500e+02 1.255752563476562500e+03 8.337606201171875000e+02
7.431976318359375000e+02 8.474050903320312500e+02 1.232422851562500000e+03 8.597077636718750000e+02
7.299771118164062500e+02 8.479310913085937500e+02 1.246019775390625000e+03 8.672507934570312500e+02
7.299771118164062500e+02 8.479310913085937500e+02 1.246019775390625000e+03 8.672507934570312500e+02
6.948335571289062500e+02 8.248297729492187500e+02 1.263953125000000000e+03 9.251013183593750000e+02
7.078333129882812500e+02 8.142739868164062500e+02 1.241995971679687500e+03 9.290217285156250000e+02
6.819270019531250000e+02 8.265825195312500000e+02 1.280023193359375000e+03 9.329216918945312500e+02
6.867104492187500000e+02 8.191836547851562500e+02 1.269775024414062500e+03 9.414780273437500000e+02
6.946224365234375000e+02 8.098231201171875000e+02 1.252776367187500000e+03 9.477414550781250000e+02
6.744364013671875000e+02 8.154187622070312500e+02 1.281578491210937500e+03 9.589319458007812500e+02
6.558446044921875000e+02 8.228128051757812500e+02 1.307708862304687500e+03 9.665738525390625000e+02
6.558446044921875000e+02 8.228128051757812500e+02 1.307708862304687500e+03 9.665738525390625000e+02
7.680285034179687500e+02 8.580626831054687500e+02 1.219191284179687500e+03 8.311450195312500000e+02
7.568594970703125000e+02 8.446625366210937500e+02 1.218823364257812500e+03 8.506060791015625000e+02
7.448010253906250000e+02 8.272547607421875000e+02 1.216438842773437500e+03 8.802394409179687500e+02
6.669494018554687500e+02 8.233729858398437500e+02 1.294861206054687500e+03 9.525327758789062500e+02
6.999522705078125000e+02 9.139660034179687500e+02 1.310864501953125000e+03 8.216943359375000000e+02
7.306421508789062500e+02 8.581211547851562500e+02 1.253387084960937500e+03 8.552356567382812500e+02
7.306421508789062500e+02 8.581211547851562500e+02 1.253387084960937500e+03 8.552356567382812500e+02
7.085236816406250000e+02 8.597944335937500000e+02 1.273894409179687500e+03 8.688365478515625000e+02
6.451166992187500000e+02 8.405667724609375000e+02 1.328598632812500000e+03 9.473170166015625000e+02
6.276274414062500000e+02 9.786506347656250000e+02 1.391776245117187500e+03 8.119609375000000000e+02
