7.624651489257812500e+02 9.706920166015625000e+02 1.273992553710937500e+03 8.306394653320312500e+02
1.214755004882812500e+03 1.039876953125000000e+03 1.103870361328125000e+03 9.051119995117187500e+02
1.214755004882812500e+03 1.039876953125000000e+03 1.103870361328125000e+03 9.051119995117187500e+02
7.001396484375000000e+02 9.356766967773437500e+02 1.269588745117187500e+03 9.060985717773437500e+02
8.938274536132812500e+02 1.004602478027343750e+03 1.244694946289062500e+03 7.356527099609375000e+02
7.914496459960937500e+02 9.757811279296875000e+02 1.263286987304687500e+03 8.072918701171875000e+02
6.997256469726562500e+02 1.060684570312500000e+03 1.385092285156250000e+03 8.286378784179687500e+02
7.734182739257812500e+02 9.583507690429687500e+02 1.255966918945312500e+03 8.294187011718750000e+02
7.657384033203125000e+02 9.637704467773437500e+02 1.265425781250000000e+03 8.322401123046875000e+02
5.983828735351562500e+02 1.032564575195312500e+03 1.430656982421875000e+03 9.232008666992187500e+02
6.003605346679687500e+02 1.019349670410156250e+03 1.419262695312500000e+03 9.320833129882812500e+02
6.003605346679687500e+02 1.019349670410156250e+03 1.419262695312500000e+03 9.320833129882812500e+02
5.808519897460937500e+02 1.031418823242187500e+03 1.443062744140625000e+03 9.407692260742187500e+02
9.243706054687500000e+02 9.976389770507812500e+02 1.225881103515625000e+03 7.217694091796875000e+02
7.836641235351562500e+02 9.704701538085937500e+02 1.262611450195312500e+03 8.153864135742187500e+02
7.597042236328125000e+02 9.962605590820312500e+02 1.301143188476562500e+03 8.194266357421875000e+02
7.423913574218750000e+02 9.879930419921875000e+02 1.302932373046875000e+03 8.360939331054687500e+02
5.757925415039062500e+02 1.038697753906250000e+03 1.452341552734375000e+03 9.390353393554687500e+02
6.010524902343750000e+02 1.006469238281250000e+03 1.408279785156250000e+03 9.421701049804687500e+02
6.010524902343750000e+02 1.006469238281250000e+03 1.408279785156250000e+03 9.421701049804687500e+02
5.774271850585937500e+02 1.025211303710937500e+03 1.440975097656250000e+03 9.487361450195312500e+02
5.544413452148437500e+02 1.045512939453125000e+03 1.473912841796875000e+03 9.543681640625000000e+02
5.471079711914062500e+02 1.052468017578125000e+03 1.484038818359375000e+03 9.542530517578125000e+02
5.621478271484375000e+02 1.016861877441406250e+03 1.446257446289062500e+03 9.709182128906250000e+02
1.161333129882812500e+03 7.707745361328125000e+02 8.622205810546875000e+02 6.858192749023437500e+02
8.319162597656250000e+02 1.037875976562500000e+03 1.299953613281250000e+03 7.583019409179687500e+02
8.207419433593750000e+02 8.967608642578125000e+02 1.159969360351562500e+03 8.255658569335937500e+02
7.153115234375000000e+02 9.225238037109375000e+02 1.245481933593750000e+03 9.011493530273437500e+02
7.073576660156250000e+02 9.297498168945312500e+02 1.259392456054687500e+03 9.030257568359375000e+02
6.747222900390625000e+02 9.596914062500000000e+02 1.312790893554687500e+03 9.103684082031250000e+02
6.747222900390625000e+02 9.596914062500000000e+02 1.312790893554687500e+03 9.103684082031250000e+02
6.920308227539062500e+02 9.337158203125000000e+02 1.273155517578125000e+03 9.147659301757812500e+02
6.920308227539062500e+02 9.337158203125000000e+02 1.273155517578125000e+03 9.147659301757812500e+02
6.840252685546875000e+02 9.404986572265625000e+02 1.285718505859375000e+03 9.168619995117187500e+02
6.596714477539062500e+02 9.522225341796875000e+02 1.314445922851562500e+03 9.307823486328125000e+02
6.596714477539062500e+02 9.522225341796875000e+02 1.314445922851562500e+03 9.307823486328125000e+02
5.635404052734375000e+02 1.049347290039062500e+03 1.467946411132812500e+03 9.417194213867187500e+02
5.635404052734375000e+02 1.049347290039062500e+03 1.467946411132812500e+03 9.417194213867187500e+02
6.612467041015625000e+02 9.312523803710937500e+02 1.289186279296875000e+03 9.481262817382812500e+02
6.521257324218750000e+02 9.388372802734375000e+02 1.304226928710937500e+03 9.503786010742187500e+02
8.680596313476562500e+02 1.050944824218750000e+03 1.293629394531250000e+03 7.355712890625000000e+02
8.315563964843750000e+02 9.080336303710937500e+02 1.170386108398437500e+03 8.163812866210937500e+02
7.703043212890625000e+02 9.724517211914062500e+02 1.276524291992187500e+03 8.218481445312500000e+02
7.703043212890625000e+02 9.724517211914062500e+02 1.276524291992187500e+03 8.218481445312500000e+02
7.466846313476562500e+02 1.000065551757812500e+03 1.310921997070312500e+03 8.275128173828125000e+02
8.117738037109375000e+02 9.086657714843750000e+02 1.180752685546875000e+03 8.281999511718750000e+02
7.540195312500000000e+02 9.701757202148437500e+02 1.278125976562500000e+03 8.371226806640625000e+02
7.540195312500000000e+02 9.701757202148437500e+02 1.278125976562500000e+03 8.371226806640625000e+02
6.847060546875000000e+02 1.051136352539062500e+03 1.388134033203125000e+03 8.433407592773437500e+02
6.743030395507812500e+02 9.695296020507812500e+02 1.323033447265625000e+03 9.034175415039062500e+02
6.730222167968750000e+02 9.481845703125000000e+02 1.302371337890625000e+03 9.201724853515625000e+02
6.746864624023437500e+02 9.267047119140625000e+02 1.275097045898437500e+03 9.378902587890625000e+02
6.746864624023437500e+02 9.267047119140625000e+02 1.275097045898437500e+03 9.378902587890625000e+02
7.367470092773437500e+02 9.737958984375000000e+02 1.292383056640625000e+03 8.483442993164062500e+02
6.761939697265625000e+02 1.036068115234375000e+03 1.382630004882812500e+03 8.580633544921875000e+02
6.980627441406250000e+02 9.447224121093750000e+02 1.279781982421875000e+03 9.000023803710937500e+02
7.383761596679687500e+02 8.737619018554687500e+02 1.166527465820312500e+03 9.218466796875000000e+02
5.896433105468750000e+02 1.032965454101562500e+03 1.437665527343750000e+03 9.309226074218750000e+02
6.633587036132812500e+02 9.222313232421875000e+02 1.277465454101562500e+03 9.542485961914062500e+02
5.614731445312500000e+02 1.033369506835937500e+03 1.458952514648437500e+03 9.571366577148437500e+02
6.648394165039062500e+02 9.111658935546875000e+02 1.263097167968750000e+03 9.636429443359375000e+02
6.407570190429687500e+02 9.321271972656250000e+02 1.305810913085937500e+03 9.696958618164062500e+02
5.326431274414062500e+02 1.046797973632812500e+03 1.492051391601562500e+03 9.743189697265625000e+02
7.781448974609375000e+02 1.007916564941406250e+03 1.300915771484375000e+03 8.019675903320312500e+02
7.257772827148437500e+02 9.879581298828125000e+02 1.310206665039062500e+03 8.487990722656250000e+02
7.257772827148437500e+02 9.879581298828125000e+02 1.310206665039062500e+03 8.487990722656250000e+02
7.653063354492187500e+02 8.336813354492187500e+02 1.085888793945312500e+03 9.216157226562500000e+02
6.686882324218750000e+02 9.397153930664062500e+02 1.293562133789062500e+03 9.340711059570312500e+02
7.306421508789062500e+02 8.581211547851562500e+02 1.147840454101562500e+03 9.413603515625000000e+02
5.891726074218750000e+02 1.012662780761718750e+03 1.420884521484375000e+03 9.483623657226562500e+02
5.891726074218750000e+02 1.012662780761718750e+03 1.420884521484375000e+03 9.483623657226562500e+02
5.369420776367187500e+02 1.025355957031250000e+03 1.473171264648437500e+03 9.880456542968750000e+02
6.335800170898437500e+02 1.040856811523437500e+03 1.412165405273437500e+03 8.892708740234375000e+02
6.161205444335937500e+02 1.013383544921875000e+03 1.403388671875000000e+03 9.224469604492187500e+02
6.161205444335937500e+02 1.013383544921875000e+03 1.403388671875000000e+03 9.224469604492187500e+02
6.344330444335937500e+02 9.448522949218750000e+02 1.323592773437500000e+03 9.648261108398437500e+02
6.344330444335937500e+02 9.448522949218750000e+02 1.323592773437500000e+03 9.648261108398437500e+02
6.276274414062500000e+02 9.786506347656250000e+02 1.363232177734375000e+03 9.434967651367187500e+02
6.276274414062500000e+02 9.786506347656250000e+02 1.363232177734375000e+03 9.434967651367187500e+02
8.675186767578125000e+02 9.447764282226562500e+02 1.202510864257812500e+03 7.737300415039062500e+02
7.654010009765625000e+02 9.069968872070312500e+02 1.196697021484375000e+03 8.745791625976562500e+02
