3.379896545410156250e+02 7.301085815429687500e+02 6.930838623046875000e+02 2.922089843750000000e+02
9.643661499023437500e+02 6.991311645507812500e+02 8.031123046875000000e+02 6.146030883789062500e+02
1.132863403320312500e+03 8.256287231445312500e+02 1.092699951171875000e+03 7.596369628906250000e+02
9.664058837890625000e+02 9.110866699218750000e+02 7.276959838867187500e+02 7.952391967773437500e+02
3.562213745117187500e+02 6.497912597656250000e+02 7.278597412109375000e+02 2.229337768554687500e+02
3.764827270507812500e+02 6.774121093750000000e+02 7.313177490234375000e+02 2.566464538574218750e+02
5.578009033203125000e+02 6.305543823242187500e+02 8.773870239257812500e+02 2.640143127441406250e+02
5.153212890625000000e+02 6.512528076171875000e+02 8.318179321289062500e+02 2.737802734375000000e+02
7.781253051757812500e+02 5.785997924804687500e+02 1.086584472656250000e+03 2.830946960449218750e+02
3.203633117675781250e+02 7.914851074218750000e+02 6.790728149414062500e+02 3.359030151367187500e+02
6.521257324218750000e+02 9.388372802734375000e+02 5.153870239257812500e+02 6.709426879882812500e+02
5.731973876953125000e+02 1.010936035156250000e+03 4.215020751953125000e+02 6.990029907226562500e+02
8.710159301757812500e+02 8.889741210937500000e+02 6.876433105468750000e+02 7.244785766601562500e+02
8.660444946289062500e+02 8.941919555664062500e+02 6.773779907226562500e+02 7.278920288085937500e+02
7.836641235351562500e+02 9.704701538085937500e+02 5.599964599609375000e+02 7.599797973632812500e+02
9.276170654296875000e+02 9.146534423828125000e+02 6.971497802734375000e+02 7.789085083007812500e+02
1.112684082031250000e+03 8.235509033203125000e+02 9.356248168945312500e+02 7.847977905273437500e+02
1.120876953125000000e+03 4.126654663085937500e+02 1.595051147460937500e+03 2.070507812500000000e+02
3.669267272949218750e+02 6.693029174804687500e+02 7.202880249023437500e+02 2.471604614257812500e+02
5.010934753417968750e+02 6.462667236328125000e+02 8.221790771484375000e+02 2.639016113281250000e+02
5.469229125976562500e+02 6.420161743164062500e+02 8.627256469726562500e+02 2.727580261230468750e+02
5.181242675781250000e+02 6.705618896484375000e+02 8.313805541992187500e+02 2.929221801757812500e+02
3.625182800292968750e+02 7.255159912109375000e+02 7.123320312500000000e+02 2.947178649902343750e+02
1.150168823242187500e+03 5.714091186523437500e+02 1.524266845703125000e+03 4.303991088867187500e+02
8.347373657226562500e+02 8.919014282226562500e+02 6.607219238281250000e+02 7.087996215820312500e+02
5.614731445312500000e+02 1.033369506835937500e+03 3.989593811035156250e+02 7.145323486328125000e+02
9.161105346679687500e+02 9.170209350585937500e+02 6.841878662109375000e+02 7.765670776367187500e+02
1.065444213867187500e+03 1.004481079101562500e+03 6.958624267578125000e+02 9.392477416992187500e+02
1.075810302734375000e+03 1.009346862792968750e+03 6.976618652343750000e+02 9.503385009765625000e+02
1.075810302734375000e+03 1.009346862792968750e+03 6.976618652343750000e+02 9.503385009765625000e+02
1.067654785156250000e+03 1.023755737304687500e+03 6.827256469726562500e+02 9.571199951171875000e+02
5.338536453247070312e+01 6.319263916015625000e+02 5.227714233398437500e+02 1.362534179687500000e+02
3.824733886718750000e+02 6.895240478515625000e+02 7.348242187500000000e+02 2.678581848144531250e+02
5.507596435546875000e+02 6.539108276367187500e+02 8.668933105468750000e+02 2.846010437011718750e+02
7.830730590820312500e+02 5.916340942382812500e+02 1.088894897460937500e+03 2.955906982421875000e+02
4.334903259277343750e+02 7.113884277343750000e+02 7.731375122070312500e+02 2.986230468750000000e+02
5.343914184570312500e+02 6.731957397460937500e+02 8.457395629882812500e+02 2.983434448242187500e+02
3.107900085449218750e+02 7.531378173828125000e+02 6.737894897460937500e+02 3.032326354980468750e+02
8.246212768554687500e+02 8.764453735351562500e+02 6.651278686523437500e+02 6.922212524414062500e+02
6.980627441406250000e+02 9.447224121093750000e+02 5.380133056640625000e+02 6.958281860351562500e+02
8.431113891601562500e+02 8.830236206054687500e+02 6.777987670898437500e+02 7.062231445312500000e+02
8.433947143554687500e+02 9.005941162109375000e+02 6.578211669921875000e+02 7.223154907226562500e+02
8.433947143554687500e+02 9.005941162109375000e+02 6.578211669921875000e+02 7.223154907226562500e+02
8.833259887695312500e+02 8.834727783203125000e+02 7.008418579101562500e+02 7.251359863281250000e+02
7.540195312500000000e+02 9.701757202148437500e+02 5.436060180664062500e+02 7.464476928710937500e+02
1.009452392578125000e+03 8.520621948242187500e+02 8.169400634765625000e+02 7.618110961914062500e+02
1.191507202148437500e+03 7.798067626953125000e+02 1.059119018554687500e+03 7.840183715820312500e+02
6.847060546875000000e+02 1.051136352539062500e+03 4.431863708496093750e+02 7.862396850585937500e+02
1.139055297851562500e+03 8.080332031250000000e+02 9.736388549804687500e+02 7.868509521484375000e+02
1.139055297851562500e+03 8.080332031250000000e+02 9.736388549804687500e+02 7.868509521484375000e+02
1.114358398437500000e+03 8.368119506835937500e+02 9.166265258789062500e+02 8.026588134765625000e+02
1.126192749023437500e+03 8.327304687500000000e+02 9.365100708007812500e+02 8.039938354492187500e+02
1.255103637695312500e+03 9.748596191406250000e+02 8.630905761718750000e+02 1.029183227539062500e+03
2.776251220703125000e+02 6.819291992187500000e+02 6.639868164062500000e+02 2.352797851562500000e+02
1.156215332031250000e+03 4.411959228515625000e+02 1.630388427734375000e+03 2.643338012695312500e+02
5.530380859375000000e+02 6.683759765625000000e+02 8.663674926757812500e+02 3.002698669433593750e+02
1.302130615234375000e+03 5.393681640625000000e+02 1.728099121093750000e+03 4.866409301757812500e+02
1.302130615234375000e+03 5.393681640625000000e+02 1.728099121093750000e+03 4.866409301757812500e+02
1.138212646484375000e+03 4.825048522949218750e+02 2.016319274902343750e+02 7.191263427734375000e+02
9.848953857421875000e+02 8.655642089843750000e+02 7.851976928710937500e+02 7.571063232421875000e+02
1.317296630859375000e+03 8.083666992187500000e+02 1.140228149414062500e+03 9.002720336914062500e+02
1.053545898437500000e+03 1.028625854492187500e+03 6.662482910156250000e+02 9.526112060546875000e+02
1.425794219970703125e+02 7.472807617187500000e+02 5.876209106445312500e+02 2.480840301513671875e+02
5.311444702148437500e+02 6.187470092773437500e+02 8.612420654296875000e+02 2.424997406005859375e+02
1.158702758789062500e+03 8.473831176757812500e+02 9.364766235351562500e+02 8.365258178710937500e+02
5.323596801757812500e+02 6.510560302734375000e+02 8.475155639648437500e+02 2.786303405761718750e+02
3.558294982910156250e+02 6.912684326171875000e+02 7.103099365234375000e+02 2.641168823242187500e+02
1.076966796875000000e+03 8.516755981445312500e+02 8.721026611328125000e+02 7.948273925781250000e+02
