1.127144531250000000e+03 9.391984863281250000e+02 1.197958007812500000e+03 5.393188476562500000e+02
1.079276855468750000e+03 9.148111572265625000e+02 1.224601806640625000e+03 6.854790039062500000e+02
1.166140380859375000e+03 1.054213745117187500e+03 1.131854125976562500e+03 7.035541992187500000e+02
1.166140380859375000e+03 1.054213745117187500e+03 1.131854125976562500e+03 7.035541992187500000e+02
1.275967163085937500e+03 9.615512084960937500e+02 1.125348510742187500e+03 7.181328735351562500e+02
1.273157226562500000e+03 9.529150390625000000e+02 1.126152954101562500e+03 7.251950683593750000e+02
6.003605346679687500e+02 1.019349670410156250e+03 1.039636962890625000e+03 7.712042846679687500e+02
1.079763793945312500e+03 9.072199096679687500e+02 1.223401611328125000e+03 6.782876586914062500e+02
1.073104980468750000e+03 9.213452758789062500e+02 1.220232666015625000e+03 6.908624877929687500e+02
1.278464355468750000e+03 9.459928588867187500e+02 1.220232666015625000e+03 6.908624877929687500e+02
1.241311889648437500e+03 9.382637329101562500e+02 8.009685668945312500e+02 4.883624877929687500e+02
7.636939697265625000e+02 7.356788940429687500e+02 7.368448486328125000e+02 7.930628662109375000e+02
1.272773681640625000e+03 9.923158569335937500e+02 1.292164306640625000e+03 6.433217773437500000e+02
1.272773681640625000e+03 9.923158569335937500e+02 1.292164306640625000e+03 6.433217773437500000e+02
1.213835205078125000e+03 9.255460205078125000e+02 8.573034057617187500e+02 7.117467651367187500e+02
9.012233276367187500e+02 8.990961303710937500e+02 9.623326416015625000e+02 6.402544555664062500e+02
