1.772281494140625000e+03 8.453217315673828125e+01 9.465874633789062500e+02 2.256585540771484375e+02
9.106345214843750000e+02 1.000413513183593750e+03 1.146531616210937500e+03 5.261816406250000000e+02
7.597042236328125000e+02 9.962605590820312500e+02 1.211520141601562500e+03 5.958906250000000000e+02
6.929276123046875000e+02 1.040792846679687500e+03 1.270928710937500000e+03 6.090170288085937500e+02
5.635404052734375000e+02 1.049347290039062500e+03 1.343792358398437500e+03 6.743375244140625000e+02
5.635404052734375000e+02 1.049347290039062500e+03 1.343792358398437500e+03 6.743375244140625000e+02
1.112684082031250000e+03 8.235509033203125000e+02 1.000189331054687500e+03 4.940663757324218750e+02
8.319162597656250000e+02 1.037875976562500000e+03 1.203292236328125000e+03 5.441732177734375000e+02
7.963859252929687500e+02 9.685247802734375000e+02 1.173586059570312500e+03 5.925435180664062500e+02
7.466846313476562500e+02 1.000065551757812500e+03 1.219250000000000000e+03 6.000764160156250000e+02
7.423913574218750000e+02 9.879930419921875000e+02 1.214291015625000000e+03 6.099334716796875000e+02
8.066125488281250000e+02 8.996283569335937500e+02 1.111867919921875000e+03 6.237376708984375000e+02
6.747222900390625000e+02 9.596914062500000000e+02 1.230168457031250000e+03 6.672337036132812500e+02
7.524693603515625000e+02 8.334857788085937500e+02 1.062726440429687500e+03 7.177306518554687500e+02
8.680596313476562500e+02 1.050944824218750000e+03 1.196117919921875000e+03 5.255226440429687500e+02
8.765432128906250000e+02 1.031486694335937500e+03 1.181440063476562500e+03 5.286910400390625000e+02
7.703043212890625000e+02 9.724517211914062500e+02 1.189991455078125000e+03 6.024654541015625000e+02
7.540195312500000000e+02 9.701757202148437500e+02 1.196181518554687500e+03 6.131579589843750000e+02
7.540195312500000000e+02 9.701757202148437500e+02 1.196181518554687500e+03 6.131579589843750000e+02
6.761939697265625000e+02 1.036068115234375000e+03 1.277720703125000000e+03 6.195949096679687500e+02
7.367470092773437500e+02 9.737958984375000000e+02 1.207591430664062500e+03 6.202802734375000000e+02
6.746864624023437500e+02 9.267047119140625000e+02 1.206509033203125000e+03 6.926704101562500000e+02
5.731973876953125000e+02 1.010936035156250000e+03 1.322241699218750000e+03 6.977462158203125000e+02
6.648394165039062500e+02 9.111658935546875000e+02 1.198153564453125000e+03 7.131469116210937500e+02
6.980627441406250000e+02 9.447224121093750000e+02 1.205951660156250000e+03 6.628566284179687500e+02
5.614731445312500000e+02 1.033369506835937500e+03 1.340732666015625000e+03 6.867307128906250000e+02
6.633587036132812500e+02 9.222313232421875000e+02 1.209815429687500000e+03 7.037118530273437500e+02
6.407570190429687500e+02 9.321271972656250000e+02 1.233274291992187500e+03 7.117710571289062500e+02
7.299771118164062500e+02 8.479310913085937500e+02 1.094282348632812500e+03 7.219766845703125000e+02
7.781448974609375000e+02 1.007916564941406250e+03 1.210143920898437500e+03 5.822716064453125000e+02
5.891726074218750000e+02 1.012662780761718750e+03 1.312760131835937500e+03 6.833875122070312500e+02
6.686882324218750000e+02 9.397153930664062500e+02 1.219668579101562500e+03 6.865927124023437500e+02
7.653063354492187500e+02 8.336813354492187500e+02 1.056834228515625000e+03 7.026806640625000000e+02
5.104016113281250000e+02 1.046880859375000000e+03 1.375401123046875000e+03 7.097089233398437500e+02
6.669494018554687500e+02 8.233729858398437500e+02 1.100341918945312500e+03 8.118444213867187500e+02
9.012233276367187500e+02 8.990961303710937500e+02 1.085941528320312500e+03 5.685976562500000000e+02
6.161205444335937500e+02 1.013383544921875000e+03 1.299462768554687500e+03 6.668754272460937500e+02
6.161205444335937500e+02 1.013383544921875000e+03 1.299462768554687500e+03 6.668754272460937500e+02
7.680285034179687500e+02 8.580626831054687500e+02 1.083613037109375000e+03 6.821058349609375000e+02
7.306421508789062500e+02 8.581211547851562500e+02 1.108054077148437500e+03 7.100531005859375000e+02
7.306421508789062500e+02 8.581211547851562500e+02 1.108054077148437500e+03 7.100531005859375000e+02
6.344330444335937500e+02 9.448522949218750000e+02 1.243509155273437500e+03 7.071202392578125000e+02
6.344330444335937500e+02 9.448522949218750000e+02 1.243509155273437500e+03 7.071202392578125000e+02
5.771119995117187500e+02 9.922155761718750000e+02 1.312108886718750000e+03 7.083223266601562500e+02
6.335800170898437500e+02 1.040856811523437500e+03 1.300856811523437500e+03 6.401865234375000000e+02
6.276274414062500000e+02 9.786506347656250000e+02 1.270696044921875000e+03 6.862363891601562500e+02
7.654010009765625000e+02 9.069968872070312500e+02 1.135206787109375000e+03 6.497662963867187500e+02
