4.067938537597656250e+02 3.625265502929687500e+02 6.113052978515625000e+02 6.789183349609375000e+02
2.123105468750000000e+02 3.407407531738281250e+02 4.618345642089843750e+02 6.814375610351562500e+02
1.091068847656250000e+03 4.545074462890625000e+02 1.252495605468750000e+03 7.051442871093750000e+02
1.070807128906250000e+03 4.597519226074218750e+02 1.236516479492187500e+03 7.108016967773437500e+02
1.060363647460937500e+03 6.239544067382812500e+02 1.198765380859375000e+03 8.326859741210937500e+02
9.433999633789062500e+02 3.032967224121093750e+02 1.086301391601562500e+03 5.790369873046875000e+02
1.089039672851562500e+03 3.395989685058593750e+02 1.236159301757812500e+03 5.911406250000000000e+02
8.611272583007812500e+02 4.809315795898437500e+02 9.369512329101562500e+02 6.368200073242187500e+02
4.423261413574218750e+02 3.385258483886718750e+02 6.435944213867187500e+02 6.577818603515625000e+02
1.072924072265625000e+03 4.351784973144531250e+02 1.234359130859375000e+03 6.892672119140625000e+02
9.287711791992187500e+02 7.912859497070312500e+02 1.054227050781250000e+03 1.009617187500000000e+03
1.278380859375000000e+03 1.333842620849609375e+02 1.387347045898437500e+03 3.742115783691406250e+02
1.060154541015625000e+03 1.691128692626953125e+02 1.187144775390625000e+03 4.446863098144531250e+02
1.134537231445312500e+03 2.426732025146484375e+02 1.265674926757812500e+03 4.963428649902343750e+02
1.026624755859375000e+03 2.704989624023437500e+02 1.166242919921875000e+03 5.374185180664062500e+02
1.072289672851562500e+03 2.860241394042968750e+02 1.208863403320312500e+03 5.440339355468750000e+02
1.030254638671875000e+03 2.947875366210937500e+02 1.174099365234375000e+03 5.568428344726562500e+02
9.811171875000000000e+02 3.259520568847656250e+02 1.126010864257812500e+03 5.897606201171875000e+02
9.810227050781250000e+02 3.590220947265625000e+02 1.128442871093750000e+03 6.242714233398437500e+02
1.098406616210937500e+03 3.834864501953125000e+02 1.252156005859375000e+03 6.329574584960937500e+02
5.555532836914062500e+02 3.473912658691406250e+02 7.363469238281250000e+02 6.488040771484375000e+02
4.445079345703125000e+02 3.544763793945312500e+02 6.455040893554687500e+02 6.687983398437500000e+02
4.503755798339843750e+02 3.670766906738281250e+02 6.483612060546875000e+02 6.827935791015625000e+02
2.264015045166015625e+02 4.115512390136718750e+02 4.608930358886718750e+02 7.385274047851562500e+02
6.452592163085937500e+02 5.741814575195312500e+02 7.758937377929687500e+02 8.049122314453125000e+02
5.184039916992187500e+02 7.371113281250000000e+02 6.379184570312500000e+02 9.667214965820312500e+02
1.082255615234375000e+03 1.311624908447265625e+02 1.199514160156250000e+03 4.077941284179687500e+02
1.126636596679687500e+03 2.763609619140625000e+02 1.264002197265625000e+03 5.275536499023437500e+02
3.298506774902343750e+02 3.260735778808593750e+02 5.546994018554687500e+02 6.600653076171875000e+02
1.408483886718750000e+02 3.532199096679687500e+02 4.090149841308593750e+02 6.965648803710937500e+02
4.102267150878906250e+02 3.840632629394531250e+02 6.116295166015625000e+02 7.012958374023437500e+02
4.307723388671875000e+02 3.853677368164062500e+02 6.294738159179687500e+02 7.010018920898437500e+02
4.307723388671875000e+02 3.853677368164062500e+02 6.294738159179687500e+02 7.010018920898437500e+02
1.739106597900390625e+02 3.852064514160156250e+02 4.263245849609375000e+02 7.203184204101562500e+02
1.046230957031250000e+03 6.551665039062500000e+02 1.186478271484375000e+03 8.635984497070312500e+02
5.643754272460937500e+02 7.111614990234375000e+02 6.783436279296875000e+02 9.356995239257812500e+02
5.478177490234375000e+02 7.380310668945312500e+02 6.677345581054687500e+02 9.659130859375000000e+02
5.478177490234375000e+02 7.380310668945312500e+02 6.677345581054687500e+02 9.659130859375000000e+02
1.249449951171875000e+03 1.042076416015625000e+02 1.354327026367187500e+03 3.582817077636718750e+02
1.057275268554687500e+03 2.067420196533203125e+02 1.189527465820312500e+03 4.781126403808593750e+02
1.052106323242187500e+03 2.543033752441406250e+02 1.190551879882812500e+03 5.219807128906250000e+02
9.770737915039062500e+02 2.657728271484375000e+02 1.115237426757812500e+03 5.400269165039062500e+02
1.121160522460937500e+03 3.024019775390625000e+02 1.263054443359375000e+03 5.524366455078125000e+02
9.661346435546875000e+02 3.285434570312500000e+02 1.112542236328125000e+03 5.969132690429687500e+02
8.875126342773437500e+02 4.794795227050781250e+02 9.645321655273437500e+02 6.367026977539062500e+02
1.060239868164062500e+03 4.340708923339843750e+02 1.220292114257812500e+03 6.889385986328125000e+02
4.524451293945312500e+02 3.836490783691406250e+02 6.495869140625000000e+02 6.970083007812500000e+02
3.252301635742187500e+02 4.044715270996093750e+02 5.427304077148437500e+02 7.299000244140625000e+02
1.849519195556640625e+02 4.346832275390625000e+02 4.290275573730468750e+02 7.644287719726562500e+02
1.058817749023437500e+03 6.642770996093750000e+02 1.201554321289062500e+03 8.747903442382812500e+02
1.028433105468750000e+03 6.968760986328125000e+02 1.164654541015625000e+03 9.043593750000000000e+02
1.051262451171875000e+03 7.106774902343750000e+02 1.194601440429687500e+03 9.161005249023437500e+02
1.098868286132812500e+03 7.315712280273437500e+02 1.254018798828125000e+03 9.407514038085937500e+02
1.032524780273437500e+03 7.347131958007812500e+02 1.171874511718750000e+03 9.452936401367187500e+02
1.104793457031250000e+03 7.463646240234375000e+02 1.259696289062500000e+03 9.569196166992187500e+02
1.120412597656250000e+03 7.651906127929687500e+02 1.275569702148437500e+03 9.752022705078125000e+02
5.540519409179687500e+02 7.562122802734375000e+02 6.643301391601562500e+02 9.825401000976562500e+02
8.122974243164062500e+02 8.082131958007812500e+02 9.223863525390625000e+02 1.028674926757812500e+03
1.304411254882812500e+03 1.129485397338867188e+02 1.412801147460937500e+03 3.528831481933593750e+02
1.057708129882812500e+03 2.531000366210937500e+02 1.193225341796875000e+03 5.194312133789062500e+02
1.099602294921875000e+03 3.175147399902343750e+02 1.247483276367187500e+03 5.695565185546875000e+02
4.284206542968750000e+02 3.239278869628906250e+02 6.344019165039062500e+02 6.461925048828125000e+02
1.079052734375000000e+03 3.929418945312500000e+02 1.235264770507812500e+03 6.468162231445312500e+02
1.029403305053710938e+02 3.480796203613281250e+02 3.803347473144531250e+02 6.962022705078125000e+02
1.153831787109375000e+03 4.642624511718750000e+02 1.333080200195312500e+03 7.148647460937500000e+02
2.005123901367187500e+02 4.175117492675781250e+02 4.425352172851562500e+02 7.463889160156250000e+02
1.157113403320312500e+03 6.997272949218750000e+02 1.319184936523437500e+03 9.050838012695312500e+02
9.332148437500000000e+02 7.653530273437500000e+02 1.059811523437500000e+03 9.803597412109375000e+02
9.332148437500000000e+02 7.653530273437500000e+02 1.059811523437500000e+03 9.803597412109375000e+02
9.776373291015625000e+02 7.940709838867187500e+02 1.110549682617187500e+03 1.008062316894531250e+03
7.693897705078125000e+02 7.998220825195312500e+02 8.764387817382812500e+02 1.022040405273437500e+03
1.278245971679687500e+03 9.683466339111328125e+01 1.381941894531250000e+03 3.470720825195312500e+02
6.727880249023437500e+02 3.143786315917968750e+02 8.384648437500000000e+02 6.097805175781250000e+02
5.138534545898437500e+02 3.454674377441406250e+02 7.040483398437500000e+02 6.619911499023437500e+02
1.026066894531250000e+03 6.328792724609375000e+02 1.163834228515625000e+03 8.405983886718750000e+02
1.157740966796875000e+03 6.570049438476562500e+02 1.318056884765625000e+03 8.617699584960937500e+02
8.864804687500000000e+02 6.818739013671875000e+02 9.923119506835937500e+02 8.714506225585937500e+02
1.212947387695312500e+03 7.232274780273437500e+02 1.395317749023437500e+03 9.354843750000000000e+02
8.770408325195312500e+02 7.576087646484375000e+02 9.931066284179687500e+02 9.750643310546875000e+02
9.453817749023437500e+02 8.058417968750000000e+02 1.071617065429687500e+03 1.025037231445312500e+03
1.079738281250000000e+03 3.601466064453125000e+02 1.228805175781250000e+03 6.125631713867187500e+02
1.222943481445312500e+03 5.299777221679687500e+02 1.420242187500000000e+03 7.759424438476562500e+02
1.247989135742187500e+03 5.935546264648437500e+02 1.468949951171875000e+03 8.485899047851562500e+02
1.065993774414062500e+03 7.328038330078125000e+02 1.212254760742187500e+03 9.437470703125000000e+02
1.065993774414062500e+03 7.328038330078125000e+02 1.212254760742187500e+03 9.437470703125000000e+02
4.852279968261718750e+02 7.871185913085937500e+02 6.000368041992187500e+02 1.016742431640625000e+03
4.852279968261718750e+02 7.871185913085937500e+02 6.000368041992187500e+02 1.016742431640625000e+03
8.992998046875000000e+02 8.288681030273437500e+02 1.019804077148437500e+03 1.051202026367187500e+03
2.285320281982421875e+02 3.773129272460937500e+02 4.708091125488281250e+02 7.099333496093750000e+02
1.123533935546875000e+03 7.739036865234375000e+02 1.279191162109375000e+03 9.854374389648437500e+02
1.086667236328125000e+03 7.035897216796875000e+02 1.234005126953125000e+03 9.130310668945312500e+02
1.026082763671875000e+03 7.156248779296875000e+02 1.159983886718750000e+03 9.268756103515625000e+02
9.747755126953125000e+02 7.452643432617187500e+02 1.103379394531250000e+03 9.576317749023437500e+02
4.479419860839843750e+02 7.615781250000000000e+02 5.723482055664062500e+02 9.931080932617187500e+02
1.083277465820312500e+03 2.685891723632812500e+02 1.220890625000000000e+03 5.209871826171875000e+02
1.031643432617187500e+03 7.758356933593750000e+02 1.178888305664062500e+03 9.924571533203125000e+02
1.058259277343750000e+03 3.739854736328125000e+02 1.204540527343750000e+03 6.270202636718750000e+02
