9.804683837890625000e+02 9.390271606445312500e+02 7.261532592773437500e+02 9.895457153320312500e+02
1.000659240722656250e+03 3.115607604980468750e+02 5.899171752929687500e+02 1.047696685791015625e+02
1.101293090820312500e+03 3.423934936523437500e+02 7.034924316406250000e+02 1.154820938110351562e+02
9.211271362304687500e+02 3.216990356445312500e+02 4.512779235839843750e+02 1.445524902343750000e+02
1.098406616210937500e+03 3.834864501953125000e+02 7.142828369140625000e+02 1.651522674560546875e+02
1.064627075195312500e+03 3.861453857421875000e+02 6.834739990234375000e+02 1.772988739013671875e+02
7.729245605468750000e+02 9.915482788085937500e+02 1.121341064453125000e+03 7.469484252929687500e+02
1.026624755859375000e+03 2.704989624023437500e+02 5.551670532226562500e+02 4.296824645996093750e+01
1.086651733398437500e+03 3.307221374511718750e+02 6.849483642578125000e+02 1.055512847900390625e+02
1.251585571289062500e+03 3.754603271484375000e+02 8.905784301757812500e+02 1.107903213500976562e+02
1.089039672851562500e+03 3.395989685058593750e+02 6.915716552734375000e+02 1.144881134033203125e+02
9.098936157226562500e+02 3.302024841308593750e+02 4.405772094726562500e+02 1.602904205322265625e+02
9.353585815429687500e+02 3.812598266601562500e+02 5.054767150878906250e+02 2.153733062744140625e+02
1.043706420898437500e+03 4.327855834960937500e+02 6.913190917968750000e+02 2.334817352294921875e+02
5.827339477539062500e+02 8.269592285156250000e+02 8.521452636718750000e+02 7.310731811523437500e+02
6.050861206054687500e+02 8.420878295898437500e+02 8.839522705078125000e+02 7.298250122070312500e+02
7.890047607421875000e+02 9.892169189453125000e+02 1.127914916992187500e+03 7.340974731445312500e+02
1.126636596679687500e+03 2.763609619140625000e+02 7.003534545898437500e+02 2.852920341491699219e+01
1.072289672851562500e+03 2.860241394042968750e+02 6.501129150390625000e+02 6.121361160278320312e+01
1.061189331054687500e+03 2.948550415039062500e+02 6.356856689453125000e+02 6.899657440185546875e+01
1.252730224609375000e+03 3.884562072753906250e+02 8.973273315429687500e+02 1.253624267578125000e+02
9.164271240234375000e+02 3.136639099121093750e+02 4.418037109375000000e+02 1.358602294921875000e+02
9.613584594726562500e+02 3.426573791503906250e+02 5.362659912109375000e+02 1.584141693115234375e+02
9.690619506835937500e+02 6.643947753906250000e+02 8.385863647460937500e+02 5.116001586914062500e+02
9.690619506835937500e+02 6.643947753906250000e+02 8.385863647460937500e+02 5.116001586914062500e+02
6.626945190429687500e+02 8.078626098632812500e+02 9.016528930664062500e+02 6.754285278320312500e+02
7.729436035156250000e+02 9.715192871093750000e+02 1.106255004882812500e+03 7.346212158203125000e+02
4.881477050781250000e+02 9.278568725585937500e+02 8.719991455078125000e+02 8.443954467773437500e+02
1.121160522460937500e+03 3.024019775390625000e+02 7.041417236328125000e+02 6.272605133056640625e+01
1.078940307617187500e+03 3.878318786621093750e+02 6.984190673828125000e+02 1.746072082519531250e+02
7.893711547851562500e+02 7.979097290039062500e+02 9.845761718750000000e+02 6.132935180664062500e+02
8.539013671875000000e+02 9.009716186523437500e+02 1.107055175781250000e+03 6.565189819335937500e+02
6.052068481445312500e+02 7.898712158203125000e+02 8.385550537109375000e+02 6.957046508789062500e+02
7.050393676757812500e+02 8.664698486328125000e+02 9.824885864257812500e+02 7.023995971679687500e+02
6.263073120117187500e+02 8.160208740234375000e+02 8.808401489257812500e+02 7.061237792968750000e+02
4.255989990234375000e+02 8.427568359375000000e+02 7.399710693359375000e+02 8.216846313476562500e+02
5.142938232421875000e+02 9.214751586914062500e+02 8.893927612304687500e+02 8.278592529296875000e+02
4.303835754394531250e+02 9.842441406250000000e+02 8.892040405273437500e+02 9.076968994140625000e+02
1.179454956054687500e+03 3.003568725585937500e+02 7.487164916992187500e+02 4.759248733520507812e+01
9.537162475585937500e+02 2.910152893066406250e+02 4.862411193847656250e+02 9.173969268798828125e+01
9.810227050781250000e+02 3.590220947265625000e+02 5.781450805664062500e+02 1.685102386474609375e+02
7.334518432617187500e+02 5.910690917968750000e+02 9.081449584960937500e+02 4.258991394042968750e+02
9.453817749023437500e+02 8.058417968750000000e+02 1.091337646484375000e+03 5.587470092773437500e+02
8.992998046875000000e+02 8.288681030273437500e+02 1.084244506835937500e+03 5.945297241210937500e+02
7.407030639648437500e+02 8.159724121093750000e+02 9.608394165039062500e+02 6.505825195312500000e+02
3.891329040527343750e+02 8.436894531250000000e+02 7.035084838867187500e+02 8.431397094726562500e+02
1.072294433593750000e+03 3.224345397949218750e+02 6.637615966796875000e+02 1.004568710327148438e+02
6.797542724609375000e+02 8.260677490234375000e+02 9.299986572265625000e+02 6.878636474609375000e+02
6.820526733398437500e+02 8.771690673828125000e+02 9.718397216796875000e+02 7.128441772460937500e+02
5.371153564453125000e+02 8.157638549804687500e+02 8.034624023437500000e+02 7.420282592773437500e+02
