8.309230957031250000e+02 3.864498901367187500e+02 8.170169677734375000e+02 4.276004638671875000e+02
9.229760131835937500e+02 4.006145324707031250e+02 9.069089965820312500e+02 4.303647460937500000e+02
1.160702514648437500e+03 4.308020324707031250e+02 1.022195617675781250e+03 4.457400817871093750e+02
1.023641418457031250e+03 6.077812500000000000e+02 9.851862182617187500e+02 6.199497070312500000e+02
1.017597656250000000e+03 6.129042968750000000e+02 9.798610229492187500e+02 6.252543945312500000e+02
1.035532104492187500e+03 6.846222534179687500e+02 1.018874694824218750e+03 6.878587646484375000e+02
1.035532104492187500e+03 6.846222534179687500e+02 1.018874694824218750e+03 6.878587646484375000e+02
9.214022827148437500e+02 7.541815795898437500e+02 9.331021728515625000e+02 7.721968994140625000e+02
4.573471984863281250e+02 3.083753356933593750e+02 2.375273590087890625e+02 4.078700256347656250e+02
9.048771362304687500e+02 4.056193847656250000e+02 8.912850341796875000e+02 4.380138854980468750e+02
7.947370605468750000e+02 4.117248840332031250e+02 7.835498657226562500e+02 4.566587524414062500e+02
7.980556030273437500e+02 4.721342163085937500e+02 8.074899902343750000e+02 5.134324340820312500e+02
1.106658325195312500e+03 6.446636352539062500e+02 1.071926391601562500e+03 6.397764282226562500e+02
7.380449218750000000e+02 5.892192993164062500e+02 7.307935791015625000e+02 6.426917724609375000e+02
7.236532592773437500e+02 6.014819946289062500e+02 7.171751098632812500e+02 6.583820190429687500e+02
1.066328857421875000e+03 6.644825439453125000e+02 1.039510864257812500e+03 6.642940673828125000e+02
1.097539550781250000e+03 6.745560913085937500e+02 1.070064941406250000e+03 6.664313354492187500e+02
1.028054443359375000e+03 6.854133300781250000e+02 1.011346069335937500e+03 6.885208129882812500e+02
1.152741455078125000e+03 7.262894287109375000e+02 1.133878051757812500e+03 7.052636108398437500e+02
1.008801208496093750e+03 7.078103027343750000e+02 1.001015380859375000e+03 7.138248291015625000e+02
1.008801208496093750e+03 7.078103027343750000e+02 1.001015380859375000e+03 7.138248291015625000e+02
1.093426513671875000e+03 7.698177490234375000e+02 1.096339111328125000e+03 7.559000244140625000e+02
9.475465087890625000e+02 7.591490478515625000e+02 9.594780883789062500e+02 7.728272094726562500e+02
9.453485107421875000e+02 7.684926147460937500e+02 9.611289672851562500e+02 7.826064453125000000e+02
9.105083007812500000e+02 7.710828247070312500e+02 9.287711791992187500e+02 7.912859497070312500e+02
6.370230102539062500e+02 7.310119628906250000e+02 6.402429199218750000e+02 8.086999511718750000e+02
1.074877685546875000e+03 3.017579650878906250e+02 9.098936157226562500e+02 3.302024841308593750e+02
1.253841186523437500e+03 3.304946289062500000e+02 1.089039672851562500e+03 3.395989685058593750e+02
4.084939575195312500e+02 2.514346008300781250e+02 1.713146057128906250e+02 3.495394287109375000e+02
1.255323852539062500e+03 3.767659301757812500e+02 1.098406616210937500e+03 3.834864501953125000e+02
5.027373962402343750e+02 3.235074157714843750e+02 2.951653747558593750e+02 4.164805297851562500e+02
9.035278320312500000e+02 4.556275634765625000e+02 9.101782226562500000e+02 4.833957824707031250e+02
7.705595703125000000e+02 4.518317565917968750e+02 7.566087036132812500e+02 4.967388610839843750e+02
6.971884155273437500e+02 5.071205749511718750e+02 6.313726196289062500e+02 5.730646362304687500e+02
7.814749755859375000e+02 5.707243652343750000e+02 7.835344238281250000e+02 6.162894897460937500e+02
7.814749755859375000e+02 5.707243652343750000e+02 7.835344238281250000e+02 6.162894897460937500e+02
1.026312866210937500e+03 6.195933837890625000e+02 9.920901489257812500e+02 6.312615966796875000e+02
9.339505004882812500e+02 6.208193359375000000e+02 9.354393920898437500e+02 6.407724609375000000e+02
1.122100585937500000e+03 6.511219482421875000e+02 1.087725830078125000e+03 6.447713012695312500e+02
7.592290649414062500e+02 6.064674072265625000e+02 7.607098999023437500e+02 6.566091308593750000e+02
6.616868286132812500e+02 5.900090332031250000e+02 6.213949584960937500e+02 6.625605468750000000e+02
1.020541503906250000e+03 6.798997192382812500e+02 1.004033508300781250e+03 6.850680541992187500e+02
4.867983398437500000e+02 5.858158569335937500e+02 4.279194030761718750e+02 6.875232543945312500e+02
5.039877014160156250e+02 5.911016235351562500e+02 4.492120056152343750e+02 6.896112670898437500e+02
1.004320373535156250e+03 7.000220947265625000e+02 9.948815917968750000e+02 7.071119995117187500e+02
1.004320373535156250e+03 7.000220947265625000e+02 9.948815917968750000e+02 7.071119995117187500e+02
1.016098999023437500e+03 7.123081054687500000e+02 1.009175170898437500e+03 7.166541137695312500e+02
1.016098999023437500e+03 7.123081054687500000e+02 1.009175170898437500e+03 7.166541137695312500e+02
1.026932128906250000e+03 7.134713745117187500e+02 1.019697204589843750e+03 7.159730834960937500e+02
1.026932128906250000e+03 7.134713745117187500e+02 1.019697204589843750e+03 7.159730834960937500e+02
5.661217041015625000e+02 6.336875610351562500e+02 5.293517456054687500e+02 7.258066406250000000e+02
1.015552978515625000e+03 7.224413452148437500e+02 1.011371093750000000e+03 7.261821899414062500e+02
1.024307128906250000e+03 7.256380615234375000e+02 1.020686523437500000e+03 7.279830932617187500e+02
1.024307128906250000e+03 7.256380615234375000e+02 1.020686523437500000e+03 7.279830932617187500e+02
1.124009765625000000e+03 7.571083984375000000e+02 1.120164916992187500e+03 7.390119628906250000e+02
1.088594848632812500e+03 7.545469360351562500e+02 1.086063110351562500e+03 7.434677734375000000e+02
1.132031860351562500e+03 7.930524902343750000e+02 1.137127563476562500e+03 7.674475708007812500e+02
9.351547241210937500e+02 7.524310913085937500e+02 9.459947509765625000e+02 7.688410034179687500e+02
1.092954833984375000e+03 7.874280395507812500e+02 1.099773193359375000e+03 7.726380004882812500e+02
1.092954833984375000e+03 7.874280395507812500e+02 1.099773193359375000e+03 7.726380004882812500e+02
1.102943115234375000e+03 7.901061401367187500e+02 1.109679199218750000e+03 7.734866943359375000e+02
1.102943115234375000e+03 7.901061401367187500e+02 1.109679199218750000e+03 7.734866943359375000e+02
9.381091918945312500e+02 7.621929321289062500e+02 9.517493286132812500e+02 7.772440185546875000e+02
7.621705932617187500e+02 7.259658203125000000e+02 7.723192138671875000e+02 7.782127075195312500e+02
9.238490600585937500e+02 7.612175292968750000e+02 9.383278198242187500e+02 7.791262817382812500e+02
9.546268310546875000e+02 7.708067626953125000e+02 9.696290283203125000e+02 7.820172729492187500e+02
7.998368530273437500e+02 7.430938110351562500e+02 8.131682739257812500e+02 7.855567626953125000e+02
9.275451049804687500e+02 7.696815795898437500e+02 9.443386230468750000e+02 7.865143432617187500e+02
9.275451049804687500e+02 7.696815795898437500e+02 9.443386230468750000e+02 7.865143432617187500e+02
6.320813598632812500e+02 7.245292358398437500e+02 6.346034545898437500e+02 8.023887329101562500e+02
7.796187744140625000e+02 7.765369262695312500e+02 8.038531494140625000e+02 8.227411499023437500e+02
1.006360168457031250e+03 8.279611206054687500e+02 1.035075073242187500e+03 8.246963500976562500e+02
1.006360168457031250e+03 8.279611206054687500e+02 1.035075073242187500e+03 8.246963500976562500e+02
9.924590454101562500e+02 8.391264038085937500e+02 1.025857177734375000e+03 8.380486450195312500e+02
9.924590454101562500e+02 8.391264038085937500e+02 1.025857177734375000e+03 8.380486450195312500e+02
1.037306884765625000e+03 8.566494140625000000e+02 1.071370971679687500e+03 8.443997192382812500e+02
1.017739929199218750e+03 8.575762329101562500e+02 1.054940307617187500e+03 8.484572753906250000e+02
8.357390136718750000e+02 8.242055664062500000e+02 8.727277832031250000e+02 8.570434570312500000e+02
8.357390136718750000e+02 8.242055664062500000e+02 8.727277832031250000e+02 8.570434570312500000e+02
8.397336425781250000e+02 8.326664428710937500e+02 8.799509277343750000e+02 8.625238037109375000e+02
8.289201660156250000e+02 8.532882690429687500e+02 8.761375122070312500e+02 8.860772705078125000e+02
6.752800903320312500e+02 8.239904785156250000e+02 7.118686523437500000e+02 8.928308105468750000e+02
1.080151245117187500e+03 2.840880432128906250e+02 9.164271240234375000e+02 3.136639099121093750e+02
1.141361206054687500e+03 3.047631225585937500e+02 9.811171875000000000e+02 3.259520568847656250e+02
5.921832885742187500e+02 2.842315063476562500e+02 4.067938537597656250e+02 3.625265502929687500e+02
3.713936462402343750e+02 2.622080383300781250e+02 1.269649353027343750e+02 3.649648132324218750e+02
1.090303100585937500e+03 3.572331848144531250e+02 9.353585815429687500e+02 3.812598266601562500e+02
1.229067260742187500e+03 3.961071777343750000e+02 1.074214721679687500e+03 4.032911987304687500e+02
9.726480712890625000e+02 4.195498352050781250e+02 9.611175537109375000e+02 4.420364379882812500e+02
8.115752563476562500e+02 4.158527526855468750e+02 8.163985595703125000e+02 4.574565734863281250e+02
4.209281005859375000e+02 3.639016418457031250e+02 2.013474884033203125e+02 4.728853454589843750e+02
8.202265625000000000e+02 4.391861572265625000e+02 8.312470703125000000e+02 4.776208801269531250e+02
8.511054687500000000e+02 4.457290039062500000e+02 8.611272583007812500e+02 4.809315795898437500e+02
7.133754272460937500e+02 5.282487182617187500e+02 6.548140869140625000e+02 5.923935546875000000e+02
1.043102661132812500e+03 5.845206909179687500e+02 9.979744262695312500e+02 5.945711669921875000e+02
1.059605590820312500e+03 5.963870849609375000e+02 1.016422302246093750e+03 6.032012939453125000e+02
1.054733642578125000e+03 6.079436035156250000e+02 1.014815246582031250e+03 6.156041870117187500e+02
5.902143554687500000e+02 5.447297973632812500e+02 5.287144165039062500e+02 6.283593139648437500e+02
1.136442993164062500e+03 6.490617675781250000e+02 1.101207275390625000e+03 6.417944946289062500e+02
7.498469848632812500e+02 6.074147949218750000e+02 7.500735473632812500e+02 6.589346923828125000e+02
5.155781250000000000e+02 5.942512817382812500e+02 4.577278442382812500e+02 6.958758544921875000e+02
1.162552734375000000e+03 7.159567260742187500e+02 1.140410888671875000e+03 6.957676391601562500e+02
5.248420410156250000e+02 6.025226440429687500e+02 4.738987731933593750e+02 7.017819824218750000e+02
1.004859985351562500e+03 7.121281127929687500e+02 9.985227661132812500e+02 7.180016479492187500e+02
5.340094604492187500e+02 6.563591918945312500e+02 5.052931518554687500e+02 7.525440673828125000e+02
1.071169189453125000e+03 7.687263183593750000e+02 1.075267089843750000e+03 7.589915771484375000e+02
1.083397583007812500e+03 7.709949951171875000e+02 1.086799438476562500e+03 7.584459228515625000e+02
1.131748657226562500e+03 8.042015991210937500e+02 1.140267089843750000e+03 7.783106689453125000e+02
8.289542846679687500e+02 7.436331176757812500e+02 8.406199951171875000e+02 7.813610229492187500e+02
1.122847778320312500e+03 8.127463378906250000e+02 1.133109252929687500e+03 7.892827148437500000e+02
8.158501586914062500e+02 7.522232666015625000e+02 8.290309448242187500e+02 7.937156982421875000e+02
8.792597656250000000e+02 7.718727416992187500e+02 8.996649169921875000e+02 7.982451171875000000e+02
5.795359497070312500e+02 7.278156738281250000e+02 5.805969238281250000e+02 8.152540283203125000e+02
7.654594116210937500e+02 7.662395629882812500e+02 7.864512329101562500e+02 8.162961425781250000e+02
1.016425659179687500e+03 8.317697753906250000e+02 1.045661987304687500e+03 8.249901733398437500e+02
5.040089111328125000e+02 7.212911376953125000e+02 4.907865295410156250e+02 8.290406494140625000e+02
6.159410400390625000e+02 7.519765014648437500e+02 6.238811645507812500e+02 8.340383300781250000e+02
6.768422851562500000e+02 7.747369384765625000e+02 7.000670166015625000e+02 8.391701049804687500e+02
4.656699218750000000e+02 7.261851196289062500e+02 4.496897888183593750e+02 8.405406494140625000e+02
4.656699218750000000e+02 7.261851196289062500e+02 4.496897888183593750e+02 8.405406494140625000e+02
9.065795898437500000e+02 8.221848144531250000e+02 9.431409301757812500e+02 8.403323974609375000e+02
8.328650512695312500e+02 8.148957519531250000e+02 8.673203125000000000e+02 8.484560546875000000e+02
8.328650512695312500e+02 8.148957519531250000e+02 8.673203125000000000e+02 8.484560546875000000e+02
9.904676513671875000e+02 8.534268188476562500e+02 1.027123657226562500e+03 8.520533447265625000e+02
6.571090698242187500e+02 7.860683593750000000e+02 6.844266357421875000e+02 8.538160400390625000e+02
6.717901611328125000e+02 7.853164062500000000e+02 6.958070068359375000e+02 8.542979125976562500e+02
4.422885131835937500e+02 7.352518310546875000e+02 4.258448791503906250e+02 8.563215332031250000e+02
9.612317504882812500e+02 8.517869873046875000e+02 1.000566650390625000e+03 8.573199462890625000e+02
1.020394531250000000e+03 8.695598144531250000e+02 1.060756469726562500e+03 8.589775390625000000e+02
1.020394531250000000e+03 8.695598144531250000e+02 1.060756469726562500e+03 8.589775390625000000e+02
7.317129516601562500e+02 8.082834472656250000e+02 7.634926757812500000e+02 8.637673339843750000e+02
7.959511718750000000e+02 8.304367065429687500e+02 8.386768798828125000e+02 8.686420288085937500e+02
9.962964477539062500e+02 8.809806518554687500e+02 1.040369628906250000e+03 8.748389282226562500e+02
7.806271972656250000e+02 8.399578247070312500e+02 8.253482055664062500e+02 8.838795776367187500e+02
7.918406982421875000e+02 8.434457397460937500e+02 8.368348999023437500e+02 8.837730102539062500e+02
1.009014465332031250e+03 8.927587280273437500e+02 1.056763793945312500e+03 8.846950683593750000e+02
6.615679321289062500e+02 8.224796142578125000e+02 6.989898681640625000e+02 8.915385742187500000e+02
6.468736572265625000e+02 8.212452392578125000e+02 6.848090209960937500e+02 8.947565917968750000e+02
8.320466918945312500e+02 8.626730957031250000e+02 8.824321289062500000e+02 8.951281127929687500e+02
1.014120239257812500e+03 9.047520751953125000e+02 1.063692504882812500e+03 8.957457885742187500e+02
4.716891174316406250e+02 8.005802612304687500e+02 4.871191406250000000e+02 9.132612304687500000e+02
4.801492614746093750e+02 8.154960937500000000e+02 5.019425048828125000e+02 9.264102783203125000e+02
9.506279907226562500e+02 9.312041015625000000e+02 1.014536743164062500e+03 9.302283325195312500e+02
9.041222534179687500e+02 9.415814819335937500e+02 9.754478759765625000e+02 9.505098876953125000e+02
7.132070922851562500e+02 9.109575195312500000e+02 7.806088867187500000e+02 9.645723876953125000e+02
9.088435058593750000e+02 9.675316772460937500e+02 9.884934082031250000e+02 9.742951049804687500e+02
9.088435058593750000e+02 9.675316772460937500e+02 9.884934082031250000e+02 9.742951049804687500e+02
7.236435546875000000e+02 9.298455200195312500e+02 7.980708007812500000e+02 9.812946777343750000e+02
6.986666870117187500e+02 9.336948852539062500e+02 7.729245605468750000e+02 9.915482788085937500e+02
6.986666870117187500e+02 9.336948852539062500e+02 7.729245605468750000e+02 9.915482788085937500e+02
7.153782958984375000e+02 9.490668334960937500e+02 7.947427978515625000e+02 1.002472778320312500e+03
7.153782958984375000e+02 9.490668334960937500e+02 7.947427978515625000e+02 1.002472778320312500e+03
5.373316040039062500e+02 9.254448852539062500e+02 6.048021850585937500e+02 1.025852905273437500e+03
1.200093505859375000e+03 2.494449310302734375e+02 1.026624755859375000e+03 2.704989624023437500e+02
1.120211669921875000e+03 2.642478637695312500e+02 9.537162475585937500e+02 2.910152893066406250e+02
1.120211669921875000e+03 2.642478637695312500e+02 9.537162475585937500e+02 2.910152893066406250e+02
1.201628417968750000e+03 2.784361572265625000e+02 1.030254638671875000e+03 2.947875366210937500e+02
1.111324951171875000e+03 2.879362182617187500e+02 9.511571044921875000e+02 3.123408203125000000e+02
1.110527709960937500e+03 3.067238464355468750e+02 9.497619628906250000e+02 3.295670776367187500e+02
6.286938476562500000e+02 2.654336547851562500e+02 4.423261413574218750e+02 3.385258483886718750e+02
6.303887939453125000e+02 2.790445251464843750e+02 4.445079345703125000e+02 3.544763793945312500e+02
1.133795776367187500e+03 3.394892578125000000e+02 9.810227050781250000e+02 3.590220947265625000e+02
6.335872802734375000e+02 2.930330810546875000e+02 4.503755798339843750e+02 3.670766906738281250e+02
4.440210571289062500e+02 3.086604919433593750e+02 2.264015045166015625e+02 4.115512390136718750e+02
1.185202026367187500e+03 4.253638305664062500e+02 1.043706420898437500e+03 4.327855834960937500e+02
8.779702148437500000e+02 4.483759765625000000e+02 8.875126342773437500e+02 4.794795227050781250e+02
9.490952148437500000e+02 4.703839721679687500e+02 9.499696044921875000e+02 4.926084289550781250e+02
9.224816894531250000e+02 4.705493164062500000e+02 9.276970825195312500e+02 4.958117370605468750e+02
7.104937133789062500e+02 5.084321899414062500e+02 6.452592163085937500e+02 5.741814575195312500e+02
6.334400024414062500e+02 5.456008300781250000e+02 5.742129516601562500e+02 6.224428710937500000e+02
6.227744140625000000e+02 5.567843627929687500e+02 5.678533325195312500e+02 6.354332275390625000e+02
5.982951049804687500e+02 5.524082641601562500e+02 5.377293090820312500e+02 6.359779052734375000e+02
1.076045288085937500e+03 6.562153930664062500e+02 1.046230957031250000e+03 6.551665039062500000e+02
9.922534790039062500e+02 7.014010620117187500e+02 9.836343383789062500e+02 7.102269287109375000e+02
4.834443969726562500e+02 6.082371826171875000e+02 4.326516418457031250e+02 7.117163696289062500e+02
1.040910644531250000e+03 7.167188110351562500e+02 1.033078002929687500e+03 7.162665405273437500e+02
1.040910644531250000e+03 7.167188110351562500e+02 1.033078002929687500e+03 7.162665405273437500e+02
1.034062622070312500e+03 7.349685668945312500e+02 1.032524780273437500e+03 7.347131958007812500e+02
5.507257690429687500e+02 6.438229980468750000e+02 5.184039916992187500e+02 7.371113281250000000e+02
5.634943847656250000e+02 6.448093261718750000e+02 5.318911743164062500e+02 7.385748291015625000e+02
1.105860351562500000e+03 7.623657226562500000e+02 1.104793457031250000e+03 7.463646240234375000e+02
1.105860351562500000e+03 7.623657226562500000e+02 1.104793457031250000e+03 7.463646240234375000e+02
1.132498901367187500e+03 7.762697143554687500e+02 1.126217407226562500e+03 7.514901123046875000e+02
9.398938598632812500e+02 7.392670288085937500e+02 9.468999023437500000e+02 7.556419067382812500e+02
9.398938598632812500e+02 7.392670288085937500e+02 9.468999023437500000e+02 7.556419067382812500e+02
8.170953369140625000e+02 7.244095458984375000e+02 8.252943115234375000e+02 7.637250366210937500e+02
9.696182250976562500e+02 7.671520996093750000e+02 9.832061157226562500e+02 7.759656372070312500e+02
7.868233642578125000e+02 7.455309448242187500e+02 8.009285888671875000e+02 7.893115844726562500e+02
6.255349121093750000e+02 7.207686767578125000e+02 6.226376953125000000e+02 8.004049072265625000e+02
6.572474975585937500e+02 7.343057861328125000e+02 6.626945190429687500e+02 8.078626098632812500e+02
4.558475341796875000e+02 7.117503051757812500e+02 4.344691162109375000e+02 8.272778320312500000e+02
4.247124328613281250e+02 7.084296875000000000e+02 3.981072082519531250e+02 8.302066650390625000e+02
6.885247802734375000e+02 7.879300537109375000e+02 7.137406005859375000e+02 8.511010131835937500e+02
8.129560546875000000e+02 8.187651977539062500e+02 8.517753295898437500e+02 8.540449829101562500e+02
8.858045043945312500e+02 8.352984008789062500e+02 9.251599731445312500e+02 8.567353515625000000e+02
9.756382446289062500e+02 8.534075927734375000e+02 1.014486328125000000e+03 8.556760864257812500e+02
1.007174621582031250e+03 8.686452636718750000e+02 1.048523437500000000e+03 8.629672241210937500e+02
8.779767456054687500e+02 8.528430175781250000e+02 9.228541870117187500e+02 8.731733398437500000e+02
8.104234008789062500e+02 8.490524291992187500e+02 8.562695312500000000e+02 8.836657714843750000e+02
5.603776855468750000e+02 7.982958374023437500e+02 5.802804565429687500e+02 8.937017211914062500e+02
9.651949462890625000e+02 9.490252685546875000e+02 1.034308959960937500e+03 9.425078125000000000e+02
8.941093750000000000e+02 9.352134399414062500e+02 9.632984619140625000e+02 9.470062866210937500e+02
6.137656860351562500e+02 8.746976318359375000e+02 6.622965698242187500e+02 9.538659057617187500e+02
6.796510620117187500e+02 9.115789184570312500e+02 7.497792968750000000e+02 9.710345458984375000e+02
9.195784301757812500e+02 9.744630737304687500e+02 1.000542236328125000e+03 9.780231323242187500e+02
6.615847778320312500e+02 9.230819702148437500e+02 7.334287109375000000e+02 9.899669189453125000e+02
7.975408325195312500e+02 1.000593261718750000e+03 8.925731811523437500e+02 1.030301879882812500e+03
8.180225830078125000e+02 1.031193725585937500e+03 9.224904174804687500e+02 1.053115234375000000e+03
1.286383911132812500e+03 1.654249877929687500e+02 1.097247680664062500e+03 1.875590820312500000e+02
1.231267333984375000e+03 2.410210876464843750e+02 1.052106323242187500e+03 2.543033752441406250e+02
5.381923828125000000e+02 2.442549743652343750e+02 3.298506774902343750e+02 3.260735778808593750e+02
5.291195068359375000e+02 2.612279357910156250e+02 3.211418457031250000e+02 3.444880065917968750e+02
7.253505859375000000e+02 2.860404052734375000e+02 5.555532836914062500e+02 3.473912658691406250e+02
4.769492492675781250e+02 2.847975769042968750e+02 2.631082458496093750e+02 3.776471557617187500e+02
6.343706665039062500e+02 3.081049499511718750e+02 4.524451293945312500e+02 3.836490783691406250e+02
4.019104003906250000e+02 2.838015136718750000e+02 1.739106597900390625e+02 3.852064514160156250e+02
5.945308837890625000e+02 3.047200012207031250e+02 4.102267150878906250e+02 3.840632629394531250e+02
6.135020751953125000e+02 3.085571594238281250e+02 4.307723388671875000e+02 3.853677368164062500e+02
6.135020751953125000e+02 3.085571594238281250e+02 4.307723388671875000e+02 3.853677368164062500e+02
5.264867553710937500e+02 3.159520263671875000e+02 3.252301635742187500e+02 4.044715270996093750e+02
1.205703735351562500e+03 4.317794189453125000e+02 1.060239868164062500e+03 4.340708923339843750e+02
7.709109497070312500e+02 4.019762573242187500e+02 7.557734985351562500e+02 4.523041076660156250e+02
1.052546386718750000e+03 5.884081420898437500e+02 1.008941589355468750e+03 5.971417236328125000e+02
1.085149414062500000e+03 6.392886352539062500e+02 1.050407226562500000e+03 6.374838256835937500e+02
1.784028320312500000e+03 7.532852783203125000e+02 1.613969726562500000e+03 6.372815551757812500e+02
1.085750732421875000e+03 6.686460571289062500e+02 1.058817749023437500e+03 6.642770996093750000e+02
5.285971069335937500e+02 5.739977416992187500e+02 4.719441528320312500e+02 6.736965332031250000e+02
1.042075439453125000e+03 6.948341674804687500e+02 1.028433105468750000e+03 6.968760986328125000e+02
1.062267089843750000e+03 7.135389404296875000e+02 1.051262451171875000e+03 7.106774902343750000e+02
1.233324218750000000e+03 7.651442871093750000e+02 1.212947387695312500e+03 7.232274780273437500e+02
1.104791137695312500e+03 7.455391845703125000e+02 1.098868286132812500e+03 7.315712280273437500e+02
1.104791137695312500e+03 7.455391845703125000e+02 1.098868286132812500e+03 7.315712280273437500e+02
5.772651977539062500e+02 6.496071166992187500e+02 5.478177490234375000e+02 7.380310668945312500e+02
5.772651977539062500e+02 6.496071166992187500e+02 5.478177490234375000e+02 7.380310668945312500e+02
5.745197753906250000e+02 6.665735473632812500e+02 5.540519409179687500e+02 7.562122802734375000e+02
8.899328613281250000e+02 7.359236450195312500e+02 8.968879394531250000e+02 7.597849731445312500e+02
1.098950195312500000e+03 7.777911987304687500e+02 1.105583496093750000e+03 7.612773437500000000e+02
1.116128906250000000e+03 7.850659179687500000e+02 1.120412597656250000e+03 7.651906127929687500e+02
9.235028076171875000e+02 7.464119873046875000e+02 9.332148437500000000e+02 7.653530273437500000e+02
9.235028076171875000e+02 7.464119873046875000e+02 9.332148437500000000e+02 7.653530273437500000e+02
6.079318847656250000e+02 7.097761230468750000e+02 6.052068481445312500e+02 7.898712158203125000e+02
7.724062500000000000e+02 7.498456420898437500e+02 7.870925903320312500e+02 7.983645019531250000e+02
7.540858154296875000e+02 7.475913085937500000e+02 7.693897705078125000e+02 7.998220825195312500e+02
7.936630249023437500e+02 7.634038085937500000e+02 8.122974243164062500e+02 8.082131958007812500e+02
9.454887695312500000e+02 7.967236328125000000e+02 9.692694091796875000e+02 8.085581665039062500e+02
9.454887695312500000e+02 7.967236328125000000e+02 9.692694091796875000e+02 8.085581665039062500e+02
6.232321777343750000e+02 7.345160522460937500e+02 6.263073120117187500e+02 8.160208740234375000e+02
4.457364501953125000e+02 7.204558715820312500e+02 4.255989990234375000e+02 8.427568359375000000e+02
8.475481567382812500e+02 8.206928100585937500e+02 8.832606811523437500e+02 8.498879394531250000e+02
1.051804199218750000e+03 8.668800659179687500e+02 1.087256591796875000e+03 8.505460815429687500e+02
6.784129028320312500e+02 7.987327880859375000e+02 7.050393676757812500e+02 8.664698486328125000e+02
8.604742431640625000e+02 8.486826782226562500e+02 9.055632324218750000e+02 8.744616088867187500e+02
6.348881225585937500e+02 8.029031982421875000e+02 6.643520507812500000e+02 8.782108764648437500e+02
8.107817993164062500e+02 8.419913330078125000e+02 8.550569458007812500e+02 8.778817138671875000e+02
4.926905212402343750e+02 7.864096679687500000e+02 5.030828857421875000e+02 8.949348754882812500e+02
5.437131958007812500e+02 7.952777709960937500e+02 5.621506347656250000e+02 8.941022338867187500e+02
4.742781372070312500e+02 7.855491333007812500e+02 4.833352966308593750e+02 8.972064208984375000e+02
4.948577270507812500e+02 8.126577758789062500e+02 5.142938232421875000e+02 9.214751586914062500e+02
9.272319946289062500e+02 9.204762573242187500e+02 9.907346801757812500e+02 9.262638549804687500e+02
9.272319946289062500e+02 9.204762573242187500e+02 9.907346801757812500e+02 9.262638549804687500e+02
3.070104064941406250e+02 7.864777221679687500e+02 2.886980285644531250e+02 9.409954223632812500e+02
3.294275207519531250e+02 7.959757080078125000e+02 3.180167846679687500e+02 9.445648193359375000e+02
5.725088500976562500e+02 8.789113769531250000e+02 6.255715332031250000e+02 9.658641357421875000e+02
7.035397338867187500e+02 9.139543457031250000e+02 7.729436035156250000e+02 9.715192871093750000e+02
4.101630554199218750e+02 8.554284057617187500e+02 4.303835754394531250e+02 9.842441406250000000e+02
5.289190063476562500e+02 8.861998291015625000e+02 5.791285400390625000e+02 9.861033935546875000e+02
5.509507446289062500e+02 8.931564941406250000e+02 6.062211303710937500e+02 9.863480224609375000e+02
3.420265197753906250e+02 8.533358764648437500e+02 3.581286926269531250e+02 9.965461425781250000e+02
6.975490112304687500e+02 9.510302734375000000e+02 7.792749023437500000e+02 1.009551452636718750e+03
6.823536376953125000e+02 9.818483276367187500e+02 7.763076782226562500e+02 1.043949707031250000e+03
1.274041625976562500e+03 3.098885192871093750e+02 1.099602294921875000e+03 3.175147399902343750e+02
4.693195800781250000e+02 2.387874755859375000e+02 2.457408599853515625e+02 3.285371093750000000e+02
3.838284606933593750e+02 2.533961486816406250e+02 1.408483886718750000e+02 3.532199096679687500e+02
7.277357177734375000e+02 3.292093505859375000e+02 5.598330688476562500e+02 3.914202880859375000e+02
1.234669311523437500e+03 3.874658508300781250e+02 1.079052734375000000e+03 3.929418945312500000e+02
4.232765502929687500e+02 3.156328735351562500e+02 2.005123901367187500e+02 4.175117492675781250e+02
4.102517089843750000e+02 3.299823303222656250e+02 1.849519195556640625e+02 4.346832275390625000e+02
8.379170532226562500e+02 4.204575195312500000e+02 8.445390014648437500e+02 4.576089477539062500e+02
8.379170532226562500e+02 4.204575195312500000e+02 8.445390014648437500e+02 4.576089477539062500e+02
1.308191406250000000e+03 4.731050415039062500e+02 1.153831787109375000e+03 4.642624511718750000e+02
1.223629638671875000e+03 6.780488281250000000e+02 1.182150756835937500e+03 6.528230590820312500e+02
8.781421508789062500e+02 6.534113769531250000e+02 8.864804687500000000e+02 6.818739013671875000e+02
1.169028198242187500e+03 6.990470581054687500e+02 1.139546142578125000e+03 6.792605590820312500e+02
1.065568725585937500e+03 6.844916992187500000e+02 1.048884765625000000e+03 6.846567382812500000e+02
1.233464721679687500e+03 7.324381103515625000e+02 1.204846435546875000e+03 7.002057495117187500e+02
5.223489990234375000e+02 6.515329589843750000e+02 4.918783264160156250e+02 7.485587768554687500e+02
1.088849975585937500e+03 8.116213378906250000e+02 1.103706054687500000e+03 7.933433227539062500e+02
5.415468139648437500e+02 7.778106689453125000e+02 5.512010498046875000e+02 8.769413452148437500e+02
6.872301025390625000e+02 8.117280273437500000e+02 7.213107910156250000e+02 8.750136108398437500e+02
1.026374877929687500e+03 8.873964843750000000e+02 1.070163696289062500e+03 8.759605102539062500e+02
7.061817016601562500e+02 8.204884033203125000e+02 7.412376098632812500e+02 8.821131591796875000e+02
3.418081054687500000e+02 7.505056762695312500e+02 3.148838500976562500e+02 8.934545898437500000e+02
8.039011840820312500e+02 8.639581298828125000e+02 8.539013671875000000e+02 9.009716186523437500e+02
6.692464599609375000e+02 8.423140869140625000e+02 7.111024169921875000e+02 9.089782104492187500e+02
9.128520507812500000e+02 8.979671020507812500e+02 9.702856445312500000e+02 9.088645019531250000e+02
7.502302246093750000e+02 9.095494995117187500e+02 8.156378784179687500e+02 9.557084350585937500e+02
9.286203613281250000e+02 9.593729858398437500e+02 1.003626037597656250e+03 9.619425048828125000e+02
3.929756469726562500e+02 8.293631591796875000e+02 4.024499511718750000e+02 9.633582153320312500e+02
8.970958251953125000e+02 9.543912963867187500e+02 9.729104003906250000e+02 9.644660034179687500e+02
5.317639160156250000e+02 9.066473999023437500e+02 5.916137084960937500e+02 1.007813598632812500e+03
5.730238037109375000e+02 9.168120727539062500e+02 6.365686645507812500e+02 1.008072875976562500e+03
7.062626342773437500e+02 9.774189453125000000e+02 7.949194335937500000e+02 1.032409057617187500e+03
4.642553710937500000e+02 2.158837890625000000e+02 2.357413940429687500e+02 3.038516845703125000e+02
6.190571899414062500e+02 2.499068450927734375e+02 4.284206542968750000e+02 3.239278869628906250e+02
3.550952148437500000e+02 2.455246582031250000e+02 1.029403305053710938e+02 3.480796203613281250e+02
1.379659667968750000e+03 6.245127563476562500e+02 1.247989135742187500e+03 5.935546264648437500e+02
5.601627807617187500e+02 5.732523193359375000e+02 5.015981750488281250e+02 6.631522216796875000e+02
1.139466064453125000e+03 6.880555419921875000e+02 1.111009399414062500e+03 6.748002319335937500e+02
1.070001831054687500e+03 7.398369750976562500e+02 1.065993774414062500e+03 7.328038330078125000e+02
1.070001831054687500e+03 7.398369750976562500e+02 1.065993774414062500e+03 7.328038330078125000e+02
8.687916870117187500e+02 7.282753295898437500e+02 8.770408325195312500e+02 7.576087646484375000e+02
9.590205078125000000e+02 7.836218261718750000e+02 9.776373291015625000e+02 7.940709838867187500e+02
9.211232299804687500e+02 7.890172729492187500e+02 9.453817749023437500e+02 8.058417968750000000e+02
4.120264282226562500e+02 7.211292114257812500e+02 3.891329040527343750e+02 8.436894531250000000e+02
4.120264282226562500e+02 7.211292114257812500e+02 3.891329040527343750e+02 8.436894531250000000e+02
3.391401367187500000e+02 7.733688964843750000e+02 3.214262084960937500e+02 9.200202026367187500e+02
3.391401367187500000e+02 7.733688964843750000e+02 3.214262084960937500e+02 9.200202026367187500e+02
2.910876770019531250e+02 7.746961669921875000e+02 2.661422119140625000e+02 9.287454833984375000e+02
4.868710937500000000e+02 8.327758178710937500e+02 5.158293457031250000e+02 9.435690917968750000e+02
5.482987060546875000e+02 8.683035278320312500e+02 5.947907104492187500e+02 9.626967773437500000e+02
7.639160766601562500e+02 9.318874511718750000e+02 8.367349243164062500e+02 9.745363769531250000e+02
7.639160766601562500e+02 9.318874511718750000e+02 8.367349243164062500e+02 9.745363769531250000e+02
3.801050415039062500e+02 8.781976928710937500e+02 4.104309692382812500e+02 1.015786315917968750e+03
8.092459716796875000e+02 9.862072753906250000e+02 9.007089233398437500e+02 1.014893920898437500e+03
1.501504272460937500e+03 7.818588256835937500e+01 1.278245971679687500e+03 9.683466339111328125e+01
1.238905029296875000e+03 3.515551452636718750e+02 1.079738281250000000e+03 3.601466064453125000e+02
6.126827392578125000e+02 2.872888183593750000e+02 4.272049865722656250e+02 3.630523376464843750e+02
7.223580932617187500e+02 3.234029541015625000e+02 5.554791870117187500e+02 3.878385009765625000e+02
6.657581176757812500e+02 3.470711364746093750e+02 4.910178527832031250e+02 4.221326599121093750e+02
1.364695312500000000e+03 5.570196533203125000e+02 1.222943481445312500e+03 5.299777221679687500e+02
5.847191772460937500e+02 6.907827148437500000e+02 5.727001953125000000e+02 7.760938720703125000e+02
5.096510009765625000e+02 6.852313842773437500e+02 4.852279968261718750e+02 7.871185913085937500e+02
5.096510009765625000e+02 6.852313842773437500e+02 4.852279968261718750e+02 7.871185913085937500e+02
7.240385131835937500e+02 7.586182861328125000e+02 7.407030639648437500e+02 8.159724121093750000e+02
9.672281494140625000e+02 8.148331298828125000e+02 9.953012084960937500e+02 8.207695922851562500e+02
9.672281494140625000e+02 8.148331298828125000e+02 9.953012084960937500e+02 8.207695922851562500e+02
1.000640380859375000e+03 8.304042968750000000e+02 1.029952270507812500e+03 8.288081665039062500e+02
1.000640380859375000e+03 8.304042968750000000e+02 1.029952270507812500e+03 8.288081665039062500e+02
5.644352416992187500e+02 7.619973754882812500e+02 5.743387451171875000e+02 8.542565917968750000e+02
5.644352416992187500e+02 7.619973754882812500e+02 5.743387451171875000e+02 8.542565917968750000e+02
5.844636840820312500e+02 8.494871826171875000e+02 6.251379394531250000e+02 9.361065063476562500e+02
7.275919189453125000e+02 8.894102172851562500e+02 7.857713623046875000e+02 9.420643310546875000e+02
8.473654785156250000e+02 1.036748657226562500e+03 9.516155395507812500e+02 1.051897094726562500e+03
8.336607666015625000e+02 2.607389831542968750e+02 6.727880249023437500e+02 3.143786315917968750e+02
4.483453979492187500e+02 2.816371459960937500e+02 2.285320281982421875e+02 3.773129272460937500e+02
5.028686218261718750e+02 2.833623657226562500e+02 2.902247009277343750e+02 3.708790893554687500e+02
5.139812011718750000e+02 3.378088378906250000e+02 3.130461730957031250e+02 4.324382629394531250e+02
4.877177429199218750e+02 6.029440917968750000e+02 4.345436401367187500e+02 7.055341796875000000e+02
4.877177429199218750e+02 6.029440917968750000e+02 4.345436401367187500e+02 7.055341796875000000e+02
1.101084106445312500e+03 7.137311401367187500e+02 1.086667236328125000e+03 7.035897216796875000e+02
9.708396606445312500e+02 7.326828002929687500e+02 9.747755126953125000e+02 7.452643432617187500e+02
1.114681518554687500e+03 7.933846435546875000e+02 1.123533935546875000e+03 7.739036865234375000e+02
6.506553344726562500e+02 8.087285156250000000e+02 6.820526733398437500e+02 8.771690673828125000e+02
6.276486816406250000e+02 8.437443847656250000e+02 6.713220214843750000e+02 9.213521118164062500e+02
7.769521484375000000e+02 8.871200561523437500e+02 8.340473022460937500e+02 9.282958374023437500e+02
4.394614562988281250e+02 8.329204101562500000e+02 4.636842346191406250e+02 9.566087036132812500e+02
4.394614562988281250e+02 8.329204101562500000e+02 4.636842346191406250e+02 9.566087036132812500e+02
1.486083129882812500e+03 1.388594665527343750e+02 1.272259887695312500e+03 1.493308105468750000e+02
6.921059570312500000e+02 5.660448608398437500e+02 6.462252807617187500e+02 6.345742187500000000e+02
1.010172363281250000e+03 6.552574462890625000e+02 9.897716064453125000e+02 6.645399780273437500e+02
1.033009277343750000e+03 7.131716918945312500e+02 1.026082763671875000e+03 7.156248779296875000e+02
4.848394775390625000e+02 6.551522216796875000e+02 4.479419860839843750e+02 7.615781250000000000e+02
4.848394775390625000e+02 6.551522216796875000e+02 4.479419860839843750e+02 7.615781250000000000e+02
8.490784912109375000e+02 7.655320434570312500e+02 8.682317504882812500e+02 7.974070434570312500e+02
1.061148315429687500e+03 8.154548339843750000e+02 1.084532470703125000e+03 8.055509033203125000e+02
1.176992919921875000e+03 2.484147338867187500e+02 1.005998229980468750e+03 2.686469726562500000e+02
1.259488037109375000e+03 2.606338195800781250e+02 1.083277465820312500e+03 2.685891723632812500e+02
1.259488037109375000e+03 2.606338195800781250e+02 1.083277465820312500e+03 2.685891723632812500e+02
4.591372680664062500e+02 3.470373535156250000e+02 2.493644104003906250e+02 4.476252136230468750e+02
5.420325927734375000e+02 7.185115966796875000e+02 5.371153564453125000e+02 8.157638549804687500e+02
4.128410949707031250e+02 7.900237426757812500e+02 4.128458862304687500e+02 9.169340820312500000e+02
4.128410949707031250e+02 7.900237426757812500e+02 4.128458862304687500e+02 9.169340820312500000e+02
8.161666870117187500e+02 9.336589355468750000e+02 8.881265869140625000e+02 9.647017211914062500e+02
9.081777954101562500e+02 6.964480590820312500e+02 9.081660766601562500e+02 7.191273803710937500e+02
7.560282592773437500e+02 8.012133789062500000e+02 7.919011230468750000e+02 8.545040283203125000e+02
5.971972045898437500e+02 7.987274780273437500e+02 6.242648315429687500e+02 8.779622802734375000e+02
9.203481445312500000e+02 9.516340942382812500e+02 9.927048339843750000e+02 9.559957885742187500e+02
5.644746704101562500e+02 8.872364501953125000e+02 6.183742065429687500e+02 9.794281616210937500e+02
6.649247436523437500e+02 6.686228027343750000e+02 6.539536132812500000e+02 7.380214843750000000e+02
1.137737548828125000e+03 8.778858642578125000e+02 1.164572143554687500e+03 8.456330566406250000e+02
6.709569702148437500e+02 4.901351623535156250e+02 6.465474853515625000e+02 5.512358398437500000e+02
3.616414184570312500e+02 6.356111450195312500e+02 2.959750976562500000e+02 7.661776123046875000e+02
