1.008801208496093750e+03 7.078103027343750000e+02 1.032786743164062500e+03 8.502994995117187500e+02
1.008801208496093750e+03 7.078103027343750000e+02 1.032786743164062500e+03 8.502994995117187500e+02
5.437131958007812500e+02 7.952777709960937500e+02 9.834571533203125000e+02 7.027935791015625000e+02
1.050084838867187500e+03 7.068538208007812500e+02 7.512478027343750000e+02 7.847877197265625000e+02
1.050084838867187500e+03 7.068538208007812500e+02 7.512478027343750000e+02 7.847877197265625000e+02
1.026374877929687500e+03 8.873964843750000000e+02 5.942557373046875000e+02 6.527603759765625000e+02
1.011169494628906250e+03 6.969421997070312500e+02 7.882114257812500000e+02 7.484866943359375000e+02
1.040910644531250000e+03 7.167188110351562500e+02 7.449842529296875000e+02 7.628411254882812500e+02
1.105860351562500000e+03 7.623657226562500000e+02 6.466227416992187500e+02 7.956099243164062500e+02
1.105860351562500000e+03 7.623657226562500000e+02 6.466227416992187500e+02 7.956099243164062500e+02
9.875807495117187500e+02 5.557946166992187500e+02 1.079644897460937500e+03 8.432708740234375000e+02
9.211232299804687500e+02 7.890172729492187500e+02 7.378187255859375000e+02 6.255418701171875000e+02
1.042075439453125000e+03 6.948341674804687500e+02 7.722754516601562500e+02 7.871104736328125000e+02
9.590205078125000000e+02 7.836218261718750000e+02 7.225067749023437500e+02 6.537366943359375000e+02
9.672281494140625000e+02 8.148331298828125000e+02 6.874532470703125000e+02 6.450936279296875000e+02
9.672281494140625000e+02 8.148331298828125000e+02 6.874532470703125000e+02 6.450936279296875000e+02
1.000640380859375000e+03 8.304042968750000000e+02 6.534191284179687500e+02 6.625951538085937500e+02
1.028162353515625000e+03 6.086963500976562500e+02 9.159498901367187500e+02 8.563205566406250000e+02
1.139466064453125000e+03 6.880555419921875000e+02 7.093428344726562500e+02 9.119029541015625000e+02
1.114681518554687500e+03 7.933846435546875000e+02 6.090393676757812500e+02 7.774899291992187500e+02
1.033009277343750000e+03 7.131716918945312500e+02 7.578110351562500000e+02 7.610065307617187500e+02
