7.366286621093750000e+02 9.471027221679687500e+02 1.087995605468750000e+03 5.178213500976562500e+02
7.153782958984375000e+02 9.490668334960937500e+02 1.104509155273437500e+03 5.255700073242187500e+02
7.153782958984375000e+02 9.490668334960937500e+02 1.104509155273437500e+03 5.255700073242187500e+02
3.974710388183593750e+02 8.164509277343750000e+02 1.186904296875000000e+03 5.901406860351562500e+02
5.824505004882812500e+02 8.933424682617187500e+02 1.144890625000000000e+03 6.006766967773437500e+02
5.824505004882812500e+02 8.933424682617187500e+02 1.144890625000000000e+03 6.006766967773437500e+02
5.879188842773437500e+02 8.784207763671875000e+02 1.134760742187500000e+03 6.057681274414062500e+02
5.879188842773437500e+02 8.784207763671875000e+02 1.134760742187500000e+03 6.057681274414062500e+02
5.655101928710937500e+02 8.922806396484375000e+02 1.153375244140625000e+03 6.084783325195312500e+02
5.202199096679687500e+02 8.038066406250000000e+02 1.137999633789062500e+03 6.848456420898437500e+02
3.334812316894531250e+02 8.943425292968750000e+02 1.291634887695312500e+03 7.166013183593750000e+02
3.380340881347656250e+02 8.806971435546875000e+02 1.285126831054687500e+03 7.243211669921875000e+02
3.262697143554687500e+02 8.779181518554687500e+02 1.292389526367187500e+03 7.336900024414062500e+02
7.315215454101562500e+02 9.112547607421875000e+02 1.076672973632812500e+03 5.334069824218750000e+02
6.986666870117187500e+02 9.336948852539062500e+02 1.102672729492187500e+03 5.389557495117187500e+02
7.132070922851562500e+02 9.109575195312500000e+02 1.084238159179687500e+03 5.402149658203125000e+02
5.933302612304687500e+02 8.864635620117187500e+02 1.134649658203125000e+03 5.988536376953125000e+02
5.702246704101562500e+02 9.013040771484375000e+02 1.153969970703125000e+03 6.012110595703125000e+02
4.880357360839843750e+02 8.216768188476562500e+02 1.165055786132812500e+03 6.868703613281250000e+02
5.706785888671875000e+02 6.386960449218750000e+02 9.745199584960937500e+02 8.099526977539062500e+02
3.177218933105468750e+02 7.702897338867187500e+02 1.263187377929687500e+03 8.414703979492187500e+02
5.812047119140625000e+02 6.401951904296875000e+02 8.050092773437500000e+02 9.252123413085937500e+02
5.812047119140625000e+02 6.401951904296875000e+02 8.050092773437500000e+02 9.252123413085937500e+02
8.104234008789062500e+02 8.490524291992187500e+02 1.004083129882812500e+03 5.270824584960937500e+02
5.822191772460937500e+02 8.702454223632812500e+02 1.133257690429687500e+03 6.131330566406250000e+02
6.768422851562500000e+02 7.747369384765625000e+02 1.026147460937500000e+03 6.218719482421875000e+02
6.571090698242187500e+02 7.860683593750000000e+02 1.044517089843750000e+03 6.246109008789062500e+02
4.087304077148437500e+02 9.814603881835937500e+02 1.268158325195312500e+03 6.263132324218750000e+02
3.972326965332031250e+02 9.804753417968750000e+02 1.277592041015625000e+03 6.348921508789062500e+02
4.265180969238281250e+02 9.448700561523437500e+02 1.248810791015625000e+03 6.399053344726562500e+02
6.159410400390625000e+02 7.519765014648437500e+02 1.044969970703125000e+03 6.709123535156250000e+02
3.512803649902343750e+02 8.649418334960937500e+02 1.272012084960937500e+03 7.295624389648437500e+02
5.683439941406250000e+02 6.537357788085937500e+02 9.922401733398437500e+02 7.933344116210937500e+02
5.683439941406250000e+02 6.537357788085937500e+02 9.922401733398437500e+02 7.933344116210937500e+02
4.272613220214843750e+02 7.265409545898437500e+02 1.157481201171875000e+03 8.146398925781250000e+02
4.365776672363281250e+02 7.074241943359375000e+02 1.136144897460937500e+03 8.295075683593750000e+02
3.054638061523437500e+02 7.734706420898437500e+02 1.274811767578125000e+03 8.463635864257812500e+02
6.975490112304687500e+02 9.510302734375000000e+02 1.111594604492187500e+03 5.313649902343750000e+02
6.137656860351562500e+02 8.746976318359375000e+02 1.117647094726562500e+03 5.942280883789062500e+02
5.503068237304687500e+02 9.194689331054687500e+02 1.172329956054687500e+03 6.009840698242187500e+02
6.885247802734375000e+02 7.879300537109375000e+02 1.027728881835937500e+03 6.078592529296875000e+02
6.784129028320312500e+02 7.987327880859375000e+02 1.039349731445312500e+03 6.088001708984375000e+02
4.162842407226562500e+02 1.019723388671875000e+03 1.276210205078125000e+03 6.087963867187500000e+02
5.509507446289062500e+02 8.931564941406250000e+02 1.160916870117187500e+03 6.140300292968750000e+02
5.289190063476562500e+02 8.861998291015625000e+02 1.170527954101562500e+03 6.272074584960937500e+02
3.992882385253906250e+02 9.637713012695312500e+02 1.269097900390625000e+03 6.407904663085937500e+02
5.603776855468750000e+02 7.982958374023437500e+02 1.108148193359375000e+03 6.686915893554687500e+02
5.118334350585937500e+02 8.136068725585937500e+02 1.146806152343750000e+03 6.819152221679687500e+02
5.917779541015625000e+02 7.559108886718750000e+02 1.062895874023437500e+03 6.825472412109375000e+02
5.933325195312500000e+02 7.428151245117187500e+02 1.052378051757812500e+03 6.911005249023437500e+02
4.054546813964843750e+02 8.716046142578125000e+02 1.239110717773437500e+03 6.959429931640625000e+02
5.950630493164062500e+02 7.304620361328125000e+02 1.041821899414062500e+03 6.983560791015625000e+02
5.000726013183593750e+02 7.993906860351562500e+02 1.146537719726562500e+03 6.977641601562500000e+02
5.089847106933593750e+02 7.861528930664062500e+02 1.134258178710937500e+03 7.048840942382812500e+02
4.663184204101562500e+02 8.123540649414062500e+02 1.175592651367187500e+03 7.076500854492187500e+02
3.907253112792968750e+02 8.471436767578125000e+02 1.239800537109375000e+03 7.232591552734375000e+02
3.369694213867187500e+02 8.676895141601562500e+02 1.283571411132812500e+03 7.371845092773437500e+02
3.420265197753906250e+02 8.533358764648437500e+02 1.273502807617187500e+03 7.434876098632812500e+02
5.040089111328125000e+02 7.212911376953125000e+02 1.096577880859375000e+03 7.657122802734375000e+02
4.916376037597656250e+02 7.214196166992187500e+02 1.106779174804687500e+03 7.744711303710937500e+02
4.422885131835937500e+02 7.352518310546875000e+02 1.150463867187500000e+03 7.930841064453125000e+02
5.572176513671875000e+02 6.533336181640625000e+02 1.000127258300781250e+03 8.014063720703125000e+02
4.558475341796875000e+02 7.117503051757812500e+02 1.125473632812500000e+03 8.079674072265625000e+02
4.558475341796875000e+02 7.117503051757812500e+02 1.125473632812500000e+03 8.079674072265625000e+02
5.661217041015625000e+02 6.336875610351562500e+02 9.746582031250000000e+02 8.207659912109375000e+02
5.661217041015625000e+02 6.336875610351562500e+02 9.746582031250000000e+02 8.207659912109375000e+02
3.099010925292968750e+02 7.650999755859375000e+02 1.266364746093750000e+03 8.536423339843750000e+02
7.061817016601562500e+02 8.204884033203125000e+02 1.034989624023437500e+03 5.834930419921875000e+02
5.730238037109375000e+02 9.168120727539062500e+02 1.160092529296875000e+03 5.939858398437500000e+02
6.872301025390625000e+02 8.117280273437500000e+02 1.044166870117187500e+03 5.966812744140625000e+02
6.872301025390625000e+02 8.117280273437500000e+02 1.044166870117187500e+03 5.966812744140625000e+02
7.070860595703125000e+02 7.843262329101562500e+02 1.015136352539062500e+03 6.015976562500000000e+02
5.725088500976562500e+02 8.789113769531250000e+02 1.141994506835937500e+03 6.122538452148437500e+02
5.317639160156250000e+02 9.066473999023437500e+02 1.177951904296875000e+03 6.154846801757812500e+02
5.275744018554687500e+02 7.872144775390625000e+02 1.122987304687500000e+03 6.929747924804687500e+02
5.275744018554687500e+02 7.872144775390625000e+02 1.122987304687500000e+03 6.929747924804687500e+02
4.948577270507812500e+02 8.126577758789062500e+02 1.157722290039062500e+03 6.921838989257812500e+02
5.995384521484375000e+02 7.197902221679687500e+02 1.031234130859375000e+03 7.052609863281250000e+02
5.773308105468750000e+02 7.389882202148437500e+02 1.059787109375000000e+03 7.049127197265625000e+02
4.101630554199218750e+02 8.554284057617187500e+02 1.229989501953125000e+03 7.062128295898437500e+02
4.926905212402343750e+02 7.864096679687500000e+02 1.144987182617187500e+03 7.135678100585937500e+02
3.746649780273437500e+02 8.573583984375000000e+02 1.254160034179687500e+03 7.234360351562500000e+02
4.742781372070312500e+02 7.855491333007812500e+02 1.156399047851562500e+03 7.246562500000000000e+02
3.294275207519531250e+02 7.959757080078125000e+02 1.264587402343750000e+03 8.050684204101562500e+02
5.634943847656250000e+02 6.448093261718750000e+02 9.864726562500000000e+02 8.087285156250000000e+02
2.889006652832031250e+02 8.140880737304687500e+02 1.300114379882812500e+03 8.126254882812500000e+02
4.717490539550781250e+02 6.963943481445312500e+02 1.101797607421875000e+03 8.154078369140625000e+02
5.507257690429687500e+02 6.438229980468750000e+02 9.942538452148437500e+02 8.213286743164062500e+02
4.562178039550781250e+02 6.946369628906250000e+02 1.111992431640625000e+03 8.302099609375000000e+02
5.245478515625000000e+02 5.894231567382812500e+02 9.505855712890625000e+02 9.260855712890625000e+02
6.692464599609375000e+02 8.423140869140625000e+02 1.072167724609375000e+03 5.901440429687500000e+02
4.430993347167968750e+02 9.563502807617187500e+02 1.243530517578125000e+03 6.264841918945312500e+02
5.482987060546875000e+02 8.683035278320312500e+02 1.153454589843750000e+03 6.289320068359375000e+02
5.415468139648437500e+02 7.778106689453125000e+02 1.108207397460937500e+03 6.920464477539062500e+02
5.218226928710937500e+02 7.717320556640625000e+02 1.117809326171875000e+03 7.086575927734375000e+02
6.079318847656250000e+02 7.097761230468750000e+02 1.018187561035156250e+03 7.099872436523437500e+02
4.574818420410156250e+02 7.953362426757812500e+02 1.171991577148437500e+03 7.261616210937500000e+02
4.574818420410156250e+02 7.953362426757812500e+02 1.171991577148437500e+03 7.261616210937500000e+02
3.725700988769531250e+02 8.387517700195312500e+02 1.246668579101562500e+03 7.387999877929687500e+02
4.457364501953125000e+02 7.204558715820312500e+02 1.141094482421875000e+03 8.048522949218750000e+02
5.155781250000000000e+02 5.942512817382812500e+02 9.675019531250000000e+02 9.224406127929687500e+02
5.155781250000000000e+02 5.942512817382812500e+02 9.675019531250000000e+02 9.224406127929687500e+02
4.661820983886718750e+02 9.793621826171875000e+02 1.237171508789062500e+03 6.062160644531250000e+02
5.844636840820312500e+02 8.494871826171875000e+02 1.121299194335937500e+03 6.217606201171875000e+02
4.868710937500000000e+02 8.327758178710937500e+02 1.171126464843750000e+03 6.817858276367187500e+02
3.828232727050781250e+02 8.772510375976562500e+02 1.254416137695312500e+03 7.041143188476562500e+02
5.427485961914062500e+02 6.580256347656250000e+02 1.014965759277343750e+03 8.083294067382812500e+02
3.391401367187500000e+02 7.733688964843750000e+02 1.247239257812500000e+03 8.222883911132812500e+02
3.391401367187500000e+02 7.733688964843750000e+02 1.247239257812500000e+03 8.222883911132812500e+02
6.276486816406250000e+02 8.437443847656250000e+02 1.094859985351562500e+03 6.078585205078125000e+02
5.644352416992187500e+02 7.619973754882812500e+02 1.083778930664062500e+03 6.926328735351562500e+02
5.644352416992187500e+02 7.619973754882812500e+02 1.083778930664062500e+03 6.926328735351562500e+02
4.120264282226562500e+02 7.211292114257812500e+02 1.162794555664062500e+03 8.335162353515625000e+02
3.418081054687500000e+02 7.505056762695312500e+02 1.236559814453125000e+03 8.480744018554687500e+02
6.605043945312500000e+02 8.768114013671875000e+02 1.095533691406250000e+03 5.770689086914062500e+02
4.983096008300781250e+02 9.326453247070312500e+02 1.204789062500000000e+03 6.177360839843750000e+02
4.394614562988281250e+02 8.329204101562500000e+02 1.201612548828125000e+03 7.080062866210937500e+02
3.647880859375000000e+02 8.146513061523437500e+02 1.250411621093750000e+03 7.660167846679687500e+02
5.096510009765625000e+02 6.852313842773437500e+02 1.064522827148437500e+03 7.989826049804687500e+02
5.096510009765625000e+02 6.852313842773437500e+02 1.064522827148437500e+03 7.989826049804687500e+02
5.971972045898437500e+02 7.987274780273437500e+02 1.088865844726562500e+03 6.486281738281250000e+02
5.420325927734375000e+02 7.185115966796875000e+02 1.062623901367187500e+03 7.471870117187500000e+02
