9.012958374023437500e+02 7.875043945312500000e+02 1.132483398437500000e+03 5.623125000000000000e+02
8.304372558593750000e+02 1.037715942382812500e+03 1.348549560546875000e+03 5.642249145507812500e+02
8.304372558593750000e+02 1.037715942382812500e+03 1.348549560546875000e+03 5.642249145507812500e+02
8.080067749023437500e+02 8.302163085937500000e+02 1.199770874023437500e+03 6.097982177734375000e+02
7.197453613281250000e+02 9.197453613281250000e+02 1.304750366210937500e+03 6.432619018554687500e+02
5.374613037109375000e+02 7.859365234375000000e+02 1.251882202148437500e+03 8.226101684570312500e+02
4.137034301757812500e+02 9.681807250976562500e+02 1.465266723632812500e+03 8.331774902343750000e+02
9.823227539062500000e+02 8.745927124023437500e+02 1.187470825195312500e+03 5.107225036621093750e+02
9.339457397460937500e+02 9.449719238281250000e+02 1.254937866210937500e+03 5.267714233398437500e+02
8.218020019531250000e+02 1.010883850097656250e+03 1.334263305664062500e+03 5.717391967773437500e+02
8.180225830078125000e+02 1.031193725585937500e+03 1.348532836914062500e+03 5.711693115234375000e+02
8.289201660156250000e+02 8.532882690429687500e+02 1.214655639648437500e+03 5.936006469726562500e+02
8.357390136718750000e+02 8.242055664062500000e+02 1.187152099609375000e+03 5.942133178710937500e+02
7.552536010742187500e+02 1.035677490234375000e+03 1.372226196289062500e+03 6.009744873046875000e+02
7.366286621093750000e+02 9.471027221679687500e+02 1.318361083984375000e+03 6.268964233398437500e+02
7.387383422851562500e+02 9.191831665039062500e+02 1.298400756835937500e+03 6.323079223632812500e+02
7.236435546875000000e+02 9.298455200195312500e+02 1.311104125976562500e+03 6.386678466796875000e+02
7.153782958984375000e+02 9.490668334960937500e+02 1.329491699218750000e+03 6.396229248046875000e+02
7.153782958984375000e+02 9.490668334960937500e+02 1.329491699218750000e+03 6.396229248046875000e+02
7.132070922851562500e+02 9.109575195312500000e+02 1.299821533203125000e+03 6.488874511718750000e+02
6.752800903320312500e+02 8.239904785156250000e+02 1.238358276367187500e+03 6.973899536132812500e+02
6.626914672851562500e+02 7.906124267578125000e+02 8.906338500976562500e+02 7.256075439453125000e+02
5.986682128906250000e+02 8.936996459960937500e+02 1.329159301757812500e+03 7.276380004882812500e+02
5.824505004882812500e+02 8.933424682617187500e+02 1.334981323242187500e+03 7.398282470703125000e+02
5.824505004882812500e+02 8.933424682617187500e+02 1.334981323242187500e+03 7.398282470703125000e+02
5.879188842773437500e+02 8.784207763671875000e+02 1.320227905273437500e+03 7.413064575195312500e+02
6.037050781250000000e+02 6.987579345703125000e+02 1.121930175781250000e+03 8.072479248046875000e+02
4.863810119628906250e+02 7.822587280273437500e+02 1.268710449218750000e+03 8.721411743164062500e+02
5.812047119140625000e+02 6.401951904296875000e+02 8.429818115234375000e+02 9.122852783203125000e+02
5.812047119140625000e+02 6.401951904296875000e+02 8.429818115234375000e+02 9.122852783203125000e+02
9.482750244140625000e+02 6.957713623046875000e+02 1.098122802734375000e+03 5.596712036132812500e+02
7.569802856445312500e+02 1.019829284667968750e+03 1.362285034179687500e+03 6.026757202148437500e+02
7.315215454101562500e+02 9.112547607421875000e+02 1.294455810546875000e+03 6.383651733398437500e+02
6.986666870117187500e+02 9.336948852539062500e+02 1.322216186523437500e+03 6.535696411132812500e+02
6.986666870117187500e+02 9.336948852539062500e+02 1.322216186523437500e+03 6.535696411132812500e+02
6.816125488281250000e+02 8.313927612304687500e+02 1.243530517578125000e+03 6.911931762695312500e+02
6.615679321289062500e+02 8.224796142578125000e+02 1.243438842773437500e+03 7.085393676757812500e+02
6.249395141601562500e+02 8.887298583984375000e+02 1.313840454101562500e+03 7.118049926757812500e+02
6.717901611328125000e+02 7.853164062500000000e+02 1.201296997070312500e+03 7.137355346679687500e+02
6.717901611328125000e+02 7.853164062500000000e+02 1.201296997070312500e+03 7.137355346679687500e+02
6.105880737304687500e+02 8.873625488281250000e+02 1.318679077148437500e+03 7.220057373046875000e+02
6.105880737304687500e+02 8.873625488281250000e+02 1.318679077148437500e+03 7.220057373046875000e+02
6.541820678710937500e+02 7.964064331054687500e+02 1.218950195312500000e+03 7.229707641601562500e+02
5.879433593750000000e+02 9.021260986328125000e+02 1.339913696289062500e+03 7.329699707031250000e+02
5.933302612304687500e+02 8.864635620117187500e+02 1.325054687500000000e+03 7.347170410156250000e+02
5.933302612304687500e+02 8.864635620117187500e+02 1.325054687500000000e+03 7.347170410156250000e+02
5.702246704101562500e+02 9.013040771484375000e+02 1.346345947265625000e+03 7.454891967773437500e+02
5.822191772460937500e+02 8.702454223632812500e+02 1.314885742187500000e+03 7.484389648437500000e+02
5.599257202148437500e+02 9.085692138671875000e+02 1.356868896484375000e+03 7.497269897460937500e+02
6.337036743164062500e+02 7.416287231445312500e+02 1.166336181640625000e+03 7.611169433593750000e+02
6.320813598632812500e+02 7.245292358398437500e+02 1.146852416992187500e+03 7.692166137695312500e+02
7.014897460937500000e+02 5.185993652343750000e+02 7.803139038085937500e+02 8.183264770507812500e+02
5.202199096679687500e+02 8.038066406250000000e+02 1.278335449218750000e+03 8.286768188476562500e+02
4.180909423828125000e+02 9.590563964843750000e+02 1.456654296875000000e+03 8.344733276367187500e+02
4.180909423828125000e+02 9.590563964843750000e+02 1.456654296875000000e+03 8.344733276367187500e+02
5.683439941406250000e+02 6.537357788085937500e+02 1.067177246093750000e+03 8.718726196289062500e+02
5.683439941406250000e+02 6.537357788085937500e+02 1.067177246093750000e+03 8.718726196289062500e+02
5.706785888671875000e+02 6.386960449218750000e+02 1.042520629882812500e+03 8.811680908203125000e+02
3.963349914550781250e+02 8.606022949218750000e+02 1.389537353515625000e+03 9.082083129882812500e+02
3.334812316894531250e+02 8.943425292968750000e+02 1.449310668945312500e+03 9.445900878906250000e+02
3.262697143554687500e+02 8.779181518554687500e+02 1.439569580078125000e+03 9.648200683593750000e+02
8.970958251953125000e+02 9.543912963867187500e+02 1.274261962890625000e+03 5.444536743164062500e+02
7.851774902343750000e+02 1.018849914550781250e+03 1.353287109375000000e+03 5.897665405273437500e+02
8.104234008789062500e+02 8.490524291992187500e+02 1.216048095703125000e+03 6.056464233398437500e+02
8.129560546875000000e+02 8.187651977539062500e+02 1.190440429687500000e+03 6.095418090820312500e+02
6.768274536132812500e+02 9.264329223632812500e+02 1.325841064453125000e+03 6.665946044921875000e+02
6.796510620117187500e+02 9.115789184570312500e+02 1.313266357421875000e+03 6.689435424804687500e+02
6.885247802734375000e+02 7.879300537109375000e+02 1.198246582031250000e+03 6.997062377929687500e+02
6.768422851562500000e+02 7.747369384765625000e+02 1.189116577148437500e+03 7.131560058593750000e+02
6.468736572265625000e+02 8.212452392578125000e+02 1.245879394531250000e+03 7.200935668945312500e+02
6.051658325195312500e+02 8.997892456054687500e+02 1.331101806640625000e+03 7.222384643554687500e+02
6.571090698242187500e+02 7.860683593750000000e+02 1.207277587890625000e+03 7.240454711914062500e+02
6.159410400390625000e+02 7.519765014648437500e+02 1.184144409179687500e+03 7.716334228515625000e+02
4.036789550781250000e+02 1.009446960449218750e+03 1.496641357421875000e+03 8.216954345703125000e+02
4.036789550781250000e+02 1.009446960449218750e+03 1.496641357421875000e+03 8.216954345703125000e+02
3.941955871582031250e+02 1.023900756835937500e+03 1.510740600585937500e+03 8.226777954101562500e+02
3.941955871582031250e+02 1.023900756835937500e+03 1.510740600585937500e+03 8.226777954101562500e+02
5.162614135742187500e+02 7.961191406250000000e+02 1.271532836914062500e+03 8.364362182617187500e+02
5.089847106933593750e+02 7.861528930664062500e+02 1.263441650390625000e+03 8.490921020507812500e+02
4.801492614746093750e+02 8.154960937500000000e+02 1.306521850585937500e+03 8.575376586914062500e+02
4.716891174316406250e+02 8.005802612304687500e+02 1.295452392578125000e+03 8.743074340820312500e+02
5.661217041015625000e+02 6.336875610351562500e+02 1.036779541015625000e+03 8.907838745117187500e+02
4.354972229003906250e+02 7.482849121093750000e+02 1.250344848632812500e+03 9.466276245117187500e+02
3.512803649902343750e+02 8.649418334960937500e+02 1.415166503906250000e+03 9.480782470703125000e+02
3.246539001464843750e+02 8.876234130859375000e+02 1.448578491210937500e+03 9.573675537109375000e+02
4.435505065917968750e+02 7.142441406250000000e+02 1.202401245117187500e+03 9.674896240234375000e+02
4.272613220214843750e+02 7.265409545898437500e+02 1.228529418945312500e+03 9.755576171875000000e+02
4.365776672363281250e+02 7.074241943359375000e+02 1.196291381835937500e+03 9.800175170898437500e+02
6.975490112304687500e+02 9.510302734375000000e+02 1.336414916992187500e+03 6.495661621093750000e+02
6.975490112304687500e+02 9.510302734375000000e+02 1.336414916992187500e+03 6.495661621093750000e+02
7.035397338867187500e+02 9.139543457031250000e+02 1.306457153320312500e+03 6.553525390625000000e+02
6.137656860351562500e+02 8.746976318359375000e+02 1.307058959960937500e+03 7.232561645507812500e+02
5.472165527343750000e+02 9.361279296875000000e+02 1.383509399414062500e+03 7.497071533203125000e+02
5.725088500976562500e+02 8.789113769531250000e+02 1.327477172851562500e+03 7.524890136718750000e+02
5.503068237304687500e+02 9.194689331054687500e+02 1.369162475585937500e+03 7.531903076171875000e+02
5.509507446289062500e+02 8.931564941406250000e+02 1.348280517578125000e+03 7.624624023437500000e+02
6.232321777343750000e+02 7.345160522460937500e+02 1.158952270507812500e+03 7.726170654296875000e+02
5.289190063476562500e+02 8.861998291015625000e+02 1.351100341796875000e+03 7.822698974609375000e+02
5.289190063476562500e+02 8.861998291015625000e+02 1.351100341796875000e+03 7.822698974609375000e+02
6.090456542968750000e+02 7.273934326171875000e+02 1.156851074218750000e+03 7.887715454101562500e+02
5.917779541015625000e+02 7.559108886718750000e+02 1.196522094726562500e+03 7.909880371093750000e+02
5.995384521484375000e+02 7.197902221679687500e+02 1.150511596679687500e+03 8.023429565429687500e+02
4.162842407226562500e+02 1.019723388671875000e+03 1.498827270507812500e+03 8.105400390625000000e+02
4.213192749023437500e+02 1.001199279785156250e+03 1.484013793945312500e+03 8.130373535156250000e+02
5.118334350585937500e+02 8.136068725585937500e+02 1.291119628906250000e+03 8.301176757812500000e+02
4.087304077148437500e+02 9.814603881835937500e+02 1.475987915039062500e+03 8.293287963867187500e+02
4.265180969238281250e+02 9.448700561523437500e+02 1.442363159179687500e+03 8.348553466796875000e+02
3.972326965332031250e+02 9.804753417968750000e+02 1.483379394531250000e+03 8.437270507812500000e+02
3.992882385253906250e+02 9.637713012695312500e+02 1.468244262695312500e+03 8.464868164062500000e+02
5.000726013183593750e+02 7.993906860351562500e+02 1.280908081054687500e+03 8.482394409179687500e+02
3.731850891113281250e+02 9.800927734375000000e+02 1.492900268554687500e+03 8.592391357421875000e+02
5.572176513671875000e+02 6.533336181640625000e+02 1.069738647460937500e+03 8.843788452148437500e+02
5.634943847656250000e+02 6.448093261718750000e+02 1.052352539062500000e+03 8.854725952148437500e+02
4.916376037597656250e+02 7.214196166992187500e+02 1.194125488281250000e+03 9.077508544921875000e+02
4.796432189941406250e+02 7.271712036132812500e+02 1.203937011718750000e+03 9.143197021484375000e+02
4.656699218750000000e+02 7.261851196289062500e+02 1.211159301757812500e+03 9.328474731445312500e+02
4.656699218750000000e+02 7.261851196289062500e+02 1.211159301757812500e+03 9.328474731445312500e+02
3.548568725585937500e+02 8.775773925781250000e+02 1.423699340820312500e+03 9.354688720703125000e+02
4.553248901367187500e+02 7.305631713867187500e+02 1.219357055664062500e+03 9.388504028320312500e+02
4.484506835937500000e+02 7.425153198242187500e+02 1.239077636718750000e+03 9.383698730468750000e+02
4.717490539550781250e+02 6.963943481445312500e+02 1.167215087890625000e+03 9.476837158203125000e+02
4.422885131835937500e+02 7.352518310546875000e+02 1.232804321289062500e+03 9.503729858398437500e+02
7.061817016601562500e+02 8.204884033203125000e+02 1.221858520507812500e+03 6.762553100585937500e+02
7.070860595703125000e+02 7.843262329101562500e+02 1.188179077148437500e+03 6.876398315429687500e+02
6.872301025390625000e+02 8.117280273437500000e+02 1.223267700195312500e+03 6.938701782226562500e+02
5.730238037109375000e+02 9.168120727539062500e+02 1.357630615234375000e+03 7.388305053710937500e+02
5.317639160156250000e+02 9.066473999023437500e+02 1.366633178710937500e+03 7.720510253906250000e+02
5.275744018554687500e+02 7.872144775390625000e+02 1.255766967773437500e+03 8.310155029296875000e+02
4.948577270507812500e+02 8.126577758789062500e+02 1.297564941406250000e+03 8.464655761718750000e+02
3.657270507812500000e+02 9.981475830078125000e+02 1.509394775390625000e+03 8.559478759765625000e+02
4.926905212402343750e+02 7.864096679687500000e+02 1.271032958984375000e+03 8.633414306640625000e+02
4.663184204101562500e+02 8.123540649414062500e+02 1.309911621093750000e+03 8.721396484375000000e+02
4.223151550292968750e+02 8.734866333007812500e+02 1.387721191406250000e+03 8.767660522460937500e+02
4.742781372070312500e+02 7.855491333007812500e+02 1.277140625000000000e+03 8.812267456054687500e+02
4.101630554199218750e+02 8.554284057617187500e+02 1.376794555664062500e+03 8.992895507812500000e+02
5.507257690429687500e+02 6.438229980468750000e+02 1.055089721679687500e+03 9.009257202148437500e+02
3.907253112792968750e+02 8.471436767578125000e+02 1.378954467773437500e+03 9.226523437500000000e+02
3.746649780273437500e+02 8.573583984375000000e+02 1.397290771484375000e+03 9.319494018554687500e+02
3.297598571777343750e+02 9.237041015625000000e+02 1.475772460937500000e+03 9.302330932617187500e+02
3.509808654785156250e+02 8.921080322265625000e+02 1.440681030273437500e+03 9.315841674804687500e+02
4.294232482910156250e+02 7.569766845703125000e+02 1.265453857421875000e+03 9.472304077148437500e+02
4.228733215332031250e+02 7.472707519531250000e+02 1.255333740234375000e+03 9.628425292968750000e+02
3.369694213867187500e+02 8.676895141601562500e+02 1.426026245117187500e+03 9.630415649414062500e+02
3.420265197753906250e+02 8.533358764648437500e+02 1.408114746093750000e+03 9.655750732421875000e+02
4.562178039550781250e+02 6.946369628906250000e+02 1.168620849609375000e+03 9.696342163085937500e+02
3.294275207519531250e+02 7.959757080078125000e+02 1.359829101562500000e+03 1.027882690429687500e+03
5.482987060546875000e+02 8.683035278320312500e+02 1.329849243164062500e+03 7.763037719726562500e+02
6.079318847656250000e+02 7.097761230468750000e+02 1.134342163085937500e+03 8.006449584960937500e+02
6.079318847656250000e+02 7.097761230468750000e+02 1.134342163085937500e+03 8.006449584960937500e+02
5.415468139648437500e+02 7.778106689453125000e+02 1.241948974609375000e+03 8.227326660156250000e+02
4.460405273437500000e+02 9.267899780273437500e+02 1.419785522460937500e+03 8.279449462890625000e+02
4.574818420410156250e+02 7.953362426757812500e+02 1.294779541015625000e+03 8.912400512695312500e+02
4.574818420410156250e+02 7.953362426757812500e+02 1.294779541015625000e+03 8.912400512695312500e+02
5.427485961914062500e+02 6.580256347656250000e+02 1.080902709960937500e+03 8.992639770507812500e+02
5.427485961914062500e+02 6.580256347656250000e+02 1.080902709960937500e+03 8.992639770507812500e+02
3.929756469726562500e+02 8.293631591796875000e+02 1.360465576171875000e+03 9.321638183593750000e+02
3.929756469726562500e+02 8.293631591796875000e+02 1.360465576171875000e+03 9.321638183593750000e+02
3.725700988769531250e+02 8.387517700195312500e+02 1.378298339843750000e+03 9.452569580078125000e+02
3.181693115234375000e+02 9.008266601562500000e+02 1.464779296875000000e+03 9.526739501953125000e+02
4.457364501953125000e+02 7.204558715820312500e+02 1.215806518554687500e+03 9.579117431640625000e+02
4.661820983886718750e+02 9.793621826171875000e+02 1.448161499023437500e+03 7.895961303710937500e+02
4.430993347167968750e+02 9.563502807617187500e+02 1.444642211914062500e+03 8.174267578125000000e+02
4.868710937500000000e+02 8.327758178710937500e+02 1.320240478515625000e+03 8.417984619140625000e+02
4.868710937500000000e+02 8.327758178710937500e+02 1.320240478515625000e+03 8.417984619140625000e+02
6.276486816406250000e+02 8.437443847656250000e+02 1.273224731445312500e+03 7.269566650390625000e+02
5.644352416992187500e+02 7.619973754882812500e+02 1.213606811523437500e+03 8.119305419921875000e+02
4.120264282226562500e+02 7.211292114257812500e+02 1.222712158203125000e+03 1.000308532714843750e+03
4.120264282226562500e+02 7.211292114257812500e+02 1.222712158203125000e+03 1.000308532714843750e+03
6.605043945312500000e+02 8.768114013671875000e+02 1.290954956054687500e+03 6.923099365234375000e+02
4.983096008300781250e+02 9.326453247070312500e+02 1.399723388671875000e+03 7.876686401367187500e+02
4.394614562988281250e+02 8.329204101562500000e+02 1.340957275390625000e+03 8.872546997070312500e+02
4.394614562988281250e+02 8.329204101562500000e+02 1.340957275390625000e+03 8.872546997070312500e+02
5.096510009765625000e+02 6.852313842773437500e+02 1.137421508789062500e+03 9.120097045898437500e+02
5.096510009765625000e+02 6.852313842773437500e+02 1.137421508789062500e+03 9.120097045898437500e+02
5.971972045898437500e+02 7.987274780273437500e+02 1.244572387695312500e+03 7.675485839843750000e+02
5.420325927734375000e+02 7.185115966796875000e+02 1.163644531250000000e+03 8.593846435546875000e+02
