9.208463134765625000e+02 7.740601196289062500e+02 1.043031372070312500e+03 5.594459228515625000e+02
6.937875976562500000e+02 7.153941650390625000e+02 1.020505187988281250e+03 7.367456665039062500e+02
9.648702392578125000e+02 8.323251342773437500e+02 1.078587646484375000e+03 5.285287475585937500e+02
1.220165405273437500e+03 7.531150512695312500e+02 1.117138549804687500e+03 5.521904907226562500e+02
8.435787963867187500e+02 8.742355346679687500e+02 1.141024169921875000e+03 5.900575561523437500e+02
8.410745849609375000e+02 8.638169555664062500e+02 1.133478271484375000e+03 5.935214233398437500e+02
8.226800537109375000e+02 8.838471069335937500e+02 1.154250488281250000e+03 6.013796997070312500e+02
8.189893798828125000e+02 8.735628051757812500e+02 1.146790649414062500e+03 6.045084228515625000e+02
1.076254638671875000e+03 6.003097534179687500e+02 1.133194213867187500e+03 6.129703369140625000e+02
1.076254638671875000e+03 6.003097534179687500e+02 1.133194213867187500e+03 6.129703369140625000e+02
6.976618652343750000e+02 9.503385009765625000e+02 1.233786010742187500e+03 6.589651489257812500e+02
6.965082397460937500e+02 9.272482910156250000e+02 1.221128540039062500e+03 6.681260986328125000e+02
6.965082397460937500e+02 9.272482910156250000e+02 1.221128540039062500e+03 6.681260986328125000e+02
6.948195190429687500e+02 9.163405151367187500e+02 1.212869995117187500e+03 6.717280273437500000e+02
6.827256469726562500e+02 9.571199951171875000e+02 1.249116210937500000e+03 6.717417602539062500e+02
6.827256469726562500e+02 9.571199951171875000e+02 1.249116210937500000e+03 6.717417602539062500e+02
6.875328979492187500e+02 8.191655273437500000e+02 1.132546752929687500e+03 7.027347412109375000e+02
6.844953002929687500e+02 7.177478637695312500e+02 1.024027343750000000e+03 7.423422851562500000e+02
5.934311523437500000e+02 8.555226440429687500e+02 1.194002563476562500e+03 7.627839355468750000e+02
5.934311523437500000e+02 8.555226440429687500e+02 1.194002563476562500e+03 7.627839355468750000e+02
5.837895507812500000e+02 8.691570434570312500e+02 1.209176025390625000e+03 7.649264526367187500e+02
5.837895507812500000e+02 8.691570434570312500e+02 1.209176025390625000e+03 7.649264526367187500e+02
5.512155761718750000e+02 7.698370971679687500e+02 1.121316528320312500e+03 8.398715820312500000e+02
3.796166076660156250e+02 9.681994628906250000e+02 1.111694335937500000e+03 4.976719360351562500e+02
7.108428344726562500e+02 9.211340942382812500e+02 1.213110595703125000e+03 6.611943969726562500e+02
6.728859252929687500e+02 9.367086181640625000e+02 1.234084106445312500e+03 6.811312255859375000e+02
6.728859252929687500e+02 9.367086181640625000e+02 1.234084106445312500e+03 6.811312255859375000e+02
6.752822875976562500e+02 8.149797973632812500e+02 1.133158935546875000e+03 7.144425048828125000e+02
6.781111450195312500e+02 7.864193115234375000e+02 1.104071289062500000e+03 7.227032470703125000e+02
6.691974487304687500e+02 7.991425781250000000e+02 1.118935668945312500e+03 7.247680053710937500e+02
6.107150268554687500e+02 8.690875854492187500e+02 1.200773193359375000e+03 7.447239379882812500e+02
6.071416625976562500e+02 8.502785034179687500e+02 1.185772827148437500e+03 7.548187255859375000e+02
5.959355468750000000e+02 8.644588012695312500e+02 1.201353881835937500e+03 7.576917114257812500e+02
5.959355468750000000e+02 8.644588012695312500e+02 1.201353881835937500e+03 7.576917114257812500e+02
6.668745727539062500e+02 7.006873168945312500e+02 1.007208984375000000e+03 7.666301269531250000e+02
5.918988647460937500e+02 8.457451782226562500e+02 1.185617797851562500e+03 7.681307373046875000e+02
5.822538452148437500e+02 8.603507080078125000e+02 1.201982666015625000e+03 7.702694091796875000e+02
5.715490112304687500e+02 8.740798339843750000e+02 1.217445434570312500e+03 7.726838989257812500e+02
5.609336547851562500e+02 7.684340820312500000e+02 1.118105102539062500e+03 8.325036010742187500e+02
5.393456420898437500e+02 6.774871826171875000e+02 1.005853881835937500e+03 9.162791748046875000e+02
4.438445739746093750e+02 7.997627563476562500e+02 1.192114990234375000e+03 9.311575317382812500e+02
3.840484008789062500e+02 8.199290161132812500e+02 1.234615478515625000e+03 9.791875610351562500e+02
9.166265258789062500e+02 8.026588134765625000e+02 1.065151611328125000e+03 5.593731079101562500e+02
9.082546997070312500e+02 8.259953613281250000e+02 1.084925537109375000e+03 5.614743652343750000e+02
7.982337646484375000e+02 8.525482177734375000e+02 1.136304077148437500e+03 6.213623046875000000e+02
7.643806762695312500e+02 7.523533325195312500e+02 1.049129638671875000e+03 6.652963867187500000e+02
6.834023437500000000e+02 9.169811401367187500e+02 1.217453247070312500e+03 6.789851074218750000e+02
7.121337280273437500e+02 7.851584472656250000e+02 1.093833740234375000e+03 6.962747192382812500e+02
7.051405639648437500e+02 7.693129272460937500e+02 1.079413940429687500e+03 7.074101562500000000e+02
6.841878662109375000e+02 7.765670776367187500e+02 1.092500000000000000e+03 7.207724609375000000e+02
7.008418579101562500e+02 7.251359863281250000e+02 1.031651977539062500e+03 7.265759887695312500e+02
6.773779907226562500e+02 7.278920288085937500e+02 1.038121948242187500e+03 7.445099487304687500e+02
6.607219238281250000e+02 7.087996215820312500e+02 1.019632080078125000e+03 7.677805175781250000e+02
6.478244628906250000e+02 7.095756225585937500e+02 1.022276977539062500e+03 7.805565795898437500e+02
6.478244628906250000e+02 7.095756225585937500e+02 1.022276977539062500e+03 7.805565795898437500e+02
6.421649169921875000e+02 7.212537841796875000e+02 1.036484863281250000e+03 7.815946655273437500e+02
5.703076171875000000e+02 7.644760742187500000e+02 1.109184814453125000e+03 8.247586669921875000e+02
5.240096435546875000e+02 7.722619628906250000e+02 1.132417724609375000e+03 8.647952270507812500e+02
5.240096435546875000e+02 7.722619628906250000e+02 1.132417724609375000e+03 8.647952270507812500e+02
4.184715270996093750e+02 9.413807983398437500e+02 1.327805786132812500e+03 8.667898559570312500e+02
4.184715270996093750e+02 9.413807983398437500e+02 1.327805786132812500e+03 8.667898559570312500e+02
5.216765747070312500e+02 7.566135253906250000e+02 1.114862304687500000e+03 8.765438842773437500e+02
4.015941467285156250e+02 9.291145629882812500e+02 1.322613891601562500e+03 8.877742919921875000e+02
3.892244262695312500e+02 9.340380859375000000e+02 1.333785400390625000e+03 8.981705932617187500e+02
3.892244262695312500e+02 9.340380859375000000e+02 1.333785400390625000e+03 8.981705932617187500e+02
5.083590393066406250e+02 6.863653564453125000e+02 1.025624511718750000e+03 9.443004760742187500e+02
4.083851928710937500e+02 7.949703369140625000e+02 1.199517333984375000e+03 9.736889648437500000e+02
4.013779907226562500e+02 7.261928710937500000e+02 1.117267089843750000e+03 1.045291137695312500e+03
9.595087890625000000e+02 8.509734497070312500e+02 1.094940063476562500e+03 5.292839965820312500e+02
6.662482910156250000e+02 9.526112060546875000e+02 1.247255126953125000e+03 6.821165161132812500e+02
6.627303466796875000e+02 9.093210449218750000e+02 1.218053588867187500e+03 6.932822265625000000e+02
6.858104858398437500e+02 7.980170898437500000e+02 1.113282348632812500e+03 7.116554565429687500e+02
6.633899536132812500e+02 8.098435668945312500e+02 1.131442749023437500e+03 7.258094482421875000e+02
6.590341796875000000e+02 7.890484008789062500e+02 1.111667724609375000e+03 7.367002563476562500e+02
6.162696533203125000e+02 8.574854125976562500e+02 1.188432373046875000e+03 7.427451171875000000e+02
6.021403808593750000e+02 8.806094970703125000e+02 1.213012084960937500e+03 7.480110473632812500e+02
5.794680175781250000e+02 8.530867309570312500e+02 1.196114868164062500e+03 7.751629638671875000e+02
6.365477294921875000e+02 7.335439453125000000e+02 1.056177856445312500e+03 7.788208007812500000e+02
6.550454101562500000e+02 7.004082641601562500e+02 1.008081970214843750e+03 7.798864135742187500e+02
5.489617309570312500e+02 8.885063476562500000e+02 1.237200439453125000e+03 7.848722534179687500e+02
5.413691406250000000e+02 9.045056762695312500e+02 1.252836303710937500e+03 7.859633789062500000e+02
5.569436035156250000e+02 8.628382568359375000e+02 1.212090942382812500e+03 7.890061035156250000e+02
5.569436035156250000e+02 8.628382568359375000e+02 1.212090942382812500e+03 7.890061035156250000e+02
5.507203369140625000e+02 7.760070190429687500e+02 1.129531005859375000e+03 8.352459106445312500e+02
5.455055541992187500e+02 7.599747924804687500e+02 1.111951171875000000e+03 8.510333862304687500e+02
5.455055541992187500e+02 7.599747924804687500e+02 1.111951171875000000e+03 8.510333862304687500e+02
4.313588562011718750e+02 9.257853393554687500e+02 1.310546630859375000e+03 8.650726928710937500e+02
4.094606933593750000e+02 9.568259277343750000e+02 1.342401245117187500e+03 8.696939697265625000e+02
4.403165893554687500e+02 8.862576904296875000e+02 1.273610961914062500e+03 8.796116943359375000e+02
4.097550048828125000e+02 9.155857543945312500e+02 1.312023315429687500e+03 8.968011474609375000e+02
5.191806030273437500e+02 6.890851440429687500e+02 1.027719116210937500e+03 9.296010131835937500e+02
3.834294433593750000e+02 8.337952880859375000e+02 1.250847534179687500e+03 9.686281738281250000e+02
7.183433837890625000e+02 8.213234252929687500e+02 1.126004516601562500e+03 6.799628295898437500e+02
7.299249267578125000e+02 7.849295043945312500e+02 1.089611206054687500e+03 6.825419311523437500e+02
7.018100585937500000e+02 8.091506347656250000e+02 1.120024536132812500e+03 6.967582397460937500e+02
6.944544677734375000e+02 7.937737426757812500e+02 1.106649536132812500e+03 7.071236572265625000e+02
5.694784545898437500e+02 8.903729248046875000e+02 1.231754272460937500e+03 7.689362182617187500e+02
5.374561767578125000e+02 8.706975708007812500e+02 1.226497558593750000e+03 8.019609375000000000e+02
5.734697265625000000e+02 7.367152709960937500e+02 1.077722656250000000e+03 8.395581665039062500e+02
4.385599975585937500e+02 9.427196655273437500e+02 1.321848754882812500e+03 8.517383422851562500e+02
5.365902709960937500e+02 7.722333984375000000e+02 1.128633789062500000e+03 8.552081298828125000e+02
5.436060180664062500e+02 7.464476928710937500e+02 1.097653198242187500e+03 8.616750488281250000e+02
5.139213867187500000e+02 7.661564331054687500e+02 1.130242065429687500e+03 8.786302490234375000e+02
4.120083007812500000e+02 8.985435180664062500e+02 1.294276123046875000e+03 8.961539916992187500e+02
3.773120727539062500e+02 9.243100585937500000e+02 1.332555053710937500e+03 9.141692504882812500e+02
4.552910461425781250e+02 7.982352905273437500e+02 1.183319946289062500e+03 9.203961181640625000e+02
4.461344604492187500e+02 8.118216552734375000e+02 1.203999145507812500e+03 9.197903442382812500e+02
4.057429809570312500e+02 8.077500000000000000e+02 1.213230468750000000e+03 9.644444580078125000e+02
4.057429809570312500e+02 8.077500000000000000e+02 1.213230468750000000e+03 9.644444580078125000e+02
3.983599548339843750e+02 8.206551513671875000e+02 1.231994873046875000e+03 9.654444580078125000e+02
4.034405212402343750e+02 7.827247314453125000e+02 1.185660156250000000e+03 9.881091308593750000e+02
4.236189575195312500e+02 7.180985717773437500e+02 1.099895874023437500e+03 1.024999877929687500e+03
4.124377441406250000e+02 7.274793090820312500e+02 1.116495239257812500e+03 1.029162231445312500e+03
7.332336425781250000e+02 9.517165527343750000e+02 1.222614868164062500e+03 6.409867553710937500e+02
6.764143676757812500e+02 8.352298583984375000e+02 1.151569824218750000e+03 7.072343139648437500e+02
5.869596557617187500e+02 7.475712280273437500e+02 1.085841186523437500e+03 8.193021240234375000e+02
4.599503173828125000e+02 8.729278564453125000e+02 1.254649658203125000e+03 8.666591186523437500e+02
5.380133056640625000e+02 6.958281860351562500e+02 1.031653442382812500e+03 9.017498168945312500e+02
4.049831237792968750e+02 8.352609863281250000e+02 1.243107788085937500e+03 9.468396606445312500e+02
3.717296447753906250e+02 8.220280151367187500e+02 1.244757690429687500e+03 9.906817626953125000e+02
7.121291503906250000e+02 8.982990722656250000e+02 1.194861938476562500e+03 6.642135620117187500e+02
7.545137939453125000e+02 7.622992553710937500e+02 1.059137939453125000e+03 6.727363891601562500e+02
5.629307861328125000e+02 8.373827514648437500e+02 1.187512329101562500e+03 7.960103149414062500e+02
4.598848266601562500e+02 9.288430786132812500e+02 1.299538940429687500e+03 8.381475219726562500e+02
4.484632568359375000e+02 9.004130249023437500e+02 1.284822998046875000e+03 8.633244628906250000e+02
4.299259643554687500e+02 8.124568481445312500e+02 1.209972167968750000e+03 9.363332519531250000e+02
6.391405639648437500e+02 8.282561035156250000e+02 1.154486572265625000e+03 7.384111938476562500e+02
5.996605224609375000e+02 8.263628540039062500e+02 1.165385375976562500e+03 7.694356689453125000e+02
4.992098388671875000e+02 6.705798950195312500e+02 9.971672363281250000e+02 9.714506835937500000e+02
6.594560546875000000e+02 8.689954223632812500e+02 1.186608154296875000e+03 7.095073242187500000e+02
6.495062255859375000e+02 7.273983154296875000e+02 1.047854858398437500e+03 7.667768554687500000e+02
5.020504150390625000e+02 8.884807128906250000e+02 1.251980590820312500e+03 8.244583129882812500e+02
5.020504150390625000e+02 8.884807128906250000e+02 1.251980590820312500e+03 8.244583129882812500e+02
6.099937744140625000e+02 6.837675781250000000e+02 9.951750488281250000e+02 8.302210693359375000e+02
