8.756054077148437500e+02 4.039745788574218750e+02 9.718852539062500000e+02 5.354097290039062500e+02
9.205605468750000000e+02 4.767768554687500000e+02 1.051547363281250000e+03 5.684868164062500000e+02
7.531174926757812500e+02 3.036151123046875000e+02 5.633033447265625000e+02 6.208962402343750000e+02
1.392411621093750000e+03 4.836639099121093750e+02 1.210639648437500000e+03 6.346074829101562500e+02
1.462013793945312500e+03 5.139614868164062500e+02 1.267097290039062500e+03 6.442861938476562500e+02
1.015581604003906250e+03 6.260905761718750000e+02 1.108736694335937500e+03 7.198659667968750000e+02
1.117175781250000000e+03 6.336715698242187500e+02 1.141099365234375000e+03 7.412200927734375000e+02
1.103655151367187500e+03 6.622321777343750000e+02 1.145590942382812500e+03 7.650153808593750000e+02
7.074865112304687500e+02 5.444459228515625000e+02 7.333657836914062500e+02 7.663005981445312500e+02
7.074865112304687500e+02 5.444459228515625000e+02 7.333657836914062500e+02 7.663005981445312500e+02
1.086584472656250000e+03 2.830946960449218750e+02 9.036547241210937500e+02 5.307023315429687500e+02
1.088894897460937500e+03 2.955906982421875000e+02 9.037624511718750000e+02 5.405745239257812500e+02
1.009317138671875000e+03 4.581403808593750000e+02 1.108053955078125000e+03 5.453007812500000000e+02
8.773870239257812500e+02 2.640143127441406250e+02 7.001893920898437500e+02 5.518090820312500000e+02
8.318179321289062500e+02 2.737802734375000000e+02 6.577054443359375000e+02 5.683398437500000000e+02
6.763448486328125000e+02 2.421711273193359375e+02 4.795351257324218750e+02 5.723024902343750000e+02
6.841772460937500000e+02 2.486391601562500000e+02 4.849314880371093750e+02 5.773248291015625000e+02
8.254737548828125000e+02 2.847591552734375000e+02 6.516845703125000000e+02 5.806550292968750000e+02
9.665040283203125000e+02 5.135527343750000000e+02 1.086998901367187500e+03 5.952606811523437500e+02
8.720363159179687500e+02 3.152107543945312500e+02 6.981282958984375000e+02 6.031570434570312500e+02
1.524448974609375000e+03 5.327155761718750000e+02 1.322635864257812500e+03 6.493221435546875000e+02
1.474151000976562500e+03 5.233629760742187500e+02 1.275766845703125000e+03 6.514315795898437500e+02
6.790728149414062500e+02 3.359030151367187500e+02 4.882013244628906250e+02 6.666766967773437500e+02
8.031123046875000000e+02 6.146030883789062500e+02 9.249302978515625000e+02 7.518388671875000000e+02
7.209719848632812500e+02 5.542771606445312500e+02 7.509272460937500000e+02 7.711463012695312500e+02
6.430550537109375000e+02 5.616514282226562500e+02 6.768472290039062500e+02 7.967548828125000000e+02
6.473357543945312500e+02 5.715646972656250000e+02 6.864931640625000000e+02 8.034339599609375000e+02
1.187922119140625000e+03 7.505319213867187500e+02 1.256394897460937500e+03 8.103062133789062500e+02
1.087975341796875000e+03 7.536747436523437500e+02 1.181433471679687500e+03 8.360952758789062500e+02
1.216536621093750000e+03 8.093475341796875000e+02 1.306981323242187500e+03 8.455212402343750000e+02
6.349237670898437500e+02 6.344216308593750000e+02 7.066043090820312500e+02 8.588231201171875000e+02
8.285277709960937500e+02 7.618527832031250000e+02 9.646544799804687500e+02 9.077946166992187500e+02
6.844953002929687500e+02 7.177478637695312500e+02 8.027072143554687500e+02 9.128983154296875000e+02
8.083117675781250000e+02 7.693204345703125000e+02 9.514236450195312500e+02 9.199132690429687500e+02
4.329418029785156250e+02 7.172084960937500000e+02 5.303807983398437500e+02 9.950142211914062500e+02
3.874237365722656250e+02 7.304482421875000000e+02 4.842723999023437500e+02 1.021774780273437500e+03
8.221790771484375000e+02 2.639016113281250000e+02 6.468408203125000000e+02 5.617335815429687500e+02
8.627256469726562500e+02 2.727580261230468750e+02 6.858962402343750000e+02 5.640464477539062500e+02
7.313177490234375000e+02 2.566464538574218750e+02 5.431483764648437500e+02 5.751060180664062500e+02
6.525730590820312500e+02 2.426179351806640625e+02 4.545074462890625000e+02 5.763324584960937500e+02
1.524266845703125000e+03 4.303991088867187500e+02 1.288526123046875000e+03 5.762055053710937500e+02
1.408104492187500000e+03 4.796555786132812500e+02 1.223311767578125000e+03 6.291494140625000000e+02
7.239700927734375000e+02 5.215725708007812500e+02 7.395162963867187500e+02 7.433601074218750000e+02
9.702896728515625000e+02 6.633986206054687500e+02 1.089757202148437500e+03 7.530653076171875000e+02
1.122929199218750000e+03 6.769036254882812500e+02 1.168435913085937500e+03 7.712457885742187500e+02
1.110094238281250000e+03 6.737333374023437500e+02 1.157479736328125000e+03 7.721151733398437500e+02
3.942379455566406250e+02 3.819359741210937500e+02 1.532043762207031250e+02 7.845471191406250000e+02
1.195049438476562500e+03 7.172242431640625000e+02 1.243937988281250000e+03 7.841295776367187500e+02
1.195049438476562500e+03 7.172242431640625000e+02 1.243937988281250000e+03 7.841295776367187500e+02
6.301797485351562500e+02 5.521076049804687500e+02 6.592767333984375000e+02 7.923564453125000000e+02
1.133984985351562500e+03 7.186357421875000000e+02 1.198492309570312500e+03 7.975941772460937500e+02
6.022707519531250000e+02 5.535429077148437500e+02 6.314744873046875000e+02 7.997756347656250000e+02
1.219299926757812500e+03 7.449851684570312500e+02 1.275996093750000000e+03 7.990031738281250000e+02
6.153889770507812500e+02 5.609722900390625000e+02 6.477378540039062500e+02 8.032036743164062500e+02
6.031167602539062500e+02 5.804420166015625000e+02 6.443689575195312500e+02 8.223056640625000000e+02
1.268051635742187500e+03 8.191812744140625000e+02 1.349131713867187500e+03 8.414551391601562500e+02
1.205909912109375000e+03 8.061965332031250000e+02 1.297072509765625000e+03 8.444413452148437500e+02
1.070637329101562500e+03 7.907168579101562500e+02 1.186359863281250000e+03 8.665242309570312500e+02
1.070637329101562500e+03 7.907168579101562500e+02 1.186359863281250000e+03 8.665242309570312500e+02
6.212074584960937500e+02 6.567510375976562500e+02 7.044376220703125000e+02 8.815194091796875000e+02
8.698554687500000000e+02 7.585578002929687500e+02 9.989546508789062500e+02 8.935783081054687500e+02
9.356248168945312500e+02 7.847977905273437500e+02 1.071624755859375000e+03 8.969749145507812500e+02
6.668745727539062500e+02 7.006873168945312500e+02 7.749761962890625000e+02 9.025732421875000000e+02
6.817308959960937500e+02 7.101279907226562500e+02 7.959647827148437500e+02 9.079312133789062500e+02
9.658779296875000000e+02 8.124094238281250000e+02 1.110692749023437500e+03 9.089847412109375000e+02
6.478244628906250000e+02 7.095756225585937500e+02 7.619932861328125000e+02 9.168776245117187500e+02
5.521715698242187500e+02 6.871854858398437500e+02 6.481908569335937500e+02 9.275206298828125000e+02
8.032156372070312500e+02 7.805176391601562500e+02 9.521113281250000000e+02 9.308280029296875000e+02
6.316333007812500000e+02 7.242004394531250000e+02 7.551636352539062500e+02 9.364849853515625000e+02
6.477080688476562500e+02 7.386790771484375000e+02 7.770092773437500000e+02 9.419851684570312500e+02
6.414462280273437500e+02 7.476189575195312500e+02 7.744871826171875000e+02 9.521333007812500000e+02
6.971497802734375000e+02 7.789085083007812500e+02 8.492216186523437500e+02 9.605165405273437500e+02
7.198897705078125000e+02 8.054823608398437500e+02 8.877753295898437500e+02 9.771302490234375000e+02
4.013779907226562500e+02 7.261928710937500000e+02 4.983461608886718750e+02 1.012755249023437500e+03
1.499240112304687500e+03 2.716635437011718750e+02 1.219759399414062500e+03 4.630314331054687500e+02
1.590468139648437500e+03 3.144921264648437500e+02 1.302284423828125000e+03 4.788276977539062500e+02
1.365543090820312500e+03 3.114105529785156250e+02 1.134590332031250000e+03 5.146752319335937500e+02
1.388629272460937500e+03 3.339075622558593750e+02 1.162563842773437500e+03 5.203106689453125000e+02
7.202880249023437500e+02 2.471604614257812500e+02 5.341325073242187500e+02 5.663157958984375000e+02
1.776968872070312500e+03 4.963593750000000000e+02 1.492177734375000000e+03 5.662855834960937500e+02
8.668933105468750000e+02 2.846010437011718750e+02 6.904946899414062500e+02 5.739373779296875000e+02
8.457395629882812500e+02 2.983434448242187500e+02 6.727577514648437500e+02 5.904312744140625000e+02
6.721896362304687500e+02 2.629010314941406250e+02 4.833880310058593750e+02 5.918157348632812500e+02
7.123320312500000000e+02 2.947178649902343750e+02 5.256956176757812500e+02 6.140174560546875000e+02
1.420900146484375000e+03 4.741977539062500000e+02 1.231928833007812500e+03 6.248631591796875000e+02
1.420900146484375000e+03 4.741977539062500000e+02 1.231928833007812500e+03 6.248631591796875000e+02
1.131824096679687500e+03 6.460057373046875000e+02 1.158346069335937500e+03 7.465553588867187500e+02
7.081793823242187500e+02 5.356909179687500000e+02 7.296373291015625000e+02 7.586859741210937500e+02
1.147881347656250000e+03 6.651637573242187500e+02 1.181699340820312500e+03 7.580614013671875000e+02
6.246835937500000000e+02 5.660189819335937500e+02 6.591486206054687500e+02 8.041961059570312500e+02
6.074168090820312500e+02 5.705648803710937500e+02 6.454583129882812500e+02 8.096228027343750000e+02
1.108382934570312500e+03 7.746370239257812500e+02 1.207383544921875000e+03 8.457797851562500000e+02
1.108382934570312500e+03 7.746370239257812500e+02 1.207383544921875000e+03 8.457797851562500000e+02
1.077703491210937500e+03 7.777161865234375000e+02 1.185381958007812500e+03 8.547562866210937500e+02
1.221803833007812500e+03 8.250543212890625000e+02 1.318282348632812500e+03 8.544080200195312500e+02
1.059119018554687500e+03 7.840183715820312500e+02 1.174363647460937500e+03 8.644702148437500000e+02
1.238335205078125000e+03 8.455921630859375000e+02 1.341339721679687500e+03 8.652408447265625000e+02
1.238335205078125000e+03 8.455921630859375000e+02 1.341339721679687500e+03 8.652408447265625000e+02
1.174135498046875000e+03 8.501682739257812500e+02 1.297621582031250000e+03 8.844246215820312500e+02
9.736388549804687500e+02 7.868509521484375000e+02 1.103552612304687500e+03 8.865648803710937500e+02
1.130734375000000000e+03 8.405120239257812500e+02 1.259291015625000000e+03 8.881159057617187500e+02
9.641061401367187500e+02 7.986569213867187500e+02 1.103508789062500000e+03 8.994628295898437500e+02
5.431226806640625000e+02 6.524463500976562500e+02 6.210078735351562500e+02 8.998966064453125000e+02
5.552861328125000000e+02 6.563311767578125000e+02 6.348200073242187500e+02 9.007725219726562500e+02
8.604862060546875000e+02 7.669547729492187500e+02 9.954016113281250000e+02 9.027026977539062500e+02
6.550454101562500000e+02 7.004082641601562500e+02 7.640638427734375000e+02 9.068320312500000000e+02
9.365100708007812500e+02 8.039938354492187500e+02 1.080848754882812500e+03 9.112886962890625000e+02
6.607219238281250000e+02 7.087996215820312500e+02 7.741991577148437500e+02 9.136934204101562500e+02
9.166265258789062500e+02 8.026588134765625000e+02 1.066346679687500000e+03 9.149546508789062500e+02
5.127847290039062500e+02 6.608138427734375000e+02 5.923969726562500000e+02 9.161007080078125000e+02
5.371936645507812500e+02 6.674349975585937500e+02 6.213645629882812500e+02 9.161012573242187500e+02
1.124342285156250000e+03 8.798084106445312500e+02 1.274514648437500000e+03 9.193842163085937500e+02
9.648702392578125000e+02 8.323251342773437500e+02 1.122196289062500000e+03 9.263930053710937500e+02
1.167975341796875000e+03 9.064053955078125000e+02 1.322885742187500000e+03 9.259077758789062500e+02
6.421649169921875000e+02 7.212537841796875000e+02 7.620277709960937500e+02 9.291221313476562500e+02
5.306045532226562500e+02 6.866164550781250000e+02 6.240607299804687500e+02 9.350524291992187500e+02
9.082546997070312500e+02 8.259953613281250000e+02 1.070970581054687500e+03 9.370462646484375000e+02
6.365477294921875000e+02 7.335439453125000000e+02 7.655435180664062500e+02 9.431082153320312500e+02
7.051405639648437500e+02 7.693129272460937500e+02 8.539237060546875000e+02 9.486362915039062500e+02
6.841878662109375000e+02 7.765670776367187500e+02 8.378602905273437500e+02 9.607667846679687500e+02
7.121337280273437500e+02 7.851584472656250000e+02 8.661246948242187500e+02 9.600004882812500000e+02
9.311527099609375000e+02 8.685700683593750000e+02 1.111702148437500000e+03 9.641770629882812500e+02
4.215020751953125000e+02 6.990029907226562500e+02 5.071156921386718750e+02 9.823077392578125000e+02
9.866759033203125000e+02 9.259473266601562500e+02 1.191188720703125000e+03 9.902591552734375000e+02
6.752822875976562500e+02 8.149797973632812500e+02 8.480243530273437500e+02 9.972305908203125000e+02
5.216765747070312500e+02 7.566135253906250000e+02 6.541054687500000000e+02 9.978802490234375000e+02
5.918988647460937500e+02 8.457451782226562500e+02 7.795660400390625000e+02 1.050976684570312500e+03
1.377531860351562500e+03 2.882537841796875000e+02 1.136113159179687500e+03 4.913046569824218750e+02
1.377531860351562500e+03 2.882537841796875000e+02 1.136113159179687500e+03 4.913046569824218750e+02
7.387166748046875000e+02 2.229230804443359375e+02 5.431130371093750000e+02 5.436416015625000000e+02
7.914034423828125000e+02 2.346386260986328125e+02 6.020689086914062500e+02 5.440791015625000000e+02
8.353800048828125000e+02 2.568412780761718750e+02 6.565084838867187500e+02 5.520131225585937500e+02
6.639868164062500000e+02 2.352797851562500000e+02 4.641559448242187500e+02 5.675280761718750000e+02
7.944672241210937500e+02 2.707064514160156250e+02 6.158297729492187500e+02 5.735437622070312500e+02
7.348242187500000000e+02 2.678581848144531250e+02 5.474478759765625000e+02 5.859097900390625000e+02
7.731375122070312500e+02 2.986230468750000000e+02 5.911312866210937500e+02 6.099839477539062500e+02
5.985990600585937500e+02 2.682529296875000000e+02 3.724557495117187500e+02 6.231266479492187500e+02
6.737894897460937500e+02 3.032326354980468750e+02 4.826217041015625000e+02 6.319180908203125000e+02
6.712437744140625000e+02 3.289344177246093750e+02 4.785667724609375000e+02 6.586913452148437500e+02
6.418881835937500000e+02 5.474357910156250000e+02 6.683538208007812500e+02 7.859494628906250000e+02
1.152195678710937500e+03 7.238327026367187500e+02 1.216628784179687500e+03 7.981666870117187500e+02
1.067472167968750000e+03 7.554859619140625000e+02 1.164036132812500000e+03 8.411510009765625000e+02
1.043177490234375000e+03 7.581929321289062500e+02 1.147125732421875000e+03 8.479625854492187500e+02
1.052510375976562500e+03 7.715575561523437500e+02 1.162418212890625000e+03 8.561219482421875000e+02
1.090973876953125000e+03 7.854569091796875000e+02 1.200078979492187500e+03 8.554832763671875000e+02
1.090973876953125000e+03 7.854569091796875000e+02 1.200078979492187500e+03 8.554832763671875000e+02
1.264556518554687500e+03 8.548275756835937500e+02 1.365392456054687500e+03 8.669231567382812500e+02
6.177371826171875000e+02 6.460067138671875000e+02 6.980357055664062500e+02 8.747233276367187500e+02
1.151212890625000000e+03 8.517318115234375000e+02 1.282065551757812500e+03 8.913742675781250000e+02
1.151212890625000000e+03 8.517318115234375000e+02 1.282065551757812500e+03 8.913742675781250000e+02
6.651278686523437500e+02 6.922212524414062500e+02 7.715675659179687500e+02 8.964176025390625000e+02
6.777987670898437500e+02 7.062231445312500000e+02 7.870778808593750000e+02 9.049119262695312500e+02
8.169400634765625000e+02 7.618110961914062500e+02 9.546219482421875000e+02 9.092220458984375000e+02
7.008418579101562500e+02 7.251359863281250000e+02 8.218623046875000000e+02 9.141936645507812500e+02
7.979516601562500000e+02 7.677135009765625000e+02 9.397036743164062500e+02 9.168991699218750000e+02
6.578211669921875000e+02 7.223154907226562500e+02 7.762945556640625000e+02 9.267446289062500000e+02
1.140228149414062500e+03 9.002720336914062500e+02 1.297732055664062500e+03 9.294932250976562500e+02
5.380133056640625000e+02 6.958281860351562500e+02 6.347279663085937500e+02 9.411051635742187500e+02
4.187555236816406250e+02 6.885876464843750000e+02 4.995100402832031250e+02 9.716850585937500000e+02
9.826293334960937500e+02 9.041558837890625000e+02 1.177017700195312500e+03 9.757191772460937500e+02
5.436060180664062500e+02 7.464476928710937500e+02 6.718676757812500000e+02 9.815007324218750000e+02
5.282532958984375000e+02 7.424602050781250000e+02 6.555107421875000000e+02 9.815670166015625000e+02
5.833631591796875000e+02 7.639846191406250000e+02 7.237330322265625000e+02 9.844697265625000000e+02
6.633899536132812500e+02 8.098435668945312500e+02 8.347069091796875000e+02 9.993081665039062500e+02
3.989593811035156250e+02 7.145323486328125000e+02 4.888522644042968750e+02 1.003990173339843750e+03
5.365902709960937500e+02 7.722333984375000000e+02 6.796093139648437500e+02 1.006497314453125000e+03
4.124377441406250000e+02 7.274793090820312500e+02 5.119163818359375000e+02 1.009988952636718750e+03
5.139213867187500000e+02 7.661564331054687500e+02 6.533145751953125000e+02 1.012132568359375000e+03
9.717601318359375000e+02 9.473981323242187500e+02 1.190891479492187500e+03 1.014176330566406250e+03
8.469427490234375000e+02 9.054874877929687500e+02 1.057366943359375000e+03 1.019499755859375000e+03
3.772932739257812500e+02 7.375783081054687500e+02 4.749982299804687500e+02 1.032255615234375000e+03
5.003254394531250000e+02 5.930231094360351562e+01 2.683806152343750000e+02 4.332974548339843750e+02
6.402672729492187500e+02 2.278543243408203125e+02 4.373754577636718750e+02 5.658505249023437500e+02
8.919168090820312500e+02 4.769372863769531250e+02 1.030649047851562500e+03 5.726206665039062500e+02
8.663674926757812500e+02 3.002698669433593750e+02 6.913178710937500000e+02 5.881215209960937500e+02
5.876209106445312500e+02 2.480840301513671875e+02 3.636349182128906250e+02 6.047191162109375000e+02
1.446937133789062500e+03 4.864111022949218750e+02 1.249429565429687500e+03 6.258912353515625000e+02
9.063131713867187500e+02 6.866431884765625000e+02 1.041014526367187500e+03 7.898408203125000000e+02
1.159152832031250000e+03 7.421215209960937500e+02 1.229733642578125000e+03 8.081334228515625000e+02
1.253286987304687500e+03 8.276169433593750000e+02 1.343432617187500000e+03 8.489176635742187500e+02
1.304484375000000000e+03 8.902874755859375000e+02 1.407378662109375000e+03 8.780526733398437500e+02
1.137535034179687500e+03 8.664210815429687500e+02 1.279947509765625000e+03 9.061558227539062500e+02
1.154901367187500000e+03 8.793131103515625000e+02 1.300228271484375000e+03 9.118555297851562500e+02
7.851976928710937500e+02 7.571063232421875000e+02 9.235606079101562500e+02 9.168595581054687500e+02
8.185935058593750000e+02 7.804542846679687500e+02 9.647500610351562500e+02 9.263757934570312500e+02
9.595087890625000000e+02 8.509734497070312500e+02 1.127200439453125000e+03 9.421711425781250000e+02
9.595087890625000000e+02 8.509734497070312500e+02 1.127200439453125000e+03 9.421711425781250000e+02
7.299249267578125000e+02 7.849295043945312500e+02 8.833911743164062500e+02 9.546503295898437500e+02
5.869596557617187500e+02 7.475712280273437500e+02 7.169867553710937500e+02 9.668535766601562500e+02
1.000772766113281250e+03 9.487637939453125000e+02 1.216029296875000000e+03 1.005435485839843750e+03
1.000772766113281250e+03 9.487637939453125000e+02 1.216029296875000000e+03 1.005435485839843750e+03
1.559784301757812500e+03 3.544598999023437500e+02 1.287747314453125000e+03 5.099224853515625000e+02
8.612420654296875000e+02 2.424997406005859375e+02 6.791913452148437500e+02 5.377993164062500000e+02
1.493216918945312500e+03 4.379851684570312500e+02 1.267910034179687500e+03 5.850939941406250000e+02
1.252366821289062500e+03 7.954526367187500000e+02 1.323846313476562500e+03 8.260084838867187500e+02
1.321827270507812500e+03 8.488225708007812500e+02 1.398656616210937500e+03 8.552624511718750000e+02
7.018100585937500000e+02 8.091506347656250000e+02 8.722902221679687500e+02 9.817166748046875000e+02
4.258706359863281250e+02 7.072189331054687500e+02 5.180248413085937500e+02 9.881464843750000000e+02
7.183433837890625000e+02 8.213234252929687500e+02 8.914723510742187500e+02 9.900055541992187500e+02
1.015879394531250000e+03 9.726993408203125000e+02 1.240341308593750000e+03 1.019996337890625000e+03
8.475155639648437500e+02 2.786303405761718750e+02 6.731080322265625000e+02 5.704642944335937500e+02
1.024776489257812500e+03 7.393153076171875000e+02 1.132153076171875000e+03 8.292650756835937500e+02
9.810722656250000000e+02 8.382172241210937500e+02 1.137833251953125000e+03 9.271648559570312500e+02
9.364766235351562500e+02 8.365258178710937500e+02 1.103776000976562500e+03 9.370675659179687500e+02
6.114367065429687500e+02 7.356702270507812500e+02 7.379697875976562500e+02 9.510444946289062500e+02
8.815873413085937500e+02 8.415120239257812500e+02 1.053567382812500000e+03 9.550037841796875000e+02
1.061850341796875000e+03 2.647929077148437500e+02 8.793429565429687500e+02 5.209211425781250000e+02
1.504010864257812500e+03 3.976875000000000000e+02 1.265503051757812500e+03 5.520630493164062500e+02
7.632441406250000000e+02 3.189950866699218750e+02 5.764629516601562500e+02 6.334448852539062500e+02
1.629370727539062500e+03 6.606218261718750000e+02 1.440941650390625000e+03 7.276325683593750000e+02
5.974593505859375000e+02 5.707623291015625000e+02 6.349923095703125000e+02 8.155480957031250000e+02
5.176733398437500000e+02 6.390012207031250000e+02 5.902218627929687500e+02 8.938400268554687500e+02
7.545137939453125000e+02 7.622992553710937500e+02 8.955116577148437500e+02 9.292888793945312500e+02
1.011523071289062500e+03 8.999710083007812500e+02 1.195190307617187500e+03 9.669957885742187500e+02
5.996605224609375000e+02 8.263628540039062500e+02 7.774351806640625000e+02 1.031125854492187500e+03
7.103099365234375000e+02 2.641168823242187500e+02 5.242175292968750000e+02 5.849697875976562500e+02
1.010609008789062500e+03 7.882169799804687500e+02 1.133516601562500000e+03 8.778668823242187500e+02
1.149652709960937500e+03 8.880383300781250000e+02 1.301876464843750000e+03 9.207758789062500000e+02
1.084932617187500000e+03 7.776281738281250000e+02 1.191584228515625000e+03 8.553591918945312500e+02
8.721026611328125000e+02 7.948273925781250000e+02 1.022365112304687500e+03 9.220219116210937500e+02
1.553354980468750000e+03 2.886162719726562500e+02 1.267425292968750000e+03 4.584523010253906250e+02
5.211271972656250000e+02 1.152179336547851562e+02 2.923374938964843750e+02 4.808323059082031250e+02
6.099937744140625000e+02 6.837675781250000000e+02 7.077489013671875000e+02 9.138908691406250000e+02
