4.022533569335937500e+02 7.207759857177734375e+01 1.365919555664062500e+03 1.043049011230468750e+02
6.680462646484375000e+02 8.570044555664062500e+02 5.678182983398437500e+02 6.207780761718750000e+02
9.506229858398437500e+02 5.635020751953125000e+02 1.019720031738281250e+03 7.074718627929687500e+02
9.506229858398437500e+02 5.635020751953125000e+02 1.019720031738281250e+03 7.074718627929687500e+02
1.002159179687500000e+03 8.164230346679687500e+02 6.900790405273437500e+02 8.734182128906250000e+02
9.902848510742187500e+02 8.683491821289062500e+02 6.229113769531250000e+02 8.812469482421875000e+02
9.902848510742187500e+02 8.683491821289062500e+02 6.229113769531250000e+02 8.812469482421875000e+02
1.119667724609375000e+03 8.190087890625000000e+02 7.280397338867187500e+02 1.006595397949218750e+03
1.119667724609375000e+03 8.190087890625000000e+02 7.280397338867187500e+02 1.006595397949218750e+03
1.108987792968750000e+03 8.592259521484375000e+02 6.705185546875000000e+02 1.008992919921875000e+03
1.502407531738281250e+02 1.188247985839843750e+02 1.070843627929687500e+03 3.525133514404296875e+01
4.168412170410156250e+02 1.382808837890625000e+02 1.343915527343750000e+03 1.644766845703125000e+02
8.590018920898437500e+02 7.116539306640625000e+02 7.706779174804687500e+02 6.966394653320312500e+02
9.546039428710937500e+02 6.415105590820312500e+02 9.055007324218750000e+02 7.481167602539062500e+02
9.556500244140625000e+02 6.503923339843750000e+02 8.943795776367187500e+02 7.523836669921875000e+02
9.556500244140625000e+02 6.503923339843750000e+02 8.943795776367187500e+02 7.523836669921875000e+02
9.561528320312500000e+02 7.272485351562500000e+02 7.899288330078125000e+02 7.888043823242187500e+02
9.561528320312500000e+02 7.272485351562500000e+02 7.899288330078125000e+02 7.888043823242187500e+02
9.494239501953125000e+02 7.444069213867187500e+02 7.648900146484375000e+02 7.899467163085937500e+02
9.494239501953125000e+02 7.444069213867187500e+02 7.648900146484375000e+02 7.899467163085937500e+02
9.762716674804687500e+02 7.262286987304687500e+02 7.990027465820312500e+02 8.080760498046875000e+02
9.851875000000000000e+02 7.168284912109375000e+02 8.150018310546875000e+02 8.125975341796875000e+02
1.064548583984375000e+03 5.477709960937500000e+02 1.123783569335937500e+03 8.211727294921875000e+02
9.651120605468750000e+02 8.493869018554687500e+02 6.392797851562500000e+02 8.493463134765625000e+02
1.001002014160156250e+03 8.685628051757812500e+02 6.255650634765625000e+02 8.923244018554687500e+02
1.069882812500000000e+03 7.028599853515625000e+02 8.744497070312500000e+02 8.970359497070312500e+02
1.079790283203125000e+03 7.121045532226562500e+02 8.669653930664062500e+02 9.139981689453125000e+02
1.069418945312500000e+03 7.466279907226562500e+02 8.107894897460937500e+02 9.166401977539062500e+02
1.092888916015625000e+03 7.277763061523437500e+02 8.491012573242187500e+02 9.372737426757812500e+02
1.103255004882812500e+03 7.276334838867187500e+02 8.556430053710937500e+02 9.494066162109375000e+02
1.103255004882812500e+03 7.276334838867187500e+02 8.556430053710937500e+02 9.494066162109375000e+02
1.112048706054687500e+03 7.184529418945312500e+02 8.724188842773437500e+02 9.538521118164062500e+02
1.111951660156250000e+03 8.290194091796875000e+02 7.117998657226562500e+02 1.000622192382812500e+03
1.123017333984375000e+03 8.267400512695312500e+02 7.189877929687500000e+02 1.013338745117187500e+03
1.132833129882812500e+03 8.284299926757812500e+02 7.204282836914062500e+02 1.026701538085937500e+03
9.660376586914062500e+02 7.323067016601562500e+02 7.863276977539062500e+02 8.028726196289062500e+02
9.977316284179687500e+02 7.416528930664062500e+02 7.869899291992187500e+02 8.357230224609375000e+02
9.977316284179687500e+02 7.416528930664062500e+02 7.869899291992187500e+02 8.357230224609375000e+02
9.537283325195312500e+02 8.414238891601562500e+02 6.475124511718750000e+02 8.359129028320312500e+02
9.818775634765625000e+02 8.222340698242187500e+02 6.727830810546875000e+02 8.540184326171875000e+02
1.062816894531250000e+03 7.552134399414062500e+02 7.961724853515625000e+02 9.131890869140625000e+02
1.089482666015625000e+03 7.456187744140625000e+02 8.217108154296875000e+02 9.398606567382812500e+02
1.089482666015625000e+03 7.456187744140625000e+02 8.217108154296875000e+02 9.398606567382812500e+02
1.095124267578125000e+03 7.372714233398437500e+02 8.366084594726562500e+02 9.440202636718750000e+02
1.107907348632812500e+03 7.105630493164062500e+02 8.844659423828125000e+02 9.477835083007812500e+02
1.086009399414062500e+03 8.102361450195312500e+02 7.282446899414062500e+02 9.618366088867187500e+02
1.099019042968750000e+03 8.616464843750000000e+02 6.628284912109375000e+02 9.975285644531250000e+02
1.129022094726562500e+03 8.481797485351562500e+02 6.921705322265625000e+02 1.030810913085937500e+03
1.135956054687500000e+03 8.374885253906250000e+02 7.087291259765625000e+02 1.033576171875000000e+03
1.131565673828125000e+03 8.591803588867187500e+02 6.767211303710937500e+02 1.036235717773437500e+03
4.580561523437500000e+02 1.292956085205078125e+02 1.375438354492187500e+03 1.726531066894531250e+02
4.525471191406250000e+02 1.552446441650390625e+02 1.359860595703125000e+03 1.920046997070312500e+02
8.894821166992187500e+02 1.785661468505859375e+02 1.866283691406250000e+03 4.861260070800781250e+02
9.740128784179687500e+02 6.366936645507812500e+02 9.219485473632812500e+02 7.652238159179687500e+02
9.647846679687500000e+02 7.126087036132812500e+02 8.130327758789062500e+02 7.872129516601562500e+02
9.712405395507812500e+02 7.467158203125000000e+02 7.722075805664062500e+02 8.121983032226562500e+02
9.712405395507812500e+02 7.467158203125000000e+02 7.722075805664062500e+02 8.121983032226562500e+02
9.637824707031250000e+02 8.220986938476562500e+02 6.754485473632812500e+02 8.369746704101562500e+02
1.078369262695312500e+03 6.205293579101562500e+02 1.011190490722656250e+03 8.727919921875000000e+02
1.012954650878906250e+03 8.758397216796875000e+02 6.177477416992187500e+02 9.069860229492187500e+02
1.078942016601562500e+03 7.529078979492187500e+02 8.062163085937500000e+02 9.322409667968750000e+02
1.101847656250000000e+03 7.127863769531250000e+02 8.799552001953125000e+02 9.417835693359375000e+02
1.075589965820312500e+03 8.033874511718750000e+02 7.349810791015625000e+02 9.469273681640625000e+02
1.075589965820312500e+03 8.033874511718750000e+02 7.349810791015625000e+02 9.469273681640625000e+02
1.098641357421875000e+03 7.522024536132812500e+02 8.169845581054687500e+02 9.560616455078125000e+02
1.116222900390625000e+03 7.174096679687500000e+02 8.779509277343750000e+02 9.629671020507812500e+02
1.092171264648437500e+03 8.718673706054687500e+02 6.468384399414062500e+02 9.940938720703125000e+02
4.033453979492187500e+02 8.677632141113281250e+01 1.362565917968750000e+03 1.168801498413085938e+02
8.527891845703125000e+02 8.800482788085937500e+02 5.771258544921875000e+02 7.627871704101562500e+02
9.471317138671875000e+02 7.586322021484375000e+02 7.471224975585937500e+02 7.962028808593750000e+02
1.057706176757812500e+03 5.657504272460937500e+02 1.090375000000000000e+03 8.188506469726562500e+02
9.969228515625000000e+02 8.244555664062500000e+02 6.783373413085937500e+02 8.727686157226562500e+02
1.014350036621093750e+03 8.509995727539062500e+02 6.515306396484375000e+02 8.982888183593750000e+02
1.066136840820312500e+03 7.099993896484375000e+02 8.637340087890625000e+02 8.972976074218750000e+02
1.022273620605468750e+03 8.296760864257812500e+02 6.779644775390625000e+02 8.997512207031250000e+02
1.078295288085937500e+03 7.245878906250000000e+02 8.479337768554687500e+02 9.167266235351562500e+02
1.107571411132812500e+03 6.986433105468750000e+02 9.035443115234375000e+02 9.434750366210937500e+02
1.111748291015625000e+03 7.392817382812500000e+02 8.411423339843750000e+02 9.654000244140625000e+02
7.995766601562500000e+02 7.409692382812500000e+02 7.175097045898437500e+02 6.669254150390625000e+02
8.436975708007812500e+02 7.560603637695312500e+02 7.100958251953125000e+02 7.013021240234375000e+02
8.436975708007812500e+02 7.560603637695312500e+02 7.100958251953125000e+02 7.013021240234375000e+02
8.079744262695312500e+02 8.805324707031250000e+02 5.649139404296875000e+02 7.300635375976562500e+02
9.990382080078125000e+02 7.241993408203125000e+02 8.091830444335937500e+02 8.306417236328125000e+02
9.901604614257812500e+02 8.493093872070312500e+02 6.441394042968750000e+02 8.729429321289062500e+02
1.016256042480468750e+03 8.137672119140625000e+02 7.023065795898437500e+02 8.821535644531250000e+02
1.062438720703125000e+03 7.295239257812500000e+02 8.349943237304687500e+02 8.999774780273437500e+02
1.088765258789062500e+03 7.007043457031250000e+02 8.881451416015625000e+02 9.164213256835937500e+02
1.102714843750000000e+03 8.038720092773437500e+02 7.448613281250000000e+02 9.814618530273437500e+02
1.115520263671875000e+03 8.663194580078125000e+02 6.612129516601562500e+02 1.019694641113281250e+03
4.557941589355468750e+02 1.174720840454101562e+02 1.389049682617187500e+03 1.637593688964843750e+02
9.239617919921875000e+02 6.847700805664062500e+02 8.366202392578125000e+02 7.449367675781250000e+02
9.808243408203125000e+02 8.529755249023437500e+02 6.430581054687500000e+02 8.692913208007812500e+02
