9.081801147460937500e+02 2.181094665527343750e+02 1.507226806640625000e+03 3.217973632812500000e+02
8.819908447265625000e+02 2.617635803222656250e+02 1.458279418945312500e+03 3.584736938476562500e+02
7.326635742187500000e+02 3.701850280761718750e+02 9.176321411132812500e+02 3.949325866699218750e+02
4.022533569335937500e+02 7.207759857177734375e+01 1.043747924804687500e+03 6.453572082519531250e+01
5.074390258789062500e+02 5.583507690429687500e+02 7.416472167968750000e+02 4.807979125976562500e+02
5.224433593750000000e+02 7.351607666015625000e+02 6.238203735351562500e+02 6.227415161132812500e+02
8.233713989257812500e+02 6.879444580078125000e+02 8.533015136718750000e+02 7.360133056640625000e+02
9.596445922851562500e+02 6.262926025390625000e+02 1.032787963867187500e+03 7.611112060546875000e+02
1.002159179687500000e+03 8.164230346679687500e+02 8.880711059570312500e+02 9.834286499023437500e+02
9.503670043945312500e+02 1.835136871337890625e+02 1.581869140625000000e+03 2.979764099121093750e+02
9.556500244140625000e+02 6.503923339843750000e+02 1.006532348632812500e+03 7.805166015625000000e+02
6.680462646484375000e+02 8.570044555664062500e+02 6.105454101562500000e+02 7.934322509765625000e+02
8.287778320312500000e+02 7.477127075195312500e+02 8.083310546875000000e+02 7.926880493164062500e+02
6.892161254882812500e+02 8.772660522460937500e+02 6.077846679687500000e+02 8.216062011718750000e+02
9.561528320312500000e+02 7.272485351562500000e+02 9.332816162109375000e+02 8.578685913085937500e+02
9.561528320312500000e+02 7.272485351562500000e+02 9.332816162109375000e+02 8.578685913085937500e+02
9.851875000000000000e+02 7.168284912109375000e+02 9.694078979492187500e+02 8.692603759765625000e+02
1.088059448242187500e+03 6.434041137695312500e+02 1.154714111328125000e+03 8.732404174804687500e+02
1.079790283203125000e+03 7.121045532226562500e+02 1.071972900390625000e+03 9.400566406250000000e+02
1.103255004882812500e+03 7.276334838867187500e+02 1.080860961914062500e+03 9.770057373046875000e+02
1.103255004882812500e+03 7.276334838867187500e+02 1.080860961914062500e+03 9.770057373046875000e+02
4.321800537109375000e+02 1.079293136596679688e+02 1.056424316406250000e+03 1.006754074096679688e+02
8.894821166992187500e+02 1.785661468505859375e+02 1.503635253906250000e+03 2.696727294921875000e+02
8.797022705078125000e+02 2.548118743896484375e+02 1.464552856445312500e+03 3.523315734863281250e+02
1.032733764648437500e+03 2.201326599121093750e+02 1.671915161132812500e+03 3.687356872558593750e+02
6.079144897460937500e+02 6.348957519531250000e+02 7.474662475585937500e+02 5.832406005859375000e+02
1.018462219238281250e+03 4.363680419921875000e+02 1.297142822265625000e+03 5.998558349609375000e+02
7.030506591796875000e+02 6.298040771484375000e+02 8.137891235351562500e+02 6.201242675781250000e+02
7.775622558593750000e+02 7.269067382812500000e+02 7.923651123046875000e+02 7.416503906250000000e+02
9.499734497070312500e+02 6.243838500976562500e+02 1.026292480468750000e+03 7.526580810546875000e+02
8.284191894531250000e+02 7.339231567382812500e+02 8.196901855468750000e+02 7.758215332031250000e+02
8.590018920898437500e+02 7.116539306640625000e+02 8.627683105468750000e+02 7.790838012695312500e+02
9.660376586914062500e+02 7.323067016601562500e+02 9.381456909179687500e+02 8.728890991210937500e+02
9.977316284179687500e+02 7.416528930664062500e+02 9.580521240234375000e+02 9.038186645507812500e+02
9.977316284179687500e+02 7.416528930664062500e+02 9.580521240234375000e+02 9.038186645507812500e+02
8.454379272460937500e+02 8.621934814453125000e+02 7.205493774414062500e+02 9.082368774414062500e+02
1.077039794921875000e+03 7.366239624023437500e+02 1.042374267578125000e+03 9.633705444335937500e+02
1.107907348632812500e+03 7.105630493164062500e+02 1.105293212890625000e+03 9.628924560546875000e+02
1.069418945312500000e+03 7.466279907226562500e+02 1.023721313476562500e+03 9.672760009765625000e+02
1.069418945312500000e+03 7.466279907226562500e+02 1.023721313476562500e+03 9.672760009765625000e+02
9.921488037109375000e+02 8.171168823242187500e+02 8.801242675781250000e+02 9.728574829101562500e+02
1.095124267578125000e+03 7.372714233398437500e+02 1.061898071289062500e+03 9.823059082031250000e+02
9.960895385742187500e+02 8.386234741210937500e+02 8.627994384765625000e+02 9.960184936523437500e+02
1.118848632812500000e+03 7.444102172851562500e+02 1.079996948242187500e+03 1.007962341308593750e+03
1.001002014160156250e+03 8.685628051757812500e+02 8.368389892578125000e+02 1.031896850585937500e+03
1.086009399414062500e+03 8.102361450195312500e+02 9.746395263671875000e+02 1.047945434570312500e+03
3.012145690917968750e+02 1.010298080444335938e+02 8.891513061523437500e+02 7.546799468994140625e+01
4.033453979492187500e+02 8.677632141113281250e+01 1.038111694335937500e+03 7.788271331787109375e+01
4.597810058593750000e+02 1.005945434570312500e+02 1.081123046875000000e+03 9.880110931396484375e+01
4.580561523437500000e+02 1.292956085205078125e+02 1.069288330078125000e+03 1.236039276123046875e+02
2.898237609863281250e+02 1.730494842529296875e+02 8.570610351562500000e+02 1.281204528808593750e+02
3.563883972167968750e+02 2.995349731445312500e+02 8.786842651367187500e+02 2.421612091064453125e+02
8.760947875976562500e+02 1.880659332275390625e+02 1.489321533203125000e+03 2.796199645996093750e+02
9.506422119140625000e+02 1.959713134765625000e+02 1.579360229492187500e+03 3.118564147949218750e+02
4.759315795898437500e+02 5.882915649414062500e+02 7.016406250000000000e+02 4.937060241699218750e+02
6.101240234375000000e+02 6.509556274414062500e+02 7.340253295898437500e+02 5.947111816406250000e+02
5.038232727050781250e+02 7.819987792968750000e+02 5.782301635742187500e+02 6.554263916015625000e+02
5.038232727050781250e+02 7.819987792968750000e+02 5.782301635742187500e+02 6.554263916015625000e+02
7.190039062500000000e+02 7.317781982421875000e+02 7.408006591796875000e+02 7.157283935546875000e+02
8.201392822265625000e+02 7.179897460937500000e+02 8.270676879882812500e+02 7.592811889648437500e+02
7.913861083984375000e+02 7.537468261718750000e+02 7.731900634765625000e+02 7.787077026367187500e+02
9.740128784179687500e+02 6.366936645507812500e+02 1.037745239257812500e+03 7.817663574218750000e+02
9.647846679687500000e+02 7.126087036132812500e+02 9.539830932617187500e+02 8.478372802734375000e+02
9.647846679687500000e+02 7.126087036132812500e+02 9.539830932617187500e+02 8.478372802734375000e+02
9.833923339843750000e+02 7.031195678710937500e+02 9.810137329101562500e+02 8.517418823242187500e+02
1.061872924804687500e+03 6.568856811523437500e+02 1.113747558593750000e+03 8.683602294921875000e+02
9.900137329101562500e+02 7.291926879882812500e+02 9.585985107421875000e+02 8.856804809570312500e+02
9.712405395507812500e+02 7.467158203125000000e+02 9.291383666992187500e+02 8.877592773437500000e+02
9.712405395507812500e+02 7.467158203125000000e+02 9.291383666992187500e+02 8.877592773437500000e+02
1.050089233398437500e+03 6.994744262695312500e+02 1.052427978515625000e+03 9.011359863281250000e+02
9.637824707031250000e+02 8.220986938476562500e+02 8.524049072265625000e+02 9.553602905273437500e+02
9.818511962890625000e+02 8.095636596679687500e+02 8.771209716796875000e+02 9.563331909179687500e+02
1.101847656250000000e+03 7.127863769531250000e+02 1.096894042968750000e+03 9.594920043945312500e+02
9.537283325195312500e+02 8.414238891601562500e+02 8.255427856445312500e+02 9.667603149414062500e+02
1.116222900390625000e+03 7.174096679687500000e+02 1.107985839843750000e+03 9.794036254882812500e+02
1.078942016601562500e+03 7.529078979492187500e+02 1.028148437500000000e+03 9.831751708984375000e+02
1.098641357421875000e+03 7.522024536132812500e+02 1.050693115234375000e+03 9.998715820312500000e+02
1.075589965820312500e+03 8.033874511718750000e+02 9.723411254882812500e+02 1.031312377929687500e+03
1.075589965820312500e+03 8.033874511718750000e+02 9.723411254882812500e+02 1.031312377929687500e+03
9.909368896484375000e+02 8.780755004882812500e+02 8.174539184570312500e+02 1.033426879882812500e+03
6.197460327148437500e+02 8.631837463378906250e+01 1.241662109375000000e+03 1.125788879394531250e+02
5.237776489257812500e+02 1.337748565673828125e+02 1.128004272460937500e+03 1.395013275146484375e+02
4.783780212402343750e+02 1.477370452880859375e+02 1.080200073242187500e+03 1.432528686523437500e+02
4.783780212402343750e+02 1.477370452880859375e+02 1.080200073242187500e+03 1.432528686523437500e+02
1.071114990234375000e+03 2.371438293457031250e+02 1.725661621093750000e+03 4.117595825195312500e+02
3.078830871582031250e+02 6.826977539062500000e+02 5.476513061523437500e+02 5.087406005859375000e+02
3.078830871582031250e+02 6.826977539062500000e+02 5.476513061523437500e+02 5.087406005859375000e+02
1.057706176757812500e+03 5.657504272460937500e+02 1.202819091796875000e+03 7.623944702148437500e+02
8.402031860351562500e+02 7.095038452148437500e+02 8.480841064453125000e+02 7.677579956054687500e+02
8.121666259765625000e+02 7.619072265625000000e+02 7.861358642578125000e+02 7.977822265625000000e+02
1.066136840820312500e+03 7.099993896484375000e+02 1.058707763671875000e+03 9.251580200195312500e+02
8.527891845703125000e+02 8.800482788085937500e+02 7.073828125000000000e+02 9.313834838867187500e+02
1.078295288085937500e+03 7.245878906250000000e+02 1.057502197265625000e+03 9.524183349609375000e+02
1.107571411132812500e+03 6.986433105468750000e+02 1.119256225585937500e+03 9.515234985351562500e+02
9.969228515625000000e+02 8.244555664062500000e+02 8.765640258789062500e+02 9.871337280273437500e+02
9.969228515625000000e+02 8.244555664062500000e+02 8.765640258789062500e+02 9.871337280273437500e+02
1.111748291015625000e+03 7.392817382812500000e+02 1.077826782226562500e+03 9.979094848632812500e+02
9.618034057617187500e+02 8.757196044921875000e+02 7.951419677734375000e+02 1.010719848632812500e+03
1.022273620605468750e+03 8.296760864257812500e+02 8.925447387695312500e+02 1.013543090820312500e+03
8.301564941406250000e+02 1.545745239257812500e+02 1.471153076171875000e+03 2.296257324218750000e+02
6.220902709960937500e+02 2.365711059570312500e+02 1.182857421875000000e+03 2.541513824462890625e+02
5.809839477539062500e+02 7.305327758789062500e+02 6.577500000000000000e+02 6.440595703125000000e+02
7.995766601562500000e+02 7.409692382812500000e+02 7.941474609375000000e+02 7.713804321289062500e+02
8.436975708007812500e+02 7.560603637695312500e+02 8.088040161132812500e+02 8.105020751953125000e+02
8.436975708007812500e+02 7.560603637695312500e+02 8.088040161132812500e+02 8.105020751953125000e+02
1.052761352539062500e+03 6.166032104492187500e+02 1.143090332031250000e+03 8.157211303710937500e+02
9.471317138671875000e+02 7.586322021484375000e+02 8.972587280273437500e+02 8.835891113281250000e+02
9.990382080078125000e+02 7.241993408203125000e+02 9.746838378906250000e+02 8.892304077148437500e+02
1.088765258789062500e+03 7.007043457031250000e+02 1.091159790039062500e+03 9.331132202148437500e+02
1.062438720703125000e+03 7.295239257812500000e+02 1.034782592773437500e+03 9.410568237304687500e+02
1.014350036621093750e+03 8.509995727539062500e+02 8.653465576171875000e+02 1.025174194335937500e+03
4.557941589355468750e+02 1.174720840454101562e+02 1.071842285156250000e+03 1.124114608764648438e+02
1.012865295410156250e+03 1.743314819335937500e+02 1.683316284179687500e+03 3.123035583496093750e+02
1.066609008789062500e+03 2.557351684570312500e+02 1.710465576171875000e+03 4.315967712402343750e+02
1.016256042480468750e+03 8.137672119140625000e+02 9.049839477539062500e+02 9.880133056640625000e+02
9.901604614257812500e+02 8.493093872070312500e+02 8.460837402343750000e+02 9.982399902343750000e+02
5.490502319335937500e+02 6.885023803710937500e+02 6.680350952148437500e+02 6.031267700195312500e+02
8.458254394531250000e+02 8.220820922851562500e+02 7.516564331054687500e+02 8.678500976562500000e+02
1.030922851562500000e+03 7.301208496093750000e+02 1.001332031250000000e+03 9.186229858398437500e+02
1.072235961914062500e+03 1.923869476318359375e+02 1.763326171875000000e+03 3.532967529296875000e+02
1.051206298828125000e+03 2.279875640869140625e+02 1.696737426757812500e+03 3.898169555664062500e+02
7.635068969726562500e+02 6.863878173828125000e+02 8.090020751953125000e+02 6.992828979492187500e+02
4.981100769042968750e+02 1.106327819824218750e+02 1.114006225585937500e+03 1.082312622070312500e+02
4.981100769042968750e+02 1.106327819824218750e+02 1.114006225585937500e+03 1.082312622070312500e+02
7.485491333007812500e+02 7.976871948242187500e+02 7.111783447265625000e+02 7.881946411132812500e+02
8.938163452148437500e+02 7.262507934570312500e+02 8.803635253906250000e+02 8.176394042968750000e+02
1.023434570312500000e+03 6.853825073242187500e+02 1.038469238281250000e+03 8.621092529296875000e+02
