9.651120605468750000e+02 8.493869018554687500e+02 7.828203125000000000e+02 4.597283630371093750e+02
1.086009399414062500e+03 8.102361450195312500e+02 6.926914672851562500e+02 4.834541625976562500e+02
9.529151611328125000e+02 7.103317871093750000e+02 7.872485351562500000e+02 5.303088378906250000e+02
9.977316284179687500e+02 7.416528930664062500e+02 7.497753906250000000e+02 5.145657958984375000e+02
1.079790283203125000e+03 7.121045532226562500e+02 6.751511840820312500e+02 5.393429565429687500e+02
9.556500244140625000e+02 6.503923339843750000e+02 7.817106323242187500e+02 5.736223144531250000e+02
9.596445922851562500e+02 6.262926025390625000e+02 7.748200683593750000e+02 5.931903076171875000e+02
9.712405395507812500e+02 7.467158203125000000e+02 7.741647949218750000e+02 5.094724426269531250e+02
9.647846679687500000e+02 7.126087036132812500e+02 7.771260986328125000e+02 5.290524291992187500e+02
9.526991577148437500e+02 6.617901611328125000e+02 7.804027099609375000e+02 5.646867065429687500e+02
1.418649658203125000e+03 2.859702758789062500e+02 1.128794799804687500e+03 6.452882690429687500e+02
5.136810913085937500e+02 7.270154418945312500e+02 1.257247558593750000e+03 6.466359863281250000e+02
9.871619873046875000e+02 6.577172851562500000e+02 7.504500122070312500e+02 5.703558959960937500e+02
9.499734497070312500e+02 6.243838500976562500e+02 7.838271484375000000e+02 5.949353637695312500e+02
1.048370117187500000e+03 5.388223266601562500e+02 6.587926635742187500e+02 7.032681884765625000e+02
9.740128784179687500e+02 6.366936645507812500e+02 7.600065917968750000e+02 5.855751953125000000e+02
5.763790283203125000e+02 7.728070678710937500e+02 1.146854858398437500e+03 5.466012573242187500e+02
9.629171142578125000e+02 5.645645141601562500e+02 7.623296508789062500e+02 6.570341796875000000e+02
