7.380777587890625000e+02 6.516154174804687500e+02 8.209071655273437500e+02 7.729567871093750000e+02
8.136206665039062500e+02 7.154941406250000000e+02 9.320122070312500000e+02 7.783157958984375000e+02
7.916975708007812500e+02 7.614192504882812500e+02 9.526205444335937500e+02 8.236177368164062500e+02
7.969186401367187500e+02 7.665602416992187500e+02 9.611610717773437500e+02 8.245737915039062500e+02
9.786013183593750000e+02 7.110028076171875000e+02 1.040286499023437500e+03 6.940274658203125000e+02
9.786013183593750000e+02 7.110028076171875000e+02 1.040286499023437500e+03 6.940274658203125000e+02
9.324309082031250000e+02 7.822614135742187500e+02 1.061153930664062500e+03 7.656795043945312500e+02
7.841460571289062500e+02 7.426937255859375000e+02 9.326579589843750000e+02 8.144951171875000000e+02
7.754440307617187500e+02 7.393290405273437500e+02 9.229456176757812500e+02 8.173690185546875000e+02
7.831336059570312500e+02 7.502509155273437500e+02 9.368289184570312500e+02 8.214907226562500000e+02
7.704515380859375000e+02 7.775189819335937500e+02 9.516279907226562500e+02 8.464104003906250000e+02
1.277706054687500000e+03 2.714657287597656250e+02 8.318179321289062500e+02 2.737802734375000000e+02
9.713692626953125000e+02 7.179769897460937500e+02 1.038982421875000000e+03 7.027390136718750000e+02
1.069711181640625000e+03 8.160886840820312500e+02 1.163412597656250000e+03 7.224985351562500000e+02
9.565072631835937500e+02 7.776486206054687500e+02 1.073257202148437500e+03 7.499868774414062500e+02
7.796735229492187500e+02 6.580572509765625000e+02 8.566044311523437500e+02 7.545949096679687500e+02
9.347420654296875000e+02 7.727667846679687500e+02 1.056920410156250000e+03 7.573425903320312500e+02
9.347420654296875000e+02 7.727667846679687500e+02 1.056920410156250000e+03 7.573425903320312500e+02
7.539245605468750000e+02 6.477024536132812500e+02 8.285277709960937500e+02 7.618527832031250000e+02
9.302349853515625000e+02 7.920018310546875000e+02 1.067402954101562500e+03 7.726370849609375000e+02
8.093522338867187500e+02 7.211115722656250000e+02 9.356248168945312500e+02 7.847977905273437500e+02
9.152615966796875000e+02 8.084330444335937500e+02 1.070637329101562500e+03 7.907168579101562500e+02
7.882875366210937500e+02 7.335775756835937500e+02 9.285637817382812500e+02 8.054854125976562500e+02
8.052138061523437500e+02 7.471194458007812500e+02 9.509098510742187500e+02 8.065775146484375000e+02
6.166617431640625000e+02 6.209848632812500000e+02 6.875328979492187500e+02 8.191655273437500000e+02
7.592714843750000000e+02 7.457630004882812500e+02 9.167984619140625000e+02 8.305166015625000000e+02
6.843910522460937500e+02 7.199669799804687500e+02 8.375562133789062500e+02 8.550299682617187500e+02
6.743565063476562500e+02 7.370255126953125000e+02 8.435787963867187500e+02 8.742355346679687500e+02
6.527061157226562500e+02 7.331733398437500000e+02 8.226800537109375000e+02 8.838471069335937500e+02
7.066513061523437500e+02 6.262611389160156250e+01 1.054617004394531250e+02 2.524143524169921875e+02
1.099237060546875000e+03 7.015427856445312500e+02 1.106301025390625000e+03 6.343516235351562500e+02
1.111709350585937500e+03 7.143084106445312500e+02 1.119104248046875000e+03 6.383972167968750000e+02
1.069566162109375000e+03 7.356944580078125000e+02 1.110094238281250000e+03 6.737333374023437500e+02
1.079618408203125000e+03 7.499490356445312500e+02 1.122929199218750000e+03 6.769036254882812500e+02
9.673721313476562500e+02 7.729246826171875000e+02 1.079046630859375000e+03 7.406066284179687500e+02
1.053411376953125000e+03 8.619602050781250000e+02 1.182214477539062500e+03 7.612316894531250000e+02
7.692770996093750000e+02 6.675123291015625000e+02 8.604862060546875000e+02 7.669547729492187500e+02
9.667484130859375000e+02 8.212629394531250000e+02 1.108382934570312500e+03 7.746370239257812500e+02
9.667484130859375000e+02 8.212629394531250000e+02 1.108382934570312500e+03 7.746370239257812500e+02
9.407076416015625000e+02 8.022490234375000000e+02 1.077703491210937500e+03 7.777161865234375000e+02
9.284436645507812500e+02 8.038247070312500000e+02 1.077703491210937500e+03 7.777161865234375000e+02
9.179097290039062500e+02 8.887777709960937500e+02 1.130734375000000000e+03 8.405120239257812500e+02
9.268617553710937500e+02 9.007841796875000000e+02 1.142514282226562500e+03 8.446571655273437500e+02
5.280449829101562500e+02 6.938190307617187500e+02 6.728859252929687500e+02 9.367086181640625000e+02
7.474732055664062500e+02 8.884735717773437500e+02 1.018123229980468750e+03 9.363576660156250000e+02
5.334160766601562500e+02 7.153498535156250000e+02 6.976618652343750000e+02 9.503385009765625000e+02
7.337664184570312500e+02 8.958283081054687500e+02 1.017390563964843750e+03 9.504087524414062500e+02
5.182937011718750000e+02 7.121460571289062500e+02 6.827256469726562500e+02 9.571199951171875000e+02
5.182937011718750000e+02 7.121460571289062500e+02 6.827256469726562500e+02 9.571199951171875000e+02
4.919647827148437500e+02 8.051347045898437500e+02 7.501824951171875000e+02 1.043047607421875000e+03
1.203257202148437500e+03 2.384370727539062500e+02 7.348242187500000000e+02 2.678581848144531250e+02
1.259577392578125000e+03 2.630636291503906250e+02 7.944672241210937500e+02 2.707064514160156250e+02
1.146661865234375000e+03 2.471349029541015625e+02 6.858037719726562500e+02 2.925250854492187500e+02
1.113465698242187500e+03 6.469062500000000000e+02 1.075173583984375000e+03 5.930883178710937500e+02
1.116493041992187500e+03 7.305097045898437500e+02 1.131824096679687500e+03 6.460057373046875000e+02
1.055725708007812500e+03 7.241437377929687500e+02 1.096068359375000000e+03 6.707123413085937500e+02
1.056171386718750000e+03 8.086883544921875000e+02 1.152195678710937500e+03 7.238327026367187500e+02
7.291998291015625000e+02 6.354488525390625000e+02 7.979516601562500000e+02 7.677135009765625000e+02
8.387433471679687500e+02 7.472777709960937500e+02 9.736388549804687500e+02 7.868509521484375000e+02
9.369437866210937500e+02 8.180498046875000000e+02 1.090973876953125000e+03 7.854569091796875000e+02
7.809956665039062500e+02 7.243382568359375000e+02 9.166265258789062500e+02 8.026588134765625000e+02
6.544013671875000000e+02 6.342145996093750000e+02 7.325717773437500000e+02 8.067305908203125000e+02
1.045537719726562500e+03 9.457354125976562500e+02 1.234820678710937500e+03 8.139497680664062500e+02
7.569334716796875000e+02 7.365071411132812500e+02 9.082546997070312500e+02 8.259953613281250000e+02
7.569334716796875000e+02 7.365071411132812500e+02 9.082546997070312500e+02 8.259953613281250000e+02
6.621024780273437500e+02 6.979598999023437500e+02 7.982337646484375000e+02 8.525482177734375000e+02
8.947791748046875000e+02 8.964447021484375000e+02 1.120968261718750000e+03 8.583998413085937500e+02
7.665111694335937500e+02 8.447863159179687500e+02 1.003568969726562500e+03 8.942359008789062500e+02
7.437877807617187500e+02 8.393607177734375000e+02 9.826293334960937500e+02 9.041558837890625000e+02
8.966527709960937500e+02 9.694304199218750000e+02 1.167975341796875000e+03 9.064053955078125000e+02
5.449602050781250000e+02 6.722318725585937500e+02 6.627303466796875000e+02 9.093210449218750000e+02
7.007385253906250000e+02 8.623401489257812500e+02 9.717601318359375000e+02 9.473981323242187500e+02
7.039654541015625000e+02 8.773713378906250000e+02 9.845912475585937500e+02 9.556849365234375000e+02
5.967653808593750000e+02 8.386508178710937500e+02 8.678909301757812500e+02 9.988476562500000000e+02
5.732319946289062500e+02 8.575739135742187500e+02 8.630905761718750000e+02 1.029183227539062500e+03
5.673380126953125000e+02 8.695635986328125000e+02 8.735133666992187500e+02 1.039009521484375000e+03
1.318309814453125000e+03 3.169004211425781250e+02 8.663674926757812500e+02 3.002698669433593750e+02
7.285543212890625000e+02 1.418125762939453125e+02 1.866523895263671875e+02 3.314457702636718750e+02
5.828878784179687500e+02 2.951098327636718750e+02 1.455812072753906250e+02 5.747485961914062500e+02
1.084850463867187500e+03 7.003760375976562500e+02 1.096584960937500000e+03 6.407680664062500000e+02
7.265151367187500000e+02 6.235189819335937500e+02 7.851976928710937500e+02 7.571063232421875000e+02
9.208659667968750000e+02 7.686788940429687500e+02 1.043177490234375000e+03 7.581929321289062500e+02
7.394832763671875000e+02 6.366906738281250000e+02 8.024783935546875000e+02 7.619880371093750000e+02
7.317691650390625000e+02 6.563656616210937500e+02 8.185935058593750000e+02 7.804542846679687500e+02
6.695628051757812500e+02 6.172636718750000000e+02 7.299249267578125000e+02 7.849295043945312500e+02
6.402414550781250000e+02 6.059885253906250000e+02 6.944544677734375000e+02 7.937737426757812500e+02
6.347922973632812500e+02 6.203366699218750000e+02 7.018100585937500000e+02 8.091506347656250000e+02
6.347922973632812500e+02 6.203366699218750000e+02 7.018100585937500000e+02 8.091506347656250000e+02
5.383598632812500000e+02 5.960749511718750000e+02 5.794680175781250000e+02 8.530867309570312500e+02
9.287856445312500000e+02 9.118609619140625000e+02 1.151212890625000000e+03 8.517318115234375000e+02
6.959035644531250000e+02 7.278023681640625000e+02 8.521862182617187500e+02 8.538189697265625000e+02
1.039088745117187500e+03 1.003565795898437500e+03 1.264556518554687500e+03 8.548275756835937500e+02
6.725257568359375000e+02 7.525357666015625000e+02 8.556863403320312500e+02 8.864895629882812500e+02
6.517804565429687500e+02 7.605139160156250000e+02 8.469427490234375000e+02 9.054874877929687500e+02
1.018176086425781250e+03 6.919718627929687500e+02 9.160539550781250000e+02 9.472479248046875000e+02
7.198388671875000000e+02 8.844928588867187500e+02 1.000772766113281250e+03 9.487637939453125000e+02
7.198388671875000000e+02 8.844928588867187500e+02 1.000772766113281250e+03 9.487637939453125000e+02
6.038793945312500000e+02 8.503548583984375000e+02 8.851838989257812500e+02 1.002812683105468750e+03
7.322372436523437500e+02 8.106356811523437500e+01 1.506650085449218750e+02 2.643539733886718750e+02
5.514364013671875000e+02 1.384764709472656250e+02 5.642433547973632812e+01 3.940765991210937500e+02
1.042551879882812500e+03 8.269726562500000000e+02 1.159152832031250000e+03 7.421215209960937500e+02
8.203126831054687500e+02 7.410958251953125000e+02 9.549978027343750000e+02 7.913467407226562500e+02
7.737852172851562500e+02 7.855103149414062500e+02 9.595087890625000000e+02 8.509734497070312500e+02
7.737852172851562500e+02 7.855103149414062500e+02 9.595087890625000000e+02 8.509734497070312500e+02
9.079405517578125000e+02 9.292302246093750000e+02 1.154901367187500000e+03 8.793131103515625000e+02
5.645690307617187500e+02 7.170329589843750000e+02 7.286784057617187500e+02 9.260745239257812500e+02
4.807426452636718750e+02 7.110578613281250000e+02 6.404313354492187500e+02 9.813586425781250000e+02
1.333270141601562500e+03 2.497989807128906250e+02 8.612420654296875000e+02 2.424997406005859375e+02
1.382210937500000000e+03 3.557000732421875000e+02 9.435340576171875000e+02 3.198439331054687500e+02
1.088390747070312500e+03 9.498637084960937500e+02 1.252366821289062500e+03 7.954526367187500000e+02
1.050603271484375000e+03 9.723864135742187500e+02 1.253286987304687500e+03 8.276169433593750000e+02
5.395975952148437500e+02 5.798692626953125000e+02 5.629307861328125000e+02 8.373827514648437500e+02
7.702143554687500000e+02 7.598146972656250000e+02 9.364766235351562500e+02 8.365258178710937500e+02
8.022373657226562500e+02 7.894580688476562500e+02 9.810722656250000000e+02 8.382172241210937500e+02
5.510188598632812500e+02 7.334727172851562500e+02 7.332336425781250000e+02 9.517165527343750000e+02
7.134061889648437500e+02 9.096372680664062500e+02 1.015879394531250000e+03 9.726993408203125000e+02
1.223991210937500000e+03 2.542476654052734375e+02 7.567231445312500000e+02 2.692528991699218750e+02
1.302514404296875000e+03 2.862201843261718750e+02 8.475155639648437500e+02 2.786303405761718750e+02
7.581526489257812500e+02 1.386077575683593750e+02 2.125410156250000000e+02 3.181115722656250000e+02
7.034486083984375000e+02 6.101342163085937500e+02 7.545137939453125000e+02 7.622992553710937500e+02
7.237019653320312500e+02 7.390482788085937500e+02 8.815873413085937500e+02 8.415120239257812500e+02
5.768422851562500000e+02 6.878551635742187500e+02 7.121291503906250000e+02 8.982990722656250000e+02
6.666448974609375000e+02 5.438233032226562500e+02 6.495062255859375000e+02 7.273983154296875000e+02
5.988035888671875000e+02 7.171530151367187500e+02 7.605405883789062500e+02 9.071038818359375000e+02
3.790422363281250000e+02 5.869544677734375000e+02 3.873475646972656250e+02 9.522301025390625000e+02
3.790422363281250000e+02 5.869544677734375000e+02 3.873475646972656250e+02 9.522301025390625000e+02
1.160407348632812500e+03 2.857365417480468750e+02 7.129807128906250000e+02 3.229591064453125000e+02
8.668541870117187500e+02 7.728818359375000000e+02 1.010609008789062500e+03 7.882169799804687500e+02
9.996191406250000000e+02 8.800354614257812500e+02 1.164985839843750000e+03 7.949895629882812500e+02
6.203827514648437500e+02 6.744869384765625000e+02 7.441316528320312500e+02 8.589610595703125000e+02
5.687863159179687500e+02 6.448861083984375000e+02 6.594560546875000000e+02 8.689954223632812500e+02
5.687863159179687500e+02 6.448861083984375000e+02 6.594560546875000000e+02 8.689954223632812500e+02
7.811244506835937500e+02 1.027748794555664062e+02 2.269530487060546875e+02 2.707627868652343750e+02
