1.016939208984375000e+03 6.169739990234375000e+02 1.140658813476562500e+03 7.782861938476562500e+02
7.904027099609375000e+02 7.515535278320312500e+02 1.083807373046875000e+03 5.476080932617187500e+02
6.357551269531250000e+02 7.980609741210937500e+02 1.314614501953125000e+03 6.665841064453125000e+02
6.357551269531250000e+02 7.980609741210937500e+02 1.314614501953125000e+03 6.665841064453125000e+02
6.042152709960937500e+02 8.049531860351562500e+02 1.230224731445312500e+03 5.766873779296875000e+02
7.458054199218750000e+02 7.002174072265625000e+02 1.101708374023437500e+03 6.003299560546875000e+02
6.922838134765625000e+02 7.101281127929687500e+02 1.148418579101562500e+03 6.102468261718750000e+02
7.030787353515625000e+02 6.957337646484375000e+02 1.135226684570312500e+03 6.206389770507812500e+02
6.019246826171875000e+02 6.532579345703125000e+02 1.211906982421875000e+03 6.999362792968750000e+02
9.813826293945312500e+02 5.881768798828125000e+02 8.405245361328125000e+02 5.932252197265625000e+02
6.918040161132812500e+02 7.366282348632812500e+02 1.154652832031250000e+03 5.927861328125000000e+02
8.460837402343750000e+02 9.982399902343750000e+02 1.109091064453125000e+03 4.305613708496093750e+02
7.408006591796875000e+02 7.157283935546875000e+02 1.109611938476562500e+03 5.916511840820312500e+02
8.049369506835937500e+02 6.551339721679687500e+02 1.037086669921875000e+03 6.111316528320312500e+02
6.051337890625000000e+02 6.406244506835937500e+02 1.208825927734375000e+03 7.121085205078125000e+02
7.861358642578125000e+02 7.977822265625000000e+02 1.100163940429687500e+03 5.225198974609375000e+02
7.861358642578125000e+02 7.977822265625000000e+02 1.100163940429687500e+03 5.225198974609375000e+02
6.578157348632812500e+02 7.917749023437500000e+02 1.190660400390625000e+03 5.691666870117187500e+02
6.908921508789062500e+02 6.910592651367187500e+02 1.143543701171875000e+03 6.283089599609375000e+02
9.784229125976562500e+02 5.339136962890625000e+02 7.958397827148437500e+02 6.477803955078125000e+02
6.360943603515625000e+02 6.688951416015625000e+02 1.184560180664062500e+03 6.709492187500000000e+02
7.287744140625000000e+02 6.113985595703125000e+02 1.083169555664062500e+03 6.867474975585937500e+02
7.340253295898437500e+02 5.947111816406250000e+02 1.069556762695312500e+03 7.011124877929687500e+02
7.474662475585937500e+02 5.832406005859375000e+02 1.053223266601562500e+03 7.089592895507812500e+02
5.782301635742187500e+02 6.554263916015625000e+02 1.236058227539062500e+03 7.102487182617187500e+02
6.834024658203125000e+02 5.568736572265625000e+02 1.101884765625000000e+03 7.756354980468750000e+02
7.941474609375000000e+02 7.713804321289062500e+02 1.087705444335937500e+03 5.363156738281250000e+02
6.577500000000000000e+02 6.440595703125000000e+02 1.158657836914062500e+03 6.860419921875000000e+02
6.577500000000000000e+02 6.440595703125000000e+02 1.158657836914062500e+03 6.860419921875000000e+02
6.651334228515625000e+02 6.778271484375000000e+02 1.160808471679687500e+03 6.512734985351562500e+02
7.975623779296875000e+02 6.023375244140625000e+02 1.009048400878906250e+03 6.638259277343750000e+02
7.003656616210937500e+02 6.393506469726562500e+02 1.117850097656250000e+03 6.742934570312500000e+02
6.680350952148437500e+02 6.031267700195312500e+02 1.134869140625000000e+03 7.249279785156250000e+02
5.476513061523437500e+02 5.087406005859375000e+02 1.246577880859375000e+03 9.516268310546875000e+02
