1.118566162109375000e+03 7.968674316406250000e+02 1.054618652343750000e+03 5.747423706054687500e+02
8.556430053710937500e+02 9.494066162109375000e+02 1.190335571289062500e+03 7.282398071289062500e+02
7.303116455078125000e+02 6.768328857421875000e+02 9.526205444335937500e+02 8.236177368164062500e+02
7.293937377929687500e+02 6.842974243164062500e+02 9.611610717773437500e+02 8.245737915039062500e+02
1.893560180664062500e+03 5.530960693359375000e+02 7.180163574218750000e+02 2.827315368652343750e+02
1.074622680664062500e+03 8.207188720703125000e+02 1.076254638671875000e+03 6.003097534179687500e+02
1.062907470703125000e+03 8.035286865234375000e+02 1.063268188476562500e+03 6.044807128906250000e+02
9.799780273437500000e+02 8.494022827148437500e+02 1.105513427734375000e+03 6.529096069335937500e+02
9.793419189453125000e+02 8.936681518554687500e+02 1.137762573242187500e+03 6.566920776367187500e+02
9.793419189453125000e+02 8.936681518554687500e+02 1.137762573242187500e+03 6.566920776367187500e+02
9.637399291992187500e+02 8.464487304687500000e+02 1.103655151367187500e+03 6.622321777343750000e+02
9.046755371093750000e+02 7.660576782226562500e+02 1.040286499023437500e+03 6.940274658203125000e+02
8.744497070312500000e+02 8.970359497070312500e+02 1.151386840820312500e+03 7.169025878906250000e+02
8.104298706054687500e+02 8.022873535156250000e+02 1.078676147460937500e+03 7.568519897460937500e+02
7.047587890625000000e+02 6.756113281250000000e+02 9.516279907226562500e+02 8.464104003906250000e+02
1.868316162109375000e+03 5.195245971679687500e+02 6.947722167968750000e+02 2.761831970214843750e+02
9.199426269531250000e+02 6.038982543945312500e+02 1.023753234863281250e+03 5.891847534179687500e+02
8.943795776367187500e+02 7.523836669921875000e+02 1.029289794921875000e+03 6.992562255859375000e+02
8.910371093750000000e+02 7.647768554687500000e+02 1.038982421875000000e+03 7.027390136718750000e+02
8.910371093750000000e+02 7.647768554687500000e+02 1.038982421875000000e+03 7.027390136718750000e+02
8.669653930664062500e+02 9.139981689453125000e+02 1.163412597656250000e+03 7.224985351562500000e+02
8.311099243164062500e+02 8.162968750000000000e+02 1.089788452148437500e+03 7.433931884765625000e+02
8.217226562500000000e+02 7.969320068359375000e+02 1.073257202148437500e+03 7.499868774414062500e+02
8.150018310546875000e+02 8.125975341796875000e+02 1.087975341796875000e+03 7.536747436523437500e+02
8.112783813476562500e+02 7.786282348632812500e+02 1.056920410156250000e+03 7.573425903320312500e+02
7.899288330078125000e+02 7.888043823242187500e+02 1.067402954101562500e+03 7.726370849609375000e+02
7.648900146484375000e+02 7.899467163085937500e+02 1.070637329101562500e+03 7.907168579101562500e+02
7.648900146484375000e+02 7.899467163085937500e+02 1.070637329101562500e+03 7.907168579101562500e+02
7.282446899414062500e+02 9.618366088867187500e+02 1.216536621093750000e+03 8.093475341796875000e+02
7.282446899414062500e+02 9.618366088867187500e+02 1.216536621093750000e+03 8.093475341796875000e+02
7.263910522460937500e+02 6.469313354492187500e+02 9.167984619140625000e+02 8.305166015625000000e+02
1.365919555664062500e+03 1.043049011230468750e+02 1.054617004394531250e+02 2.524143524169921875e+02
1.874814086914062500e+03 5.585017700195312500e+02 7.123320312500000000e+02 2.947178649902343750e+02
8.342632446289062500e+02 8.019849853515625000e+02 1.079046630859375000e+03 7.406066284179687500e+02
8.169845581054687500e+02 9.560616455078125000e+02 1.197394653320312500e+03 7.546885375976562500e+02
8.062163085937500000e+02 9.322409667968750000e+02 1.182214477539062500e+03 7.612316894531250000e+02
7.869899291992187500e+02 8.357230224609375000e+02 1.108382934570312500e+03 7.746370239257812500e+02
7.869899291992187500e+02 8.357230224609375000e+02 1.108382934570312500e+03 7.746370239257812500e+02
7.863276977539062500e+02 8.028726196289062500e+02 1.077703491210937500e+03 7.777161865234375000e+02
6.941778564453125000e+02 8.471126098632812500e+02 1.130734375000000000e+03 8.405120239257812500e+02
6.727830810546875000e+02 8.540184326171875000e+02 1.134526855468750000e+03 8.590572509765625000e+02
6.475124511718750000e+02 8.359129028320312500e+02 1.124342285156250000e+03 8.798084106445312500e+02
6.739600830078125000e+02 5.941989746093750000e+02 8.390004272460937500e+02 8.862064819335937500e+02
6.151821899414062500e+02 7.049448242187500000e+02 9.866759033203125000e+02 9.259473266601562500e+02
6.010349731445312500e+02 7.338000488281250000e+02 1.018123229980468750e+03 9.363576660156250000e+02
1.815418212890625000e+03 5.264322509765625000e+02 6.737894897460937500e+02 3.032326354980468750e+02
8.799552001953125000e+02 9.417835693359375000e+02 1.181930541992187500e+03 7.173139648437500000e+02
8.637340087890625000e+02 8.972976074218750000e+02 1.152195678710937500e+03 7.238327026367187500e+02
8.130327758789062500e+02 7.872129516601562500e+02 1.067472167968750000e+03 7.554859619140625000e+02
7.773419799804687500e+02 7.773106689453125000e+02 1.059119018554687500e+03 7.840183715820312500e+02
7.706779174804687500e+02 6.966394653320312500e+02 9.736388549804687500e+02 7.868509521484375000e+02
7.722075805664062500e+02 8.121983032226562500e+02 1.090973876953125000e+03 7.854569091796875000e+02
7.547836914062500000e+02 6.614058227539062500e+02 9.365100708007812500e+02 8.039938354492187500e+02
7.316381225585937500e+02 6.410027465820312500e+02 9.082546997070312500e+02 8.259953613281250000e+02
7.060093383789062500e+02 9.654276733398437500e+02 1.221803833007812500e+03 8.250543212890625000e+02
6.831376342773437500e+02 6.599840698242187500e+02 9.311527099609375000e+02 8.685700683593750000e+02
6.463191528320312500e+02 7.189884033203125000e+02 1.003568969726562500e+03 8.942359008789062500e+02
6.385485839843750000e+02 7.004928588867187500e+02 9.826293334960937500e+02 9.041558837890625000e+02
6.230720214843750000e+02 6.941705322265625000e+02 9.716240234375000000e+02 9.225663452148437500e+02
5.975853271484375000e+02 6.934349975585937500e+02 9.717601318359375000e+02 9.473981323242187500e+02
5.678182983398437500e+02 6.207780761718750000e+02 8.678909301757812500e+02 9.988476562500000000e+02
5.574648437500000000e+02 6.565919799804687500e+02 9.185755004882812500e+02 1.000422180175781250e+03
5.427506103515625000e+02 6.202337646484375000e+02 8.630905761718750000e+02 1.029183227539062500e+03
1.588030029296875000e+03 1.930998382568359375e+02 3.394838867187500000e+02 2.113003082275390625e+02
1.162010742187500000e+03 7.305094146728515625e+01 5.588417434692382812e+01 3.090629577636718750e+02
7.646225585937500000e+02 8.345273437500000000e+02 1.109683593750000000e+03 7.902503662109375000e+02
7.448613281250000000e+02 9.814618530273437500e+02 1.227704833984375000e+03 7.991143188476562500e+02
7.471224975585937500e+02 7.962028808593750000e+02 1.078198608398437500e+03 8.037653808593750000e+02
6.783373413085937500e+02 8.727686157226562500e+02 1.151212890625000000e+03 8.517318115234375000e+02
6.612129516601562500e+02 1.019694641113281250e+03 1.264556518554687500e+03 8.548275756835937500e+02
6.696882934570312500e+02 6.059714355468750000e+02 8.556863403320312500e+02 8.864895629882812500e+02
5.913349609375000000e+02 7.178403930664062500e+02 1.000772766113281250e+03 9.487637939453125000e+02
5.913349609375000000e+02 7.178403930664062500e+02 1.000772766113281250e+03 9.487637939453125000e+02
5.611906127929687500e+02 6.324157714843750000e+02 8.851838989257812500e+02 1.002812683105468750e+03
9.748947143554687500e+02 8.659135131835937500e+02 1.113874877929687500e+03 6.581862182617187500e+02
8.349943237304687500e+02 8.999774780273437500e+02 1.159152832031250000e+03 7.421215209960937500e+02
6.441394042968750000e+02 8.729429321289062500e+02 1.154901367187500000e+03 8.793131103515625000e+02
5.771258544921875000e+02 7.627871704101562500e+02 1.052381835937500000e+03 9.552037353515625000e+02
5.399260253906250000e+02 6.340795288085937500e+02 8.877601318359375000e+02 1.024744750976562500e+03
7.175097045898437500e+02 6.669254150390625000e+02 9.364766235351562500e+02 8.365258178710937500e+02
7.100958251953125000e+02 7.013021240234375000e+02 9.810722656250000000e+02 8.382172241210937500e+02
6.041079101562500000e+02 6.346309204101562500e+02 8.918032226562500000e+02 9.536751098632812500e+02
5.649139404296875000e+02 7.300635375976562500e+02 1.015879394531250000e+03 9.726993408203125000e+02
1.455706054687500000e+03 1.148352127075195312e+02 1.940121154785156250e+02 2.109798889160156250e+02
7.180629882812500000e+02 6.209799804687500000e+02 8.815873413085937500e+02 8.415120239257812500e+02
7.860531616210937500e+02 8.097101440429687500e+02 1.084932617187500000e+03 7.776281738281250000e+02
