1.890753173828125000e+03 5.701683349609375000e+02 2.514397583007812500e+02 4.290452880859375000e+02
1.249732421875000000e+03 4.147571105957031250e+02 5.662539062500000000e+02 5.986195678710937500e+02
8.550961914062500000e+02 3.229492492675781250e+02 1.043345581054687500e+03 5.936773071289062500e+02
1.855288452148437500e+03 5.359199218750000000e+02 2.134831237792968750e+02 4.355356750488281250e+02
5.821038208007812500e+02 6.246357421875000000e+02 1.281194091796875000e+03 9.682324829101562500e+02
1.839366821289062500e+03 5.384484863281250000e+02 2.072384796142578125e+02 4.485381774902343750e+02
7.161857299804687500e+02 5.900390625000000000e+02 1.147163085937500000e+03 8.807659912109375000e+02
6.671541137695312500e+02 5.827735595703125000e+02 1.179749389648437500e+03 9.274668579101562500e+02
7.553562622070312500e+02 4.852403259277343750e+02 1.003108703613281250e+03 9.346681518554687500e+02
5.520689086914062500e+02 6.418475341796875000e+02 1.315438110351562500e+03 9.785440063476562500e+02
5.768265380859375000e+02 6.141304931640625000e+02 1.278089355468750000e+03 9.795888061523437500e+02
1.874814086914062500e+03 5.585017700195312500e+02 2.384609680175781250e+02 4.328874511718750000e+02
5.611906127929687500e+02 6.324157714843750000e+02 1.303654785156250000e+03 9.774669189453125000e+02
5.837566528320312500e+02 6.032636718750000000e+02 1.264347290039062500e+03 9.818920288085937500e+02
5.678182983398437500e+02 6.207780761718750000e+02 1.290186035156250000e+03 9.836871948242187500e+02
7.302498168945312500e+02 4.434457702636718750e+02 9.607593994140625000e+02 1.014576171875000000e+03
7.053881225585937500e+02 6.003073120117187500e+02 1.161677978515625000e+03 8.819026489257812500e+02
1.845052490234375000e+03 5.273146972656250000e+02 1.942185668945312500e+02 4.410115051269531250e+02
7.100958251953125000e+02 7.013021240234375000e+02 1.231980224609375000e+03 8.211182250976562500e+02
5.649139404296875000e+02 7.300635375976562500e+02 1.351503906250000000e+03 8.955158691406250000e+02
6.997577514648437500e+02 5.754388427734375000e+02 1.148496215820312500e+03 9.070998535156250000e+02
7.597922973632812500e+02 4.983005676269531250e+02 1.016801513671875000e+03 9.184840698242187500e+02
7.461113891601562500e+02 5.106285095214843750e+02 1.041392333984375000e+03 9.228010864257812500e+02
6.041079101562500000e+02 6.346309204101562500e+02 1.268295654296875000e+03 9.392612915039062500e+02
6.487776489257812500e+02 5.278698730468750000e+02 1.142752441406250000e+03 1.000943359375000000e+03
7.175097045898437500e+02 6.669254150390625000e+02 1.206608276367187500e+03 8.289516601562500000e+02
7.180629882812500000e+02 6.209799804687500000e+02 1.167010742187500000e+03 8.557803955078125000e+02
6.690870361328125000e+02 6.983253173828125000e+02 1.257795410156250000e+03 8.432326660156250000e+02
6.258367919921875000e+02 6.057700805664062500e+02 1.229302856445312500e+03 9.449932250976562500e+02
6.258367919921875000e+02 6.057700805664062500e+02 1.229302856445312500e+03 9.449932250976562500e+02
6.764260253906250000e+02 5.144902343750000000e+02 1.104167236328125000e+03 9.866636962890625000e+02
6.764260253906250000e+02 5.144902343750000000e+02 1.104167236328125000e+03 9.866636962890625000e+02
6.381453247070312500e+02 7.245070800781250000e+02 1.294169677734375000e+03 8.560818481445312500e+02
6.456832885742187500e+02 6.502805786132812500e+02 1.246843994140625000e+03 8.952835693359375000e+02
