9.000535888671875000e+02 3.905917358398437500e+02 5.170660400390625000e+02 3.416601867675781250e+02
1.063176269531250000e+03 8.097997436523437500e+02 1.045435546875000000e+03 5.842141113281250000e+02
9.374264526367187500e+02 8.436163940429687500e+02 1.153076660156250000e+03 8.415227050781250000e+02
1.079715942382812500e+03 8.518359375000000000e+02 1.072581298828125000e+03 5.754295043945312500e+02
9.274447631835937500e+02 8.427205200195312500e+02 1.105513427734375000e+03 6.529096069335937500e+02
9.119805297851562500e+02 8.361722412109375000e+02 1.103655151367187500e+03 6.622321777343750000e+02
8.794677734375000000e+02 7.501669311523437500e+02 1.040286499023437500e+03 6.940274658203125000e+02
8.135515136718750000e+02 8.605311279296875000e+02 1.151386840820312500e+03 7.169025878906250000e+02
1.018077209472656250e+03 8.319066772460937500e+02 1.071334838867187500e+03 6.069180297851562500e+02
9.232256469726562500e+02 8.228933105468750000e+02 1.091088500976562500e+03 6.574758300781250000e+02
8.855624389648437500e+02 8.552122192382812500e+02 1.122929199218750000e+03 6.769036254882812500e+02
8.572771606445312500e+02 7.383762817382812500e+02 1.033450927734375000e+03 7.122687377929687500e+02
7.417077636718750000e+02 8.788577880859375000e+02 1.182214477539062500e+03 7.612316894531250000e+02
7.512478027343750000e+02 7.847877197265625000e+02 1.108382934570312500e+03 7.746370239257812500e+02
7.512478027343750000e+02 7.847877197265625000e+02 1.108382934570312500e+03 7.746370239257812500e+02
9.123139648437500000e+02 6.982998046875000000e+02 1.015433898925781250e+03 8.876635131835937500e+02
8.035536499023437500e+02 8.593480834960937500e+02 1.152195678710937500e+03 7.238327026367187500e+02
7.623975219726562500e+02 7.326547851562500000e+02 1.059119018554687500e+03 7.840183715820312500e+02
7.449842529296875000e+02 7.628411254882812500e+02 1.090973876953125000e+03 7.854569091796875000e+02
7.695887451171875000e+02 6.492222900390625000e+02 9.641061401367187500e+02 7.986569213867187500e+02
6.519305419921875000e+02 9.028187866210937500e+02 1.234820678710937500e+03 8.139497680664062500e+02
6.526417236328125000e+02 7.638438110351562500e+02 1.120968261718750000e+03 8.583998413085937500e+02
7.324400024414062500e+02 7.801063232421875000e+02 1.109683593750000000e+03 7.902503662109375000e+02
7.280840454101562500e+02 7.432420654296875000e+02 1.078198608398437500e+03 8.037653808593750000e+02
6.466227416992187500e+02 7.956099243164062500e+02 1.151212890625000000e+03 8.517318115234375000e+02
6.466227416992187500e+02 7.956099243164062500e+02 1.151212890625000000e+03 8.517318115234375000e+02
5.918237915039062500e+02 9.195274047851562500e+02 1.264556518554687500e+03 8.548275756835937500e+02
9.159498901367187500e+02 8.563205566406250000e+02 1.113874877929687500e+03 6.581862182617187500e+02
7.774351196289062500e+02 8.552465209960937500e+02 1.159152832031250000e+03 7.421215209960937500e+02
6.181890258789062500e+02 8.109747924804687500e+02 1.176797363281250000e+03 8.725621948242187500e+02
6.257980957031250000e+02 7.849492797851562500e+02 1.154901367187500000e+03 8.793131103515625000e+02
6.634715576171875000e+02 9.418952026367187500e+02 1.252366821289062500e+03 7.954526367187500000e+02
6.267957153320312500e+02 9.190196533203125000e+02 1.253286987304687500e+03 8.276169433593750000e+02
7.378187255859375000e+02 6.255418701171875000e+02 9.364766235351562500e+02 8.365258178710937500e+02
7.225067749023437500e+02 6.537366943359375000e+02 9.810722656250000000e+02 8.382172241210937500e+02
6.090393676757812500e+02 7.774899291992187500e+02 1.149652709960937500e+03 8.880383300781250000e+02
7.578110351562500000e+02 7.610065307617187500e+02 1.084932617187500000e+03 7.776281738281250000e+02
