1.081392944335937500e+03 6.444653930664062500e+02 9.864096679687500000e+02 5.206500244140625000e+02
1.101911499023437500e+03 7.073812866210937500e+02 1.060539306640625000e+03 5.433049316406250000e+02
1.200456054687500000e+03 9.656398315429687500e+02 1.305946411132812500e+03 6.141660156250000000e+02
9.480841674804687500e+02 8.164718627929687500e+02 1.111475585937500000e+03 7.021661987304687500e+02
9.480841674804687500e+02 8.164718627929687500e+02 1.111475585937500000e+03 7.021661987304687500e+02
9.752851562500000000e+02 9.112455444335937500e+02 1.208553955078125000e+03 7.281386108398437500e+02
9.590283813476562500e+02 9.047622070312500000e+02 1.197612792968750000e+03 7.354094848632812500e+02
9.590283813476562500e+02 9.047622070312500000e+02 1.197612792968750000e+03 7.354094848632812500e+02
9.342584838867187500e+02 9.365108032226562500e+02 1.218752685546875000e+03 7.670755615234375000e+02
9.342584838867187500e+02 9.365108032226562500e+02 1.218752685546875000e+03 7.670755615234375000e+02
8.290021362304687500e+02 8.947345581054687500e+02 1.146561279296875000e+03 8.289171142578125000e+02
1.392052734375000000e+03 4.814491577148437500e+02 8.514776611328125000e+02 2.752825317382812500e+02
8.669099121093750000e+02 3.103906555175781250e+02 9.441754760742187500e+02 3.109050903320312500e+02
1.237415161132812500e+03 7.497047119140625000e+02 1.142362548828125000e+03 4.907115478515625000e+02
1.114366210937500000e+03 7.151388549804687500e+02 1.072856811523437500e+03 5.406690063476562500e+02
1.115671508789062500e+03 7.312229614257812500e+02 1.087635253906250000e+03 5.482246704101562500e+02
1.192839233398437500e+03 8.320101928710937500e+02 1.198585693359375000e+03 5.554848022460937500e+02
1.242063720703125000e+03 9.375317382812500000e+02 1.292794311523437500e+03 5.796259765625000000e+02
1.204139770507812500e+03 9.122026367187500000e+02 1.264028808593750000e+03 5.873631591796875000e+02
1.231678344726562500e+03 9.480954589843750000e+02 1.298408447265625000e+03 5.896121215820312500e+02
9.969381103515625000e+02 6.819313354492187500e+02 9.912760009765625000e+02 5.967363281250000000e+02
9.761922607421875000e+02 6.799782104492187500e+02 9.801832885742187500e+02 6.089700317382812500e+02
9.774389038085937500e+02 6.886992797851562500e+02 9.885953979492187500e+02 6.127904052734375000e+02
1.095307739257812500e+03 9.100899047851562500e+02 1.238748168945312500e+03 6.500510864257812500e+02
1.084387329101562500e+03 9.200967407226562500e+02 1.244207275390625000e+03 6.609809570312500000e+02
1.084387329101562500e+03 9.200967407226562500e+02 1.244207275390625000e+03 6.609809570312500000e+02
1.086045654296875000e+03 9.534359130859375000e+02 1.271531494140625000e+03 6.750007934570312500e+02
1.073954467773437500e+03 9.426075439453125000e+02 1.260132934570312500e+03 6.775548706054687500e+02
1.062559814453125000e+03 9.396431274414062500e+02 1.254034667968750000e+03 6.825228271484375000e+02
9.570277099609375000e+02 7.965598754882812500e+02 1.095931030273437500e+03 6.861559448242187500e+02
7.465761108398437500e+02 5.682617797851562500e+02 6.963765258789062500e+02 7.268374633789062500e+02
8.352919921875000000e+02 7.866459350585937500e+02 1.034991210937500000e+03 7.723203735351562500e+02
7.433788452148437500e+02 6.466519165039062500e+02 8.112803344726562500e+02 7.776671752929687500e+02
7.401948852539062500e+02 6.523301391601562500e+02 8.154962768554687500e+02 7.854080200195312500e+02
7.958264160156250000e+02 8.634965209960937500e+02 1.103354980468750000e+03 8.424303588867187500e+02
7.958264160156250000e+02 8.634965209960937500e+02 1.103354980468750000e+03 8.424303588867187500e+02
7.967125854492187500e+02 9.162144775390625000e+02 1.156443847656250000e+03 8.635126953125000000e+02
6.700656127929687500e+02 8.981490478515625000e+02 1.088290283203125000e+03 9.697319946289062500e+02
5.325614013671875000e+02 7.770585327148437500e+02 1.068053466796875000e+03 4.962278747558593750e+02
1.199311889648437500e+03 8.212520141601562500e+02 1.192772827148437500e+03 5.479299316406250000e+02
1.097954345703125000e+03 7.149791259765625000e+02 1.065439208984375000e+03 5.486386108398437500e+02
1.090644897460937500e+03 8.210693359375000000e+02 1.161092651367187500e+03 6.092783203125000000e+02
1.095160278320312500e+03 9.337060546875000000e+02 1.257308105468750000e+03 6.607999877929687500e+02
1.098202514648437500e+03 9.425001831054687500e+02 1.266332275390625000e+03 6.630679931640625000e+02
9.672409057617187500e+02 7.914604492187500000e+02 1.091060058593750000e+03 6.744179687500000000e+02
9.634017944335937500e+02 8.851304931640625000e+02 1.180832519531250000e+03 7.245919189453125000e+02
9.619535522460937500e+02 8.963114013671875000e+02 1.191367431640625000e+03 7.302062988281250000e+02
9.730459594726562500e+02 9.310039672851562500e+02 1.224721923828125000e+03 7.388778686523437500e+02
9.730459594726562500e+02 9.310039672851562500e+02 1.224721923828125000e+03 7.388778686523437500e+02
9.289415283203125000e+02 8.930753173828125000e+02 1.176789794921875000e+03 7.513290405273437500e+02
9.593866577148437500e+02 9.420841064453125000e+02 1.231653320312500000e+03 7.529020385742187500e+02
9.492034301757812500e+02 9.284142456054687500e+02 1.214617431640625000e+03 7.529429931640625000e+02
8.386328125000000000e+02 7.595711059570312500e+02 1.008551391601562500e+03 7.570975341796875000e+02
9.173030395507812500e+02 8.923325805664062500e+02 1.174885742187500000e+03 7.606661376953125000e+02
8.355255737304687500e+02 7.744519653320312500e+02 1.025968383789062500e+03 7.684931640625000000e+02
8.258798828125000000e+02 7.710180664062500000e+02 1.012384094238281250e+03 7.712769165039062500e+02
6.769086303710937500e+02 5.673102416992187500e+02 6.357551269531250000e+02 7.980609741210937500e+02
6.769086303710937500e+02 5.673102416992187500e+02 6.357551269531250000e+02 7.980609741210937500e+02
8.173236694335937500e+02 8.745429687500000000e+02 1.122474243164062500e+03 8.282634277343750000e+02
8.171452636718750000e+02 8.841243896484375000e+02 1.131765380859375000e+03 8.335896606445312500e+02
8.126706542968750000e+02 9.072507324218750000e+02 1.152765625000000000e+03 8.474024047851562500e+02
7.936826171875000000e+02 8.835878295898437500e+02 1.122526367187500000e+03 8.528814697265625000e+02
7.936826171875000000e+02 8.835878295898437500e+02 1.122526367187500000e+03 8.528814697265625000e+02
7.233200073242187500e+02 7.597670288085937500e+02 9.495543823242187500e+02 8.561384887695312500e+02
8.005924682617187500e+02 9.076137084960937500e+02 1.150291015625000000e+03 8.573879394531250000e+02
7.289092407226562500e+02 7.777264404296875000e+02 9.751589355468750000e+02 8.604320068359375000e+02
7.154826660156250000e+02 7.583787231445312500e+02 9.443973388671875000e+02 8.635528564453125000e+02
7.893445434570312500e+02 9.047440795898437500e+02 1.142864257812500000e+03 8.657180175781250000e+02
6.954218139648437500e+02 7.481561889648437500e+02 9.192130126953125000e+02 8.785277709960937500e+02
6.820851440429687500e+02 7.646340332031250000e+02 9.336356201171875000e+02 8.990471801757812500e+02
6.881928100585937500e+02 8.953826904296875000e+02 1.092821533203125000e+03 9.517745971679687500e+02
6.103035888671875000e+02 7.495957641601562500e+02 8.692844238281250000e+02 9.669825439453125000e+02
6.285122680664062500e+02 7.280490722656250000e+02 1.017919372558593750e+03 5.548712768554687500e+02
1.234843627929687500e+03 9.231640014648437500e+02 1.281364868164062500e+03 5.779065551757812500e+02
1.108254638671875000e+03 8.204944458007812500e+02 1.167095336914062500e+03 5.996058959960937500e+02
1.177868896484375000e+03 9.427579956054687500e+02 1.282249145507812500e+03 6.156969604492187500e+02
1.062007446289062500e+03 9.260543823242187500e+02 1.244584838867187500e+03 6.781476440429687500e+02
9.723206176757812500e+02 9.041079711914062500e+02 1.203593750000000000e+03 7.302835693359375000e+02
9.582793579101562500e+02 9.177098388671875000e+02 1.209593750000000000e+03 7.433440551757812500e+02
8.491873168945312500e+02 7.600988159179687500e+02 1.013375427246093750e+03 7.481480102539062500e+02
8.491873168945312500e+02 7.600988159179687500e+02 1.013375427246093750e+03 7.481480102539062500e+02
8.385249633789062500e+02 7.544530639648437500e+02 9.992612915039062500e+02 7.530084228515625000e+02
9.193236083984375000e+02 8.847868652343750000e+02 1.165464355468750000e+03 7.525467529296875000e+02
9.268701171875000000e+02 9.012322387695312500e+02 1.186396606445312500e+03 7.590853881835937500e+02
9.150650634765625000e+02 9.135648803710937500e+02 1.192895629882812500e+03 7.705490112304687500e+02
8.258798828125000000e+02 7.710180664062500000e+02 1.013851928710937500e+03 7.722498779296875000e+02
8.067835693359375000e+02 7.582612915039062500e+02 9.911369018554687500e+02 7.808624877929687500e+02
8.150618286132812500e+02 7.694505615234375000e+02 1.006532348632812500e+03 7.805166015625000000e+02
8.150618286132812500e+02 7.694505615234375000e+02 1.006532348632812500e+03 7.805166015625000000e+02
8.133149414062500000e+02 7.836745605468750000e+02 1.023066223144531250e+03 7.891755371093750000e+02
7.297990112304687500e+02 6.503579711914062500e+02 8.083310546875000000e+02 7.926880493164062500e+02
8.415737304687500000e+02 8.661791992187500000e+02 1.121967773437500000e+03 8.070246582031250000e+02
8.415737304687500000e+02 8.661791992187500000e+02 1.121967773437500000e+03 8.070246582031250000e+02
8.211445312500000000e+02 8.642344970703125000e+02 1.113331542968750000e+03 8.206779174804687500e+02
8.063144531250000000e+02 8.732390136718750000e+02 1.116427124023437500e+03 8.381347656250000000e+02
7.330319213867187500e+02 7.691701049804687500e+02 9.670615844726562500e+02 8.524956054687500000e+02
7.188347778320312500e+02 7.774936523437500000e+02 9.694078979492187500e+02 8.692603759765625000e+02
7.869403076171875000e+02 9.175783081054687500e+02 1.154714111328125000e+03 8.732404174804687500e+02
7.770175170898437500e+02 9.043348388671875000e+02 1.138313476562500000e+03 8.761727905273437500e+02
6.914511718750000000e+02 8.743361816406250000e+02 1.071972900390625000e+03 9.400566406250000000e+02
6.564083251953125000e+02 8.761649780273437500e+02 1.053919189453125000e+03 9.716330566406250000e+02
6.619036865234375000e+02 8.947885742187500000e+02 1.080860961914062500e+03 9.770057373046875000e+02
6.514522705078125000e+02 8.922432861328125000e+02 1.072868286132812500e+03 9.872847900390625000e+02
1.083985473632812500e+03 7.880031127929687500e+02 1.128185913085937500e+03 5.974235839843750000e+02
1.201179931640625000e+03 9.767305297851562500e+02 1.313850830078125000e+03 6.178518066406250000e+02
1.064132080078125000e+03 9.480932617187500000e+02 1.265608154296875000e+03 6.860004882812500000e+02
9.184041748046875000e+02 7.832463378906250000e+02 1.067400024414062500e+03 7.066643676757812500e+02
9.169626464843750000e+02 8.020902099609375000e+02 1.086400268554687500e+03 7.164932250976562500e+02
8.499980468750000000e+02 7.463399658203125000e+02 9.971403198242187500e+02 7.396127929687500000e+02
8.490159912109375000e+02 7.732446899414062500e+02 1.026292480468750000e+03 7.526580810546875000e+02
9.102548828125000000e+02 8.715955200195312500e+02 1.151777343750000000e+03 7.537300415039062500e+02
6.967086181640625000e+02 5.570017089843750000e+02 6.343698730468750000e+02 7.684202880859375000e+02
7.539627075195312500e+02 6.756497192382812500e+02 8.627683105468750000e+02 7.790838012695312500e+02
9.057713623046875000e+02 9.245295410156250000e+02 1.200353759765625000e+03 7.817428588867187500e+02
7.974861450195312500e+02 7.654868164062500000e+02 9.948469238281250000e+02 7.930711059570312500e+02
8.245092773437500000e+02 8.991027221679687500e+02 1.149121704101562500e+03 8.343418579101562500e+02
8.259721679687500000e+02 9.182801513671875000e+02 1.170091064453125000e+03 8.416600952148437500e+02
8.259721679687500000e+02 9.182801513671875000e+02 1.170091064453125000e+03 8.416600952148437500e+02
7.040675048828125000e+02 7.496378173828125000e+02 9.267741088867187500e+02 8.697721557617187500e+02
7.056555175781250000e+02 7.576464233398437500e+02 9.381456909179687500e+02 8.728890991210937500e+02
6.855963134765625000e+02 7.815838012695312500e+02 9.580521240234375000e+02 9.038186645507812500e+02
6.855963134765625000e+02 7.815838012695312500e+02 9.580521240234375000e+02 9.038186645507812500e+02
6.818930053710937500e+02 9.087664184570312500e+02 1.105293212890625000e+03 9.628924560546875000e+02
6.520348510742187500e+02 8.497464599609375000e+02 1.023721313476562500e+03 9.672760009765625000e+02
6.065055541992187500e+02 7.582910766601562500e+02 8.801242675781250000e+02 9.728574829101562500e+02
5.849965209960937500e+02 7.544454956054687500e+02 8.627994384765625000e+02 9.960184936523437500e+02
5.730225830078125000e+02 8.437635498046875000e+02 9.746395263671875000e+02 1.047945434570312500e+03
5.441549072265625000e+02 7.723842773437500000e+02 8.575347900390625000e+02 1.050344604492187500e+03
9.840573730468750000e+02 7.681312255859375000e+02 1.074623291015625000e+03 6.542619628906250000e+02
1.045744384765625000e+03 9.554548950195312500e+02 1.266127563476562500e+03 7.016656494140625000e+02
9.796294555664062500e+02 8.820997314453125000e+02 1.182091552734375000e+03 7.112048950195312500e+02
9.451928710937500000e+02 8.893386230468750000e+02 1.178806152343750000e+03 7.363303222656250000e+02
9.771273193359375000e+02 9.494450683593750000e+02 1.242711425781250000e+03 7.445355834960937500e+02
9.771273193359375000e+02 9.494450683593750000e+02 1.242711425781250000e+03 7.445355834960937500e+02
8.277122192382812500e+02 7.905834960937500000e+02 1.037745239257812500e+03 7.817663574218750000e+02
6.635361938476562500e+02 5.600111694335937500e+02 6.125112304687500000e+02 8.085648803710937500e+02
6.698756713867187500e+02 6.311358032226562500e+02 7.340332031250000000e+02 8.404268188476562500e+02
6.502206420898437500e+02 6.110386962890625000e+02 6.888027954101562500e+02 8.509293212890625000e+02
7.389146118164062500e+02 7.787301025390625000e+02 9.810137329101562500e+02 8.517418823242187500e+02
7.741054687500000000e+02 8.810955810546875000e+02 1.113747558593750000e+03 8.683602294921875000e+02
6.894918823242187500e+02 7.588662719726562500e+02 9.291383666992187500e+02 8.877592773437500000e+02
6.134276733398437500e+02 7.361795043945312500e+02 8.524049072265625000e+02 9.553602905273437500e+02
6.826402587890625000e+02 9.013472900390625000e+02 1.096894042968750000e+03 9.594920043945312500e+02
5.993889160156250000e+02 7.245923461914062500e+02 8.255427856445312500e+02 9.667603149414062500e+02
5.991777343750000000e+02 7.441890258789062500e+02 8.579865722656250000e+02 9.730283813476562500e+02
6.682276611328125000e+02 9.154882812500000000e+02 1.107985839843750000e+03 9.794036254882812500e+02
6.395455322265625000e+02 8.579249877929687500e+02 1.028148437500000000e+03 9.831751708984375000e+02
6.316960449218750000e+02 8.807282714843750000e+02 1.050693115234375000e+03 9.998715820312500000e+02
9.299253540039062500e+02 9.225314941406250000e+02 1.202819091796875000e+03 7.623944702148437500e+02
1.200420532226562500e+03 7.913687744140625000e+02 1.180344360351562500e+03 7.683851318359375000e+02
9.416760864257812500e+02 9.451999511718750000e+02 1.230381103515625000e+03 7.676972045898437500e+02
7.194505615234375000e+02 6.403585205078125000e+02 7.861358642578125000e+02 7.977822265625000000e+02
6.496927490234375000e+02 5.550391845703125000e+02 5.895322265625000000e+02 8.188979492187500000e+02
8.041080932617187500e+02 8.570731201171875000e+02 1.098959350585937500e+03 8.310825805664062500e+02
8.052787475585937500e+02 9.238655395507812500e+02 1.169379150390625000e+03 8.620566406250000000e+02
7.676579589843750000e+02 9.205333862304687500e+02 1.152968139648437500e+03 8.913193359375000000e+02
7.676579589843750000e+02 9.205333862304687500e+02 1.152968139648437500e+03 8.913193359375000000e+02
6.724308471679687500e+02 7.698731689453125000e+02 9.333052978515625000e+02 9.103016967773437500e+02
7.000582885742187500e+02 8.612495727539062500e+02 1.058707763671875000e+03 9.251580200195312500e+02
6.761928710937500000e+02 8.677785644531250000e+02 1.057502197265625000e+03 9.524183349609375000e+02
6.989656372070312500e+02 9.133176269531250000e+02 1.119256225585937500e+03 9.515234985351562500e+02
5.967443237304687500e+02 7.605140380859375000e+02 8.765640258789062500e+02 9.871337280273437500e+02
5.967443237304687500e+02 7.605140380859375000e+02 8.765640258789062500e+02 9.871337280273437500e+02
6.428270263671875000e+02 8.991395874023437500e+02 1.077826782226562500e+03 9.979094848632812500e+02
5.797547607421875000e+02 7.799379272460937500e+02 8.925447387695312500e+02 1.013543090820312500e+03
1.173010253906250000e+03 2.242729644775390625e+02 4.030940551757812500e+02 1.627071533203125000e+02
1.052680541992187500e+03 8.940267944335937500e+02 1.214267089843750000e+03 6.676167602539062500e+02
1.052680541992187500e+03 8.940267944335937500e+02 1.214267089843750000e+03 6.676167602539062500e+02
8.624271850585937500e+02 7.541468505859375000e+02 1.009654235839843750e+03 7.363671875000000000e+02
8.537234497070312500e+02 7.975957641601562500e+02 1.056297851562500000e+03 7.641892089843750000e+02
8.415711669921875000e+02 8.871327514648437500e+02 1.143090332031250000e+03 8.157211303710937500e+02
7.036380004882812500e+02 7.869786376953125000e+02 9.746838378906250000e+02 8.892304077148437500e+02
7.042958374023437500e+02 8.903531494140625000e+02 1.091159790039062500e+03 9.331132202148437500e+02
6.779179687500000000e+02 8.502969360351562500e+02 1.034782592773437500e+03 9.410568237304687500e+02
5.653165893554687500e+02 7.677507324218750000e+02 8.653465576171875000e+02 1.025174194335937500e+03
8.016842041015625000e+02 8.917035522460937500e+02 1.139296142578125000e+03 8.499149780273437500e+02
6.029318847656250000e+02 7.789052124023437500e+02 9.049839477539062500e+02 9.880133056640625000e+02
5.777727050781250000e+02 7.478342285156250000e+02 8.460837402343750000e+02 9.982399902343750000e+02
9.060595703125000000e+02 7.320310058593750000e+02 1.003960144042968750e+03 6.891008911132812500e+02
