1.096873779296875000e+03 8.028350830078125000e+02 7.306976928710937500e+02 7.108442382812500000e+02
9.570277099609375000e+02 7.965598754882812500e+02 7.464207153320312500e+02 6.091630859375000000e+02
1.073954467773437500e+03 9.426075439453125000e+02 5.958156738281250000e+02 6.896046752929687500e+02
1.084387329101562500e+03 9.200967407226562500e+02 6.116958007812500000e+02 6.975001220703125000e+02
1.084387329101562500e+03 9.200967407226562500e+02 6.116958007812500000e+02 6.975001220703125000e+02
1.197603393554687500e+03 7.307141113281250000e+02 8.108548583984375000e+02 8.128424072265625000e+02
1.540379394531250000e+03 4.017733154296875000e+02 9.693491821289062500e+02 5.617630004882812500e+02
1.058238891601562500e+03 6.828270263671875000e+02 1.152584472656250000e+03 5.802679443359375000e+02
1.062559814453125000e+03 9.396431274414062500e+02 5.990170898437500000e+02 6.818920898437500000e+02
1.085746215820312500e+03 9.421183471679687500e+02 5.935554809570312500e+02 6.979860839843750000e+02
1.195038208007812500e+03 9.212576293945312500e+02 5.923302001953125000e+02 7.846088256835937500e+02
1.195038208007812500e+03 9.212576293945312500e+02 5.923302001953125000e+02 7.846088256835937500e+02
1.188692016601562500e+03 8.122814331054687500e+02 7.082905273437500000e+02 7.919942626953125000e+02
9.806444702148437500e+02 9.195417480468750000e+02 6.301129760742187500e+02 6.294581909179687500e+02
1.084854248046875000e+03 9.639505004882812500e+02 5.744834594726562500e+02 6.962283935546875000e+02
1.091296752929687500e+03 8.087905273437500000e+02 7.196125488281250000e+02 7.096911621093750000e+02
1.115792968750000000e+03 9.222271728515625000e+02 6.058309326171875000e+02 7.210086669921875000e+02
1.121839355468750000e+03 7.227300415039062500e+02 8.245317993164062500e+02 7.378183593750000000e+02
1.183217407226562500e+03 9.194799804687500000e+02 5.941297607421875000e+02 7.748676757812500000e+02
1.182542724609375000e+03 8.382119140625000000e+02 6.794941406250000000e+02 7.827590942382812500e+02
1.182542724609375000e+03 8.382119140625000000e+02 6.794941406250000000e+02 7.827590942382812500e+02
1.204139770507812500e+03 9.122026367187500000e+02 5.959302368164062500e+02 7.939414062500000000e+02
1.204139770507812500e+03 9.122026367187500000e+02 5.959302368164062500e+02 7.939414062500000000e+02
1.213812255859375000e+03 9.685072021484375000e+02 5.417639160156250000e+02 7.966399536132812500e+02
1.065429565429687500e+03 8.321387329101562500e+02 7.005728149414062500e+02 6.837001342773437500e+02
1.159048950195312500e+03 8.011508789062500000e+02 7.269625854492187500e+02 7.641960449218750000e+02
1.205403320312500000e+03 9.315331420898437500e+02 5.789464721679687500e+02 7.924226684570312500e+02
1.199311889648437500e+03 8.212520141601562500e+02 6.969112548828125000e+02 8.009736938476562500e+02
1.231383300781250000e+03 7.268505249023437500e+02 8.184326171875000000e+02 8.548201904296875000e+02
9.692145996093750000e+02 6.704983520507812500e+02 8.918065795898437500e+02 6.101373291015625000e+02
1.083985473632812500e+03 7.880031127929687500e+02 7.468432617187500000e+02 6.995767822265625000e+02
1.089983764648437500e+03 7.019110717773437500e+02 8.544785766601562500e+02 7.066960449218750000e+02
1.115541015625000000e+03 9.628084106445312500e+02 5.696411743164062500e+02 7.189064331054687500e+02
1.165101196289062500e+03 8.264120483398437500e+02 6.952405395507812500e+02 7.682193603515625000e+02
1.188590942382812500e+03 5.749741210937500000e+02 1.088244262695312500e+03 8.366552124023437500e+02
1.196344482421875000e+03 7.177205810546875000e+02 8.352584228515625000e+02 8.126217041015625000e+02
1.205754150390625000e+03 7.410183715820312500e+02 7.999101562500000000e+02 8.219194335937500000e+02
1.229193359375000000e+03 8.490813598632812500e+02 6.596497802734375000e+02 8.278453979492187500e+02
1.229193359375000000e+03 8.490813598632812500e+02 6.596497802734375000e+02 8.278453979492187500e+02
1.187052246093750000e+03 8.176657714843750000e+02 7.009502563476562500e+02 7.908854370117187500e+02
1.254111450195312500e+03 9.787393188476562500e+02 5.274231567382812500e+02 8.299757080078125000e+02
