9.342584838867187500e+02 9.365108032226562500e+02 1.196281982421875000e+03 6.137904663085937500e+02
9.342584838867187500e+02 9.365108032226562500e+02 1.196281982421875000e+03 6.137904663085937500e+02
1.080827392578125000e+03 5.665413208007812500e+02 1.170920898437500000e+03 6.197025756835937500e+02
9.280370483398437500e+02 9.412628784179687500e+02 1.195074218750000000e+03 6.197944335937500000e+02
1.077899658203125000e+03 6.178005371093750000e+02 1.121536132812500000e+03 6.542197875976562500e+02
1.070553344726562500e+03 6.427003173828125000e+02 1.093385864257812500e+03 6.694814453125000000e+02
1.162168457031250000e+03 6.322539672851562500e+02 1.196476318359375000e+03 7.092352905273437500e+02
1.067455810546875000e+03 7.038402709960937500e+02 1.041418334960937500e+03 7.104310913085937500e+02
1.054907592773437500e+03 7.906016235351562500e+02 9.624385986328125000e+02 7.628681640625000000e+02
8.313107299804687500e+02 4.595802612304687500e+02 8.979844970703125000e+02 3.627387695312500000e+02
6.415927734375000000e+02 6.560114746093750000e+02 7.675648803710937500e+02 5.122888793945312500e+02
1.013301330566406250e+03 6.339967651367187500e+02 1.046962524414062500e+03 6.361105346679687500e+02
9.761922607421875000e+02 6.799782104492187500e+02 9.819878540039062500e+02 6.509112548828125000e+02
9.863419189453125000e+02 6.733874511718750000e+02 9.953712768554687500e+02 6.512901611328125000e+02
9.969381103515625000e+02 6.819313354492187500e+02 9.975229492187500000e+02 6.620813598632812500e+02
9.969381103515625000e+02 6.819313354492187500e+02 9.975229492187500000e+02 6.620813598632812500e+02
1.077319335937500000e+03 7.160072021484375000e+02 1.040375610351562500e+03 7.237446899414062500e+02
1.077319335937500000e+03 7.160072021484375000e+02 1.040375610351562500e+03 7.237446899414062500e+02
1.104921386718750000e+03 7.147839965820312500e+02 1.066465820312500000e+03 7.370247192382812500e+02
1.114481811523437500e+03 7.231921386718750000e+02 1.068112915039062500e+03 7.481156005859375000e+02
1.114481811523437500e+03 7.231921386718750000e+02 1.068112915039062500e+03 7.481156005859375000e+02
1.192106323242187500e+03 7.076455078125000000e+02 1.159391235351562500e+03 7.819453125000000000e+02
1.096873779296875000e+03 8.028350830078125000e+02 9.888843994140625000e+02 7.934531250000000000e+02
9.399566040039062500e+02 9.303950805664062500e+02 7.772393188476562500e+02 7.941972045898437500e+02
1.205368164062500000e+03 7.174058837890625000e+02 1.163319946289062500e+03 7.947340087890625000e+02
1.213665649414062500e+03 7.178057861328125000e+02 1.171113647460937500e+03 8.001773071289062500e+02
1.213665649414062500e+03 7.178057861328125000e+02 1.171113647460937500e+03 8.001773071289062500e+02
6.319166259765625000e+02 6.249166259765625000e+02 7.770263671875000000e+02 4.896057434082031250e+02
8.939201660156250000e+02 6.889655151367187500e+02 9.092094726562500000e+02 6.225051879882812500e+02
9.501250000000000000e+02 6.713972167968750000e+02 9.676259155273437500e+02 6.345337524414062500e+02
8.499980468750000000e+02 7.463399658203125000e+02 8.382064819335937500e+02 6.393140258789062500e+02
8.150618286132812500e+02 7.694505615234375000e+02 8.004645385742187500e+02 6.402265625000000000e+02
8.150618286132812500e+02 7.694505615234375000e+02 8.004645385742187500e+02 6.402265625000000000e+02
8.258798828125000000e+02 7.710180664062500000e+02 8.081247558593750000e+02 6.458495483398437500e+02
8.258798828125000000e+02 7.710180664062500000e+02 8.081247558593750000e+02 6.458495483398437500e+02
8.491873168945312500e+02 7.600988159179687500e+02 8.309534301757812500e+02 6.498371582031250000e+02
9.683421630859375000e+02 6.934246215820312500e+02 9.649739990234375000e+02 6.572677612304687500e+02
8.577042236328125000e+02 7.711370849609375000e+02 8.278312377929687500e+02 6.588574218750000000e+02
6.585564575195312500e+02 9.068286132812500000e+02 6.267629394531250000e+02 6.624696044921875000e+02
9.585704956054687500e+02 7.081539306640625000e+02 9.466328125000000000e+02 6.620744018554687500e+02
9.864181518554687500e+02 6.948145751953125000e+02 9.789059448242187500e+02 6.661326293945312500e+02
9.864181518554687500e+02 6.948145751953125000e+02 9.789059448242187500e+02 6.661326293945312500e+02
6.818930053710937500e+02 9.087664184570312500e+02 6.388538208007812500e+02 6.726118164062500000e+02
9.184041748046875000e+02 7.832463378906250000e+02 8.642623901367187500e+02 6.928008422851562500e+02
8.063144531250000000e+02 8.732390136718750000e+02 7.296425170898437500e+02 6.997068481445312500e+02
9.260411987304687500e+02 7.931782836914062500e+02 8.613545532226562500e+02 7.024136352539062500e+02
9.588940429687500000e+02 7.700262451171875000e+02 9.017675170898437500e+02 7.027215576171875000e+02
1.084350341796875000e+03 6.910472412109375000e+02 1.067318969726562500e+03 7.102621459960937500e+02
9.467223510742187500e+02 7.946754760742187500e+02 8.753386840820312500e+02 7.122501220703125000e+02
9.781199340820312500e+02 7.806389160156250000e+02 9.087573242187500000e+02 7.184528198242187500e+02
1.181921752929687500e+03 6.467841186523437500e+02 1.203768554687500000e+03 7.302475585937500000e+02
1.114366210937500000e+03 7.151388549804687500e+02 1.074801879882812500e+03 7.427409667968750000e+02
9.388266601562500000e+02 9.014897460937500000e+02 7.946733398437500000e+02 7.759385986328125000e+02
9.634017944335937500e+02 8.851304931640625000e+02 8.236860351562500000e+02 7.767481079101562500e+02
1.201254028320312500e+03 7.020140991210937500e+02 1.172692993164062500e+03 7.814970703125000000e+02
9.494089355468750000e+02 9.173319702148437500e+02 7.927337646484375000e+02 7.904645385742187500e+02
1.211917846679687500e+03 7.105443115234375000e+02 1.176253540039062500e+03 7.938192138671875000e+02
1.211917846679687500e+03 7.105443115234375000e+02 1.176253540039062500e+03 7.938192138671875000e+02
1.179547851562500000e+03 7.372732543945312500e+02 1.118958129882812500e+03 7.942197875976562500e+02
1.099495483398437500e+03 8.116081542968750000e+02 9.835060424804687500e+02 8.001652221679687500e+02
9.730459594726562500e+02 9.310039672851562500e+02 7.992377319335937500e+02 8.105396118164062500e+02
9.730459594726562500e+02 9.310039672851562500e+02 7.992377319335937500e+02 8.105396118164062500e+02
1.176245117187500000e+03 8.019313964843750000e+02 1.059880737304687500e+03 8.369186401367187500e+02
1.176245117187500000e+03 8.019313964843750000e+02 1.059880737304687500e+03 8.369186401367187500e+02
1.188692016601562500e+03 8.122814331054687500e+02 1.063249877929687500e+03 8.519040527343750000e+02
1.095307739257812500e+03 9.100899047851562500e+02 9.024677124023437500e+02 8.601224975585937500e+02
1.105961059570312500e+03 9.221585083007812500e+02 9.052275390625000000e+02 8.776192016601562500e+02
1.419752685546875000e+03 5.334642333984375000e+02 1.825966430664062500e+03 8.779376831054687500e+02
1.220317260742187500e+03 8.247011108398437500e+02 1.082531494140625000e+03 8.798139038085937500e+02
1.223697753906250000e+03 2.818103942871093750e+02 1.646631958007812500e+03 4.419296569824218750e+02
5.990101318359375000e+02 6.500100097656250000e+02 7.456423339843750000e+02 4.955725097656250000e+02
5.990101318359375000e+02 6.500100097656250000e+02 7.456423339843750000e+02 4.955725097656250000e+02
5.991777343750000000e+02 7.441890258789062500e+02 6.898336791992187500e+02 5.490189208984375000e+02
6.134276733398437500e+02 7.361795043945312500e+02 7.010778198242187500e+02 5.486195678710937500e+02
5.967443237304687500e+02 7.605140380859375000e+02 6.721340942382812500e+02 5.588628540039062500e+02
1.072475830078125000e+03 5.638815917968750000e+02 1.165310058593750000e+03 6.138554687500000000e+02
8.048650512695312500e+02 7.449782104492187500e+02 8.112007446289062500e+02 6.221131591796875000e+02
8.894222412109375000e+02 7.071678466796875000e+02 8.944187011718750000e+02 6.318132324218750000e+02
1.054921020507812500e+03 6.222532348632812500e+02 1.097764404296875000e+03 6.457216186523437500e+02
9.563663940429687500e+02 6.959867553710937500e+02 9.543395996093750000e+02 6.536306762695312500e+02
1.062823730468750000e+03 6.319016723632812500e+02 1.096637207031250000e+03 6.583356323242187500e+02
1.165579223632812500e+03 5.671664428710937500e+02 1.261300659179687500e+03 6.618067016601562500e+02
1.088037353515625000e+03 6.486500244140625000e+02 1.107835571289062500e+03 6.826744995117187500e+02
9.294003906250000000e+02 7.707401123046875000e+02 8.809001464843750000e+02 6.891301269531250000e+02
9.491729125976562500e+02 7.626362304687500000e+02 8.981971435546875000e+02 6.918843994140625000e+02
1.059330688476562500e+03 7.039176635742187500e+02 1.035978515625000000e+03 7.047435913085937500e+02
1.093560180664062500e+03 6.861127319335937500e+02 1.078657348632812500e+03 7.105736083984375000e+02
1.184036987304687500e+03 6.175274658203125000e+02 1.231785278320312500e+03 7.101834716796875000e+02
9.556420898437500000e+02 7.896071166992187500e+02 8.850181884765625000e+02 7.132385253906250000e+02
9.672409057617187500e+02 7.914604492187500000e+02 8.932984008789062500e+02 7.198497924804687500e+02
9.672409057617187500e+02 7.914604492187500000e+02 8.932984008789062500e+02 7.198497924804687500e+02
1.086265869140625000e+03 7.160599975585937500e+02 1.049355712890625000e+03 7.274295654296875000e+02
1.190408203125000000e+03 6.417877197265625000e+02 1.215582031250000000e+03 7.311833496093750000e+02
9.193236083984375000e+02 8.847868652343750000e+02 7.966607055664062500e+02 7.549169921875000000e+02
9.069375000000000000e+02 9.014888916015625000e+02 7.768518066406250000e+02 7.617284545898437500e+02
9.150650634765625000e+02 9.135648803710937500e+02 7.729188842773437500e+02 7.722251586914062500e+02
1.176988403320312500e+03 7.134509277343750000e+02 1.137388305664062500e+03 7.757720947265625000e+02
9.026804809570312500e+02 9.460784912109375000e+02 7.443521118164062500e+02 7.874815063476562500e+02
1.083575683593750000e+03 8.980287475585937500e+02 9.038019409179687500e+02 8.477481079101562500e+02
1.062007446289062500e+03 9.260543823242187500e+02 8.665797729492187500e+02 8.555205688476562500e+02
1.073204833984375000e+03 9.187871704101562500e+02 8.804471435546875000e+02 8.551339111328125000e+02
1.073204833984375000e+03 9.187871704101562500e+02 8.804471435546875000e+02 8.551339111328125000e+02
1.094944458007812500e+03 9.212346191406250000e+02 8.953936157226562500e+02 8.685459594726562500e+02
1.094944458007812500e+03 9.212346191406250000e+02 8.953936157226562500e+02 8.685459594726562500e+02
1.106655029296875000e+03 9.112554321289062500e+02 9.122290039062500000e+02 8.694454345703125000e+02
1.106655029296875000e+03 9.112554321289062500e+02 9.122290039062500000e+02 8.694454345703125000e+02
1.218613525390625000e+03 8.144320678710937500e+02 1.090051147460937500e+03 8.715109252929687500e+02
1.097999755859375000e+03 9.559394531250000000e+02 8.724840698242187500e+02 8.929915771484375000e+02
1.183217407226562500e+03 9.194799804687500000e+02 9.698046264648437500e+02 9.195521850585937500e+02
1.226711425781250000e+03 9.250334472656250000e+02 1.003174438476562500e+03 9.512116088867187500e+02
1.237195190429687500e+03 9.142811889648437500e+02 1.021853637695312500e+03 9.521452636718750000e+02
1.231036010742187500e+03 9.361397094726562500e+02 9.968165283203125000e+02 9.606473388671875000e+02
5.777727050781250000e+02 7.478342285156250000e+02 6.732702636718750000e+02 5.454503784179687500e+02
5.653165893554687500e+02 7.677507324218750000e+02 6.592852172851562500e+02 5.516130371093750000e+02
4.485300598144531250e+02 8.553465576171875000e+02 5.577667846679687500e+02 5.599076538085937500e+02
5.344383544921875000e+02 8.352828369140625000e+02 6.068242797851562500e+02 5.810962524414062500e+02
7.000582885742187500e+02 8.612495727539062500e+02 6.760775146484375000e+02 6.505434570312500000e+02
9.874182739257812500e+02 6.824978637695312500e+02 9.901227416992187500e+02 6.569069824218750000e+02
9.874182739257812500e+02 6.824978637695312500e+02 9.901227416992187500e+02 6.569069824218750000e+02
8.277122192382812500e+02 7.905834960937500000e+02 7.962841186523437500e+02 6.598464965820312500e+02
6.826402587890625000e+02 9.013472900390625000e+02 6.440056152343750000e+02 6.661303710937500000e+02
9.372453613281250000e+02 7.857370605468750000e+02 8.749061279296875000e+02 7.029668579101562500e+02
9.372453613281250000e+02 7.857370605468750000e+02 8.749061279296875000e+02 7.029668579101562500e+02
1.078021850585937500e+03 7.027654418945312500e+02 1.053835205078125000e+03 7.146808471679687500e+02
8.245092773437500000e+02 8.991027221679687500e+02 7.247805175781250000e+02 7.206292724609375000e+02
1.192552734375000000e+03 6.295651855468750000e+02 1.229265258789062500e+03 7.241264038085937500e+02
1.055108276367187500e+03 7.827825317382812500e+02 9.677501831054687500e+02 7.567142333984375000e+02
1.067836547851562500e+03 7.756890869140625000e+02 9.836310424804687500e+02 7.577902832031250000e+02
1.191669921875000000e+03 6.962070312500000000e+02 1.167338256835937500e+03 7.713890380859375000e+02
1.196344482421875000e+03 7.177205810546875000e+02 1.152947143554687500e+03 7.893034667968750000e+02
1.187643676757812500e+03 7.357171630859375000e+02 1.129906005859375000e+03 7.981953735351562500e+02
1.187643676757812500e+03 7.357171630859375000e+02 1.129906005859375000e+03 7.981953735351562500e+02
1.216632202148437500e+03 7.310297851562500000e+02 1.162873535156250000e+03 8.120441894531250000e+02
1.159048950195312500e+03 8.011508789062500000e+02 1.045868164062500000e+03 8.253777465820312500e+02
1.184173339843750000e+03 7.950319213867187500e+02 1.073260864257812500e+03 8.389857788085937500e+02
1.197223510742187500e+03 8.056654052734375000e+02 1.076450195312500000e+03 8.522813110351562500e+02
1.199311889648437500e+03 8.212520141601562500e+02 1.066097900390625000e+03 8.643972167968750000e+02
1.084461791992187500e+03 9.285543212890625000e+02 8.834526977539062500e+02 8.713789062500000000e+02
1.212356811523437500e+03 8.238482666015625000e+02 1.077031616210937500e+03 8.727557373046875000e+02
1.192688110351562500e+03 8.481256103515625000e+02 1.037814575195312500e+03 8.802728271484375000e+02
1.084854248046875000e+03 9.639505004882812500e+02 8.576873168945312500e+02 8.924044799804687500e+02
1.204139770507812500e+03 9.122026367187500000e+02 9.937409667968750000e+02 9.289051513671875000e+02
1.205403320312500000e+03 9.315331420898437500e+02 9.795144653320312500e+02 9.429940795898437500e+02
1.234946289062500000e+03 9.710512695312500000e+02 9.735092773437500000e+02 9.877355346679687500e+02
1.234946289062500000e+03 9.710512695312500000e+02 9.735092773437500000e+02 9.877355346679687500e+02
6.106713867187500000e+02 6.249691162109375000e+02 7.700404663085937500e+02 4.844613037109375000e+02
8.275721435546875000e+02 7.145344238281250000e+02 8.430442504882812500e+02 6.078281860351562500e+02
9.692145996093750000e+02 6.704983520507812500e+02 9.819004516601562500e+02 6.406697387695312500e+02
9.692145996093750000e+02 6.704983520507812500e+02 9.819004516601562500e+02 6.406697387695312500e+02
9.539859008789062500e+02 6.810204467773437500e+02 9.644328613281250000e+02 6.443804931640625000e+02
9.539859008789062500e+02 6.810204467773437500e+02 9.644328613281250000e+02 6.443804931640625000e+02
1.089983764648437500e+03 7.019110717773437500e+02 1.062683471679687500e+03 7.217828979492187500e+02
1.175030273437500000e+03 6.407260742187500000e+02 1.201269287109375000e+03 7.223096313476562500e+02
1.106534057617187500e+03 7.004976806640625000e+02 1.079901977539062500e+03 7.288865966796875000e+02
8.052787475585937500e+02 9.238655395507812500e+02 6.974454956054687500e+02 7.306979980468750000e+02
9.451928710937500000e+02 8.893386230468750000e+02 8.088170776367187500e+02 7.698898925781250000e+02
1.083985473632812500e+03 7.880031127929687500e+02 9.887507934570312500e+02 7.759357910156250000e+02
9.299253540039062500e+02 9.225314941406250000e+02 7.759918823242187500e+02 7.839462280273437500e+02
9.416760864257812500e+02 9.451999511718750000e+02 7.682807006835937500e+02 8.052584228515625000e+02
1.064132080078125000e+03 9.480932617187500000e+02 8.526945800781250000e+02 8.683363037109375000e+02
1.177868896484375000e+03 9.427579956054687500e+02 9.478596191406250000e+02 9.318308105468750000e+02
1.191813110351562500e+03 9.572907714843750000e+02 9.457404174804687500e+02 9.498655395507812500e+02
1.201179931640625000e+03 9.767305297851562500e+02 9.396693115234375000e+02 9.704194335937500000e+02
5.491381225585937500e+02 8.943734130859375000e+02 5.775035400390625000e+02 6.171384887695312500e+02
8.527590942382812500e+02 7.259100952148437500e+02 8.551983032226562500e+02 6.288768310546875000e+02
1.038382446289062500e+03 6.193588867187500000e+02 1.079478393554687500e+03 6.400274658203125000e+02
1.045744384765625000e+03 9.554548950195312500e+02 8.333463134765625000e+02 8.652968139648437500e+02
1.220898071289062500e+03 9.079612426757812500e+02 1.012167175292968750e+03 9.351729125976562500e+02
1.214868041992187500e+03 9.497374877929687500e+02 9.722993164062500000e+02 9.616353149414062500e+02
1.218871948242187500e+03 2.978061523437500000e+02 1.630228393554687500e+03 4.589680480957031250e+02
5.740211791992187500e+02 7.366727905273437500e+02 6.812538452148437500e+02 5.393225708007812500e+02
1.031612426757812500e+03 6.999230346679687500e+02 1.012355773925781250e+03 6.907988891601562500e+02
6.235147094726562500e+02 8.147548828125000000e+02 6.709960327148437500e+02 5.991336669921875000e+02
9.060595703125000000e+02 7.320310058593750000e+02 8.942991943359375000e+02 6.560141601562500000e+02
1.030567260742187500e+03 6.614873657226562500e+02 1.043234863281250000e+03 6.622105712890625000e+02
1.080976562500000000e+03 7.126780395507812500e+02 1.047051757812500000e+03 7.244593505859375000e+02
1.015989685058593750e+03 8.564797363281250000e+02 8.840227050781250000e+02 7.822370605468750000e+02
1.139083129882812500e+03 8.701799926757812500e+02 9.700184326171875000e+02 8.606044311523437500e+02
