1.104921386718750000e+03 7.147839965820312500e+02 7.283750610351562500e+02 5.938341064453125000e+02
9.467223510742187500e+02 7.946754760742187500e+02 8.425878295898437500e+02 4.862312011718750000e+02
1.176245117187500000e+03 8.019313964843750000e+02 6.507455444335937500e+02 5.466801757812500000e+02
1.165545776367187500e+03 7.919998168945312500e+02 6.609320678710937500e+02 5.507844848632812500e+02
1.165545776367187500e+03 7.919998168945312500e+02 6.609320678710937500e+02 5.507844848632812500e+02
1.115671508789062500e+03 7.312229614257812500e+02 7.146963500976562500e+02 5.830175170898437500e+02
1.077319335937500000e+03 7.160072021484375000e+02 7.556376342773437500e+02 5.824984741210937500e+02
1.077319335937500000e+03 7.160072021484375000e+02 7.556376342773437500e+02 5.824984741210937500e+02
1.104649536132812500e+03 7.222354736328125000e+02 7.277567138671875000e+02 5.870516357421875000e+02
1.179547851562500000e+03 7.372732543945312500e+02 6.501170043945312500e+02 6.011868286132812500e+02
1.179547851562500000e+03 7.372732543945312500e+02 6.501170043945312500e+02 6.011868286132812500e+02
1.213665649414062500e+03 7.178057861328125000e+02 6.130204467773437500e+02 6.334332275390625000e+02
1.213665649414062500e+03 7.178057861328125000e+02 6.130204467773437500e+02 6.334332275390625000e+02
1.202819824218750000e+03 7.098585205078125000e+02 6.251606445312500000e+02 6.379600219726562500e+02
1.184206298828125000e+03 7.005667114257812500e+02 6.463273315429687500e+02 6.401109619140625000e+02
1.220948242187500000e+03 7.111347656250000000e+02 6.044426269531250000e+02 6.437036132812500000e+02
1.095993774414062500e+03 6.449487304687500000e+02 7.539395751953125000e+02 6.637645263671875000e+02
1.088333496093750000e+03 6.376691894531250000e+02 7.642874755859375000e+02 6.692103271484375000e+02
1.088333496093750000e+03 6.376691894531250000e+02 7.642874755859375000e+02 6.692103271484375000e+02
1.096605834960937500e+03 6.383833618164062500e+02 7.551028442382812500e+02 6.722550048828125000e+02
1.096605834960937500e+03 6.383833618164062500e+02 7.551028442382812500e+02 6.722550048828125000e+02
1.104574951171875000e+03 6.327026367187500000e+02 7.492865600585937500e+02 6.827561035156250000e+02
1.162168457031250000e+03 6.322539672851562500e+02 6.759702758789062500e+02 7.146292724609375000e+02
1.064132080078125000e+03 9.480932617187500000e+02 7.255039062500000000e+02 4.383186950683593750e+02
9.556420898437500000e+02 7.896071166992187500e+02 8.381059570312500000e+02 4.918488464355468750e+02
1.192688110351562500e+03 8.481256103515625000e+02 6.313502807617187500e+02 5.209548339843750000e+02
1.182542724609375000e+03 8.382119140625000000e+02 6.441823730468750000e+02 5.250005493164062500e+02
1.212356811523437500e+03 8.238482666015625000e+02 6.165771484375000000e+02 5.437407226562500000e+02
9.864181518554687500e+02 6.948145751953125000e+02 8.474187622070312500e+02 5.692570800781250000e+02
9.864181518554687500e+02 6.948145751953125000e+02 8.474187622070312500e+02 5.692570800781250000e+02
1.105547729492187500e+03 7.360803833007812500e+02 7.223602905273437500e+02 5.763361816406250000e+02
9.147066040039062500e+02 8.187004394531250000e+02 6.554209594726562500e+02 5.940806884765625000e+02
1.114366210937500000e+03 7.151388549804687500e+02 7.189712524414062500e+02 5.975377807617187500e+02
1.084350341796875000e+03 6.910472412109375000e+02 7.542788696289062500e+02 6.080888061523437500e+02
1.201254028320312500e+03 7.020140991210937500e+02 6.271269531250000000e+02 6.457401733398437500e+02
1.087168457031250000e+03 6.301311645507812500e+02 7.688348388671875000e+02 6.789984130859375000e+02
1.087168457031250000e+03 6.301311645507812500e+02 7.688348388671875000e+02 6.789984130859375000e+02
1.104912475585937500e+03 6.265804443359375000e+02 7.486743774414062500e+02 6.912305297851562500e+02
1.078393920898437500e+03 6.117737426757812500e+02 7.847066040039062500e+02 6.976507568359375000e+02
1.161496948242187500e+03 6.382446899414062500e+02 6.772491455078125000e+02 7.053389892578125000e+02
1.176991088867187500e+03 6.213585205078125000e+02 6.586504516601562500e+02 7.389298706054687500e+02
1.080827392578125000e+03 5.665413208007812500e+02 7.985491333007812500e+02 7.694748535156250000e+02
7.190826416015625000e+02 7.424212646484375000e+02 8.651993408203125000e+02 9.348305664062500000e+02
1.068830078125000000e+03 8.146219482421875000e+02 7.419723510742187500e+02 5.074061279296875000e+02
1.091296752929687500e+03 8.087905273437500000e+02 7.237274780273437500e+02 5.175794677734375000e+02
1.055108276367187500e+03 7.827825317382812500e+02 7.592765502929687500e+02 5.230968627929687500e+02
1.067836547851562500e+03 7.756890869140625000e+02 7.527709960937500000e+02 5.318453369140625000e+02
1.067924682617187500e+03 7.151997070312500000e+02 7.646774902343750000e+02 5.796978149414062500e+02
1.059330688476562500e+03 7.039176635742187500e+02 7.769824829101562500e+02 5.883532714843750000e+02
1.121839355468750000e+03 7.227300415039062500e+02 7.095706787109375000e+02 5.918786621093750000e+02
1.097954345703125000e+03 7.149791259765625000e+02 7.368096313476562500e+02 5.915446166992187500e+02
1.067195190429687500e+03 6.928366088867187500e+02 7.717671508789062500e+02 5.998778686523437500e+02
1.058238891601562500e+03 6.828270263671875000e+02 7.841288452148437500e+02 6.049710693359375000e+02
1.093560180664062500e+03 6.861127319335937500e+02 7.479501953125000000e+02 6.160958251953125000e+02
1.176988403320312500e+03 7.134509277343750000e+02 6.539738769531250000e+02 6.239129638671875000e+02
1.118108154296875000e+03 6.883023071289062500e+02 7.197160644531250000e+02 6.240009765625000000e+02
1.191669921875000000e+03 6.962070312500000000e+02 6.395281982421875000e+02 6.476531372070312500e+02
1.088037353515625000e+03 6.486500244140625000e+02 7.607583007812500000e+02 6.568870849609375000e+02
1.181921752929687500e+03 6.467841186523437500e+02 6.510386962890625000e+02 7.049255981445312500e+02
1.190408203125000000e+03 6.417877197265625000e+02 6.417350463867187500e+02 7.142403564453125000e+02
1.173351440429687500e+03 5.700839233398437500e+02 6.658414916992187500e+02 8.267454833984375000e+02
1.083985473632812500e+03 7.880031127929687500e+02 7.329968872070312500e+02 5.280198974609375000e+02
1.200420532226562500e+03 7.913687744140625000e+02 6.283283081054687500e+02 5.617619628906250000e+02
1.063304687500000000e+03 7.302006835937500000e+02 7.664826660156250000e+02 5.663092651367187500e+02
1.076089965820312500e+03 7.309022216796875000e+02 7.498265991210937500e+02 5.708806152343750000e+02
1.078021850585937500e+03 7.027654418945312500e+02 7.587901611328125000e+02 5.946271362304687500e+02
1.089983764648437500e+03 7.019110717773437500e+02 7.447179565429687500e+02 5.998137207031250000e+02
1.196344482421875000e+03 7.177205810546875000e+02 6.329358520507812500e+02 6.273748779296875000e+02
1.110752075195312500e+03 6.332863769531250000e+02 7.385475463867187500e+02 6.844751586914062500e+02
1.184036987304687500e+03 6.175274658203125000e+02 6.501502075195312500e+02 7.475391235351562500e+02
7.194505615234375000e+02 6.403585205078125000e+02 1.100163940429687500e+03 5.225198974609375000e+02
1.101899169921875000e+03 7.853165283203125000e+02 7.191987915039062500e+02 5.352845458984375000e+02
1.106534057617187500e+03 7.004976806640625000e+02 7.293098754882812500e+02 6.077271728515625000e+02
1.174079101562500000e+03 7.255693359375000000e+02 6.577659912109375000e+02 6.108692626953125000e+02
1.177881958007812500e+03 6.563249511718750000e+02 6.543307495117187500e+02 6.902379760742187500e+02
1.096540405273437500e+03 6.243461914062500000e+02 7.589927368164062500e+02 6.903980102539062500e+02
1.089121337890625000e+03 6.099718627929687500e+02 7.742174072265625000e+02 7.055618286132812500e+02
1.192552734375000000e+03 6.295651855468750000e+02 6.382088012695312500e+02 7.330809936523437500e+02
1.192552734375000000e+03 6.295651855468750000e+02 6.382088012695312500e+02 7.330809936523437500e+02
1.072475830078125000e+03 5.638815917968750000e+02 8.106765747070312500e+02 7.684717407226562500e+02
1.144939086914062500e+03 5.724099731445312500e+02 7.105364379882812500e+02 8.027921752929687500e+02
1.165579223632812500e+03 5.671664428710937500e+02 6.778269653320312500e+02 8.268656616210937500e+02
1.165579223632812500e+03 5.671664428710937500e+02 6.778269653320312500e+02 8.268656616210937500e+02
6.106713867187500000e+02 6.249691162109375000e+02 1.304459228515625000e+03 6.840440063476562500e+02
1.175030273437500000e+03 6.407260742187500000e+02 6.604323730468750000e+02 7.090822143554687500e+02
1.013706176757812500e+03 9.201328735351562500e+02 7.641983032226562500e+02 4.413035888671875000e+02
1.048525756835937500e+03 8.196635131835937500e+02 7.589306640625000000e+02 5.016226806640625000e+02
1.080976562500000000e+03 7.126780395507812500e+02 7.545555419921875000e+02 5.891784667968750000e+02
