1.081392944335937500e+03 6.444653930664062500e+02 8.699733886718750000e+02 5.948403930664062500e+02
1.088333496093750000e+03 6.376691894531250000e+02 8.714711914062500000e+02 6.035051879882812500e+02
1.096605834960937500e+03 6.383833618164062500e+02 8.661204223632812500e+02 6.082452392578125000e+02
9.869826049804687500e+02 7.030380249023437500e+02 9.394184570312500000e+02 6.679265747070312500e+02
1.074537963867187500e+03 7.805117797851562500e+02 8.246328735351562500e+02 6.834671630859375000e+02
1.194779052734375000e+03 7.963143310546875000e+02 7.331295166015625000e+02 7.578051147460937500e+02
1.186259521484375000e+03 7.285942382812500000e+02 7.860823974609375000e+02 8.043963012695312500e+02
1.186259521484375000e+03 7.285942382812500000e+02 7.860823974609375000e+02 8.043963012695312500e+02
8.355255737304687500e+02 7.744519653320312500e+02 9.528076782226562500e+02 5.537961425781250000e+02
9.467223510742187500e+02 7.946754760742187500e+02 8.852791137695312500e+02 6.022335815429687500e+02
9.570277099609375000e+02 7.965598754882812500e+02 8.796286621093750000e+02 6.076094970703125000e+02
1.097999755859375000e+03 9.559394531250000000e+02 7.137093505859375000e+02 6.198662109375000000e+02
1.073204833984375000e+03 9.187871704101562500e+02 7.442026977539062500e+02 6.209179687500000000e+02
1.095160278320312500e+03 9.337060546875000000e+02 7.260922851562500000e+02 6.255048217773437500e+02
1.094944458007812500e+03 9.212346191406250000e+02 7.315913696289062500e+02 6.306286010742187500e+02
1.107854736328125000e+03 9.340906982421875000e+02 7.174461669921875000e+02 6.327511596679687500e+02
1.106655029296875000e+03 9.112554321289062500e+02 7.285863647460937500e+02 6.410713500976562500e+02
1.059004638671875000e+03 7.974680175781250000e+02 8.210328369140625000e+02 6.636795654296875000e+02
1.046313720703125000e+03 7.790608520507812500e+02 8.419673461914062500e+02 6.663497924804687500e+02
1.046313720703125000e+03 7.790608520507812500e+02 8.419673461914062500e+02 6.663497924804687500e+02
1.213812255859375000e+03 9.685072021484375000e+02 6.405880737304687500e+02 6.740617065429687500e+02
1.100208129882812500e+03 8.300816650390625000e+02 7.763749389648437500e+02 6.735557250976562500e+02
1.226711425781250000e+03 9.250334472656250000e+02 6.492261962890625000e+02 7.016531982421875000e+02
1.067455810546875000e+03 7.038402709960937500e+02 8.906338500976562500e+02 7.256075439453125000e+02
1.067455810546875000e+03 7.038402709960937500e+02 8.906338500976562500e+02 7.256075439453125000e+02
1.096236450195312500e+03 7.222296142578125000e+02 8.560997314453125000e+02 7.351336059570312500e+02
1.105899047851562500e+03 7.295833740234375000e+02 8.427210083007812500e+02 7.370667114257812500e+02
1.176245117187500000e+03 8.019313964843750000e+02 7.430643310546875000e+02 7.403463134765625000e+02
1.176245117187500000e+03 8.019313964843750000e+02 7.430643310546875000e+02 7.403463134765625000e+02
1.188692016601562500e+03 8.122814331054687500e+02 7.283640136718750000e+02 7.424105834960937500e+02
1.104921386718750000e+03 7.147839965820312500e+02 8.555909423828125000e+02 7.475661621093750000e+02
1.114481811523437500e+03 7.231921386718750000e+02 8.426494140625000000e+02 7.482159423828125000e+02
1.114481811523437500e+03 7.231921386718750000e+02 8.426494140625000000e+02 7.482159423828125000e+02
1.101911499023437500e+03 7.073812866210937500e+02 8.638332519531250000e+02 7.499590454101562500e+02
1.220317260742187500e+03 8.247011108398437500e+02 6.987406005859375000e+02 7.568612670898437500e+02
1.220317260742187500e+03 8.247011108398437500e+02 6.987406005859375000e+02 7.568612670898437500e+02
1.112223510742187500e+03 6.935367431640625000e+02 8.707736206054687500e+02 7.710751953125000000e+02
1.199049072265625000e+03 7.253781738281250000e+02 7.794761352539062500e+02 8.184457397460937500e+02
8.103992309570312500e+02 8.644316406250000000e+02 1.229515136718750000e+03 9.327846679687500000e+02
1.087303955078125000e+03 9.109196777343750000e+02 7.421138305664062500e+02 6.290354614257812500e+02
1.083575683593750000e+03 8.980287475585937500e+02 7.479589233398437500e+02 6.343110961914062500e+02
1.115792968750000000e+03 9.222271728515625000e+02 7.177614746093750000e+02 6.409116821289062500e+02
9.683421630859375000e+02 6.934246215820312500e+02 9.582673339843750000e+02 6.606249389648437500e+02
9.774389038085937500e+02 6.886992797851562500e+02 9.589957275390625000e+02 6.699410400390625000e+02
1.090644897460937500e+03 8.210693359375000000e+02 7.876454467773437500e+02 6.721960449218750000e+02
1.090644897460937500e+03 8.210693359375000000e+02 7.876454467773437500e+02 6.721960449218750000e+02
9.864181518554687500e+02 6.948145751953125000e+02 9.472617797851562500e+02 6.724393920898437500e+02
1.078152709960937500e+03 8.034701538085937500e+02 8.062922973632812500e+02 6.734274902343750000e+02
1.078152709960937500e+03 8.034701538085937500e+02 8.062922973632812500e+02 6.734274902343750000e+02
1.099495483398437500e+03 8.116081542968750000e+02 7.879298706054687500e+02 6.824251708984375000e+02
1.077319335937500000e+03 7.160072021484375000e+02 8.735626220703125000e+02 7.248883056640625000e+02
1.077319335937500000e+03 7.160072021484375000e+02 8.735626220703125000e+02 7.248883056640625000e+02
1.167407226562500000e+03 8.095255737304687500e+02 7.451527099609375000e+02 7.288115234375000000e+02
1.167407226562500000e+03 8.095255737304687500e+02 7.451527099609375000e+02 7.288115234375000000e+02
1.192839233398437500e+03 8.320101928710937500e+02 7.143453979492187500e+02 7.329285278320312500e+02
1.203117065429687500e+03 8.411433715820312500e+02 7.021340942382812500e+02 7.342404785156250000e+02
1.165545776367187500e+03 7.919998168945312500e+02 7.570902099609375000e+02 7.389364013671875000e+02
1.165545776367187500e+03 7.919998168945312500e+02 7.570902099609375000e+02 7.389364013671875000e+02
1.208951171875000000e+03 8.319407348632812500e+02 7.024959106445312500e+02 7.438421020507812500e+02
1.115671508789062500e+03 7.312229614257812500e+02 8.348156738281250000e+02 7.437838745117187500e+02
1.084350341796875000e+03 6.910472412109375000e+02 8.917561645507812500e+02 7.484606323242187500e+02
1.114366210937500000e+03 7.151388549804687500e+02 8.486436157226562500e+02 7.543951416015625000e+02
1.179547851562500000e+03 7.372732543945312500e+02 7.844266357421875000e+02 7.911749877929687500e+02
1.179547851562500000e+03 7.372732543945312500e+02 7.844266357421875000e+02 7.911749877929687500e+02
9.555479125976562500e+02 8.141753540039062500e+02 9.388894653320312500e+02 7.931921386718750000e+02
1.068310791015625000e+03 6.231520996093750000e+02 9.761419677734375000e+02 7.945782470703125000e+02
9.650947265625000000e+02 8.163796386718750000e+02 9.314225463867187500e+02 7.995865478515625000e+02
9.667481689453125000e+02 8.069216308593750000e+02 9.389294433593750000e+02 8.062590332031250000e+02
1.187514282226562500e+03 7.225607299804687500e+02 7.893524780273437500e+02 8.111687011718750000e+02
9.775252685546875000e+02 8.077167968750000000e+02 9.322155151367187500e+02 8.145441894531250000e+02
1.078393920898437500e+03 6.117737426757812500e+02 9.853581542968750000e+02 8.151401977539062500e+02
1.104912475585937500e+03 6.265804443359375000e+02 9.476979980468750000e+02 8.264710083007812500e+02
1.205368164062500000e+03 7.174058837890625000e+02 7.796737670898437500e+02 8.326499023437500000e+02
1.202819824218750000e+03 7.098585205078125000e+02 7.877994384765625000e+02 8.376702880859375000e+02
1.213665649414062500e+03 7.178057861328125000e+02 7.722664184570312500e+02 8.397623291015625000e+02
1.213665649414062500e+03 7.178057861328125000e+02 7.722664184570312500e+02 8.397623291015625000e+02
1.211917846679687500e+03 7.105443115234375000e+02 7.795593261718750000e+02 8.459649658203125000e+02
1.211917846679687500e+03 7.105443115234375000e+02 7.795593261718750000e+02 8.459649658203125000e+02
1.164247314453125000e+03 6.448986206054687500e+02 8.798728637695312500e+02 8.708935546875000000e+02
1.161496948242187500e+03 6.382446899414062500e+02 8.897188720703125000e+02 8.751434936523437500e+02
1.196533691406250000e+03 6.415142822265625000e+02 8.559502563476562500e+02 9.121621704101562500e+02
8.490159912109375000e+02 7.732446899414062500e+02 9.479344482421875000e+02 5.615398559570312500e+02
9.451928710937500000e+02 8.893386230468750000e+02 8.248880004882812500e+02 5.708718261718750000e+02
1.064132080078125000e+03 9.480932617187500000e+02 7.370194091796875000e+02 6.063255004882812500e+02
1.064132080078125000e+03 9.480932617187500000e+02 7.370194091796875000e+02 6.063255004882812500e+02
9.491729125976562500e+02 7.626362304687500000e+02 9.081869506835937500e+02 6.162640991210937500e+02
1.065429565429687500e+03 8.321387329101562500e+02 7.949497680664062500e+02 6.526309204101562500e+02
1.068830078125000000e+03 8.146219482421875000e+02 8.047666015625000000e+02 6.622835693359375000e+02
1.038940551757812500e+03 7.712500610351562500e+02 8.522457885742187500e+02 6.651420288085937500e+02
1.055108276367187500e+03 7.827825317382812500e+02 8.343009643554687500e+02 6.701015014648437500e+02
1.067836547851562500e+03 7.756890869140625000e+02 8.323009643554687500e+02 6.814006347656250000e+02
1.108254638671875000e+03 8.204944458007812500e+02 7.763014526367187500e+02 6.832473754882812500e+02
1.059330688476562500e+03 7.039176635742187500e+02 8.965677490234375000e+02 7.198709716796875000e+02
1.192688110351562500e+03 8.481256103515625000e+02 7.051987304687500000e+02 7.233628540039062500e+02
1.182542724609375000e+03 8.382119140625000000e+02 7.190811767578125000e+02 7.222686767578125000e+02
1.182542724609375000e+03 8.382119140625000000e+02 7.190811767578125000e+02 7.222686767578125000e+02
1.159048950195312500e+03 8.011508789062500000e+02 7.563095092773437500e+02 7.284954833984375000e+02
1.105547729492187500e+03 7.360803833007812500e+02 8.374258422851562500e+02 7.324182739257812500e+02
1.086265869140625000e+03 7.160599975585937500e+02 8.685521850585937500e+02 7.325718383789062500e+02
1.156612548828125000e+03 7.840498657226562500e+02 7.686807861328125000e+02 7.378870849609375000e+02
1.156612548828125000e+03 7.840498657226562500e+02 7.686807861328125000e+02 7.378870849609375000e+02
1.199311889648437500e+03 8.212520141601562500e+02 7.159566650390625000e+02 7.451531982421875000e+02
1.199311889648437500e+03 8.212520141601562500e+02 7.159566650390625000e+02 7.451531982421875000e+02
1.124223022460937500e+03 7.383923339843750000e+02 8.227760620117187500e+02 7.453586425781250000e+02
1.124223022460937500e+03 7.383923339843750000e+02 8.227760620117187500e+02 7.453586425781250000e+02
1.184173339843750000e+03 7.950319213867187500e+02 7.401627197265625000e+02 7.510469360351562500e+02
1.212356811523437500e+03 8.238482666015625000e+02 7.055084228515625000e+02 7.518784179687500000e+02
1.197223510742187500e+03 8.056654052734375000e+02 7.255113525390625000e+02 7.531957397460937500e+02
1.218613525390625000e+03 8.144320678710937500e+02 7.058726196289062500e+02 7.635605468750000000e+02
1.218613525390625000e+03 8.144320678710937500e+02 7.058726196289062500e+02 7.635605468750000000e+02
1.215434204101562500e+03 7.989585571289062500e+02 7.161760864257812500e+02 7.716192626953125000e+02
1.215434204101562500e+03 7.989585571289062500e+02 7.161760864257812500e+02 7.716192626953125000e+02
1.174298461914062500e+03 7.439998168945312500e+02 7.843170166015625000e+02 7.811959228515625000e+02
1.052485107421875000e+03 6.137513427734375000e+02 1.000568969726562500e+03 7.883920898437500000e+02
1.176988403320312500e+03 7.134509277343750000e+02 8.053855590820312500e+02 8.098692626953125000e+02
1.078393920898437500e+03 6.117737426757812500e+02 9.854689941406250000e+02 8.152659912109375000e+02
1.176991088867187500e+03 6.213585205078125000e+02 8.980268554687500000e+02 9.153650512695312500e+02
9.836311035156250000e+02 7.953369750976562500e+02 8.658906860351562500e+02 6.222693481445312500e+02
1.111029174804687500e+03 8.950889892578125000e+02 7.341479492187500000e+02 6.495753173828125000e+02
1.066619018554687500e+03 7.928352050781250000e+02 8.203158569335937500e+02 6.724420166015625000e+02
1.083985473632812500e+03 7.880031127929687500e+02 8.127895507812500000e+02 6.857965698242187500e+02
9.999537353515625000e+02 6.713693847656250000e+02 9.638638305664062500e+02 6.971605224609375000e+02
1.063304687500000000e+03 7.302006835937500000e+02 8.701715698242187500e+02 7.052122192382812500e+02
1.220898071289062500e+03 9.079612426757812500e+02 6.601291503906250000e+02 7.067170410156250000e+02
1.234843627929687500e+03 9.231640014648437500e+02 6.425811157226562500e+02 7.080360717773437500e+02
1.067195190429687500e+03 6.928366088867187500e+02 9.015485229492187500e+02 7.350956420898437500e+02
1.058238891601562500e+03 6.828270263671875000e+02 9.165036010742187500e+02 7.339522705078125000e+02
1.058238891601562500e+03 6.828270263671875000e+02 9.165036010742187500e+02 7.339522705078125000e+02
1.097954345703125000e+03 7.149791259765625000e+02 8.605993652343750000e+02 7.414434204101562500e+02
1.121839355468750000e+03 7.227300415039062500e+02 8.372478637695312500e+02 7.551109008789062500e+02
1.093560180664062500e+03 6.861127319335937500e+02 8.904390869140625000e+02 7.606484375000000000e+02
1.229172119140625000e+03 8.243375244140625000e+02 6.922412109375000000e+02 7.638872680664062500e+02
1.118108154296875000e+03 6.883023071289062500e+02 8.706046142578125000e+02 7.796473388671875000e+02
1.118108154296875000e+03 6.883023071289062500e+02 8.706046142578125000e+02 7.796473388671875000e+02
1.062823730468750000e+03 6.319016723632812500e+02 9.703419189453125000e+02 7.817987670898437500e+02
1.088037353515625000e+03 6.486500244140625000e+02 9.329648437500000000e+02 7.881678466796875000e+02
1.054272705078125000e+03 6.048325805664062500e+02 1.011101745605468750e+03 7.985022583007812500e+02
1.187643676757812500e+03 7.357171630859375000e+02 7.790939331054687500e+02 8.001437377929687500e+02
1.187643676757812500e+03 7.357171630859375000e+02 7.790939331054687500e+02 8.001437377929687500e+02
1.083609375000000000e+03 6.188031005859375000e+02 9.724423828125000000e+02 8.134748535156250000e+02
1.216632202148437500e+03 7.310297851562500000e+02 7.599835205078125000e+02 8.297229614257812500e+02
1.191669921875000000e+03 6.962070312500000000e+02 8.088008422851562500e+02 8.412586059570312500e+02
1.159489135742187500e+03 6.568143310546875000e+02 8.730040893554687500e+02 8.502903442382812500e+02
1.209584960937500000e+03 6.975396728515625000e+02 7.922456665039062500e+02 8.573215332031250000e+02
1.190408203125000000e+03 6.417877197265625000e+02 8.625918579101562500e+02 9.024157714843750000e+02
1.115541015625000000e+03 9.628084106445312500e+02 7.021478881835937500e+02 6.269881591796875000e+02
1.115541015625000000e+03 9.628084106445312500e+02 7.021478881835937500e+02 6.269881591796875000e+02
9.692145996093750000e+02 6.704983520507812500e+02 9.802268676757812500e+02 6.758940429687500000e+02
1.101899169921875000e+03 7.853165283203125000e+02 8.051818237304687500e+02 6.997402954101562500e+02
1.166353149414062500e+03 8.387174682617187500e+02 7.292009277343750000e+02 7.116445922851562500e+02
1.078021850585937500e+03 7.027654418945312500e+02 8.847097167968750000e+02 7.352897949218750000e+02
1.089983764648437500e+03 7.019110717773437500e+02 8.776428833007812500e+02 7.452150878906250000e+02
1.229193359375000000e+03 8.490813598632812500e+02 6.779680175781250000e+02 7.486749877929687500e+02
1.106534057617187500e+03 7.004976806640625000e+02 8.688416137695312500e+02 7.608103637695312500e+02
1.058812500000000000e+03 6.443657836914062500e+02 9.576954956054687500e+02 7.653799438476562500e+02
1.058812500000000000e+03 6.443657836914062500e+02 9.576954956054687500e+02 7.653799438476562500e+02
1.200420532226562500e+03 7.913687744140625000e+02 7.322700195312500000e+02 7.655791625976562500e+02
1.054921020507812500e+03 6.222532348632812500e+02 9.871085815429687500e+02 7.819129638671875000e+02
1.174079101562500000e+03 7.255693359375000000e+02 7.982999267578125000e+02 7.960636596679687500e+02
1.064603149414062500e+03 6.137081298828125000e+02 9.911848144531250000e+02 8.013291625976562500e+02
1.096540405273437500e+03 6.243461914062500000e+02 9.544110107421875000e+02 8.206701049804687500e+02
1.196344482421875000e+03 7.177205810546875000e+02 7.874081420898437500e+02 8.238096923828125000e+02
1.110752075195312500e+03 6.332863769531250000e+02 9.346275024414062500e+02 8.259779052734375000e+02
1.144939086914062500e+03 5.724099731445312500e+02 9.931278076171875000e+02 9.472619018554687500e+02
1.052680541992187500e+03 8.940267944335937500e+02 7.681464233398437500e+02 6.192988891601562500e+02
1.073795410156250000e+03 6.349451904296875000e+02 9.591127929687500000e+02 7.872437133789062500e+02
1.205754150390625000e+03 7.410183715820312500e+02 7.596072998046875000e+02 8.113607177734375000e+02
1.192552734375000000e+03 6.295651855468750000e+02 8.734998168945312500e+02 9.200216674804687500e+02
1.165579223632812500e+03 5.671664428710937500e+02 9.815399169921875000e+02 9.863237915039062500e+02
1.165579223632812500e+03 5.671664428710937500e+02 9.815399169921875000e+02 9.863237915039062500e+02
1.013706176757812500e+03 9.201328735351562500e+02 7.741842041015625000e+02 5.924942016601562500e+02
1.048525756835937500e+03 8.196635131835937500e+02 8.142193603515625000e+02 6.484523315429687500e+02
1.145678466796875000e+03 9.315710449218750000e+02 6.972833862304687500e+02 6.544727783203125000e+02
1.187052246093750000e+03 8.176657714843750000e+02 7.275234985351562500e+02 7.399782104492187500e+02
1.202745239257812500e+03 7.668870849609375000e+02 7.457067260742187500e+02 7.873063964843750000e+02
1.031612426757812500e+03 6.999230346679687500e+02 9.162535400390625000e+02 7.014084472656250000e+02
1.031612426757812500e+03 6.999230346679687500e+02 9.162535400390625000e+02 7.014084472656250000e+02
