1.049917602539062500e+03 4.932201232910156250e+02 9.743222045898437500e+02 4.710730285644531250e+02
1.039868041992187500e+03 5.109819030761718750e+02 9.627750244140625000e+02 4.882129211425781250e+02
7.999432373046875000e+02 8.727396850585937500e+02 7.761784057617187500e+02 7.813532104492187500e+02
9.241959838867187500e+02 8.594417724609375000e+02 8.743312988281250000e+02 8.104382934570312500e+02
1.204269531250000000e+03 7.876608276367187500e+02 1.197928222656250000e+03 8.517838745117187500e+02
4.464278411865234375e+01 3.462784729003906250e+02 6.405294799804687500e+02 2.216739807128906250e+02
4.846008682250976562e+01 3.543134155273437500e+02 6.416228027343750000e+02 2.275663909912109375e+02
9.682835083007812500e+02 5.092962646484375000e+02 8.800826416015625000e+02 4.731662902832031250e+02
6.270474853515625000e+02 7.867722778320312500e+02 7.321475219726562500e+02 6.579862670898437500e+02
1.135255615234375000e+03 7.074777832031250000e+02 1.211471313476562500e+03 7.340096435546875000e+02
5.808068847656250000e+02 9.085678100585937500e+02 6.254006347656250000e+02 7.463677368164062500e+02
7.915647583007812500e+02 8.887857666015625000e+02 7.584168090820312500e+02 7.927771606445312500e+02
9.384030761718750000e+02 8.482733764648437500e+02 8.940023803710937500e+02 8.043558349609375000e+02
9.594426879882812500e+02 8.587058715820312500e+02 8.998339843750000000e+02 8.236476440429687500e+02
1.106171386718750000e+03 8.613189086914062500e+02 1.025199707031250000e+03 8.841144409179687500e+02
1.077637207031250000e+03 8.770143432617187500e+02 9.838235473632812500e+02 8.887878417968750000e+02
1.118633422851562500e+03 8.762246704101562500e+02 1.020017761230468750e+03 9.057347412109375000e+02
1.117759521484375000e+03 8.838527832031250000e+02 1.013316528320312500e+03 9.120220336914062500e+02
2.313591766357421875e+02 4.860858459472656250e+02 7.320398559570312500e+02 3.431389160156250000e+02
8.783076782226562500e+02 5.227282714843750000e+02 1.247919677734375000e+03 4.513395385742187500e+02
9.481760253906250000e+02 4.959179992675781250e+02 8.611425781250000000e+02 4.558021545410156250e+02
9.825533447265625000e+02 5.085084228515625000e+02 8.960792236328125000e+02 4.753385925292968750e+02
1.225356140136718750e+02 8.366901855468750000e+02 6.205772705078125000e+02 5.920607299804687500e+02
1.194708862304687500e+03 5.998657836914062500e+02 1.634069824218750000e+03 6.296813354492187500e+02
6.247348022460937500e+02 7.957379760742187500e+02 7.239941406250000000e+02 6.657363281250000000e+02
6.247348022460937500e+02 7.957379760742187500e+02 7.239941406250000000e+02 6.657363281250000000e+02
9.452797241210937500e+02 7.319767456054687500e+02 8.930830688476562500e+02 6.947337036132812500e+02
5.737243652343750000e+02 9.003054199218750000e+02 6.253958129882812500e+02 7.381972656250000000e+02
7.511905517578125000e+02 8.863286132812500000e+02 7.355484619140625000e+02 7.771968383789062500e+02
6.752994384765625000e+02 9.529312133789062500e+02 6.456891479492187500e+02 8.098007202148437500e+02
9.939498901367187500e+02 8.421986083984375000e+02 9.426860961914062500e+02 8.197912597656250000e+02
9.939498901367187500e+02 8.421986083984375000e+02 9.426860961914062500e+02 8.197912597656250000e+02
6.998370361328125000e+02 9.584367675781250000e+02 6.555938110351562500e+02 8.221791381835937500e+02
9.677579345703125000e+02 8.635952148437500000e+02 9.039596557617187500e+02 8.305757446289062500e+02
1.060316406250000000e+03 8.355628051757812500e+02 1.005304565429687500e+03 8.387949218750000000e+02
7.825344238281250000e+02 1.022037475585937500e+03 6.582595214843750000e+02 9.025110473632812500e+02
7.825344238281250000e+02 1.022037475585937500e+03 6.582595214843750000e+02 9.025110473632812500e+02
7.628359985351562500e+02 1.039714965820312500e+03 6.349296875000000000e+02 9.098685913085937500e+02
7.912811279296875000e+02 1.028086791992187500e+03 6.592326660156250000e+02 9.106145629882812500e+02
7.912811279296875000e+02 1.028086791992187500e+03 6.592326660156250000e+02 9.106145629882812500e+02
1.354163940429687500e+03 7.872456054687500000e+02 6.723702392578125000e+02 9.147678222656250000e+02
7.707623291015625000e+02 1.047180664062500000e+03 6.345681762695312500e+02 9.186898803710937500e+02
1.287510253906250000e+03 8.217405395507812500e+02 1.260831665039062500e+03 9.301231689453125000e+02
9.449138183593750000e+02 1.041058959960937500e+03 7.459916381835937500e+02 9.815336303710937500e+02
1.145953613281250000e+03 1.005111022949218750e+03 9.259397583007812500e+02 1.044713256835937500e+03
5.037520217895507812e+01 3.673042297363281250e+02 6.430265502929687500e+02 2.379615173339843750e+02
2.451883850097656250e+02 3.829990539550781250e+02 7.561098022460937500e+02 2.587892150878906250e+02
1.970005950927734375e+02 4.128757934570312500e+02 7.171916503906250000e+02 2.808754577636718750e+02
1.970005950927734375e+02 4.128757934570312500e+02 7.171916503906250000e+02 2.808754577636718750e+02
2.093051910400390625e+02 4.257970581054687500e+02 7.253265991210937500e+02 2.918793334960937500e+02
2.526501312255859375e+02 5.389011840820312500e+02 7.420786743164062500e+02 3.864744567871093750e+02
7.531144409179687500e+02 5.506913452148437500e+02 1.111267822265625000e+03 4.646145629882812500e+02
1.205824096679687500e+03 5.932149658203125000e+02 1.650729736328125000e+03 6.222526855468750000e+02
1.074747314453125000e+03 6.879052734375000000e+02 1.029889892578125000e+03 6.905969238281250000e+02
5.958156738281250000e+02 9.074791259765625000e+02 6.356954956054687500e+02 7.493408813476562500e+02
7.628477172851562500e+02 8.811085815429687500e+02 7.463477783203125000e+02 7.747138061523437500e+02
7.777457885742187500e+02 8.717562255859375000e+02 7.638170776367187500e+02 7.737915649414062500e+02
8.134010009765625000e+02 8.773130493164062500e+02 7.806794433593750000e+02 7.903342285156250000e+02
6.596054077148437500e+02 9.562589111328125000e+02 6.350619506835937500e+02 8.078060913085937500e+02
6.715172729492187500e+02 9.665426635742187500e+02 6.340143432617187500e+02 8.198913574218750000e+02
6.861312255859375000e+02 9.774591674804687500e+02 6.355806884765625000e+02 8.326443481445312500e+02
1.203525390625000000e+03 7.780147705078125000e+02 1.212291015625000000e+03 8.390062866210937500e+02
1.203525390625000000e+03 7.780147705078125000e+02 1.212291015625000000e+03 8.390062866210937500e+02
8.611734008789062500e+02 9.184906616210937500e+02 7.830374145507812500e+02 8.430758056640625000e+02
8.547473144531250000e+02 9.291026000976562500e+02 7.718676757812500000e+02 8.480642700195312500e+02
1.331748535156250000e+03 7.619331665039062500e+02 1.388977783203125000e+03 8.841038208007812500e+02
9.635595703125000000e+02 1.055782104492187500e+03 7.477422485351562500e+02 1.002329162597656250e+03
1.154404418945312500e+03 1.019605957031250000e+03 9.173203735351562500e+02 1.063659301757812500e+03
3.033748054504394531e+01 6.107681884765625000e+02 5.801431274414062500e+02 4.151152648925781250e+02
1.171082885742187500e+03 4.457427062988281250e+02 1.687754516601562500e+03 4.180774230957031250e+02
4.872468185424804688e+01 6.506394653320312500e+02 5.903579711914062500e+02 4.491488952636718750e+02
4.053714294433593750e+02 5.944761352539062500e+02 8.326318359375000000e+02 4.507728271484375000e+02
7.361311340332031250e+01 6.536265258789062500e+02 6.040097045898437500e+02 4.541751708984375000e+02
1.248494628906250000e+03 4.829901733398437500e+02 1.782427124023437500e+03 4.831198730468750000e+02
1.257879028320312500e+03 5.410043945312500000e+02 1.781620361328125000e+03 5.666543579101562500e+02
7.587824096679687500e+02 8.660379028320312500e+02 7.534681396484375000e+02 7.629669189453125000e+02
1.100695068359375000e+03 8.259400634765625000e+02 1.052650512695312500e+03 8.480625610351562500e+02
1.102542480468750000e+03 8.388132934570312500e+02 1.041731201171875000e+03 8.582650146484375000e+02
1.062714721679687500e+03 8.571092529296875000e+02 9.885479736328125000e+02 8.634215698242187500e+02
7.679346923828125000e+02 1.024369506835937500e+03 6.454653930664062500e+02 9.010016479492187500e+02
1.000721984863281250e+03 9.215409545898437500e+02 8.798256225585937500e+02 8.994581909179687500e+02
1.033003784179687500e+03 9.593505249023437500e+02 8.721258544921875000e+02 9.475502929687500000e+02
1.288286621093750000e+03 8.416068725585937500e+02 1.235268432617187500e+03 9.521966552734375000e+02
1.049285888671875000e+03 9.730478515625000000e+02 8.744913330078125000e+02 9.668418579101562500e+02
1.208505981445312500e+03 9.029866943359375000e+02 1.081618530273437500e+03 9.742235717773437500e+02
1.222649536132812500e+03 9.040209350585937500e+02 1.100043090820312500e+03 9.833733520507812500e+02
9.353511962890625000e+02 1.047787841796875000e+03 7.329836425781250000e+02 9.828905029296875000e+02
1.229336547851562500e+03 9.142410888671875000e+02 1.093363281250000000e+03 9.974478149414062500e+02
1.211377441406250000e+03 9.406517333984375000e+02 1.046652954101562500e+03 1.017335632324218750e+03
1.254059814453125000e+03 9.231051025390625000e+02 1.106926025390625000e+03 1.020202575683593750e+03
1.172772216796875000e+03 9.953424072265625000e+02 9.571102905273437500e+02 1.047827636718750000e+03
1.189197998046875000e+03 4.317108154296875000e+02 1.729079833984375000e+03 4.006311950683593750e+02
9.993394775390625000e+02 4.975573730468750000e+02 9.116190795898437500e+02 4.655651855468750000e+02
3.321356811523437500e+02 6.424266357421875000e+02 7.931302490234375000e+02 4.770559387207031250e+02
1.266100463867187500e+03 5.362302246093750000e+02 1.799493896484375000e+03 5.615037231445312500e+02
1.306372436523437500e+03 6.055779418945312500e+02 1.829678466796875000e+03 6.755419921875000000e+02
9.174516601562500000e+02 8.711984863281250000e+02 8.576540527343750000e+02 8.187411499023437500e+02
9.612397460937500000e+02 8.764002685546875000e+02 8.877962646484375000e+02 8.391770629882812500e+02
8.786375732421875000e+02 9.111232910156250000e+02 8.005845947265625000e+02 8.426412963867187500e+02
1.350955810546875000e+03 7.545839843750000000e+02 1.421144531250000000e+03 8.806419067382812500e+02
8.915678100585937500e+02 1.033559082031250000e+03 7.151694946289062500e+02 9.550387573242187500e+02
9.158648681640625000e+02 1.031935546875000000e+03 7.312934570312500000e+02 9.622551879882812500e+02
1.196193359375000000e+03 9.396675415039062500e+02 1.031106567382812500e+03 1.007829284667968750e+03
1.108450317382812500e+03 9.972860107421875000e+02 9.029249877929687500e+02 1.018374206542968750e+03
1.279049682617187500e+03 4.538242797851562500e+02 1.857741943359375000e+03 4.473936157226562500e+02
1.028972412109375000e+03 7.286851196289062500e+02 9.661164550781250000e+02 7.188414916992187500e+02
1.141490356445312500e+03 7.856102294921875000e+02 1.135897460937500000e+03 8.256303100585937500e+02
1.361513183593750000e+03 7.283208618164062500e+02 1.473925170898437500e+03 8.598067016601562500e+02
7.379431152343750000e+02 1.020545166015625000e+03 6.300448608398437500e+02 8.870842285156250000e+02
1.103825927734375000e+03 8.746782226562500000e+02 1.004306579589843750e+03 8.949796752929687500e+02
1.137626220703125000e+03 8.626922607421875000e+02 1.058358398437500000e+03 8.959177856445312500e+02
1.133205810546875000e+03 9.739573974609375000e+02 9.451235351562500000e+02 1.007717285156250000e+03
1.246970214843750000e+03 5.468237304687500000e+02 1.756727050781250000e+03 5.719540405273437500e+02
1.281353881835937500e+03 5.585363769531250000e+02 1.821086547851562500e+03 5.988920898437500000e+02
8.901571044921875000e+02 8.862065429687500000e+02 8.280129394531250000e+02 8.259459228515625000e+02
1.053942871093750000e+03 8.960148925781250000e+02 9.476626586914062500e+02 9.018071899414062500e+02
1.249114746093750000e+03 9.419854125976562500e+02 1.081514404296875000e+03 1.034959350585937500e+03
2.319085235595703125e+02 4.124627075195312500e+02 7.433058471679687500e+02 2.824636535644531250e+02
1.241670532226562500e+03 5.138704223632812500e+02 1.755345825195312500e+03 5.238002319335937500e+02
8.635150146484375000e+02 1.007963928222656250e+03 7.175808715820312500e+02 9.161672973632812500e+02
1.186761230468750000e+03 7.885744018554687500e+02 1.177693969726562500e+03 8.425605468750000000e+02
1.038416625976562500e+03 1.024443115234375000e+03 8.244236450195312500e+02 1.013183166503906250e+03
8.015184936523437500e+02 8.115618896484375000e+02 7.925137329101562500e+02 7.239117431640625000e+02
