1.117759521484375000e+03 8.838527832031250000e+02 7.385390014648437500e+02 8.252659912109375000e+02
1.118633422851562500e+03 8.762246704101562500e+02 7.424023437500000000e+02 8.300358886718750000e+02
1.106171386718750000e+03 8.613189086914062500e+02 7.631746826171875000e+02 8.355750122070312500e+02
1.188562133789062500e+03 9.106777954101562500e+02 6.676594238281250000e+02 8.412174682617187500e+02
8.333884277343750000e+02 9.390711059570312500e+02 7.542451782226562500e+02 9.735545043945312500e+02
1.113873046875000000e+03 8.574238891601562500e+02 7.594538574218750000e+02 8.421660766601562500e+02
1.113873046875000000e+03 8.574238891601562500e+02 7.594538574218750000e+02 8.421660766601562500e+02
1.033003784179687500e+03 9.593505249023437500e+02 7.579034423828125000e+02 7.529871826171875000e+02
1.126820678710937500e+03 1.012649353027343750e+03 6.752573242187500000e+02 7.639445800781250000e+02
1.108769653320312500e+03 8.470380859375000000e+02 7.707471313476562500e+02 8.476564331054687500e+02
1.235897949218750000e+03 9.245028076171875000e+02 6.234036254882812500e+02 8.539154663085937500e+02
1.229336547851562500e+03 9.142410888671875000e+02 6.317643432617187500e+02 8.585892333984375000e+02
1.248015136718750000e+03 9.101225585937500000e+02 6.179556274414062500e+02 8.694066162109375000e+02
1.167840087890625000e+03 7.805982666015625000e+02 7.664313354492187500e+02 9.540216674804687500e+02
1.204269531250000000e+03 7.876608276367187500e+02 7.174017944335937500e+02 9.707896728515625000e+02
1.157966186523437500e+03 1.011537963867187500e+03 6.551784057617187500e+02 7.742402343750000000e+02
1.157662353515625000e+03 9.922592773437500000e+02 6.621561279296875000e+02 7.822417602539062500e+02
1.186639038085937500e+03 9.967453002929687500e+02 6.413513183593750000e+02 7.914620971679687500e+02
1.113989746093750000e+03 8.988546142578125000e+02 7.329963378906250000e+02 8.146682128906250000e+02
1.196193359375000000e+03 9.396675415039062500e+02 6.490903320312500000e+02 8.257962036132812500e+02
1.197142700195312500e+03 9.173494262695312500e+02 6.586682739257812500e+02 8.400615844726562500e+02
1.178657836914062500e+03 9.066804809570312500e+02 6.768514404296875000e+02 8.408579711914062500e+02
1.122072753906250000e+03 8.620849609375000000e+02 7.485877075195312500e+02 8.418967895507812500e+02
1.208505981445312500e+03 9.029866943359375000e+02 6.549431762695312500e+02 8.551448364257812500e+02
1.222649536132812500e+03 9.040209350585937500e+02 6.412310791015625000e+02 8.632261352539062500e+02
1.217775390625000000e+03 8.918593139648437500e+02 6.514903564453125000e+02 8.700346679687500000e+02
1.288286621093750000e+03 8.416068725585937500e+02 5.990963745117187500e+02 9.611842041015625000e+02
1.180275512695312500e+03 7.793255615234375000e+02 7.527578735351562500e+02 9.657612915039062500e+02
1.176116088867187500e+03 7.712215576171875000e+02 7.652751464843750000e+02 9.742069702148437500e+02
1.220854736328125000e+03 9.294367065429687500e+02 6.327534179687500000e+02 8.442236328125000000e+02
1.130146850585937500e+03 8.514942016601562500e+02 7.480276489257812500e+02 8.556429443359375000e+02
1.249114746093750000e+03 9.419854125976562500e+02 6.084957885742187500e+02 8.471661987304687500e+02
1.170761962890625000e+03 7.988659057617187500e+02 7.509739379882812500e+02 9.321633911132812500e+02
1.196296875000000000e+03 7.886258544921875000e+02 7.281857910156250000e+02 9.638259887695312500e+02
1.203525390625000000e+03 7.780147705078125000e+02 7.279873046875000000e+02 9.857715454101562500e+02
1.203525390625000000e+03 7.780147705078125000e+02 7.279873046875000000e+02 9.857715454101562500e+02
1.281377563476562500e+03 8.155167236328125000e+02 6.151607666015625000e+02 9.922710571289062500e+02
1.281377563476562500e+03 8.155167236328125000e+02 6.151607666015625000e+02 9.922710571289062500e+02
1.103825927734375000e+03 8.746782226562500000e+02 7.542918701171875000e+02 8.274597167968750000e+02
1.157880371093750000e+03 7.920920410156250000e+02 7.679760131835937500e+02 9.313687744140625000e+02
5.234040527343750000e+02 9.802816162109375000e+02 9.267940063476562500e+02 9.579613647460937500e+02
1.190513549804687500e+03 7.707753295898437500e+02 7.512681884765625000e+02 9.888095092773437500e+02
