9.180054321289062500e+02 4.953459167480468750e+02 8.918066406250000000e+02 4.632084350585937500e+02
1.210796630859375000e+03 5.981199340820312500e+02 6.495004882812500000e+02 4.689459838867187500e+02
1.076978393554687500e+03 8.659183349609375000e+02 1.028000610351562500e+03 7.211157226562500000e+02
1.205824096679687500e+03 5.932149658203125000e+02 6.405486450195312500e+02 4.659142456054687500e+02
1.174757202148437500e+03 1.012726745605468750e+03 1.178533081054687500e+03 7.695042114257812500e+02
1.141405395507812500e+03 1.015304077148437500e+03 1.167911132812500000e+03 7.838636474609375000e+02
1.037267578125000000e+03 9.546564331054687500e+02 1.079292358398437500e+03 7.908709716796875000e+02
1.297335937500000000e+03 2.995332031250000000e+02 6.076663208007812500e+02 1.429344940185546875e+02
1.203525390625000000e+03 7.780147705078125000e+02 6.506681518554687500e+02 6.384489746093750000e+02
1.102542480468750000e+03 8.388132934570312500e+02 1.020155151367187500e+03 6.942888793945312500e+02
1.101021118164062500e+03 8.558930664062500000e+02 1.033258789062500000e+03 7.050916137695312500e+02
9.939498901367187500e+02 8.421986083984375000e+02 9.607177734375000000e+02 7.382871704101562500e+02
9.939498901367187500e+02 8.421986083984375000e+02 9.607177734375000000e+02 7.382871704101562500e+02
1.023999267578125000e+03 9.700296020507812500e+02 1.084618896484375000e+03 8.058732910156250000e+02
7.856842041015625000e+02 8.736199340820312500e+02 8.445361938476562500e+02 8.646330566406250000e+02
9.446594238281250000e+02 1.023438781738281250e+03 1.088402832031250000e+03 8.712693481445312500e+02
9.635595703125000000e+02 1.055782104492187500e+03 1.121142089843750000e+03 8.781708374023437500e+02
9.449138183593750000e+02 1.041058959960937500e+03 1.101328369140625000e+03 8.796188354492187500e+02
9.352463378906250000e+02 1.033506347656250000e+03 1.091357788085937500e+03 8.810226440429687500e+02
9.167736206054687500e+02 1.050834350585937500e+03 1.097176269531250000e+03 8.988646850585937500e+02
7.707623291015625000e+02 1.047180664062500000e+03 1.012730102539062500e+03 9.752088623046875000e+02
1.282981445312500000e+03 3.946814575195312500e+02 6.372087402343750000e+02 2.492422332763671875e+02
1.280083251953125000e+03 4.279037170410156250e+02 6.422654418945312500e+02 2.842081909179687500e+02
1.430502075195312500e+03 4.973808288574218750e+02 8.222053222656250000e+02 3.376266479492187500e+02
1.248494628906250000e+03 4.829901733398437500e+02 6.332223510742187500e+02 3.463935852050781250e+02
1.432370727539062500e+03 5.130510253906250000e+02 8.286724243164062500e+02 3.501237792968750000e+02
1.432370727539062500e+03 5.130510253906250000e+02 8.286724243164062500e+02 3.501237792968750000e+02
1.214332153320312500e+03 5.882061157226562500e+02 6.398775024414062500e+02 4.566215820312500000e+02
1.157662353515625000e+03 9.922592773437500000e+02 1.161236450195312500e+03 7.653862304687500000e+02
1.108450317382812500e+03 9.972860107421875000e+02 1.143858886718750000e+03 7.878352050781250000e+02
1.033003784179687500e+03 9.593505249023437500e+02 1.080744018554687500e+03 7.959128417968750000e+02
8.436159667968750000e+02 9.549569091796875000e+02 9.717702026367187500e+02 8.826156005859375000e+02
7.754777832031250000e+02 1.014654968261718750e+03 9.850661010742187500e+02 9.567903442382812500e+02
6.536352539062500000e+02 9.854919433593750000e+02 8.654274902343750000e+02 1.017780273437500000e+03
1.189197998046875000e+03 4.317108154296875000e+02 5.142435302734375000e+02 2.920068359375000000e+02
1.279049682617187500e+03 4.538242797851562500e+02 6.474634399414062500e+02 3.106747131347656250e+02
1.245291748046875000e+03 5.412022094726562500e+02 6.453589477539062500e+02 4.041595458984375000e+02
9.353511962890625000e+02 1.047787841796875000e+03 1.102018188476562500e+03 8.871232299804687500e+02
9.158648681640625000e+02 1.031935546875000000e+03 1.080246826171875000e+03 8.884852905273437500e+02
8.915678100585937500e+02 1.033559082031250000e+03 1.069117797851562500e+03 9.033367919921875000e+02
8.090151977539062500e+02 1.011851257324218750e+03 1.004253540039062500e+03 9.356469116210937500e+02
1.781295410156250000e+03 1.113782653808593750e+02 1.162327026367187500e+03 5.522885513305664062e+01
8.687175292968750000e+02 9.376079711914062500e+02 9.715649414062500000e+02 8.627108764648437500e+02
7.679346923828125000e+02 1.024369506835937500e+03 9.892332763671875000e+02 9.661159057617187500e+02
6.870435791015625000e+02 9.366880493164062500e+02 8.337868041992187500e+02 9.702034912109375000e+02
6.715172729492187500e+02 9.665426635742187500e+02 8.552772216796875000e+02 9.969638671875000000e+02
1.341761352539062500e+03 4.449183044433593750e+02 6.903318481445312500e+02 2.930449829101562500e+02
6.643161010742187500e+02 1.000451171875000000e+03 8.933773803710937500e+02 1.016348205566406250e+03
1.241670532226562500e+03 5.138704223632812500e+02 6.368192749023437500e+02 3.772587890625000000e+02
7.708296508789062500e+02 9.475947265625000000e+02 9.113292846679687500e+02 9.205041503906250000e+02
