7.793076171875000000e+02 6.954039306640625000e+02 6.785545654296875000e+02 5.173150634765625000e+02
8.115143432617187500e+02 6.915451660156250000e+02 7.111633911132812500e+02 5.202898559570312500e+02
8.115143432617187500e+02 6.915451660156250000e+02 7.111633911132812500e+02 5.202898559570312500e+02
7.781926879882812500e+02 7.015532226562500000e+02 6.755018310546875000e+02 5.243930053710937500e+02
7.312526855468750000e+02 7.237909545898437500e+02 6.229102172851562500e+02 5.403915405273437500e+02
7.236001586914062500e+02 7.278987426757812500e+02 6.140835571289062500e+02 5.437009887695312500e+02
7.143138427734375000e+02 7.444458007812500000e+02 6.003655395507812500e+02 5.612355346679687500e+02
7.143138427734375000e+02 7.444458007812500000e+02 6.003655395507812500e+02 5.612355346679687500e+02
6.188358764648437500e+02 7.833618774414062500e+02 4.969621887207031250e+02 5.851801757812500000e+02
6.188358764648437500e+02 7.833618774414062500e+02 4.969621887207031250e+02 5.851801757812500000e+02
6.319100952148437500e+02 7.929086914062500000e+02 5.079058227539062500e+02 5.994732666015625000e+02
7.703551025390625000e+02 8.665632934570312500e+02 6.197386474609375000e+02 7.131144409179687500e+02
7.999432373046875000e+02 8.727396850585937500e+02 6.460351562500000000e+02 7.263624267578125000e+02
5.878829956054687500e+02 9.284241333007812500e+02 4.342826232910156250e+02 7.408627319335937500e+02
8.333884277343750000e+02 9.390711059570312500e+02 6.583012084960937500e+02 8.024719238281250000e+02
4.684785766601562500e+02 6.212453613281250000e+02 4.177952575683593750e+02 2.905724792480468750e+02
9.180054321289062500e+02 4.953459167480468750e+02 8.055331420898437500e+02 4.079719848632812500e+02
9.644020996093750000e+02 4.865877075195312500e+02 8.401422729492187500e+02 4.322431945800781250e+02
8.218249511718750000e+02 6.903081054687500000e+02 7.214426879882812500e+02 5.203461303710937500e+02
7.508411254882812500e+02 7.335161132812500000e+02 6.394890136718750000e+02 5.565563354492187500e+02
7.080092163085937500e+02 7.495205078125000000e+02 5.922522583007812500e+02 5.654334106445312500e+02
6.569405517578125000e+02 7.783327026367187500e+02 5.354824829101562500e+02 5.880827636718750000e+02
6.168345336914062500e+02 7.905347900390625000e+02 4.932733154296875000e+02 5.931748657226562500e+02
8.910446166992187500e+02 7.017603759765625000e+02 7.509699707031250000e+02 5.989718017578125000e+02
1.124355102539062500e+03 7.012112426757812500e+02 1.010394592285156250e+03 6.016889038085937500e+02
6.295372314453125000e+02 7.987871093750000000e+02 5.046278991699218750e+02 6.059552612304687500e+02
1.442681274414062500e+03 7.362401123046875000e+02 1.354824707031250000e+03 6.158363037109375000e+02
6.981529541015625000e+02 8.096430053710937500e+02 5.661217041015625000e+02 6.336875610351562500e+02
7.108277587890625000e+02 8.078854980468750000e+02 5.796126708984375000e+02 6.343834228515625000e+02
7.042476806640625000e+02 8.259951782226562500e+02 5.683439941406250000e+02 6.537357788085937500e+02
6.920507202148437500e+02 8.347468872070312500e+02 5.542910766601562500e+02 6.609153442382812500e+02
6.919989013671875000e+02 8.491702270507812500e+02 5.508392944335937500e+02 6.768948364257812500e+02
5.840100708007812500e+02 8.980328979492187500e+02 4.365776672363281250e+02 7.074241943359375000e+02
7.641354370117187500e+02 8.722467041015625000e+02 6.129426879882812500e+02 7.185148315429687500e+02
7.935981445312500000e+02 8.779490356445312500e+02 6.370230102539062500e+02 7.310119628906250000e+02
9.376244506835937500e+02 8.574932861328125000e+02 7.794482421875000000e+02 7.373833007812500000e+02
9.538273925781250000e+02 8.658374023437500000e+02 7.895180664062500000e+02 7.514274902343750000e+02
4.624416198730468750e+02 9.687263793945312500e+02 3.069098815917968750e+02 7.582458496093750000e+02
4.927957153320312500e+02 9.640397338867187500e+02 3.367040405273437500e+02 7.594983520507812500e+02
4.756117858886718750e+02 9.775166625976562500e+02 3.177218933105468750e+02 7.702897338867187500e+02
6.525848999023437500e+02 9.539630737304687500e+02 4.863810119628906250e+02 7.822587280273437500e+02
1.118633422851562500e+03 8.762246704101562500e+02 9.392361450195312500e+02 7.930462036132812500e+02
4.486727905273437500e+02 1.013220336914062500e+03 2.867934265136718750e+02 8.018371582031250000e+02
6.911265869140625000e+02 9.675830078125000000e+02 5.202199096679687500e+02 8.038066406250000000e+02
6.640985717773437500e+02 9.896552124023437500e+02 4.880357360839843750e+02 8.216768188476562500e+02
5.754465942382812500e+02 1.045520385742187500e+03 3.963349914550781250e+02 8.606022949218750000e+02
7.825344238281250000e+02 1.022037475585937500e+03 5.879188842773437500e+02 8.784207763671875000e+02
7.811045532226562500e+02 1.037315307617187500e+03 5.824505004882812500e+02 8.933424682617187500e+02
9.168443603515625000e+02 1.021480285644531250e+03 7.100744628906250000e+02 9.034350585937500000e+02
6.271987304687500000e+02 5.928580322265625000e+02 5.881992187500000000e+02 2.957903442382812500e+02
5.406107788085937500e+02 6.428842163085937500e+02 5.027373962402343750e+02 3.235074157714843750e+02
4.657795104980468750e+02 6.937893676757812500e+02 4.209281005859375000e+02 3.639016418457031250e+02
1.257879028320312500e+03 5.410043945312500000e+02 1.247853027343750000e+03 3.840447387695312500e+02
1.205824096679687500e+03 5.932149658203125000e+02 1.177862426757812500e+03 4.327842407226562500e+02
7.840040283203125000e+02 6.849916381835937500e+02 6.860651855468750000e+02 5.054006042480468750e+02
7.952728881835937500e+02 6.839627685546875000e+02 6.971884155273437500e+02 5.071205749511718750e+02
7.726741333007812500e+02 6.914385986328125000e+02 6.724917602539062500e+02 5.108397521972656250e+02
7.601602172851562500e+02 6.986016845703125000e+02 6.583602294921875000e+02 5.165447998046875000e+02
7.915553588867187500e+02 6.961054077148437500e+02 6.909537353515625000e+02 5.210238037109375000e+02
7.705558471679687500e+02 7.031152954101562500e+02 6.667866210937500000e+02 5.239833374023437500e+02
7.807078857421875000e+02 7.074010009765625000e+02 6.759769287109375000e+02 5.318506469726562500e+02
6.945015258789062500e+02 7.420332031250000000e+02 5.817427368164062500e+02 5.537228393554687500e+02
6.945015258789062500e+02 7.420332031250000000e+02 5.817427368164062500e+02 5.537228393554687500e+02
7.155413208007812500e+02 7.520664062500000000e+02 5.997026367187500000e+02 5.701196289062500000e+02
6.386325073242187500e+02 7.756826782226562500e+02 5.176926269531250000e+02 5.804360961914062500e+02
6.092648315429687500e+02 7.858416137695312500e+02 4.867983398437500000e+02 5.858158569335937500e+02
6.472892456054687500e+02 7.818530883789062500e+02 5.245478515625000000e+02 5.894231567382812500e+02
6.270474853515625000e+02 7.867722778320312500e+02 5.039877014160156250e+02 5.911016235351562500e+02
6.270474853515625000e+02 7.867722778320312500e+02 5.039877014160156250e+02 5.911016235351562500e+02
1.458175781250000000e+03 7.499698486328125000e+02 1.365792236328125000e+03 6.314594116210937500e+02
9.452797241210937500e+02 7.319767456054687500e+02 7.985415649414062500e+02 6.381943359375000000e+02
6.702071533203125000e+02 8.347690429687500000e+02 5.331845092773437500e+02 6.561049804687500000e+02
6.702071533203125000e+02 8.347690429687500000e+02 5.331845092773437500e+02 6.561049804687500000e+02
6.801319580078125000e+02 8.415776977539062500e+02 5.415671997070312500e+02 6.657564086914062500e+02
7.516917724609375000e+02 8.566524047851562500e+02 6.037050781250000000e+02 6.987579345703125000e+02
1.153326416015625000e+03 7.812280273437500000e+02 1.004320373535156250e+03 7.000220947265625000e+02
1.181338134765625000e+03 7.891581420898437500e+02 1.026932128906250000e+03 7.134713745117187500e+02
1.181338134765625000e+03 7.891581420898437500e+02 1.026932128906250000e+03 7.134713745117187500e+02
5.931455078125000000e+02 9.028760375976562500e+02 4.435505065917968750e+02 7.142441406250000000e+02
7.872353515625000000e+02 8.658408813476562500e+02 6.379331665039062500e+02 7.163640747070312500e+02
5.808068847656250000e+02 9.085678100585937500e+02 4.308848266601562500e+02 7.184090576171875000e+02
5.808068847656250000e+02 9.085678100585937500e+02 4.308848266601562500e+02 7.184090576171875000e+02
6.434764404296875000e+02 8.988132934570312500e+02 4.916376037597656250e+02 7.214196166992187500e+02
1.170761962890625000e+03 7.988659057617187500e+02 1.015552978515625000e+03 7.224413452148437500e+02
7.856842041015625000e+02 8.736199340820312500e+02 6.320813598632812500e+02 7.245292358398437500e+02
5.780467529296875000e+02 9.164244384765625000e+02 4.272613220214843750e+02 7.265409545898437500e+02
5.855711059570312500e+02 9.153372192382812500e+02 4.348286132812500000e+02 7.267657470703125000e+02
5.855711059570312500e+02 9.153372192382812500e+02 4.348286132812500000e+02 7.267657470703125000e+02
6.182764892578125000e+02 9.081779785156250000e+02 4.656699218750000000e+02 7.261851196289062500e+02
6.182764892578125000e+02 9.081779785156250000e+02 4.656699218750000000e+02 7.261851196289062500e+02
6.323148803710937500e+02 9.062598876953125000e+02 4.796432189941406250e+02 7.271712036132812500e+02
7.332169799804687500e+02 8.874224243164062500e+02 5.795359497070312500e+02 7.278156738281250000e+02
7.332169799804687500e+02 8.874224243164062500e+02 5.795359497070312500e+02 7.278156738281250000e+02
6.076951904296875000e+02 9.146655273437500000e+02 4.553248901367187500e+02 7.305631713867187500e+02
5.817357788085937500e+02 9.238731079101562500e+02 4.286543273925781250e+02 7.350318603515625000e+02
7.915647583007812500e+02 8.887857666015625000e+02 6.337036743164062500e+02 7.416287231445312500e+02
5.911228027343750000e+02 9.343442382812500000e+02 4.354972229003906250e+02 7.482849121093750000e+02
7.768068847656250000e+02 9.010969848632812500e+02 6.159410400390625000e+02 7.519765014648437500e+02
9.677579345703125000e+02 8.635952148437500000e+02 8.034364013671875000e+02 7.513166503906250000e+02
1.102542480468750000e+03 8.388132934570312500e+02 9.351547241210937500e+02 7.524310913085937500e+02
7.673539428710937500e+02 9.083295288085937500e+02 6.053966674804687500e+02 7.578369140625000000e+02
7.673539428710937500e+02 9.083295288085937500e+02 6.053966674804687500e+02 7.578369140625000000e+02
1.094966430664062500e+03 8.486876831054687500e+02 9.238490600585937500e+02 7.612175292968750000e+02
4.658259277343750000e+02 9.750139160156250000e+02 3.099010925292968750e+02 7.650999755859375000e+02
9.479450683593750000e+02 8.815910644531250000e+02 7.794122924804687500e+02 7.665344848632812500e+02
1.101021118164062500e+03 8.558930664062500000e+02 9.275451049804687500e+02 7.696815795898437500e+02
1.130146850585937500e+03 8.514942016601562500e+02 9.546268310546875000e+02 7.708067626953125000e+02
4.631976928710937500e+02 9.833980102539062500e+02 3.054638061523437500e+02 7.734706420898437500e+02
4.847445983886718750e+02 9.892306518554687500e+02 3.235533142089843750e+02 7.846093750000000000e+02
5.055183105468750000e+02 9.864899291992187500e+02 3.424123229980468750e+02 7.854403076171875000e+02
8.433488159179687500e+02 9.195458984375000000e+02 6.717901611328125000e+02 7.853164062500000000e+02
8.433488159179687500e+02 9.195458984375000000e+02 6.717901611328125000e+02 7.853164062500000000e+02
4.573188171386718750e+02 1.006815185546875000e+03 2.957919311523437500e+02 7.969604492187500000e+02
6.860570068359375000e+02 9.604730834960937500e+02 5.162614135742187500e+02 7.961191406250000000e+02
6.998370361328125000e+02 9.584367675781250000e+02 5.297671508789062500e+02 7.977064819335937500e+02
6.536352539062500000e+02 9.854919433593750000e+02 4.801492614746093750e+02 8.154960937500000000e+02
8.595269165039062500e+02 9.526514892578125000e+02 6.752800903320312500e+02 8.239904785156250000e+02
1.023716491699218750e+03 9.232010498046875000e+02 8.357390136718750000e+02 8.242055664062500000e+02
1.023716491699218750e+03 9.232010498046875000e+02 8.357390136718750000e+02 8.242055664062500000e+02
1.032821899414062500e+03 9.282290039062500000e+02 8.397336425781250000e+02 8.326664428710937500e+02
1.027588745117187500e+03 9.499696655273437500e+02 8.289201660156250000e+02 8.532882690429687500e+02
7.738009033203125000e+02 1.030686157226562500e+03 5.777119750976562500e+02 8.858278808593750000e+02
7.912811279296875000e+02 1.028086791992187500e+03 5.933302612304687500e+02 8.864635620117187500e+02
7.912811279296875000e+02 1.028086791992187500e+03 5.933302612304687500e+02 8.864635620117187500e+02
7.628359985351562500e+02 1.039714965820312500e+03 5.655101928710937500e+02 8.922806396484375000e+02
7.621596679687500000e+02 1.057247436523437500e+03 5.599257202148437500e+02 9.085692138671875000e+02
9.352463378906250000e+02 1.033506347656250000e+03 7.197453613281250000e+02 9.197453613281250000e+02
9.531507568359375000e+02 1.030959960937500000e+03 7.387383422851562500e+02 9.191831665039062500e+02
9.720342407226562500e+02 1.044034790039062500e+03 7.505536499023437500e+02 9.353360595703125000e+02
4.523971862792968750e+02 5.913130493164062500e+02 4.084939575195312500e+02 2.514346008300781250e+02
4.227820129394531250e+02 6.038858642578125000e+02 3.713936462402343750e+02 2.622080383300781250e+02
6.610507812500000000e+02 5.589959106445312500e+02 6.286938476562500000e+02 2.654336547851562500e+02
6.318538208007812500e+02 5.798636474609375000e+02 5.921832885742187500e+02 2.842315063476562500e+02
1.137430053710937500e+03 4.919097595214843750e+02 1.141361206054687500e+03 3.047631225585937500e+02
1.245985595703125000e+03 6.092259521484375000e+02 1.211581054687500000e+03 4.565584411621093750e+02
6.988699340820312500e+02 7.508544311523437500e+02 5.829831542968750000e+02 5.644071655273437500e+02
6.673030395507812500e+02 7.757062377929687500e+02 5.463840332031250000e+02 5.877387695312500000e+02
5.934726562500000000e+02 7.956839599609375000e+02 4.688827514648437500e+02 5.934028930664062500e+02
1.147039184570312500e+03 6.896213378906250000e+02 1.036411376953125000e+03 5.927924194335937500e+02
6.772747802734375000e+02 7.813999023437500000e+02 5.545928344726562500e+02 5.967537841796875000e+02
9.372598876953125000e+02 6.909803466796875000e+02 7.970526733398437500e+02 6.000041503906250000e+02
6.503831176757812500e+02 7.921296386718750000e+02 5.248420410156250000e+02 6.025226440429687500e+02
6.613635864257812500e+02 7.907666625976562500e+02 5.370442504882812500e+02 6.042421875000000000e+02
1.147562500000000000e+03 7.136547851562500000e+02 1.026312866210937500e+03 6.195933837890625000e+02
6.225832519531250000e+02 8.143743286132812500e+02 4.935116882324218750e+02 6.224578857421875000e+02
6.849493408203125000e+02 8.210080566406250000e+02 5.507257690429687500e+02 6.438229980468750000e+02
6.974699096679687500e+02 8.195050048828125000e+02 5.634943847656250000e+02 6.448093261718750000e+02
7.435953979492187500e+02 8.340122680664062500e+02 6.003720703125000000e+02 6.760603637695312500e+02
6.204246826171875000e+02 8.710216064453125000e+02 4.763828125000000000e+02 6.852568359375000000e+02
6.892150878906250000e+02 8.567086791992187500e+02 5.466233520507812500e+02 6.850326538085937500e+02
6.172839965820312500e+02 8.812601318359375000e+02 4.717490539550781250e+02 6.963943481445312500e+02
6.172839965820312500e+02 8.812601318359375000e+02 4.717490539550781250e+02 6.963943481445312500e+02
1.203525390625000000e+03 7.780147705078125000e+02 1.050084838867187500e+03 7.068538208007812500e+02
5.737243652343750000e+02 9.003054199218750000e+02 4.247124328613281250e+02 7.084296875000000000e+02
7.525249023437500000e+02 8.763104248046875000e+02 5.995384521484375000e+02 7.197902221679687500e+02
7.216643066406250000e+02 8.899893188476562500e+02 5.669489746093750000e+02 7.278779296875000000e+02
7.511905517578125000e+02 8.863286132812500000e+02 5.950630493164062500e+02 7.304620361328125000e+02
7.511905517578125000e+02 8.863286132812500000e+02 5.950630493164062500e+02 7.304620361328125000e+02
7.511780395507812500e+02 8.972935791015625000e+02 5.933325195312500000e+02 7.428151245117187500e+02
9.802578125000000000e+02 8.619211425781250000e+02 8.158501586914062500e+02 7.522232666015625000e+02
5.866530151367187500e+02 9.429680175781250000e+02 4.294232482910156250e+02 7.569766845703125000e+02
8.461908569335937500e+02 9.088099975585937500e+02 6.768422851562500000e+02 7.747369384765625000e+02
4.513723449707031250e+02 9.981856689453125000e+02 2.917247924804687500e+02 7.868690185546875000e+02
4.513723449707031250e+02 9.981856689453125000e+02 2.917247924804687500e+02 7.868690185546875000e+02
6.752994384765625000e+02 9.529312133789062500e+02 5.089847106933593750e+02 7.861528930664062500e+02
8.295583496093750000e+02 9.223635253906250000e+02 6.571090698242187500e+02 7.860683593750000000e+02
8.611734008789062500e+02 9.184906616210937500e+02 6.885247802734375000e+02 7.879300537109375000e+02
1.020244995117187500e+03 9.130559082031250000e+02 8.328650512695312500e+02 8.148957519531250000e+02
8.278733520507812500e+02 9.576337890625000000e+02 6.468736572265625000e+02 8.212452392578125000e+02
5.365609130859375000e+02 1.042236694335937500e+03 3.608659057617187500e+02 8.499780883789062500e+02
1.197142700195312500e+03 9.173494262695312500e+02 9.904676513671875000e+02 8.534268188476562500e+02
1.229336547851562500e+03 9.142410888671875000e+02 1.017739929199218750e+03 8.575762329101562500e+02
1.020652770996093750e+03 9.590194702148437500e+02 8.169155273437500000e+02 8.619340209960937500e+02
5.298031616210937500e+02 1.058311279296875000e+03 3.512803649902343750e+02 8.649418334960937500e+02
7.754777832031250000e+02 1.014654968261718750e+03 5.822191772460937500e+02 8.702454223632812500e+02
7.707623291015625000e+02 1.047180664062500000e+03 5.702246704101562500e+02 9.013040771484375000e+02
7.899544677734375000e+02 1.044103515625000000e+03 5.879433593750000000e+02 9.021260986328125000e+02
9.269971313476562500e+02 1.025368652343750000e+03 7.132070922851562500e+02 9.109575195312500000e+02
9.446594238281250000e+02 1.023438781738281250e+03 7.315215454101562500e+02 9.112547607421875000e+02
9.640845947265625000e+02 1.036734985351562500e+03 7.445190429687500000e+02 9.280404052734375000e+02
9.449138183593750000e+02 1.041058959960937500e+03 7.236435546875000000e+02 9.298455200195312500e+02
1.186639038085937500e+03 9.967453002929687500e+02 9.506279907226562500e+02 9.312041015625000000e+02
9.167736206054687500e+02 1.050834350585937500e+03 6.986666870117187500e+02 9.336948852539062500e+02
9.167736206054687500e+02 1.050834350585937500e+03 6.986666870117187500e+02 9.336948852539062500e+02
1.126820678710937500e+03 1.012649353027343750e+03 8.941093750000000000e+02 9.352134399414062500e+02
9.529050903320312500e+02 1.048968139648437500e+03 7.287536010742187500e+02 9.390369262695312500e+02
9.529050903320312500e+02 1.048968139648437500e+03 7.287536010742187500e+02 9.390369262695312500e+02
1.141405395507812500e+03 1.015304077148437500e+03 9.041222534179687500e+02 9.415814819335937500e+02
1.174757202148437500e+03 1.012726745605468750e+03 9.339457397460937500e+02 9.449719238281250000e+02
9.635595703125000000e+02 1.055782104492187500e+03 7.366286621093750000e+02 9.471027221679687500e+02
9.386334838867187500e+02 1.064547973632812500e+03 7.153782958984375000e+02 9.490668334960937500e+02
1.156857788085937500e+03 1.038984741210937500e+03 9.088435058593750000e+02 9.675316772460937500e+02
1.156857788085937500e+03 1.038984741210937500e+03 9.088435058593750000e+02 9.675316772460937500e+02
1.189197998046875000e+03 4.317108154296875000e+02 1.216152343750000000e+03 2.453355102539062500e+02
5.657285156250000000e+02 5.739625854492187500e+02 5.291195068359375000e+02 2.612279357910156250e+02
4.533552246093750000e+02 6.170994262695312500e+02 4.019104003906250000e+02 2.838015136718750000e+02
6.657826538085937500e+02 5.834953613281250000e+02 6.335872802734375000e+02 2.930330810546875000e+02
6.491694946289062500e+02 6.010070190429687500e+02 6.135020751953125000e+02 3.085571594238281250e+02
6.491694946289062500e+02 6.010070190429687500e+02 6.135020751953125000e+02 3.085571594238281250e+02
5.668304443359375000e+02 6.295687866210937500e+02 5.264867553710937500e+02 3.159520263671875000e+02
4.561248168945312500e+02 6.882618408203125000e+02 4.078987731933593750e+02 3.566842346191406250e+02
1.465481567382812500e+03 5.037721252441406250e+02 1.457005004882812500e+03 4.090019531250000000e+02
9.954158935546875000e+02 5.203624267578125000e+02 8.704381713867187500e+02 4.679708862304687500e+02
8.069152221679687500e+02 6.830734863281250000e+02 7.104937133789062500e+02 5.084321899414062500e+02
9.166600341796875000e+02 6.431210937500000000e+02 7.789691162109375000e+02 5.554542846679687500e+02
6.106878662109375000e+02 8.049738769531250000e+02 4.834443969726562500e+02 6.082371826171875000e+02
6.701106567382812500e+02 8.237488403320312500e+02 5.352416992187500000e+02 6.439395141601562500e+02
7.114041137695312500e+02 8.206837158203125000e+02 5.772651977539062500e+02 6.496071166992187500e+02
6.816072387695312500e+02 8.508649291992187500e+02 5.393319091796875000e+02 6.754023437500000000e+02
6.023065185546875000e+02 8.829725952148437500e+02 4.562178039550781250e+02 6.946369628906250000e+02
1.141490356445312500e+03 7.856102294921875000e+02 9.922534790039062500e+02 7.014010620117187500e+02
1.141490356445312500e+03 7.856102294921875000e+02 9.922534790039062500e+02 7.014010620117187500e+02
1.157880371093750000e+03 7.920920410156250000e+02 1.004859985351562500e+03 7.121281127929687500e+02
1.196296875000000000e+03 7.886258544921875000e+02 1.040910644531250000e+03 7.167188110351562500e+02
1.196296875000000000e+03 7.886258544921875000e+02 1.040910644531250000e+03 7.167188110351562500e+02
5.958156738281250000e+02 9.074791259765625000e+02 4.457364501953125000e+02 7.204558715820312500e+02
7.777457885742187500e+02 8.717562255859375000e+02 6.255349121093750000e+02 7.207686767578125000e+02
7.774443969726562500e+02 8.876466064453125000e+02 6.232321777343750000e+02 7.345160522460937500e+02
8.134010009765625000e+02 8.773130493164062500e+02 6.572474975585937500e+02 7.343057861328125000e+02
7.346232910156250000e+02 8.979361572265625000e+02 5.773308105468750000e+02 7.389882202148437500e+02
1.272946044921875000e+03 8.013007202148437500e+02 1.104791137695312500e+03 7.455391845703125000e+02
9.491640014648437500e+02 8.616127929687500000e+02 7.868233642578125000e+02 7.455309448242187500e+02
4.757724304199218750e+02 9.638044433593750000e+02 3.211943969726562500e+02 7.553856201171875000e+02
6.902891845703125000e+02 9.223038940429687500e+02 5.287148437500000000e+02 7.562681884765625000e+02
7.535023193359375000e+02 9.100411987304687500e+02 5.917779541015625000e+02 7.559108886718750000e+02
1.281377563476562500e+03 8.155167236328125000e+02 1.105860351562500000e+03 7.623657226562500000e+02
1.281377563476562500e+03 8.155167236328125000e+02 1.105860351562500000e+03 7.623657226562500000e+02
6.870435791015625000e+02 9.366880493164062500e+02 5.227150878906250000e+02 7.711046752929687500e+02
1.281099853515625000e+03 8.300491333007812500e+02 1.098950195312500000e+03 7.777911987304687500e+02
4.672649230957031250e+02 9.950201416015625000e+02 3.070104064941406250e+02 7.864777221679687500e+02
6.415538940429687500e+02 9.586049194335937500e+02 4.742781372070312500e+02 7.855491333007812500e+02
6.596054077148437500e+02 9.562589111328125000e+02 4.926905212402343750e+02 7.864096679687500000e+02
4.378891601562500000e+02 1.005330993652343750e+03 2.777960815429687500e+02 7.913068237304687500e+02
4.378891601562500000e+02 1.005330993652343750e+03 2.777960815429687500e+02 7.913068237304687500e+02
7.141780395507812500e+02 9.544231567382812500e+02 5.437131958007812500e+02 7.952777709960937500e+02
4.921533508300781250e+02 9.988958740234375000e+02 3.294275207519531250e+02 7.959757080078125000e+02
5.089188232421875000e+02 9.962540283203125000e+02 3.463507995605468750e+02 7.962651977539062500e+02
5.089188232421875000e+02 9.962540283203125000e+02 3.463507995605468750e+02 7.962651977539062500e+02
6.715172729492187500e+02 9.665426635742187500e+02 5.000726013183593750e+02 7.993906860351562500e+02
8.547473144531250000e+02 9.291026000976562500e+02 6.784129028320312500e+02 7.987327880859375000e+02
6.389420776367187500e+02 9.868189697265625000e+02 4.663184204101562500e+02 8.123540649414062500e+02
6.686392211914062500e+02 9.797953491210937500e+02 4.948577270507812500e+02 8.126577758789062500e+02
4.534627075195312500e+02 1.024051147460937500e+03 2.889006652832031250e+02 8.140880737304687500e+02
6.861312255859375000e+02 9.774591674804687500e+02 5.118334350585937500e+02 8.136068725585937500e+02
1.000721984863281250e+03 9.215409545898437500e+02 8.129560546875000000e+02 8.187651977539062500e+02
5.672789306640625000e+02 1.033453247070312500e+03 3.907253112792968750e+02 8.471436767578125000e+02
5.179338989257812500e+02 1.049058471679687500e+03 3.420265197753906250e+02 8.533358764648437500e+02
1.062718261718750000e+03 9.566433105468750000e+02 8.585190429687500000e+02 8.669607543945312500e+02
1.220854736328125000e+03 9.294367065429687500e+02 1.007174621582031250e+03 8.686452636718750000e+02
5.887091674804687500e+02 1.053667968750000000e+03 4.054546813964843750e+02 8.716046142578125000e+02
6.057560424804687500e+02 1.051288574218750000e+03 4.223151550292968750e+02 8.734866333007812500e+02
1.049285888671875000e+03 9.730478515625000000e+02 8.410318603515625000e+02 8.809334716796875000e+02
7.039081420898437500e+02 1.043238525390625000e+03 5.115667114257812500e+02 8.832201538085937500e+02
7.227783813476562500e+02 1.041750366210937500e+03 5.289190063476562500e+02 8.861998291015625000e+02
8.052659301757812500e+02 1.039164306640625000e+03 6.051658325195312500e+02 8.997892456054687500e+02
8.915678100585937500e+02 1.033559082031250000e+03 6.796510620117187500e+02 9.115789184570312500e+02
8.914969482421875000e+02 1.048634155273437500e+03 6.768274536132812500e+02 9.264329223632812500e+02
1.170435546875000000e+03 1.044461059570312500e+03 9.195784301757812500e+02 9.744630737304687500e+02
1.170435546875000000e+03 1.044461059570312500e+03 9.195784301757812500e+02 9.744630737304687500e+02
5.120154418945312500e+02 5.651906738281250000e+02 4.693195800781250000e+02 2.387874755859375000e+02
5.728258666992187500e+02 5.607228393554687500e+02 5.381923828125000000e+02 2.442549743652343750e+02
4.323074035644531250e+02 5.942455444335937500e+02 3.838284606933593750e+02 2.533961486816406250e+02
6.304127807617187500e+02 5.637315063476562500e+02 5.947625732421875000e+02 2.635319824218750000e+02
5.199929199218750000e+02 6.066203613281250000e+02 4.769492492675781250e+02 2.847975769042968750e+02
7.531144409179687500e+02 5.506913452148437500e+02 7.253505859375000000e+02 2.860404052734375000e+02
3.436620788574218750e+02 6.607418212890625000e+02 2.983833923339843750e+02 2.966108093261718750e+02
6.678332519531250000e+02 5.979993286132812500e+02 6.343706665039062500e+02 3.081049499511718750e+02
4.570357971191406250e+02 6.595324096679687500e+02 4.102517089843750000e+02 3.299823303222656250e+02
1.452866210937500000e+03 5.126709594726562500e+02 1.440494018554687500e+03 4.118093261718750000e+02
6.477976684570312500e+02 7.687572021484375000e+02 5.285971069335937500e+02 5.739977416992187500e+02
6.583446655273437500e+02 8.335194702148437500e+02 5.223489990234375000e+02 6.515329589843750000e+02
6.583446655273437500e+02 8.335194702148437500e+02 5.223489990234375000e+02 6.515329589843750000e+02
6.803528442382812500e+02 8.342388916015625000e+02 5.427485961914062500e+02 6.580256347656250000e+02
6.803528442382812500e+02 8.342388916015625000e+02 5.427485961914062500e+02 6.580256347656250000e+02
7.145085449218750000e+02 8.357442626953125000e+02 5.745197753906250000e+02 6.665735473632812500e+02
1.223140502929687500e+03 7.412432250976562500e+02 1.085750732421875000e+03 6.686460571289062500e+02
1.190513549804687500e+03 7.707753295898437500e+02 1.042075439453125000e+03 6.948341674804687500e+02
7.587824096679687500e+02 8.660379028320312500e+02 6.079318847656250000e+02 7.097761230468750000e+02
6.215479125976562500e+02 8.955216674804687500e+02 4.736991882324218750e+02 7.127994384765625000e+02
1.089066772460937500e+03 8.367006225585937500e+02 9.235028076171875000e+02 7.464119873046875000e+02
8.927991333007812500e+02 8.743959960937500000e+02 7.310839843750000000e+02 7.480922241210937500e+02
9.174516601562500000e+02 8.711984863281250000e+02 7.540858154296875000e+02 7.475913085937500000e+02
9.346461791992187500e+02 8.691126708984375000e+02 7.724062500000000000e+02 7.498456420898437500e+02
9.612397460937500000e+02 8.764002685546875000e+02 7.936630249023437500e+02 7.634038085937500000e+02
7.076167602539062500e+02 9.381512451171875000e+02 5.415468139648437500e+02 7.778106689453125000e+02
8.786375732421875000e+02 9.111232910156250000e+02 7.070860595703125000e+02 7.843262329101562500e+02
1.302067993164062500e+03 8.335053100585937500e+02 1.116128906250000000e+03 7.850659179687500000e+02
4.191084594726562500e+02 1.004068664550781250e+03 2.605241088867187500e+02 7.859005737304687500e+02
6.959680175781250000e+02 9.512661743164062500e+02 5.275744018554687500e+02 7.872144775390625000e+02
6.959680175781250000e+02 9.512661743164062500e+02 5.275744018554687500e+02 7.872144775390625000e+02
6.254553222656250000e+02 9.724877319335937500e+02 4.574818420410156250e+02 7.953362426757812500e+02
8.104837646484375000e+02 9.430408325195312500e+02 6.348881225585937500e+02 8.029031982421875000e+02
4.346246948242187500e+02 1.023040405273437500e+03 2.710353698730468750e+02 8.075382690429687500e+02
8.687175292968750000e+02 9.376079711914062500e+02 6.872301025390625000e+02 8.117280273437500000e+02
1.036687866210937500e+03 9.159640502929687500e+02 8.475481567382812500e+02 8.206928100585937500e+02
5.667302856445312500e+02 1.016107360839843750e+03 3.929756469726562500e+02 8.293631591796875000e+02
5.667302856445312500e+02 1.016107360839843750e+03 3.929756469726562500e+02 8.293631591796875000e+02
5.470135498046875000e+02 1.029821411132812500e+03 3.725700988769531250e+02 8.387517700195312500e+02
5.524049682617187500e+02 1.045841430664062500e+03 3.746649780273437500e+02 8.573583984375000000e+02
5.889180297851562500e+02 1.036154907226562500e+03 4.101630554199218750e+02 8.554284057617187500e+02
1.267653686523437500e+03 9.169921875000000000e+02 1.051804199218750000e+03 8.668800659179687500e+02
7.679346923828125000e+02 1.024369506835937500e+03 5.725088500976562500e+02 8.789113769531250000e+02
7.480407714843750000e+02 1.043251586914062500e+03 5.509507446289062500e+02 8.931564941406250000e+02
9.158648681640625000e+02 1.031935546875000000e+03 7.035397338867187500e+02 9.139543457031250000e+02
1.157662353515625000e+03 9.922592773437500000e+02 9.272319946289062500e+02 9.204762573242187500e+02
4.053714294433593750e+02 5.944761352539062500e+02 3.550952148437500000e+02 2.455246582031250000e+02
1.231764526367187500e+03 5.881994628906250000e+02 1.205703735351562500e+03 4.317794189453125000e+02
1.341845703125000000e+03 6.154801635742187500e+02 1.308191406250000000e+03 4.731050415039062500e+02
1.028972412109375000e+03 7.286851196289062500e+02 8.781421508789062500e+02 6.534113769531250000e+02
4.979366455078125000e+02 9.546751708984375000e+02 3.418081054687500000e+02 7.505056762695312500e+02
4.490000610351562500e+02 9.870050659179687500e+02 2.910876770019531250e+02 7.746961669921875000e+02
4.980988464355468750e+02 9.768631591796875000e+02 3.391401367187500000e+02 7.733688964843750000e+02
4.980988464355468750e+02 9.768631591796875000e+02 3.391401367187500000e+02 7.733688964843750000e+02
1.137626220703125000e+03 8.626922607421875000e+02 9.590205078125000000e+02 7.836218261718750000e+02
8.885637817382812500e+02 9.449179687500000000e+02 7.061817016601562500e+02 8.204884033203125000e+02
6.643161010742187500e+02 1.000451171875000000e+03 4.868710937500000000e+02 8.327758178710937500e+02
6.643161010742187500e+02 1.000451171875000000e+03 4.868710937500000000e+02 8.327758178710937500e+02
8.562426757812500000e+02 9.710204467773437500e+02 6.692464599609375000e+02 8.423140869140625000e+02
1.003574401855468750e+03 9.643786010742187500e+02 8.039011840820312500e+02 8.639581298828125000e+02
1.249114746093750000e+03 9.419854125976562500e+02 1.026374877929687500e+03 8.873964843750000000e+02
1.133205810546875000e+03 9.739573974609375000e+02 9.128520507812500000e+02 8.979671020507812500e+02
9.641723632812500000e+02 1.017450012207031250e+03 7.502302246093750000e+02 9.095494995117187500e+02
1.138152099609375000e+03 1.029966308593750000e+03 8.970958251953125000e+02 9.543912963867187500e+02
1.173877075195312500e+03 1.029660034179687500e+03 9.286203613281250000e+02 9.593729858398437500e+02
6.516044311523437500e+02 5.486085205078125000e+02 6.190571899414062500e+02 2.499068450927734375e+02
1.246970214843750000e+03 5.468237304687500000e+02 1.234669311523437500e+03 3.874658508300781250e+02
1.124922119140625000e+03 7.702523803710937500e+02 9.772271118164062500e+02 6.847959594726562500e+02
7.327011718750000000e+02 8.506398925781250000e+02 5.847191772460937500e+02 6.907827148437500000e+02
5.617874145507812500e+02 9.145740356445312500e+02 4.120264282226562500e+02 7.211292114257812500e+02
5.617874145507812500e+02 9.145740356445312500e+02 4.120264282226562500e+02 7.211292114257812500e+02
1.026506469726562500e+03 8.321939697265625000e+02 8.687916870117187500e+02 7.282753295898437500e+02
1.396484375000000000e+03 7.709108886718750000e+02 1.233464721679687500e+03 7.324381103515625000e+02
1.235857666015625000e+03 8.036258544921875000e+02 1.070001831054687500e+03 7.398369750976562500e+02
5.234040527343750000e+02 9.802816162109375000e+02 3.619473571777343750e+02 7.835734252929687500e+02
5.234040527343750000e+02 9.802816162109375000e+02 3.619473571777343750e+02 7.835734252929687500e+02
1.103825927734375000e+03 8.746782226562500000e+02 9.211232299804687500e+02 7.890172729492187500e+02
5.323807983398437500e+02 1.009159973144531250e+03 3.647880859375000000e+02 8.146513061523437500e+02
7.379431152343750000e+02 1.020545166015625000e+03 5.482987060546875000e+02 8.683035278320312500e+02
6.138060913085937500e+02 8.001798706054687500e+02 4.877177429199218750e+02 6.029440917968750000e+02
6.138060913085937500e+02 8.001798706054687500e+02 4.877177429199218750e+02 6.029440917968750000e+02
6.521679077148437500e+02 8.638870849609375000e+02 5.096510009765625000e+02 6.852313842773437500e+02
6.322515869140625000e+02 8.893258056640625000e+02 4.843072509765625000e+02 7.085833740234375000e+02
8.901571044921875000e+02 8.862065429687500000e+02 7.240385131835937500e+02 7.586182861328125000e+02
1.157626586914062500e+03 8.887967529296875000e+02 9.672281494140625000e+02 8.148331298828125000e+02
1.157626586914062500e+03 8.887967529296875000e+02 9.672281494140625000e+02 8.148331298828125000e+02
1.198230834960937500e+03 8.957976684570312500e+02 1.000640380859375000e+03 8.304042968750000000e+02
7.723143920898437500e+02 9.950222167968750000e+02 5.844636840820312500e+02 8.494871826171875000e+02
9.328458862304687500e+02 1.003703186035156250e+03 7.275919189453125000e+02 8.894102172851562500e+02
4.938770141601562500e+02 6.070838623046875000e+02 4.483453979492187500e+02 2.816371459960937500e+02
1.304666992187500000e+03 8.413670654296875000e+02 1.114681518554687500e+03 7.933846435546875000e+02
9.842442626953125000e+02 9.914888305664062500e+02 7.769521484375000000e+02 8.871200561523437500e+02
1.186761230468750000e+03 7.885744018554687500e+02 1.033009277343750000e+03 7.131716918945312500e+02
1.129800537109375000e+03 8.157667236328125000e+02 9.708396606445312500e+02 7.326828002929687500e+02
1.020012451171875000e+03 8.674597167968750000e+02 8.490784912109375000e+02 7.655320434570312500e+02
4.355657043457031250e+02 1.005211730957031250e+03 2.766662902832031250e+02 7.871169433593750000e+02
1.260709960937500000e+03 8.723756103515625000e+02 1.061148315429687500e+03 8.154548339843750000e+02
8.635150146484375000e+02 1.007963928222656250e+03 6.605043945312500000e+02 8.768114013671875000e+02
8.635150146484375000e+02 1.007963928222656250e+03 6.605043945312500000e+02 8.768114013671875000e+02
5.088199462890625000e+02 6.672736816406250000e+02 4.591372680664062500e+02 3.470373535156250000e+02
6.918926391601562500e+02 8.892149658203125000e+02 5.420325927734375000e+02 7.185115966796875000e+02
5.770606079101562500e+02 9.766348266601562500e+02 4.128410949707031250e+02 7.900237426757812500e+02
5.770606079101562500e+02 9.766348266601562500e+02 4.128410949707031250e+02 7.900237426757812500e+02
7.708296508789062500e+02 9.475947265625000000e+02 5.971972045898437500e+02 7.987274780273437500e+02
1.368594726562500000e+03 9.045173339843750000e+02 1.137737548828125000e+03 8.778858642578125000e+02
4.834104309082031250e+02 8.619920654296875000e+02 3.616414184570312500e+02 6.356111450195312500e+02
