1.144514892578125000e+03 9.918428955078125000e+02 6.769086303710937500e+02 5.673102416992187500e+02
1.144514892578125000e+03 9.918428955078125000e+02 6.769086303710937500e+02 5.673102416992187500e+02
1.052692626953125000e+03 9.516089477539062500e+02 7.465761108398437500e+02 5.682617797851562500e+02
1.041580078125000000e+03 9.346864624023437500e+02 7.619873657226562500e+02 5.756814575195312500e+02
1.118633422851562500e+03 8.762246704101562500e+02 7.264843750000000000e+02 6.368983764648437500e+02
1.244267089843750000e+03 9.182185668945312500e+02 6.185120239257812500e+02 6.408758544921875000e+02
1.106171386718750000e+03 8.613189086914062500e+02 7.433788452148437500e+02 6.466519165039062500e+02
6.096681518554687500e+02 8.740451049804687500e+02 7.188110351562500000e+02 5.001267700195312500e+02
1.125303466796875000e+03 9.931353149414062500e+02 6.871455688476562500e+02 5.625418701171875000e+02
1.117759521484375000e+03 8.838527832031250000e+02 7.255622558593750000e+02 6.304334716796875000e+02
1.254059814453125000e+03 9.231051025390625000e+02 6.076474609375000000e+02 6.405064086914062500e+02
1.113873046875000000e+03 8.574238891601562500e+02 7.401948852539062500e+02 6.523301391601562500e+02
1.113873046875000000e+03 8.574238891601562500e+02 7.401948852539062500e+02 6.523301391601562500e+02
1.118895751953125000e+03 8.508503417968750000e+02 7.379192504882812500e+02 6.596651611328125000e+02
1.167840087890625000e+03 7.805982666015625000e+02 7.233200073242187500e+02 7.597670288085937500e+02
1.204269531250000000e+03 7.876608276367187500e+02 6.820851440429687500e+02 7.646340332031250000e+02
6.107330322265625000e+02 8.662850952148437500e+02 7.231217651367187500e+02 5.099418334960937500e+02
1.126820678710937500e+03 1.012649353027343750e+03 6.824517822265625000e+02 5.540565795898437500e+02
1.108450317382812500e+03 9.972860107421875000e+02 6.967086181640625000e+02 5.570017089843750000e+02
1.186639038085937500e+03 9.967453002929687500e+02 6.461835327148437500e+02 5.752846679687500000e+02
1.080337890625000000e+03 9.376195678710937500e+02 7.344253540039062500e+02 5.840459594726562500e+02
1.235897949218750000e+03 9.245028076171875000e+02 6.219597167968750000e+02 6.338029785156250000e+02
1.208505981445312500e+03 9.029866943359375000e+02 6.480192871093750000e+02 6.439490356445312500e+02
1.122072753906250000e+03 8.620849609375000000e+02 7.297990112304687500e+02 6.503579711914062500e+02
1.197543701171875000e+03 8.820513916015625000e+02 6.602320556640625000e+02 6.578779296875000000e+02
1.108769653320312500e+03 8.470380859375000000e+02 7.472427368164062500e+02 6.599951171875000000e+02
1.293059204101562500e+03 8.498876342773437500e+02 5.813905639648437500e+02 7.221101074218750000e+02
1.182804565429687500e+03 7.998809814453125000e+02 6.987174682617187500e+02 7.399118041992187500e+02
1.170433959960937500e+03 7.888684082031250000e+02 7.162886962890625000e+02 7.497061157226562500e+02
1.161361572265625000e+03 7.856462402343750000e+02 7.269967651367187500e+02 7.508232421875000000e+02
1.202314941406250000e+03 7.943188476562500000e+02 6.818453369140625000e+02 7.557916259765625000e+02
1.202314941406250000e+03 7.943188476562500000e+02 6.818453369140625000e+02 7.557916259765625000e+02
1.180275512695312500e+03 7.793255615234375000e+02 7.105667724609375000e+02 7.672747192382812500e+02
1.305559082031250000e+03 8.132459106445312500e+02 5.677752075195312500e+02 7.746841430664062500e+02
1.176116088867187500e+03 7.712215576171875000e+02 7.188347778320312500e+02 7.774936523437500000e+02
1.157966186523437500e+03 1.011537963867187500e+03 6.635361938476562500e+02 5.600111694335937500e+02
1.062718261718750000e+03 9.566433105468750000e+02 7.398099975585937500e+02 5.679163818359375000e+02
1.157662353515625000e+03 9.922592773437500000e+02 6.668706054687500000e+02 5.700770263671875000e+02
1.196193359375000000e+03 9.396675415039062500e+02 6.502206420898437500e+02 6.110386962890625000e+02
1.220854736328125000e+03 9.294367065429687500e+02 6.319166259765625000e+02 6.249166259765625000e+02
1.220854736328125000e+03 9.294367065429687500e+02 6.319166259765625000e+02 6.249166259765625000e+02
1.197142700195312500e+03 9.173494262695312500e+02 6.539414672851562500e+02 6.290499877929687500e+02
1.178657836914062500e+03 9.066804809570312500e+02 6.698756713867187500e+02 6.311358032226562500e+02
1.222649536132812500e+03 9.040209350585937500e+02 6.344793090820312500e+02 6.473537597656250000e+02
1.217775390625000000e+03 8.918593139648437500e+02 6.415927734375000000e+02 6.560114746093750000e+02
1.275310791015625000e+03 8.419997558593750000e+02 5.993889160156250000e+02 7.245923461914062500e+02
1.203525390625000000e+03 7.780147705078125000e+02 6.855963134765625000e+02 7.815838012695312500e+02
1.203525390625000000e+03 7.780147705078125000e+02 6.855963134765625000e+02 7.815838012695312500e+02
1.124785034179687500e+03 7.084896850585937500e+02 8.211445312500000000e+02 8.642344970703125000e+02
1.124785034179687500e+03 7.084896850585937500e+02 8.211445312500000000e+02 8.642344970703125000e+02
1.135255615234375000e+03 7.074777832031250000e+02 8.063144531250000000e+02 8.732390136718750000e+02
1.237400024414062500e+03 7.311859130859375000e+02 6.649530029296875000e+02 8.831119995117187500e+02
1.246343017578125000e+03 8.286782226562500000e+02 6.285122680664062500e+02 7.280490722656250000e+02
1.160652709960937500e+03 7.639749755859375000e+02 7.389146118164062500e+02 7.787301025390625000e+02
1.249114746093750000e+03 9.419854125976562500e+02 6.106713867187500000e+02 6.249691162109375000e+02
1.170761962890625000e+03 7.988659057617187500e+02 7.145279541015625000e+02 7.360536499023437500e+02
1.281099853515625000e+03 8.300491333007812500e+02 5.959189453125000000e+02 7.433891601562500000e+02
1.281377563476562500e+03 8.155167236328125000e+02 5.967443237304687500e+02 7.605140380859375000e+02
1.281377563476562500e+03 8.155167236328125000e+02 5.967443237304687500e+02 7.605140380859375000e+02
1.137626220703125000e+03 8.626922607421875000e+02 7.169136962890625000e+02 6.559675903320312500e+02
1.272946044921875000e+03 8.013007202148437500e+02 6.029318847656250000e+02 7.789052124023437500e+02
1.190513549804687500e+03 7.707753295898437500e+02 7.036380004882812500e+02 7.869786376953125000e+02
1.157626586914062500e+03 8.887967529296875000e+02 6.914262695312500000e+02 6.409412841796875000e+02
1.198230834960937500e+03 8.957976684570312500e+02 6.565050048828125000e+02 6.484249877929687500e+02
