9.449138183593750000e+02 1.041058959960937500e+03 1.068184692382812500e+03 4.809320678710937500e+02
9.167736206054687500e+02 1.050834350585937500e+03 1.085003051757812500e+03 4.846940002441406250e+02
9.167736206054687500e+02 1.050834350585937500e+03 1.085003051757812500e+03 4.846940002441406250e+02
9.269971313476562500e+02 1.025368652343750000e+03 1.071176635742187500e+03 4.906290588378906250e+02
7.934191284179687500e+02 1.012304321289062500e+03 1.137471801757812500e+03 5.316227416992187500e+02
8.595269165039062500e+02 9.526514892578125000e+02 1.082031372070312500e+03 5.386552124023437500e+02
5.055183105468750000e+02 9.864899291992187500e+02 7.981335449218750000e+02 7.346747436523437500e+02
1.008436401367187500e+03 9.266431274414062500e+02 1.033398559570312500e+03 7.485584106445312500e+02
8.914969482421875000e+02 1.048634155273437500e+03 1.096260131835937500e+03 4.909439697265625000e+02
8.914969482421875000e+02 1.048634155273437500e+03 1.096260131835937500e+03 4.909439697265625000e+02
9.082349853515625000e+02 1.029998291015625000e+03 1.082351196289062500e+03 4.932561340332031250e+02
8.090151977539062500e+02 1.011851257324218750e+03 1.130737060546875000e+03 5.278589477539062500e+02
7.754777832031250000e+02 1.014654968261718750e+03 1.148870483398437500e+03 5.357837524414062500e+02
8.436159667968750000e+02 9.549569091796875000e+02 1.091624755859375000e+03 5.427597045898437500e+02
8.278733520507812500e+02 9.576337890625000000e+02 1.100289916992187500e+03 5.462985229492187500e+02
6.536352539062500000e+02 9.854919433593750000e+02 1.217277832031250000e+03 5.911486816406250000e+02
8.052659301757812500e+02 1.039164306640625000e+03 1.139723876953125000e+03 5.162286987304687500e+02
7.480407714843750000e+02 1.043251586914062500e+03 1.169332641601562500e+03 5.311997680664062500e+02
6.974699096679687500e+02 8.195050048828125000e+02 1.140352050781250000e+03 7.220585937500000000e+02
7.108277587890625000e+02 8.078854980468750000e+02 1.125491577148437500e+03 7.247696533203125000e+02
9.860320434570312500e+02 9.477819213867187500e+02 1.033799804687500000e+03 8.159364013671875000e+02
7.143138427734375000e+02 7.444458007812500000e+02 1.082954101562500000e+03 8.268453369140625000e+02
7.141780395507812500e+02 9.544231567382812500e+02 1.173076049804687500e+03 5.877512207031250000e+02
6.686392211914062500e+02 9.797953491210937500e+02 1.209995117187500000e+03 5.903655395507812500e+02
6.870435791015625000e+02 9.366880493164062500e+02 1.188740234375000000e+03 6.113479003906250000e+02
6.849493408203125000e+02 8.210080566406250000e+02 1.154683959960937500e+03 7.256636962890625000e+02
9.865545654296875000e+02 9.355399169921875000e+02 1.040317871093750000e+03 8.059942626953125000e+02
7.379431152343750000e+02 1.020545166015625000e+03 1.168285888671875000e+03 5.446423950195312500e+02
7.723143920898437500e+02 9.950222167968750000e+02 1.146854858398437500e+03 5.466012573242187500e+02
7.076167602539062500e+02 9.381512451171875000e+02 1.176947753906250000e+03 6.006840820312500000e+02
6.521679077148437500e+02 8.638870849609375000e+02 1.197559692382812500e+03 6.932286376953125000e+02
6.918926391601562500e+02 8.892149658203125000e+02 1.166724731445312500e+03 6.479140625000000000e+02
