1.334587402343750000e+03 4.661263732910156250e+02 7.608081054687500000e+02 7.299745941162109375e+01
1.063407104492187500e+03 8.678084106445312500e+02 6.123780517578125000e+02 5.342298583984375000e+02
1.263571411132812500e+03 4.925224914550781250e+02 7.034924316406250000e+02 1.154820938110351562e+02
1.266100463867187500e+03 5.362302246093750000e+02 7.142828369140625000e+02 1.651522674560546875e+02
1.231094238281250000e+03 5.397031860351562500e+02 6.834739990234375000e+02 1.772988739013671875e+02
1.205824096679687500e+03 5.932149658203125000e+02 6.928366699218750000e+02 2.443109436035156250e+02
9.167736206054687500e+02 1.050834350585937500e+03 1.121341064453125000e+03 7.469484252929687500e+02
6.911265869140625000e+02 9.675830078125000000e+02 8.972011108398437500e+02 8.032641601562500000e+02
7.628477172851562500e+02 8.811085815429687500e+02 8.632940673828125000e+02 7.039400024414062500e+02
9.353511962890625000e+02 1.047787841796875000e+03 1.127914916992187500e+03 7.340974731445312500e+02
8.915678100585937500e+02 1.033559082031250000e+03 1.095924560546875000e+03 7.511842041015625000e+02
6.860570068359375000e+02 9.604730834960937500e+02 8.850296630859375000e+02 8.031806640625000000e+02
1.280083251953125000e+03 4.279037170410156250e+02 7.003534545898437500e+02 2.852920341491699219e+01
1.225243774414062500e+03 4.501373901367187500e+02 6.501129150390625000e+02 6.121361160278320312e+01
8.134010009765625000e+02 8.773130493164062500e+02 9.016528930664062500e+02 6.754285278320312500e+02
6.715172729492187500e+02 9.665426635742187500e+02 8.786089477539062500e+02 8.165541992187500000e+02
1.245291748046875000e+03 5.412022094726562500e+02 6.984190673828125000e+02 1.746072082519531250e+02
7.587824096679687500e+02 8.660379028320312500e+02 8.385550537109375000e+02 6.957046508789062500e+02
7.774443969726562500e+02 8.876466064453125000e+02 8.808401489257812500e+02 7.061237792968750000e+02
7.480407714843750000e+02 1.043251586914062500e+03 1.011114685058593750e+03 8.215537719726562500e+02
8.635150146484375000e+02 1.007963928222656250e+03 1.055742065429687500e+03 7.422019042968750000e+02
6.918926391601562500e+02 8.892149658203125000e+02 8.034624023437500000e+02 7.420282592773437500e+02
