4.796465148925781250e+02 5.962548828125000000e+02 6.304615478515625000e+02 4.378316040039062500e+02
6.181741943359375000e+02 5.810249023437500000e+02 7.577718505859375000e+02 4.538733825683593750e+02
4.788554077148437500e+02 6.246292724609375000e+02 6.252269287109375000e+02 4.648394470214843750e+02
6.808354492187500000e+02 5.941005859375000000e+02 8.131510620117187500e+02 4.762877502441406250e+02
1.129810546875000000e+03 4.984865417480468750e+02 1.290210205078125000e+03 4.926461486816406250e+02
4.606225585937500000e+02 6.764487915039062500e+02 5.998631591796875000e+02 5.065699157714843750e+02
1.138136230468750000e+03 5.339953613281250000e+02 1.288618408203125000e+03 5.334083251953125000e+02
1.226842773437500000e+03 5.284676513671875000e+02 1.389486083984375000e+03 5.526369018554687500e+02
1.252837280273437500e+03 5.319454956054687500e+02 1.416647338867187500e+03 5.622339477539062500e+02
9.203231201171875000e+02 5.032977600097656250e+02 1.083395996093750000e+03 6.062510986328125000e+02
1.194708862304687500e+03 5.998657836914062500e+02 1.329872192382812500e+03 6.198336791992187500e+02
1.049917602539062500e+03 4.932201232910156250e+02 1.232922241210937500e+03 6.520593261718750000e+02
1.057980102539062500e+03 5.137221069335937500e+02 1.234785644531250000e+03 6.710174560546875000e+02
8.717822875976562500e+02 6.594121704101562500e+02 9.873396606445312500e+02 6.728828125000000000e+02
7.793076171875000000e+02 6.954039306640625000e+02 8.889393920898437500e+02 6.922578125000000000e+02
7.793076171875000000e+02 6.954039306640625000e+02 8.889393920898437500e+02 6.922578125000000000e+02
7.781926879882812500e+02 7.015532226562500000e+02 8.865030517578125000e+02 6.995014648437500000e+02
7.143138427734375000e+02 7.444458007812500000e+02 8.169874267578125000e+02 7.347128906250000000e+02
7.143138427734375000e+02 7.444458007812500000e+02 8.169874267578125000e+02 7.347128906250000000e+02
1.429172363281250000e+03 6.914898071289062500e+02 1.565631469726562500e+03 7.895515136718750000e+02
7.131741333007812500e+02 8.285120239257812500e+02 7.995126342773437500e+02 8.385601806640625000e+02
6.096681518554687500e+02 8.740451049804687500e+02 6.956878662109375000e+02 8.635147094726562500e+02
8.659703369140625000e+02 9.109546508789062500e+02 9.288792114257812500e+02 9.925728759765625000e+02
1.427824829101562500e+03 2.317039642333984375e+02 1.743391113281250000e+03 2.852020263671875000e+02
5.007485656738281250e+02 5.680733032226562500e+02 6.550521240234375000e+02 4.103240051269531250e+02
4.497755432128906250e+02 5.979165649414062500e+02 6.026145629882812500e+02 4.324624023437500000e+02
7.446364135742187500e+02 5.341445922851562500e+02 8.866956176757812500e+02 4.320573730468750000e+02
6.318538208007812500e+02 5.798636474609375000e+02 7.707187500000000000e+02 4.551247253417968750e+02
6.271987304687500000e+02 5.928580322265625000e+02 7.633672485351562500e+02 4.666285095214843750e+02
5.041175537109375000e+02 6.261199340820312500e+02 6.467393188476562500e+02 4.712601013183593750e+02
1.225243774414062500e+03 4.501373901367187500e+02 1.412528198242187500e+03 4.727885742187500000e+02
4.900915527343750000e+02 6.422995605468750000e+02 6.318418579101562500e+02 4.829227294921875000e+02
1.334587402343750000e+03 4.661263732910156250e+02 1.531571899414062500e+03 5.143308105468750000e+02
1.248153686523437500e+03 5.087554321289062500e+02 1.418438476562500000e+03 5.378677978515625000e+02
1.230421386718750000e+03 5.224259643554687500e+02 1.394362304687500000e+03 5.470314941406250000e+02
1.225356140136718750e+02 8.366901855468750000e+02 2.966149291992187500e+02 5.946795043945312500e+02
9.180054321289062500e+02 4.953459167480468750e+02 1.083340454101562500e+03 5.985455322265625000e+02
9.080961303710937500e+02 5.015976562500000000e+02 1.071304199218750000e+03 6.019527587890625000e+02
9.080961303710937500e+02 5.015976562500000000e+02 1.071304199218750000e+03 6.019527587890625000e+02
1.185324096679687500e+03 5.889114990234375000e+02 1.324600585937500000e+03 6.054705200195312500e+02
1.210796630859375000e+03 5.981199340820312500e+02 1.349801025390625000e+03 6.251107177734375000e+02
9.742904663085937500e+02 4.981854553222656250e+02 1.147457397460937500e+03 6.423391113281250000e+02
1.306372436523437500e+03 6.055779418945312500e+02 1.451540893554687500e+03 6.596718750000000000e+02
8.590441284179687500e+02 6.533718261718750000e+02 9.752493896484375000e+02 6.612376708984375000e+02
8.739788818359375000e+02 6.544507446289062500e+02 9.901157836914062500e+02 6.670693359375000000e+02
8.646306152343750000e+02 6.576392822265625000e+02 9.803450317382812500e+02 6.685245971679687500e+02
1.012053344726562500e+03 5.225433959960937500e+02 1.180710693359375000e+03 6.714381103515625000e+02
1.099828613281250000e+03 5.124678955078125000e+02 1.280272949218750000e+03 6.728287963867187500e+02
7.726741333007812500e+02 6.914385986328125000e+02 8.827683105468750000e+02 6.849555664062500000e+02
8.115143432617187500e+02 6.915451660156250000e+02 9.213358764648437500e+02 6.965643920898437500e+02
8.115143432617187500e+02 6.915451660156250000e+02 9.213358764648437500e+02 6.965643920898437500e+02
7.312526855468750000e+02 7.237909545898437500e+02 8.365733032226562500e+02 7.139273071289062500e+02
7.236001586914062500e+02 7.278987426757812500e+02 8.297501220703125000e+02 7.166863403320312500e+02
7.080092163085937500e+02 7.495205078125000000e+02 8.094685668945312500e+02 7.387958984375000000e+02
6.188358764648437500e+02 7.833618774414062500e+02 7.208430786132812500e+02 7.553114013671875000e+02
6.188358764648437500e+02 7.833618774414062500e+02 7.208430786132812500e+02 7.553114013671875000e+02
6.168345336914062500e+02 7.905347900390625000e+02 7.178156127929687500e+02 7.636801147460937500e+02
1.431457641601562500e+03 6.672397460937500000e+02 1.575047485351562500e+03 7.666743774414062500e+02
6.675983886718750000e+02 7.837902221679687500e+02 7.654320678710937500e+02 7.702692260742187500e+02
6.295372314453125000e+02 7.987871093750000000e+02 7.285411376953125000e+02 7.777415771484375000e+02
8.999929199218750000e+02 7.043715209960937500e+02 1.010193115234375000e+03 7.985501098632812500e+02
8.999929199218750000e+02 7.043715209960937500e+02 1.010193115234375000e+03 7.985501098632812500e+02
1.141038208007812500e+03 6.936328125000000000e+02 1.261340087890625000e+03 8.018782958984375000e+02
1.141038208007812500e+03 6.936328125000000000e+02 1.261340087890625000e+03 8.018782958984375000e+02
1.429034545898437500e+03 7.130289916992187500e+02 1.556268066406250000e+03 8.096123657226562500e+02
6.981529541015625000e+02 8.096430053710937500e+02 7.880841674804687500e+02 8.117675170898437500e+02
1.124785034179687500e+03 7.084896850585937500e+02 1.240856201171875000e+03 8.168049316406250000e+02
1.124785034179687500e+03 7.084896850585937500e+02 1.240856201171875000e+03 8.168049316406250000e+02
1.135255615234375000e+03 7.074777832031250000e+02 1.252592651367187500e+03 8.186395874023437500e+02
7.246737060546875000e+02 8.183949584960937500e+02 8.126127929687500000e+02 8.301057739257812500e+02
7.042476806640625000e+02 8.259951782226562500e+02 7.923079223632812500e+02 8.340385742187500000e+02
1.235494506835937500e+03 7.411686401367187500e+02 1.354364257812500000e+03 8.967723388671875000e+02
1.176116088867187500e+03 7.712215576171875000e+02 1.281738037109375000e+03 9.174421997070312500e+02
7.935981445312500000e+02 8.779490356445312500e+02 8.666905517578125000e+02 9.260623168945312500e+02
1.167840087890625000e+03 7.805982666015625000e+02 1.269901611328125000e+03 9.268708496093750000e+02
1.161361572265625000e+03 7.856462402343750000e+02 1.262772949218750000e+03 9.298813476562500000e+02
1.204269531250000000e+03 7.876608276367187500e+02 1.308524536132812500e+03 9.498477783203125000e+02
1.101267333984375000e+03 8.152150878906250000e+02 1.190598022460937500e+03 9.541954956054687500e+02
1.331748535156250000e+03 7.619331665039062500e+02 1.457852905273437500e+03 9.586420288085937500e+02
1.106171386718750000e+03 8.613189086914062500e+02 1.185667480468750000e+03 1.010958618164062500e+03
1.077637207031250000e+03 8.770143432617187500e+02 1.152852416992187500e+03 1.021977111816406250e+03
1.322224853515625000e+03 8.271256713867187500e+02 1.431883300781250000e+03 1.043927246093750000e+03
1.377061401367187500e+03 5.653639602661132812e+01 1.749579833984375000e+03 5.376905441284179688e+01
1.414255859375000000e+03 8.955838012695312500e+01 1.782832031250000000e+03 1.077821121215820312e+02
4.846008682250976562e+01 3.543134155273437500e+02 2.901006774902343750e+02 1.163653717041015625e+02
1.410810913085937500e+03 1.034236068725585938e+02 1.774158935546875000e+03 1.228885269165039062e+02
1.407589965820312500e+03 1.131881637573242188e+02 1.765527709960937500e+03 1.317828063964843750e+02
1.335423095703125000e+03 1.339702758789062500e+02 1.666060424804687500e+03 1.366142425537109375e+02
1.413573608398437500e+03 2.094009552001953125e+02 1.731162597656250000e+03 2.526635894775390625e+02
6.738330688476562500e+02 5.605986938476562500e+02 8.133222045898437500e+02 4.443533935546875000e+02
6.195168457031250000e+02 5.741622314453125000e+02 7.607299194335937500e+02 4.469451599121093750e+02
6.076188354492187500e+02 5.833745727539062500e+02 7.480130004882812500e+02 4.538062744140625000e+02
7.535260620117187500e+02 5.490123901367187500e+02 8.908394775390625000e+02 4.539245910644531250e+02
4.533703308105468750e+02 6.375238647460937500e+02 6.013470458984375000e+02 4.709085998535156250e+02
1.234199462890625000e+03 4.513826599121093750e+02 1.422707031250000000e+03 4.707763671875000000e+02
6.344761352539062500e+02 5.982188720703125000e+02 7.709226074218750000e+02 4.725631103515625000e+02
1.215567626953125000e+03 4.628838195800781250e+02 1.397586669921875000e+03 4.795090026855468750e+02
1.165606079101562500e+03 4.816219177246093750e+02 1.336330078125000000e+03 4.880486755371093750e+02
5.406107788085937500e+02 6.428842163085937500e+02 6.779130249023437500e+02 4.888123474121093750e+02
1.243380126953125000e+03 4.855293579101562500e+02 1.421738525390625000e+03 5.115152282714843750e+02
1.243380126953125000e+03 4.855293579101562500e+02 1.421738525390625000e+03 5.115152282714843750e+02
1.231094238281250000e+03 5.397031860351562500e+02 1.389428466796875000e+03 5.644167480468750000e+02
1.257879028320312500e+03 5.410043945312500000e+02 1.419064575195312500e+03 5.722359619140625000e+02
1.255551513671875000e+03 5.505435791015625000e+02 1.413726196289062500e+03 5.813121337890625000e+02
1.205824096679687500e+03 5.932149658203125000e+02 1.345374389648437500e+03 6.181266479492187500e+02
9.644020996093750000e+02 4.865877075195312500e+02 1.139848999023437500e+03 6.278661499023437500e+02
1.245985595703125000e+03 6.092259521484375000e+02 1.385052490234375000e+03 6.476569213867187500e+02
1.245985595703125000e+03 6.092259521484375000e+02 1.385052490234375000e+03 6.476569213867187500e+02
7.840040283203125000e+02 6.849916381835937500e+02 8.952426757812500000e+02 6.799138793945312500e+02
7.952728881835937500e+02 6.839627685546875000e+02 9.061096191406250000e+02 6.821755981445312500e+02
7.915553588867187500e+02 6.961054077148437500e+02 9.012100219726562500e+02 6.970184326171875000e+02
7.705558471679687500e+02 7.031152954101562500e+02 8.782494506835937500e+02 6.983739013671875000e+02
7.807078857421875000e+02 7.074010009765625000e+02 8.873087158203125000e+02 7.070265502929687500e+02
6.945015258789062500e+02 7.420332031250000000e+02 7.991946411132812500e+02 7.260991821289062500e+02
6.386325073242187500e+02 7.756826782226562500e+02 7.395558471679687500e+02 7.509650268554687500e+02
6.092648315429687500e+02 7.858416137695312500e+02 7.116314086914062500e+02 7.549433593750000000e+02
6.472892456054687500e+02 7.818530883789062500e+02 7.470917968750000000e+02 7.605576782226562500e+02
6.673030395507812500e+02 7.757062377929687500e+02 7.672040405273437500e+02 7.605651245117187500e+02
6.270474853515625000e+02 7.867722778320312500e+02 7.277177734375000000e+02 7.616132812500000000e+02
6.244047851562500000e+02 8.056526489257812500e+02 7.214467773437500000e+02 7.838920898437500000e+02
6.244047851562500000e+02 8.056526489257812500e+02 7.214467773437500000e+02 7.838920898437500000e+02
1.147544799804687500e+03 6.965794067382812500e+02 1.267021484375000000e+03 8.086753540039062500e+02
7.253914794921875000e+02 7.990088500976562500e+02 8.195505981445312500e+02 8.101961059570312500e+02
1.459146240234375000e+03 7.111704101562500000e+02 1.590313720703125000e+03 8.199866943359375000e+02
1.161087402343750000e+03 7.025150756835937500e+02 1.281057983398437500e+03 8.208928222656250000e+02
7.187825317382812500e+02 8.226088256835937500e+02 8.061991577148437500e+02 8.342862548828125000e+02
7.187825317382812500e+02 8.226088256835937500e+02 8.061991577148437500e+02 8.342862548828125000e+02
1.458175781250000000e+03 7.499698486328125000e+02 1.575352539062500000e+03 8.544937744140625000e+02
5.931455078125000000e+02 9.028760375976562500e+02 6.748235473632812500e+02 8.936832275390625000e+02
6.323148803710937500e+02 9.062598876953125000e+02 7.105086669921875000e+02 9.108863525390625000e+02
7.856842041015625000e+02 8.736199340820312500e+02 8.596878662109375000e+02 9.199017944335937500e+02
1.180275512695312500e+03 7.793255615234375000e+02 1.284694702148437500e+03 9.297235107421875000e+02
9.939498901367187500e+02 8.421986083984375000e+02 1.071913085937500000e+03 9.475875854492187500e+02
9.376244506835937500e+02 8.574932861328125000e+02 1.011485412597656250e+03 9.487888183593750000e+02
1.202314941406250000e+03 7.943188476562500000e+02 1.305204223632812500e+03 9.572172241210937500e+02
1.202314941406250000e+03 7.943188476562500000e+02 1.305204223632812500e+03 9.572172241210937500e+02
1.303808593750000000e+03 7.697113037109375000e+02 1.423463256835937500e+03 9.588398437500000000e+02
9.538273925781250000e+02 8.658374023437500000e+02 1.026432983398437500e+03 9.654418334960937500e+02
9.462287597656250000e+02 8.713934326171875000e+02 1.018191772460937500e+03 9.699540405273437500e+02
1.362851440429687500e+03 7.732408447265625000e+02 1.492347167968750000e+03 9.852561035156250000e+02
1.083857055664062500e+03 8.601547851562500000e+02 1.161697509765625000e+03 1.001725646972656250e+03
1.083857055664062500e+03 8.601547851562500000e+02 1.161697509765625000e+03 1.001725646972656250e+03
1.354163940429687500e+03 7.872456054687500000e+02 1.477668212890625000e+03 1.001145080566406250e+03
1.268839111328125000e+03 8.133620605468750000e+02 1.373482910156250000e+03 1.005156188964843750e+03
1.113873046875000000e+03 8.574238891601562500e+02 1.192557250976562500e+03 1.006983581542968750e+03
1.113873046875000000e+03 8.574238891601562500e+02 1.192557250976562500e+03 1.006983581542968750e+03
1.076978393554687500e+03 8.659183349609375000e+02 1.153947265625000000e+03 1.007014343261718750e+03
1.270049926757812500e+03 8.343493652343750000e+02 1.369688964843750000e+03 1.034070678710937500e+03
1.387539916992187500e+03 5.512962341308593750e+01 1.764299194335937500e+03 5.611130142211914062e+01
1.445981811523437500e+03 5.577910614013671875e+01 1.839039550781250000e+03 7.432810211181640625e+01
5.120154418945312500e+02 5.651906738281250000e+02 6.655021362304687500e+02 4.106548461914062500e+02
5.046120910644531250e+02 5.875520019531250000e+02 6.542786254882812500e+02 4.345197143554687500e+02
5.657285156250000000e+02 5.739625854492187500e+02 7.117361450195312500e+02 4.338471679687500000e+02
1.284080566406250000e+03 4.120972900390625000e+02 1.492883178710937500e+03 4.449484252929687500e+02
4.533552246093750000e+02 6.170994262695312500e+02 6.041111450195312500e+02 4.530579528808593750e+02
7.531144409179687500e+02 5.506913452148437500e+02 8.904420166015625000e+02 4.546065979003906250e+02
6.657826538085937500e+02 5.834953613281250000e+02 8.019737548828125000e+02 4.648743286132812500e+02
1.199786987304687500e+03 4.555842895507812500e+02 1.382428588867187500e+03 4.656684265136718750e+02
5.001048889160156250e+02 6.378262329101562500e+02 6.425903320312500000e+02 4.798114013671875000e+02
1.137430053710937500e+03 4.919097595214843750e+02 1.300760009765625000e+03 4.876532897949218750e+02
4.325418395996093750e+02 6.688759765625000000e+02 5.764329833984375000e+02 4.877975463867187500e+02
4.561248168945312500e+02 6.882618408203125000e+02 5.942832031250000000e+02 5.158820800781250000e+02
1.263571411132812500e+03 4.925224914550781250e+02 1.441643676757812500e+03 5.229623413085937500e+02
1.266100463867187500e+03 5.362302246093750000e+02 1.429690185546875000e+03 5.695701904296875000e+02
1.266100463867187500e+03 5.362302246093750000e+02 1.429690185546875000e+03 5.695701904296875000e+02
1.420039794921875000e+03 4.947746276855468750e+02 1.625755249023437500e+03 5.840307617187500000e+02
1.430502075195312500e+03 4.973808288574218750e+02 1.634200927734375000e+03 5.932975463867187500e+02
1.465481567382812500e+03 5.037721252441406250e+02 1.676807250976562500e+03 6.111960449218750000e+02
1.306218383789062500e+03 5.919052734375000000e+02 1.457968505859375000e+03 6.442078247070312500e+02
8.530904541015625000e+02 6.693029785156250000e+02 9.659785766601562500e+02 6.796138916015625000e+02
8.636776123046875000e+02 6.675361328125000000e+02 9.772460937500000000e+02 6.808971557617187500e+02
6.988699340820312500e+02 7.508544311523437500e+02 8.004982910156250000e+02 7.370405883789062500e+02
7.155413208007812500e+02 7.520664062500000000e+02 8.183553466796875000e+02 7.443706665039062500e+02
9.372598876953125000e+02 6.909803466796875000e+02 1.049067993164062500e+03 7.962272338867187500e+02
1.435813842773437500e+03 7.211292114257812500e+02 1.560034912109375000e+03 8.191551513671875000e+02
6.849493408203125000e+02 8.210080566406250000e+02 7.740296630859375000e+02 8.217377319335937500e+02
6.974699096679687500e+02 8.195050048828125000e+02 7.866596069335937500e+02 8.235119628906250000e+02
1.444274291992187500e+03 7.258140869140625000e+02 1.568219116210937500e+03 8.270993652343750000e+02
1.147562500000000000e+03 7.136547851562500000e+02 1.264468261718750000e+03 8.313793945312500000e+02
1.433884643554687500e+03 7.367179565429687500e+02 1.552668090820312500e+03 8.322537841796875000e+02
1.442681274414062500e+03 7.362401123046875000e+02 1.563120361328125000e+03 8.357813720703125000e+02
1.442681274414062500e+03 7.362401123046875000e+02 1.563120361328125000e+03 8.357813720703125000e+02
1.451683593750000000e+03 7.324434204101562500e+02 1.574284545898437500e+03 8.372569580078125000e+02
9.452797241210937500e+02 7.319767456054687500e+02 1.051209594726562500e+03 8.392185668945312500e+02
1.096990966796875000e+03 6.685659790039062500e+02 1.233720214843750000e+03 8.618980102539062500e+02
1.225287231445312500e+03 7.199244384765625000e+02 1.348352050781250000e+03 8.645258178710937500e+02
1.236165161132812500e+03 7.176879882812500000e+02 1.361666503906250000e+03 8.657186279296875000e+02
6.172839965820312500e+02 8.812601318359375000e+02 7.013935546875000000e+02 8.755117187500000000e+02
1.202589477539062500e+03 7.325511474609375000e+02 1.319932861328125000e+03 8.741143798828125000e+02
5.737243652343750000e+02 9.003054199218750000e+02 6.574538574218750000e+02 8.850890502929687500e+02
1.232070068359375000e+03 7.488003540039062500e+02 1.347388305664062500e+03 9.051198730468750000e+02
6.182764892578125000e+02 9.081779785156250000e+02 6.956981811523437500e+02 9.088792724609375000e+02
7.525249023437500000e+02 8.763104248046875000e+02 8.267745971679687500e+02 9.105762329101562500e+02
7.511905517578125000e+02 8.863286132812500000e+02 8.246077880859375000e+02 9.231525268554687500e+02
7.511905517578125000e+02 8.863286132812500000e+02 8.246077880859375000e+02 9.231525268554687500e+02
7.673539428710937500e+02 9.083295288085937500e+02 8.365875854492187500e+02 9.557546997070312500e+02
4.513723449707031250e+02 9.981856689453125000e+02 5.334292602539062500e+02 9.645938720703125000e+02
1.100695068359375000e+03 8.259400634765625000e+02 1.187233276367187500e+03 9.642869873046875000e+02
1.345754272460937500e+03 7.622677612304687500e+02 1.473334594726562500e+03 9.643894042968750000e+02
1.353834960937500000e+03 7.673363647460937500e+02 1.482276855468750000e+03 9.734885253906250000e+02
1.356217529296875000e+03 7.794865722656250000e+02 1.482901245117187500e+03 9.917980346679687500e+02
1.108769653320312500e+03 8.470380859375000000e+02 1.191989501953125000e+03 9.938952636718750000e+02
8.611734008789062500e+02 9.184906616210937500e+02 9.243485717773437500e+02 1.000271545410156250e+03
7.036388549804687500e+02 9.681992797851562500e+02 7.648285522460937500e+02 1.008546691894531250e+03
7.036388549804687500e+02 9.681992797851562500e+02 7.648285522460937500e+02 1.008546691894531250e+03
6.536352539062500000e+02 9.854919433593750000e+02 7.153881225585937500e+02 1.014527587890625000e+03
1.288286621093750000e+03 8.416068725585937500e+02 1.388545776367187500e+03 1.050204345703125000e+03
1.377793823242187500e+03 4.020342254638671875e+01 1.758887939453125000e+03 3.388881683349609375e+01
1.393565307617187500e+03 9.229922485351562500e+01 1.758025146484375000e+03 1.048079452514648438e+02
1.445406982421875000e+03 8.196543884277343750e+01 1.825293457031250000e+03 1.051057128906250000e+02
1.433152099609375000e+03 9.781554412841796875e+01 1.802245361328125000e+03 1.228063507080078125e+02
5.037520217895507812e+01 3.673042297363281250e+02 2.901496887207031250e+02 1.292654113769531250e+02
1.359616210937500000e+03 1.313319702148437500e+02 1.695886230468750000e+03 1.436309204101562500e+02
3.154114151000976562e+01 3.905112915039062500e+02 2.728401794433593750e+02 1.525332183837890625e+02
1.970005950927734375e+02 4.128757934570312500e+02 4.099140319824218750e+02 2.036030426025390625e+02
2.313591766357421875e+02 4.860858459472656250e+02 4.299504699707031250e+02 2.816113891601562500e+02
2.526501312255859375e+02 5.389011840820312500e+02 4.407321472167968750e+02 3.353236389160156250e+02
1.198854614257812500e+03 3.431964721679687500e+02 1.416828125000000000e+03 3.375939636230468750e+02
5.728258666992187500e+02 5.607228393554687500e+02 7.210864257812500000e+02 4.199687194824218750e+02
1.282981445312500000e+03 3.946814575195312500e+02 1.498919433593750000e+03 4.240566406250000000e+02
1.198497924804687500e+03 4.254852905273437500e+02 1.388583374023437500e+03 4.272456359863281250e+02
1.189197998046875000e+03 4.317108154296875000e+02 1.376172973632812500e+03 4.305890502929687500e+02
1.179110839843750000e+03 4.400948181152343750e+02 1.362272460937500000e+03 4.387613220214843750e+02
5.950087890625000000e+02 5.741970214843750000e+02 7.383721313476562500e+02 4.418412780761718750e+02
5.744408569335937500e+02 5.866431274414062500e+02 7.174981079101562500e+02 4.483527221679687500e+02
5.199929199218750000e+02 6.066203613281250000e+02 6.645136718750000000e+02 4.545767822265625000e+02
5.894901733398437500e+02 5.883439941406250000e+02 7.305056762695312500e+02 4.539407958984375000e+02
1.280083251953125000e+03 4.279037170410156250e+02 1.483621337890625000e+03 4.588105163574218750e+02
6.678332519531250000e+02 5.979993286132812500e+02 8.010957641601562500e+02 4.777674865722656250e+02
6.491694946289062500e+02 6.010070190429687500e+02 7.831376342773437500e+02 4.789129943847656250e+02
6.491694946289062500e+02 6.010070190429687500e+02 7.831376342773437500e+02 4.789129943847656250e+02
4.686684875488281250e+02 6.447814941406250000e+02 6.128630371093750000e+02 4.803028259277343750e+02
1.144099609375000000e+03 4.785617675781250000e+02 1.312584594726562500e+03 4.798386535644531250e+02
5.668304443359375000e+02 6.295687866210937500e+02 7.028708496093750000e+02 4.819100952148437500e+02
1.279049682617187500e+03 4.538242797851562500e+02 1.473018432617187500e+03 4.861176757812500000e+02
4.570357971191406250e+02 6.595324096679687500e+02 6.004581298828125000e+02 4.914065856933593750e+02
1.141225585937500000e+03 5.268720092773437500e+02 1.294058471679687500e+03 5.239943237304687500e+02
1.432370727539062500e+03 5.130510253906250000e+02 1.635761352539062500e+03 6.090714111328125000e+02
1.432370727539062500e+03 5.130510253906250000e+02 1.635761352539062500e+03 6.090714111328125000e+02
9.557224121093750000e+02 4.758238220214843750e+02 1.132832275390625000e+03 6.109528808593750000e+02
1.214332153320312500e+03 5.882061157226562500e+02 1.355712768554687500e+03 6.139618530273437500e+02
1.214332153320312500e+03 5.882061157226562500e+02 1.355712768554687500e+03 6.139618530273437500e+02
9.954158935546875000e+02 5.203624267578125000e+02 1.163101318359375000e+03 6.660081787109375000e+02
1.065915161132812500e+03 5.157133178710937500e+02 1.243779907226562500e+03 6.731382446289062500e+02
6.247348022460937500e+02 7.957379760742187500e+02 7.228975830078125000e+02 7.720630493164062500e+02
6.106878662109375000e+02 8.049738769531250000e+02 7.093953857421875000e+02 7.784541625976562500e+02
1.147039184570312500e+03 6.896213378906250000e+02 1.269377685546875000e+03 7.987815551757812500e+02
1.171382080078125000e+03 6.984823608398437500e+02 1.294585693359375000e+03 8.180247192382812500e+02
6.701106567382812500e+02 8.237488403320312500e+02 7.594833374023437500e+02 8.207460937500000000e+02
7.215767822265625000e+02 8.108408813476562500e+02 8.107543334960937500e+02 8.201301879882812500e+02
7.114041137695312500e+02 8.206837158203125000e+02 7.990042114257812500e+02 8.296087646484375000e+02
1.158810546875000000e+03 7.122598876953125000e+02 1.277845947265625000e+03 8.314341430664062500e+02
1.448892089843750000e+03 7.498624267578125000e+02 1.565494384765625000e+03 8.518871459960937500e+02
7.351833496093750000e+02 8.397807617187500000e+02 8.157723388671875000e+02 8.594996337890625000e+02
6.023065185546875000e+02 8.829725952148437500e+02 6.870097656250000000e+02 8.716165771484375000e+02
1.160652709960937500e+03 7.639749755859375000e+02 1.265298095703125000e+03 9.034000244140625000e+02
1.259470947265625000e+03 7.401497802734375000e+02 1.383088012695312500e+03 9.025671386718750000e+02
1.181291992187500000e+03 7.638583984375000000e+02 1.290748413085937500e+03 9.104137573242187500e+02
7.777457885742187500e+02 8.717562255859375000e+02 8.522241210937500000e+02 9.144074096679687500e+02
7.346232910156250000e+02 8.979361572265625000e+02 8.067244262695312500e+02 9.326943969726562500e+02
1.203525390625000000e+03 7.780147705078125000e+02 1.309146728515625000e+03 9.361607666015625000e+02
1.181338134765625000e+03 7.891581420898437500e+02 1.283564941406250000e+03 9.411273803710937500e+02
7.535023193359375000e+02 9.100411987304687500e+02 8.227487792968750000e+02 9.547210083007812500e+02
1.350955810546875000e+03 7.545839843750000000e+02 1.480886230468750000e+03 9.542615356445312500e+02
9.491640014648437500e+02 8.616127929687500000e+02 1.021654968261718750e+03 9.566615600585937500e+02
1.319082641601562500e+03 7.666874389648437500e+02 1.442205932617187500e+03 9.601996459960937500e+02
4.672649230957031250e+02 9.950201416015625000e+02 5.478317260742187500e+02 9.653741455078125000e+02
9.802578125000000000e+02 8.619211425781250000e+02 1.053692749023437500e+03 9.678942260742187500e+02
1.313196044921875000e+03 7.763603515625000000e+02 1.434922363281250000e+03 9.725145874023437500e+02
4.921533508300781250e+02 9.988958740234375000e+02 5.684685058593750000e+02 9.783233032226562500e+02
1.378705200195312500e+03 7.662583618164062500e+02 1.513422851562500000e+03 9.779835205078125000e+02
5.089188232421875000e+02 9.962540283203125000e+02 5.835986938476562500e+02 9.802862548828125000e+02
5.089188232421875000e+02 9.962540283203125000e+02 5.835986938476562500e+02 9.802862548828125000e+02
1.102542480468750000e+03 8.388132934570312500e+02 1.185175292968750000e+03 9.797725219726562500e+02
8.461908569335937500e+02 9.088099975585937500e+02 9.114294433593750000e+02 9.826798095703125000e+02
1.079092163085937500e+03 8.519732055664062500e+02 1.157701660156250000e+03 9.899844970703125000e+02
1.062714721679687500e+03 8.571092529296875000e+02 1.140957153320312500e+03 9.915998535156250000e+02
6.998370361328125000e+02 9.584367675781250000e+02 7.620573120117187500e+02 9.942926025390625000e+02
7.141780395507812500e+02 9.544231567382812500e+02 7.764020996093750000e+02 9.946013183593750000e+02
8.295583496093750000e+02 9.223635253906250000e+02 8.932244873046875000e+02 9.940466918945312500e+02
6.715172729492187500e+02 9.665426635742187500e+02 7.355756225585937500e+02 9.958476562500000000e+02
1.101021118164062500e+03 8.558930664062500000e+02 1.183641601562500000e+03 1.002063049316406250e+03
1.298578735351562500e+03 8.079500732421875000e+02 1.407624511718750000e+03 1.007346801757812500e+03
1.069362304687500000e+03 8.767765502929687500e+02 1.142356689453125000e+03 1.019199523925781250e+03
1.272546386718750000e+03 8.249425659179687500e+02 1.376629760742187500e+03 1.022485778808593750e+03
1.272546386718750000e+03 8.249425659179687500e+02 1.376629760742187500e+03 1.022485778808593750e+03
8.278733520507812500e+02 9.576337890625000000e+02 8.839735717773437500e+02 1.038350341796875000e+03
8.436159667968750000e+02 9.549569091796875000e+02 8.997488403320312500e+02 1.039973999023437500e+03
5.672789306640625000e+02 1.033453247070312500e+03 6.284157104492187500e+02 1.042882812500000000e+03
5.179338989257812500e+02 1.049058471679687500e+03 5.833670654296875000e+02 1.045510253906250000e+03
1.425438232421875000e+03 6.363475799560546875e+01 1.810146362304687500e+03 7.393489074707031250e+01
1.417229614257812500e+03 8.030173492431640625e+01 1.790303710937500000e+03 8.989070892333984375e+01
1.354364624023437500e+03 9.718961334228515625e+01 1.705416503906250000e+03 9.828485107421875000e+01
1.372224121093750000e+03 9.297064208984375000e+01 1.730118286132812500e+03 9.814939880371093750e+01
1.372224121093750000e+03 9.297064208984375000e+01 1.730118286132812500e+03 9.814939880371093750e+01
1.186067504882812500e+03 1.614848327636718750e+02 1.467529785156250000e+03 1.258158645629882812e+02
1.271644042968750000e+03 1.347059631347656250e+02 1.581844848632812500e+03 1.263306503295898438e+02
1.271644042968750000e+03 1.347059631347656250e+02 1.581844848632812500e+03 1.263306503295898438e+02
1.298609741210937500e+03 1.523736572265625000e+02 1.610918212890625000e+03 1.515626373291015625e+02
1.298609741210937500e+03 1.523736572265625000e+02 1.610918212890625000e+03 1.515626373291015625e+02
2.451883850097656250e+02 3.829990539550781250e+02 4.551053771972656250e+02 1.810944213867187500e+02
1.735847930908203125e+02 4.087897033691406250e+02 3.899515686035156250e+02 1.987984924316406250e+02
1.410242553710937500e+03 2.633078613281250000e+02 1.707046508789062500e+03 3.229530944824218750e+02
1.476538696289062500e+03 2.651438293457031250e+02 1.791440673828125000e+03 3.410840148925781250e+02
1.489060058593750000e+03 2.722104492187500000e+02 1.804155029296875000e+03 3.515793457031250000e+02
1.489060058593750000e+03 2.722104492187500000e+02 1.804155029296875000e+03 3.515793457031250000e+02
1.200579833984375000e+03 3.779934692382812500e+02 1.407007568359375000e+03 3.763291015625000000e+02
4.053714294433593750e+02 5.944761352539062500e+02 5.638430175781250000e+02 4.191521301269531250e+02
7.361311340332031250e+01 6.536265258789062500e+02 2.760096130371093750e+02 4.242346496582031250e+02
4.323074035644531250e+02 5.942455444335937500e+02 5.896870117187500000e+02 4.254846191406250000e+02
1.124977783203125000e+03 4.423563537597656250e+02 1.301341796875000000e+03 4.272053222656250000e+02
1.293361938476562500e+03 4.440685119628906250e+02 1.492975097656250000e+03 4.775788269042968750e+02
1.245291748046875000e+03 5.412022094726562500e+02 1.403978027343750000e+03 5.702160034179687500e+02
6.803528442382812500e+02 8.342388916015625000e+02 7.676536865234375000e+02 8.362420043945312500e+02
6.803528442382812500e+02 8.342388916015625000e+02 7.676536865234375000e+02 8.362420043945312500e+02
7.145085449218750000e+02 8.357442626953125000e+02 7.995904541015625000e+02 8.483767089843750000e+02
7.587824096679687500e+02 8.660379028320312500e+02 8.353667602539062500e+02 8.994768066406250000e+02
1.141490356445312500e+03 7.856102294921875000e+02 1.240482666015625000e+03 9.251941528320312500e+02
1.361513183593750000e+03 7.283208618164062500e+02 1.502364624023437500e+03 9.261896362304687500e+02
7.774443969726562500e+02 8.876466064453125000e+02 8.507816772460937500e+02 9.311223144531250000e+02
8.134010009765625000e+02 8.773130493164062500e+02 8.855930786132812500e+02 9.323966674804687500e+02
1.157880371093750000e+03 7.920920410156250000e+02 1.255392944335937500e+03 9.379033203125000000e+02
1.196296875000000000e+03 7.886258544921875000e+02 1.299021850585937500e+03 9.464942016601562500e+02
1.196296875000000000e+03 7.886258544921875000e+02 1.299021850585937500e+03 9.464942016601562500e+02
9.174516601562500000e+02 8.711984863281250000e+02 9.887888793945312500e+02 9.601134033203125000e+02
9.346461791992187500e+02 8.691126708984375000e+02 1.006870361328125000e+03 9.627322387695312500e+02
6.870435791015625000e+02 9.366880493164062500e+02 7.531008300781250000e+02 9.655953369140625000e+02
6.415538940429687500e+02 9.586049194335937500e+02 7.082840576171875000e+02 9.769493408203125000e+02
6.596054077148437500e+02 9.562589111328125000e+02 7.255628051757812500e+02 9.800175170898437500e+02
9.612397460937500000e+02 8.764002685546875000e+02 1.032029785156250000e+03 9.798607788085937500e+02
6.959680175781250000e+02 9.512661743164062500e+02 7.608809814453125000e+02 9.845744018554687500e+02
6.959680175781250000e+02 9.512661743164062500e+02 7.608809814453125000e+02 9.845744018554687500e+02
1.130146850585937500e+03 8.514942016601562500e+02 1.214912109375000000e+03 1.008848632812500000e+03
1.281377563476562500e+03 8.155167236328125000e+02 1.388024291992187500e+03 1.012164428710937500e+03
1.281377563476562500e+03 8.155167236328125000e+02 1.388024291992187500e+03 1.012164428710937500e+03
1.084990112304687500e+03 8.732548828125000000e+02 1.162373168945312500e+03 1.018733825683593750e+03
5.524049682617187500e+02 1.045841430664062500e+03 6.122967529296875000e+02 1.053260498046875000e+03
1.442510742187500000e+03 6.738846588134765625e+01 1.828407836914062500e+03 8.586968994140625000e+01
1.427459472656250000e+03 1.165503692626953125e+02 1.788437622070312500e+03 1.436082153320312500e+02
1.375786010742187500e+03 2.498196411132812500e+02 1.671670654296875000e+03 2.875845336914062500e+02
1.394624145507812500e+03 2.389841308593750000e+02 1.696250000000000000e+03 2.866223449707031250e+02
6.516044311523437500e+02 5.486085205078125000e+02 7.947918090820312500e+02 4.252027893066406250e+02
1.042514160156250000e+03 7.066571044921875000e+02 1.157707641601562500e+03 8.425305175781250000e+02
1.212133666992187500e+03 7.167368774414062500e+02 1.333906982421875000e+03 8.568289184570312500e+02
1.223140502929687500e+03 7.412432250976562500e+02 1.339952026367187500e+03 8.930917358398437500e+02
5.617874145507812500e+02 9.145740356445312500e+02 6.452578735351562500e+02 8.976766967773437500e+02
5.617874145507812500e+02 9.145740356445312500e+02 6.452578735351562500e+02 8.976766967773437500e+02
1.190513549804687500e+03 7.707753295898437500e+02 1.298114501953125000e+03 9.206693115234375000e+02
1.217276367187500000e+03 7.827326660156250000e+02 1.324747680664062500e+03 9.456930541992187500e+02
1.026506469726562500e+03 8.321939697265625000e+02 1.107297851562500000e+03 9.476624755859375000e+02
4.980988464355468750e+02 9.768631591796875000e+02 5.766643066406250000e+02 9.527823486328125000e+02
4.980988464355468750e+02 9.768631591796875000e+02 5.766643066406250000e+02 9.527823486328125000e+02
1.196641357421875000e+03 8.063139648437500000e+02 1.295294677734375000e+03 9.704508056640625000e+02
7.076167602539062500e+02 9.381512451171875000e+02 7.728383789062500000e+02 9.734304199218750000e+02
1.340653564453125000e+03 7.699412841796875000e+02 1.466025756835937500e+03 9.723475341796875000e+02
1.272946044921875000e+03 8.013007202148437500e+02 1.381480590820312500e+03 9.904044799804687500e+02
8.786375732421875000e+02 9.111232910156250000e+02 9.430753784179687500e+02 9.972294311523437500e+02
1.363662963867187500e+03 7.867421875000000000e+02 1.489847900390625000e+03 1.000184387207031250e+03
8.687175292968750000e+02 9.376079711914062500e+02 9.253046875000000000e+02 1.028274414062500000e+03
1.302067993164062500e+03 8.335053100585937500e+02 1.405338256835937500e+03 1.042112426757812500e+03
1.332621337890625000e+03 1.034667053222656250e+02 1.672638061523437500e+03 9.860456848144531250e+01
1.302611572265625000e+03 1.242603073120117188e+02 1.622788452148437500e+03 1.194618225097656250e+02
1.302611572265625000e+03 1.242603073120117188e+02 1.622788452148437500e+03 1.194618225097656250e+02
1.320283325195312500e+03 1.372795104980468750e+02 1.640990966796875000e+03 1.392559204101562500e+02
1.436855468750000000e+03 2.395866088867187500e+02 1.747360229492187500e+03 3.023109436035156250e+02
1.246970214843750000e+03 5.468237304687500000e+02 1.404203125000000000e+03 5.765909423828125000e+02
1.341845703125000000e+03 6.154801635742187500e+02 1.487488037109375000e+03 6.708461303710937500e+02
1.453840576171875000e+03 7.136615600585937500e+02 1.581275512695312500e+03 8.179467163085937500e+02
4.490000610351562500e+02 9.870050659179687500e+02 5.333181762695312500e+02 9.500891113281250000e+02
1.137626220703125000e+03 8.626922607421875000e+02 1.219881713867187500e+03 1.022672851562500000e+03
1.103825927734375000e+03 8.746782226562500000e+02 1.179785278320312500e+03 1.026364013671875000e+03
1.406883911132812500e+03 1.450074157714843750e+02 1.750919921875000000e+03 1.702211456298828125e+02
1.246006835937500000e+03 3.685023803710937500e+02 1.465979980468750000e+03 3.868804931640625000e+02
1.241670532226562500e+03 5.138704223632812500e+02 1.408616088867187500e+03 5.409528198242187500e+02
6.138060913085937500e+02 8.001798706054687500e+02 7.128904418945312500e+02 7.741062011718750000e+02
6.521679077148437500e+02 8.638870849609375000e+02 7.374208374023437500e+02 8.657170410156250000e+02
7.327011718750000000e+02 8.506398925781250000e+02 8.108155517578125000e+02 8.745429687500000000e+02
1.335509399414062500e+03 7.288842163085937500e+02 1.473807373046875000e+03 9.198594360351562500e+02
8.901571044921875000e+02 8.862065429687500000e+02 9.569095458984375000e+02 9.663286132812500000e+02
5.323807983398437500e+02 1.009159973144531250e+03 5.992211303710937500e+02 1.004904541015625000e+03
6.161945190429687500e+02 1.011270568847656250e+03 6.760568237304687500e+02 1.032076904296875000e+03
6.161945190429687500e+02 1.011270568847656250e+03 6.760568237304687500e+02 1.032076904296875000e+03
2.319085235595703125e+02 4.124627075195312500e+02 4.397257080078125000e+02 2.082583770751953125e+02
1.331176391601562500e+03 2.045830841064453125e+02 1.625712402343750000e+03 2.209959259033203125e+02
1.129800537109375000e+03 8.157667236328125000e+02 1.222868041992187500e+03 9.614820556640625000e+02
1.359600952148437500e+03 1.179680404663085938e+02 1.704202636718750000e+03 1.240987472534179688e+02
2.475779266357421875e+02 5.196018066406250000e+02 4.383936767578125000e+02 3.146722717285156250e+02
1.142118652343750000e+03 7.462553710937500000e+02 1.255625488281250000e+03 8.718289794921875000e+02
1.301572265625000000e+03 7.132121582031250000e+02 1.435630737304687500e+03 8.842714843750000000e+02
1.186761230468750000e+03 7.885744018554687500e+02 1.289989746093750000e+03 9.449244384765625000e+02
5.770606079101562500e+02 9.766348266601562500e+02 6.478958129882812500e+02 9.775342407226562500e+02
5.770606079101562500e+02 9.766348266601562500e+02 6.478958129882812500e+02 9.775342407226562500e+02
1.407841918945312500e+03 2.777364807128906250e+02 1.699425781250000000e+03 3.346791381835937500e+02
1.234972167968750000e+03 4.228020324707031250e+02 1.435284057617187500e+03 4.307301025390625000e+02
1.462693847656250000e+03 2.446502990722656250e+02 1.795268432617187500e+03 3.314736328125000000e+02
8.003242187500000000e+02 5.531584472656250000e+02 9.366041259765625000e+02 4.993986206054687500e+02
3.885583190917968750e+02 7.341620483398437500e+02 5.258880615234375000e+02 6.028413085937500000e+02
