6.181741943359375000e+02 5.810249023437500000e+02 6.852934570312500000e+02 4.925288085937500000e+02
4.788554077148437500e+02 6.246292724609375000e+02 5.501533813476562500e+02 5.135817260742187500e+02
7.840040283203125000e+02 6.849916381835937500e+02 8.233508911132812500e+02 6.866865234375000000e+02
7.793076171875000000e+02 6.954039306640625000e+02 8.170119628906250000e+02 6.963860473632812500e+02
7.143138427734375000e+02 7.444458007812500000e+02 7.471736450195312500e+02 7.434425048828125000e+02
1.429172363281250000e+03 6.914898071289062500e+02 1.478222045898437500e+03 7.443709716796875000e+02
7.246737060546875000e+02 8.183949584960937500e+02 7.472947387695312500e+02 8.326122436523437500e+02
5.096331481933593750e+02 9.819515380859375000e+02 5.259000244140625000e+02 9.765020751953125000e+02
5.007485656738281250e+02 5.680733032226562500e+02 5.784296875000000000e+02 4.575757141113281250e+02
4.497755432128906250e+02 5.979165649414062500e+02 5.243653564453125000e+02 4.827929992675781250e+02
4.796465148925781250e+02 5.962548828125000000e+02 5.536848144531250000e+02 4.861416625976562500e+02
6.318538208007812500e+02 5.798636474609375000e+02 6.982774658203125000e+02 4.927359924316406250e+02
6.271987304687500000e+02 5.928580322265625000e+02 6.910846557617187500e+02 5.043767089843750000e+02
5.041175537109375000e+02 6.261199340820312500e+02 5.726713256835937500e+02 5.181580200195312500e+02
5.380428466796875000e+02 6.308740844726562500e+02 6.047562866210937500e+02 5.229525756835937500e+02
4.900915527343750000e+02 6.422995605468750000e+02 5.579949340820312500e+02 5.311262207031250000e+02
4.606225585937500000e+02 6.764487915039062500e+02 5.269656982421875000e+02 5.585899658203125000e+02
1.205824096679687500e+03 5.932149658203125000e+02 1.267139892578125000e+03 6.062263183593750000e+02
1.194708862304687500e+03 5.998657836914062500e+02 1.251642211914062500e+03 6.088552856445312500e+02
1.225356140136718750e+02 8.366901855468750000e+02 2.081010894775390625e+02 6.712714233398437500e+02
7.601602172851562500e+02 6.986016845703125000e+02 7.985970458984375000e+02 6.984319458007812500e+02
7.915553588867187500e+02 6.961054077148437500e+02 8.282833251953125000e+02 7.005284423828125000e+02
7.705558471679687500e+02 7.031152954101562500e+02 8.072885131835937500e+02 7.054343872070312500e+02
7.807078857421875000e+02 7.074010009765625000e+02 8.165852661132812500e+02 7.126928100585937500e+02
1.431457641601562500e+03 6.672397460937500000e+02 1.484145751953125000e+03 7.204262084960937500e+02
7.236001586914062500e+02 7.278987426757812500e+02 7.587365112304687500e+02 7.253135375976562500e+02
7.202361450195312500e+02 7.331967773437500000e+02 7.545757446289062500e+02 7.313007812500000000e+02
7.080092163085937500e+02 7.495205078125000000e+02 7.402012329101562500e+02 7.480889892578125000e+02
6.168345336914062500e+02 7.905347900390625000e+02 6.490673217773437500e+02 7.791527709960937500e+02
6.319100952148437500e+02 7.929086914062500000e+02 6.627252807617187500e+02 7.851126098632812500e+02
6.295372314453125000e+02 7.987871093750000000e+02 6.603433227539062500e+02 7.919709472656250000e+02
6.981529541015625000e+02 8.096430053710937500e+02 7.217368774414062500e+02 8.168455810546875000e+02
7.108277587890625000e+02 8.078854980468750000e+02 7.345072631835937500e+02 8.170504150390625000e+02
7.131741333007812500e+02 8.285120239257812500e+02 7.330818481445312500e+02 8.415926513671875000e+02
6.919989013671875000e+02 8.491702270507812500e+02 7.116766967773437500e+02 8.615494995117187500e+02
5.840100708007812500e+02 8.980328979492187500e+02 6.044277343750000000e+02 8.973400268554687500e+02
7.935981445312500000e+02 8.779490356445312500e+02 8.023729248046875000e+02 9.152815551757812500e+02
5.780467529296875000e+02 9.164244384765625000e+02 5.964377441406250000e+02 9.192633056640625000e+02
6.525848999023437500e+02 9.539630737304687500e+02 6.614136962890625000e+02 9.743891601562500000e+02
5.055183105468750000e+02 9.864899291992187500e+02 5.212556762695312500e+02 9.825718994140625000e+02
1.433152099609375000e+03 9.781554412841796875e+01 1.632085205078125000e+03 1.208386154174804688e+02
1.426305053710937500e+03 1.738287658691406250e+02 1.600377807617187500e+03 2.053333740234375000e+02
1.212112670898437500e+03 3.981925659179687500e+02 1.313422485351562500e+03 4.009356384277343750e+02
1.225243774414062500e+03 4.501373901367187500e+02 1.315479614257812500e+03 4.580549316406250000e+02
6.610507812500000000e+02 5.589959106445312500e+02 7.294152221679687500e+02 4.752939453125000000e+02
6.738330688476562500e+02 5.605986938476562500e+02 7.403652343750000000e+02 4.795799560546875000e+02
6.195168457031250000e+02 5.741622314453125000e+02 6.879149780273437500e+02 4.853197631835937500e+02
6.076188354492187500e+02 5.833745727539062500e+02 6.752830200195312500e+02 4.930587158203125000e+02
1.248494628906250000e+03 4.829901733398437500e+02 1.335855712890625000e+03 4.967209472656250000e+02
5.773799438476562500e+02 6.127763671875000000e+02 6.422872924804687500e+02 5.131845703125000000e+02
4.533703308105468750e+02 6.375238647460937500e+02 5.245444335937500000e+02 5.212322387695312500e+02
5.406107788085937500e+02 6.428842163085937500e+02 6.067983398437500000e+02 5.346354370117187500e+02
8.530904541015625000e+02 6.693029785156250000e+02 8.925750732421875000e+02 6.802510986328125000e+02
8.636776123046875000e+02 6.675361328125000000e+02 9.029110717773437500e+02 6.806822509765625000e+02
6.838455200195312500e+02 7.432944335937500000e+02 7.184040527343750000e+02 7.363766479492187500e+02
6.945015258789062500e+02 7.420332031250000000e+02 7.289235229492187500e+02 7.370646362304687500e+02
9.142807617187500000e+02 6.709199829101562500e+02 9.471553955078125000e+02 7.475417480468750000e+02
9.142807617187500000e+02 6.709199829101562500e+02 9.471553955078125000e+02 7.475417480468750000e+02
7.155413208007812500e+02 7.520664062500000000e+02 7.475106811523437500e+02 7.527045288085937500e+02
6.386325073242187500e+02 7.756826782226562500e+02 6.712928466796875000e+02 7.659292602539062500e+02
6.673030395507812500e+02 7.757062377929687500e+02 6.980328369140625000e+02 7.719619140625000000e+02
6.092648315429687500e+02 7.858416137695312500e+02 6.424332275390625000e+02 7.723828125000000000e+02
6.472892456054687500e+02 7.818530883789062500e+02 6.785006713867187500e+02 7.741134033203125000e+02
6.270474853515625000e+02 7.867722778320312500e+02 6.588969116210937500e+02 7.770035400390625000e+02
6.772747802734375000e+02 7.813999023437500000e+02 7.066755981445312500e+02 7.805620727539062500e+02
6.503831176757812500e+02 7.921296386718750000e+02 6.799678955078125000e+02 7.876779174804687500e+02
1.442681274414062500e+03 7.362401123046875000e+02 1.481119750976562500e+03 7.883062133789062500e+02
1.442681274414062500e+03 7.362401123046875000e+02 1.481119750976562500e+03 7.883062133789062500e+02
1.458175781250000000e+03 7.499698486328125000e+02 1.494814819335937500e+03 8.041828613281250000e+02
7.253914794921875000e+02 7.990088500976562500e+02 7.494199218750000000e+02 8.098917846679687500e+02
6.702071533203125000e+02 8.347690429687500000e+02 6.928861083984375000e+02 8.407277832031250000e+02
6.801319580078125000e+02 8.415776977539062500e+02 7.017847900390625000e+02 8.502553710937500000e+02
7.516917724609375000e+02 8.566524047851562500e+02 7.652759399414062500e+02 8.820745849609375000e+02
7.641354370117187500e+02 8.722467041015625000e+02 7.766173095703125000e+02 9.023934936523437500e+02
1.101267333984375000e+03 8.152150878906250000e+02 1.113747924804687500e+03 9.019752807617187500e+02
5.931455078125000000e+02 9.028760375976562500e+02 6.110197143554687500e+02 9.032761230468750000e+02
5.808068847656250000e+02 9.085678100585937500e+02 5.996695556640625000e+02 9.089949951171875000e+02
5.808068847656250000e+02 9.085678100585937500e+02 5.996695556640625000e+02 9.089949951171875000e+02
7.856842041015625000e+02 8.736199340820312500e+02 7.965911254882812500e+02 9.093410034179687500e+02
6.182764892578125000e+02 9.081779785156250000e+02 6.340600585937500000e+02 9.154522094726562500e+02
6.323148803710937500e+02 9.062598876953125000e+02 6.483835449218750000e+02 9.161910400390625000e+02
9.376244506835937500e+02 8.574932861328125000e+02 9.457960815429687500e+02 9.184733276367187500e+02
8.008143310546875000e+02 8.822487182617187500e+02 8.088457641601562500e+02 9.208687133789062500e+02
6.076951904296875000e+02 9.146655273437500000e+02 6.240023193359375000e+02 9.211840820312500000e+02
5.817357788085937500e+02 9.238731079101562500e+02 5.991918334960937500e+02 9.265854492187500000e+02
7.915647583007812500e+02 8.887857666015625000e+02 8.001394042968750000e+02 9.269377441406250000e+02
1.268839111328125000e+03 8.133620605468750000e+02 1.283398193359375000e+03 9.301968994140625000e+02
9.538273925781250000e+02 8.658374023437500000e+02 9.589964599609375000e+02 9.326596069335937500e+02
5.911228027343750000e+02 9.343442382812500000e+02 6.074945678710937500e+02 9.400918579101562500e+02
1.272546386718750000e+03 8.249425659179687500e+02 1.283332275390625000e+03 9.462620849609375000e+02
4.847445983886718750e+02 9.892306518554687500e+02 5.017467041015625000e+02 9.824984130859375000e+02
4.486727905273437500e+02 1.013220336914062500e+03 4.663022155761718750e+02 1.002696960449218750e+03
1.023716491699218750e+03 9.232010498046875000e+02 1.019509948730468750e+03 1.012563476562500000e+03
1.032821899414062500e+03 9.282290039062500000e+02 1.026655395507812500e+03 1.019441101074218750e+03
1.215316162109375000e+03 3.044184570312500000e+02 1.338018554687500000e+03 3.035227050781250000e+02
1.215316162109375000e+03 3.044184570312500000e+02 1.338018554687500000e+03 3.035227050781250000e+02
1.189197998046875000e+03 4.317108154296875000e+02 1.284189331054687500e+03 4.304988403320312500e+02
5.120154418945312500e+02 5.651906738281250000e+02 5.890908203125000000e+02 4.569177856445312500e+02
5.657285156250000000e+02 5.739625854492187500e+02 6.377640991210937500e+02 4.762316894531250000e+02
5.046120910644531250e+02 5.875520019531250000e+02 5.783645019531250000e+02 4.808604736328125000e+02
6.657826538085937500e+02 5.834953613281250000e+02 7.316280517578125000e+02 5.002259521484375000e+02
6.344761352539062500e+02 5.982188720703125000e+02 6.994185791015625000e+02 5.111036682128906250e+02
5.001048889160156250e+02 6.378262329101562500e+02 5.690668945312500000e+02 5.275377807617187500e+02
1.266100463867187500e+03 5.362302246093750000e+02 1.339776733398437500e+03 5.519763793945312500e+02
1.214332153320312500e+03 5.882061157226562500e+02 1.274486206054687500e+03 5.999234619140625000e+02
1.214332153320312500e+03 5.882061157226562500e+02 1.274486206054687500e+03 5.999234619140625000e+02
1.245985595703125000e+03 6.092259521484375000e+02 1.303895385742187500e+03 6.282578735351562500e+02
7.356949462890625000e+02 7.366232299804687500e+02 7.682406616210937500e+02 7.376633300781250000e+02
6.988699340820312500e+02 7.508544311523437500e+02 7.310430908203125000e+02 7.475007934570312500e+02
1.435813842773437500e+03 7.211292114257812500e+02 1.476071899414062500e+03 7.748114013671875000e+02
5.934726562500000000e+02 7.956839599609375000e+02 6.260824584960937500e+02 7.804408569335937500e+02
6.247348022460937500e+02 7.957379760742187500e+02 6.542811279296875000e+02 7.872214965820312500e+02
6.247348022460937500e+02 7.957379760742187500e+02 6.542811279296875000e+02 7.872214965820312500e+02
1.451720458984375000e+03 7.330029907226562500e+02 1.489949096679687500e+03 7.909660034179687500e+02
6.244047851562500000e+02 8.056526489257812500e+02 6.544743041992187500e+02 7.986797485351562500e+02
7.239129028320312500e+02 7.961710205078125000e+02 7.490247802734375000e+02 8.085347290039062500e+02
1.123008178710937500e+03 7.434308471679687500e+02 1.146667724609375000e+03 8.208524169921875000e+02
7.215767822265625000e+02 8.108408813476562500e+02 7.432970581054687500e+02 8.227901000976562500e+02
6.849493408203125000e+02 8.210080566406250000e+02 7.077145996093750000e+02 8.280058593750000000e+02
6.974699096679687500e+02 8.195050048828125000e+02 7.203524169921875000e+02 8.289487915039062500e+02
1.338424072265625000e+03 7.529828491210937500e+02 1.365565673828125000e+03 8.741466674804687500e+02
1.181338134765625000e+03 7.891581420898437500e+02 1.198151733398437500e+03 8.872783813476562500e+02
7.525249023437500000e+02 8.763104248046875000e+02 7.638522949218750000e+02 9.039910888671875000e+02
9.939498901367187500e+02 8.421986083984375000e+02 1.003816650390625000e+03 9.122016601562500000e+02
1.102542480468750000e+03 8.388132934570312500e+02 1.109195068359375000e+03 9.298827514648437500e+02
1.298578735351562500e+03 8.079500732421875000e+02 1.312888793945312500e+03 9.312304077148437500e+02
9.802578125000000000e+02 8.619211425781250000e+02 9.839322509765625000e+02 9.341723632812500000e+02
7.768068847656250000e+02 9.010969848632812500e+02 7.834403076171875000e+02 9.382703857421875000e+02
7.899311523437500000e+02 8.986170654296875000e+02 7.956899414062500000e+02 9.395615844726562500e+02
1.062714721679687500e+03 8.571092529296875000e+02 1.069665893554687500e+03 9.429523315429687500e+02
8.596502685546875000e+02 8.960458374023437500e+02 8.627036132812500000e+02 9.480374145507812500e+02
1.130146850585937500e+03 8.514942016601562500e+02 1.134857177734375000e+03 9.502485961914062500e+02
1.069362304687500000e+03 8.767765502929687500e+02 1.072409057617187500e+03 9.682794189453125000e+02
8.295583496093750000e+02 9.223635253906250000e+02 8.322211303710937500e+02 9.720219116210937500e+02
8.433488159179687500e+02 9.195458984375000000e+02 8.446903686523437500e+02 9.727381591796875000e+02
6.998370361328125000e+02 9.584367675781250000e+02 7.032731933593750000e+02 9.906173706054687500e+02
1.020244995117187500e+03 9.130559082031250000e+02 1.015739379882812500e+03 1.000936767578125000e+03
1.197543701171875000e+03 8.820513916015625000e+02 1.197076293945312500e+03 1.000615600585937500e+03
6.536352539062500000e+02 9.854919433593750000e+02 6.579172363281250000e+02 1.010647949218750000e+03
1.217775390625000000e+03 8.918593139648437500e+02 1.215118896484375000e+03 1.015066040039062500e+03
1.016592346191406250e+03 9.330044555664062500e+02 1.009852722167968750e+03 1.021433898925781250e+03
1.208505981445312500e+03 9.029866943359375000e+02 1.203241333007812500e+03 1.028452514648437500e+03
1.043791381835937500e+03 9.452044067382812500e+02 1.035812866210937500e+03 1.043146850585937500e+03
1.197142700195312500e+03 9.173494262695312500e+02 1.190734375000000000e+03 1.041629516601562500e+03
1.027588745117187500e+03 9.499696655273437500e+02 1.019380187988281250e+03 1.044519653320312500e+03
1.229336547851562500e+03 9.142410888671875000e+02 1.223675537109375000e+03 1.044337036132812500e+03
5.365609130859375000e+02 1.042236694335937500e+03 5.429693603515625000e+02 1.051491699218750000e+03
1.354364624023437500e+03 9.718961334228515625e+01 1.543594848632812500e+03 1.068087768554687500e+02
1.198854614257812500e+03 3.431964721679687500e+02 1.313508300781250000e+03 3.397983703613281250e+02
1.282981445312500000e+03 3.946814575195312500e+02 1.388628417968750000e+03 4.127405395507812500e+02
1.198497924804687500e+03 4.254852905273437500e+02 1.295365600585937500e+03 4.247652282714843750e+02
1.179110839843750000e+03 4.400948181152343750e+02 1.269938232421875000e+03 4.365240783691406250e+02
1.187616577148437500e+03 4.584743652343750000e+02 1.272965332031250000e+03 4.583961486816406250e+02
5.728258666992187500e+02 5.607228393554687500e+02 6.458050537109375000e+02 4.626428222656250000e+02
6.304127807617187500e+02 5.637315063476562500e+02 6.970714721679687500e+02 4.760440063476562500e+02
5.744408569335937500e+02 5.866431274414062500e+02 6.438956298828125000e+02 4.899839172363281250e+02
5.894901733398437500e+02 5.883439941406250000e+02 6.570362548828125000e+02 4.944082031250000000e+02
5.199929199218750000e+02 6.066203613281250000e+02 5.903981933593750000e+02 5.003575134277343750e+02
4.533552246093750000e+02 6.170994262695312500e+02 5.269759521484375000e+02 5.026486511230468750e+02
6.491694946289062500e+02 6.010070190429687500e+02 7.127446289062500000e+02 5.154135131835937500e+02
6.491694946289062500e+02 6.010070190429687500e+02 7.127446289062500000e+02 5.154135131835937500e+02
3.436620788574218750e+02 6.607418212890625000e+02 4.222986450195312500e+02 5.206461181640625000e+02
1.141225585937500000e+03 5.268720092773437500e+02 1.212212890625000000e+03 5.205926513671875000e+02
5.668304443359375000e+02 6.295687866210937500e+02 6.323745727539062500e+02 5.260663452148437500e+02
4.686684875488281250e+02 6.447814941406250000e+02 5.381095581054687500e+02 5.300357666015625000e+02
4.570357971191406250e+02 6.595324096679687500e+02 5.260026245117187500e+02 5.422974853515625000e+02
1.432370727539062500e+03 5.130510253906250000e+02 1.522501708984375000e+03 5.703381347656250000e+02
1.465481567382812500e+03 5.037721252441406250e+02 1.561765136718750000e+03 5.704934082031250000e+02
1.058836517333984375e+02 8.489833984375000000e+02 1.887519836425781250e+02 6.807362060546875000e+02
1.132689941406250000e+03 6.938969726562500000e+02 1.166675292968750000e+03 7.631490478515625000e+02
6.106878662109375000e+02 8.049738769531250000e+02 6.411513671875000000e+02 7.943351440429687500e+02
1.448892089843750000e+03 7.498624267578125000e+02 1.484699462890625000e+03 8.038132324218750000e+02
6.701106567382812500e+02 8.237488403320312500e+02 6.933309326171875000e+02 8.285729980468750000e+02
7.114041137695312500e+02 8.206837158203125000e+02 7.336035766601562500e+02 8.325773315429687500e+02
7.351833496093750000e+02 8.397807617187500000e+02 7.502985839843750000e+02 8.595029907226562500e+02
6.816072387695312500e+02 8.508649291992187500e+02 7.009521484375000000e+02 8.610190429687500000e+02
1.141490356445312500e+03 7.856102294921875000e+02 1.160246337890625000e+03 8.752568969726562500e+02
6.023065185546875000e+02 8.829725952148437500e+02 6.223635864257812500e+02 8.823347778320312500e+02
1.157880371093750000e+03 7.920920410156250000e+02 1.175564208984375000e+03 8.862722778320312500e+02
1.319082641601562500e+03 7.666874389648437500e+02 1.343892578125000000e+03 8.856596679687500000e+02
5.737243652343750000e+02 9.003054199218750000e+02 5.924848632812500000e+02 8.988168334960937500e+02
7.777457885742187500e+02 8.717562255859375000e+02 7.885902709960937500e+02 9.048485107421875000e+02
8.134010009765625000e+02 8.773130493164062500e+02 8.216803588867187500e+02 9.192816162109375000e+02
9.491640014648437500e+02 8.616127929687500000e+02 9.554636230468750000e+02 9.261082153320312500e+02
7.346232910156250000e+02 8.979361572265625000e+02 7.452217407226562500e+02 9.262161865234375000e+02
7.535023193359375000e+02 9.100411987304687500e+02 7.619666748046875000e+02 9.445384521484375000e+02
8.461908569335937500e+02 9.088099975585937500e+02 8.496212158203125000e+02 9.597630615234375000e+02
5.049981994628906250e+02 9.713289794921875000e+02 5.225599975585937500e+02 9.658043212890625000e+02
5.049981994628906250e+02 9.713289794921875000e+02 5.225599975585937500e+02 9.658043212890625000e+02
8.611734008789062500e+02 9.184906616210937500e+02 8.626422729492187500e+02 9.748656005859375000e+02
6.596054077148437500e+02 9.562589111328125000e+02 6.665144042968750000e+02 9.788447265625000000e+02
6.752994384765625000e+02 9.529312133789062500e+02 6.817640380859375000e+02 9.791715087890625000e+02
4.672649230957031250e+02 9.950201416015625000e+02 4.867992858886718750e+02 9.854732666015625000e+02
7.141780395507812500e+02 9.544231567382812500e+02 7.181157836914062500e+02 9.876219482421875000e+02
8.547473144531250000e+02 9.291026000976562500e+02 8.530162963867187500e+02 9.867830200195312500e+02
1.111170288085937500e+03 8.864194335937500000e+02 1.111764038085937500e+03 9.872380371093750000e+02
4.378891601562500000e+02 1.005330993652343750e+03 4.588983764648437500e+02 9.913992919921875000e+02
6.715172729492187500e+02 9.665426635742187500e+02 6.764358520507812500e+02 9.910651855468750000e+02
8.964056396484375000e+02 9.276821289062500000e+02 8.943291625976562500e+02 9.928833618164062500e+02
4.921533508300781250e+02 9.988958740234375000e+02 5.081386108398437500e+02 9.947603149414062500e+02
1.000721984863281250e+03 9.215409545898437500e+02 9.977296752929687500e+02 1.005037536621093750e+03
6.389420776367187500e+02 9.868189697265625000e+02 6.450597534179687500e+02 1.009115844726562500e+03
6.861312255859375000e+02 9.774591674804687500e+02 6.897968750000000000e+02 1.007977478027343750e+03
8.278733520507812500e+02 9.576337890625000000e+02 8.261511230468750000e+02 1.013530822753906250e+03
1.080337890625000000e+03 9.376195678710937500e+02 1.071215087890625000e+03 1.041261230468750000e+03
1.165034301757812500e+03 9.238818359375000000e+02 1.159868041992187500e+03 1.041678833007812500e+03
1.442510742187500000e+03 6.738846588134765625e+01 1.653807128906250000e+03 8.698010253906250000e+01
1.445406982421875000e+03 8.196543884277343750e+01 1.650994140625000000e+03 1.059039840698242188e+02
1.427459472656250000e+03 1.165503692626953125e+02 1.619046386718750000e+03 1.443971557617187500e+02
1.283630371093750000e+03 1.389754791259765625e+02 1.451903930664062500e+03 1.466997070312500000e+02
1.298609741210937500e+03 1.523736572265625000e+02 1.466317138671875000e+03 1.575530242919921875e+02
1.298609741210937500e+03 1.523736572265625000e+02 1.466317138671875000e+03 1.575530242919921875e+02
1.489060058593750000e+03 2.722104492187500000e+02 1.652955688476562500e+03 3.257406921386718750e+02
1.200579833984375000e+03 3.779934692382812500e+02 1.307597900390625000e+03 3.763093261718750000e+02
1.124977783203125000e+03 4.423563537597656250e+02 1.214139526367187500e+03 4.302278442382812500e+02
1.124977783203125000e+03 4.423563537597656250e+02 1.214139526367187500e+03 4.302278442382812500e+02
1.279049682617187500e+03 4.538242797851562500e+02 1.371055786132812500e+03 4.706242065429687500e+02
4.053714294433593750e+02 5.944761352539062500e+02 4.842134094238281250e+02 4.725452880859375000e+02
4.323074035644531250e+02 5.942455444335937500e+02 5.110513916015625000e+02 4.768803405761718750e+02
6.678332519531250000e+02 5.979993286132812500e+02 7.314917602539062500e+02 5.141971435546875000e+02
1.452866210937500000e+03 5.126709594726562500e+02 1.544115112304687500e+03 5.746431274414062500e+02
1.231764526367187500e+03 5.881994628906250000e+02 1.293819091796875000e+03 6.032021484375000000e+02
6.583446655273437500e+02 8.335194702148437500e+02 6.824186401367187500e+02 8.361741333007812500e+02
6.583446655273437500e+02 8.335194702148437500e+02 6.824186401367187500e+02 8.361741333007812500e+02
1.223140502929687500e+03 7.412432250976562500e+02 1.250879394531250000e+03 8.379117431640625000e+02
6.803528442382812500e+02 8.342388916015625000e+02 7.021126098632812500e+02 8.421541137695312500e+02
6.803528442382812500e+02 8.342388916015625000e+02 7.021126098632812500e+02 8.421541137695312500e+02
7.145085449218750000e+02 8.357442626953125000e+02 7.343161010742187500e+02 8.504626464843750000e+02
1.190513549804687500e+03 7.707753295898437500e+02 1.210516357421875000e+03 8.668822021484375000e+02
1.217276367187500000e+03 7.827326660156250000e+02 1.235557128906250000e+03 8.862741699218750000e+02
1.196296875000000000e+03 7.886258544921875000e+02 1.214715209960937500e+03 8.886266479492187500e+02
1.196296875000000000e+03 7.886258544921875000e+02 1.214715209960937500e+03 8.886266479492187500e+02
7.587824096679687500e+02 8.660379028320312500e+02 7.719059448242187500e+02 8.930328369140625000e+02
5.952211303710937500e+02 9.101493530273437500e+02 6.132975463867187500e+02 9.132210693359375000e+02
1.272946044921875000e+03 8.013007202148437500e+02 1.290314697265625000e+03 9.197022705078125000e+02
7.774443969726562500e+02 8.876466064453125000e+02 7.875968627929687500e+02 9.212581176757812500e+02
7.774443969726562500e+02 8.876466064453125000e+02 7.875968627929687500e+02 9.212581176757812500e+02
9.174516601562500000e+02 8.711984863281250000e+02 9.235421142578125000e+02 9.313392944335937500e+02
9.346461791992187500e+02 8.691126708984375000e+02 9.405415039062500000e+02 9.322434692382812500e+02
1.281377563476562500e+03 8.155167236328125000e+02 1.295571777343750000e+03 9.375263061523437500e+02
9.612397460937500000e+02 8.764002685546875000e+02 9.648920288085937500e+02 9.465087890625000000e+02
6.870435791015625000e+02 9.366880493164062500e+02 6.930412597656250000e+02 9.622869873046875000e+02
1.302067993164062500e+03 8.335053100585937500e+02 1.312147216796875000e+03 9.632702636718750000e+02
1.084990112304687500e+03 8.732548828125000000e+02 1.089162231445312500e+03 9.667989501953125000e+02
6.959680175781250000e+02 9.512661743164062500e+02 7.031884765625000000e+02 9.771024780273437500e+02
6.959680175781250000e+02 9.512661743164062500e+02 7.031884765625000000e+02 9.771024780273437500e+02
6.415538940429687500e+02 9.586049194335937500e+02 6.483140258789062500e+02 9.781826782226562500e+02
6.686392211914062500e+02 9.797953491210937500e+02 6.708022460937500000e+02 1.007066650390625000e+03
5.179338989257812500e+02 1.049058471679687500e+03 5.256354370117187500e+02 1.054605102539062500e+03
5.524049682617187500e+02 1.045841430664062500e+03 5.561555175781250000e+02 1.061175415039062500e+03
5.131473388671875000e+02 1.064686523437500000e+03 5.217529296875000000e+02 1.071829467773437500e+03
1.186067504882812500e+03 1.614848327636718750e+02 1.340199829101562500e+03 1.455767974853515625e+02
1.320283325195312500e+03 1.372795104980468750e+02 1.490464233398437500e+03 1.480389709472656250e+02
6.516044311523437500e+02 5.486085205078125000e+02 7.222575073242187500e+02 4.618981628417968750e+02
1.293361938476562500e+03 4.440685119628906250e+02 1.392085205078125000e+03 4.625712280273437500e+02
5.361093750000000000e+02 6.143861083984375000e+02 6.047274169921875000e+02 5.091201171875000000e+02
1.246970214843750000e+03 5.468237304687500000e+02 1.317404541015625000e+03 5.611069335937500000e+02
1.117547729492187500e+03 7.246888427734375000e+02 1.143897216796875000e+03 7.946042480468750000e+02
1.042514160156250000e+03 7.066571044921875000e+02 1.067820190429687500e+03 7.996394653320312500e+02
1.361513183593750000e+03 7.283208618164062500e+02 1.397611938476562500e+03 8.441430664062500000e+02
1.340653564453125000e+03 7.699412841796875000e+02 1.365189575195312500e+03 8.949338378906250000e+02
5.617874145507812500e+02 9.145740356445312500e+02 5.818076171875000000e+02 9.112006835937500000e+02
5.617874145507812500e+02 9.145740356445312500e+02 5.818076171875000000e+02 9.112006835937500000e+02
1.089066772460937500e+03 8.367006225585937500e+02 1.096228393554687500e+03 9.235025024414062500e+02
4.980988464355468750e+02 9.768631591796875000e+02 5.151060791015625000e+02 9.699785766601562500e+02
4.980988464355468750e+02 9.768631591796875000e+02 5.151060791015625000e+02 9.699785766601562500e+02
7.076167602539062500e+02 9.381512451171875000e+02 7.126932373046875000e+02 9.681299438476562500e+02
8.687175292968750000e+02 9.376079711914062500e+02 8.648273925781250000e+02 1.000543273925781250e+03
8.687175292968750000e+02 9.376079711914062500e+02 8.648273925781250000e+02 1.000543273925781250e+03
8.885637817382812500e+02 9.449179687500000000e+02 8.841632690429687500e+02 1.011165588378906250e+03
5.667302856445312500e+02 1.016107360839843750e+03 5.714550781250000000e+02 1.027963867187500000e+03
1.332621337890625000e+03 1.034667053222656250e+02 1.515901245117187500e+03 1.075550842285156250e+02
1.537801879882812500e+03 1.313147277832031250e+02 1.750034057617187500e+03 1.139744796752929688e+02
1.537801879882812500e+03 1.313147277832031250e+02 1.750034057617187500e+03 1.139744796752929688e+02
1.302611572265625000e+03 1.242603073120117188e+02 1.474712402343750000e+03 1.289921417236328125e+02
1.436855468750000000e+03 2.395866088867187500e+02 1.596117431640625000e+03 2.851651306152343750e+02
1.341845703125000000e+03 6.154801635742187500e+02 1.403666992187500000e+03 6.430865478515625000e+02
1.316868164062500000e+03 7.504967651367187500e+02 1.346625366210937500e+03 8.676344604492187500e+02
1.026506469726562500e+03 8.321939697265625000e+02 1.038901245117187500e+03 9.056376342773437500e+02
1.396484375000000000e+03 7.709108886718750000e+02 1.424138305664062500e+03 9.060485839843750000e+02
1.137626220703125000e+03 8.626922607421875000e+02 1.141479858398437500e+03 9.650698852539062500e+02
4.490000610351562500e+02 9.870050659179687500e+02 4.707352294921875000e+02 9.715243530273437500e+02
1.103825927734375000e+03 8.746782226562500000e+02 1.105854980468750000e+03 9.717291259765625000e+02
5.234040527343750000e+02 9.802816162109375000e+02 5.379055786132812500e+02 9.816154174804687500e+02
5.234040527343750000e+02 9.802816162109375000e+02 5.379055786132812500e+02 9.816154174804687500e+02
6.643161010742187500e+02 1.000451171875000000e+03 6.677374877929687500e+02 1.029685791015625000e+03
6.643161010742187500e+02 1.000451171875000000e+03 6.677374877929687500e+02 1.029685791015625000e+03
1.239283325195312500e+03 3.299294433593750000e+02 1.360924072265625000e+03 3.294821166992187500e+02
1.246006835937500000e+03 3.685023803710937500e+02 1.356492675781250000e+03 3.817245178222656250e+02
1.341761352539062500e+03 4.449183044433593750e+02 1.437869140625000000e+03 4.720198669433593750e+02
1.241670532226562500e+03 5.138704223632812500e+02 1.318491333007812500e+03 5.271018676757812500e+02
6.138060913085937500e+02 8.001798706054687500e+02 6.446250610351562500e+02 7.895252075195312500e+02
6.138060913085937500e+02 8.001798706054687500e+02 6.446250610351562500e+02 7.895252075195312500e+02
1.335509399414062500e+03 7.288842163085937500e+02 1.367611450195312500e+03 8.436751098632812500e+02
1.124922119140625000e+03 7.702523803710937500e+02 1.146874145507812500e+03 8.518912353515625000e+02
6.521679077148437500e+02 8.638870849609375000e+02 6.725047607421875000e+02 8.718396606445312500e+02
1.235857666015625000e+03 8.036258544921875000e+02 1.249865722656250000e+03 9.148538818359375000e+02
1.235857666015625000e+03 8.036258544921875000e+02 1.249865722656250000e+03 9.148538818359375000e+02
8.901571044921875000e+02 8.862065429687500000e+02 8.929067993164062500e+02 9.413979492187500000e+02
1.365686523437500000e+03 9.041245460510253906e+00 1.579909179687500000e+03 1.059124755859375000e+01
1.365469970703125000e+03 1.313537406921386719e+01 1.579909179687500000e+03 1.059124755859375000e+01
1.331176391601562500e+03 2.045830841064453125e+02 1.486886718750000000e+03 2.194209594726562500e+02
4.938770141601562500e+02 6.070838623046875000e+02 5.677713012695312500e+02 4.989810180664062500e+02
6.161945190429687500e+02 1.011270568847656250e+03 6.199039306640625000e+02 1.031491821289062500e+03
6.161945190429687500e+02 1.011270568847656250e+03 6.199039306640625000e+02 1.031491821289062500e+03
1.359600952148437500e+03 1.179680404663085938e+02 1.544933715820312500e+03 1.295638427734375000e+02
1.186761230468750000e+03 7.885744018554687500e+02 1.206026611328125000e+03 8.875463256835937500e+02
1.129800537109375000e+03 8.157667236328125000e+02 1.143428833007812500e+03 9.095450439453125000e+02
1.020012451171875000e+03 8.674597167968750000e+02 1.023245483398437500e+03 9.463757934570312500e+02
1.304666992187500000e+03 8.413670654296875000e+02 1.313164550781250000e+03 9.730586547851562500e+02
1.465379150390625000e+03 1.009714126586914062e+02 1.666228759765625000e+03 1.360421752929687500e+02
1.407841918945312500e+03 2.777364807128906250e+02 1.556273315429687500e+03 3.203601074218750000e+02
1.142118652343750000e+03 7.462553710937500000e+02 1.169107788085937500e+03 8.281768798828125000e+02
6.918926391601562500e+02 8.892149658203125000e+02 7.088313598632812500e+02 9.050928344726562500e+02
5.770606079101562500e+02 9.766348266601562500e+02 5.886316528320312500e+02 9.852233276367187500e+02
5.770606079101562500e+02 9.766348266601562500e+02 5.886316528320312500e+02 9.852233276367187500e+02
7.708296508789062500e+02 9.475947265625000000e+02 7.723281250000000000e+02 9.885355834960937500e+02
1.234972167968750000e+03 4.228020324707031250e+02 1.334000488281250000e+03 4.263896484375000000e+02
1.300118652343750000e+03 4.955631713867187500e+02 1.387541748046875000e+03 5.147044677734375000e+02
9.407042236328125000e+02 9.248898315429687500e+02 9.449860839843750000e+02 9.808921508789062500e+02
8.003242187500000000e+02 5.531584472656250000e+02 8.670822753906250000e+02 5.166082763671875000e+02
8.015184936523437500e+02 8.115618896484375000e+02 8.257923583984375000e+02 8.472332153320312500e+02
3.885583190917968750e+02 7.341620483398437500e+02 4.505463867187500000e+02 6.465365600585937500e+02
