9.451046142578125000e+02 9.584421997070312500e+02 6.254956665039062500e+02 6.408319091796875000e+02
1.045743286132812500e+03 8.857775878906250000e+02 6.732662963867187500e+02 7.047626342773437500e+02
1.049981079101562500e+03 7.214799194335937500e+02 8.514440917968750000e+02 7.127561645507812500e+02
1.175829833984375000e+03 8.152742309570312500e+02 7.304492187500000000e+02 8.184058837890625000e+02
1.267059448242187500e+03 6.546579589843750000e+02 9.165654907226562500e+02 4.170077514648437500e+02
9.498863525390625000e+02 7.044106445312500000e+02 8.727593994140625000e+02 6.325676879882812500e+02
9.360975341796875000e+02 9.219896850585937500e+02 6.553536987304687500e+02 6.341544799804687500e+02
9.434753417968750000e+02 8.911791381835937500e+02 6.815179443359375000e+02 6.366602783203125000e+02
9.901689453125000000e+02 7.990722045898437500e+02 7.631764526367187500e+02 6.652918090820312500e+02
9.957187500000000000e+02 7.930939331054687500e+02 7.697977905273437500e+02 6.694956054687500000e+02
1.047878295898437500e+03 8.726445922851562500e+02 6.832339477539062500e+02 7.072291259765625000e+02
1.071172607421875000e+03 8.857243652343750000e+02 6.680675048828125000e+02 7.238246459960937500e+02
1.075285644531250000e+03 9.089639892578125000e+02 6.472509155273437500e+02 7.258525390625000000e+02
1.073891479492187500e+03 8.567355346679687500e+02 6.955681762695312500e+02 7.278611450195312500e+02
1.077478149414062500e+03 8.939279174804687500e+02 6.598340454101562500e+02 7.281346435546875000e+02
1.077478149414062500e+03 8.939279174804687500e+02 6.598340454101562500e+02 7.281346435546875000e+02
1.072287109375000000e+03 7.431514892578125000e+02 8.235404052734375000e+02 7.305460815429687500e+02
1.094489257812500000e+03 8.829166259765625000e+02 6.680065307617187500e+02 7.418605346679687500e+02
1.087543701171875000e+03 7.236279907226562500e+02 8.496872558593750000e+02 7.453207397460937500e+02
1.135523681640625000e+03 8.158713378906250000e+02 7.335848999023437500e+02 7.816352539062500000e+02
1.181670288085937500e+03 8.383488769531250000e+02 7.033518066406250000e+02 8.207218017578125000e+02
1.242804199218750000e+03 7.749816284179687500e+02 7.723096313476562500e+02 8.975435791015625000e+02
9.282510375976562500e+02 7.052836914062500000e+02 8.718785400390625000e+02 6.172913818359375000e+02
9.957919311523437500e+02 8.075099487304687500e+02 7.552135009765625000e+02 6.704418334960937500e+02
1.054043090820312500e+03 8.824060058593750000e+02 6.739314575195312500e+02 7.116654663085937500e+02
1.064654296875000000e+03 8.621610717773437500e+02 6.927111206054687500e+02 7.197244262695312500e+02
1.086071533203125000e+03 8.881858520507812500e+02 6.638457031250000000e+02 7.351119384765625000e+02
1.087759765625000000e+03 8.735655517578125000e+02 6.779224243164062500e+02 7.372297973632812500e+02
1.080619873046875000e+03 7.282843627929687500e+02 8.428672485351562500e+02 7.390096435546875000e+02
1.085507568359375000e+03 7.441843872070312500e+02 8.216402587890625000e+02 7.424224243164062500e+02
1.095579223632812500e+03 7.202019653320312500e+02 8.532720336914062500e+02 7.533464355468750000e+02
1.100082641601562500e+03 7.490989379882812500e+02 8.155483398437500000e+02 7.550833740234375000e+02
1.122803100585937500e+03 8.129512939453125000e+02 7.378250732421875000e+02 7.701289062500000000e+02
1.137507324218750000e+03 8.020203857421875000e+02 7.486788330078125000e+02 7.843826904296875000e+02
1.137507324218750000e+03 8.020203857421875000e+02 7.486788330078125000e+02 7.843826904296875000e+02
1.131206542968750000e+03 6.805734863281250000e+02 9.111500854492187500e+02 7.929712524414062500e+02
1.146620239257812500e+03 7.990952758789062500e+02 7.508809204101562500e+02 7.935523681640625000e+02
1.146620239257812500e+03 7.990952758789062500e+02 7.508809204101562500e+02 7.935523681640625000e+02
1.144085571289062500e+03 6.828476562500000000e+02 9.085177001953125000e+02 8.066878051757812500e+02
1.167692871093750000e+03 8.346676025390625000e+02 7.072117309570312500e+02 8.087077026367187500e+02
1.168279052734375000e+03 8.094752197265625000e+02 7.371747436523437500e+02 8.120980834960937500e+02
1.168279052734375000e+03 8.094752197265625000e+02 7.371747436523437500e+02 8.120980834960937500e+02
1.176220947265625000e+03 8.444755859375000000e+02 6.964010620117187500e+02 8.150169067382812500e+02
1.157574340820312500e+03 6.954165039062500000e+02 8.895091552734375000e+02 8.187481689453125000e+02
1.176700317382812500e+03 8.047191162109375000e+02 7.412253417968750000e+02 8.214199829101562500e+02
1.182751708984375000e+03 8.130590820312500000e+02 7.314086914062500000e+02 8.260339355468750000e+02
1.199628662109375000e+03 8.293236694335937500e+02 7.101237182617187500e+02 8.397108764648437500e+02
1.278102661132812500e+03 7.772393798828125000e+02 7.694277954101562500e+02 9.368212280273437500e+02
9.295081176757812500e+02 8.890167236328125000e+02 6.844356079101562500e+02 6.271459350585937500e+02
9.532446289062500000e+02 9.086431884765625000e+02 6.620804443359375000e+02 6.434415283203125000e+02
9.888020629882812500e+02 7.585712890625000000e+02 8.084930419921875000e+02 6.629141235351562500e+02
9.886636962890625000e+02 9.432626342773437500e+02 6.295383911132812500e+02 6.667438964843750000e+02
1.015195373535156250e+03 7.732968750000000000e+02 7.892937622070312500e+02 6.836619262695312500e+02
1.051020874023437500e+03 8.592046508789062500e+02 6.976740722656250000e+02 7.095977172851562500e+02
1.065952514648437500e+03 8.494557495117187500e+02 7.049864501953125000e+02 7.200285644531250000e+02
1.099850952148437500e+03 7.363624267578125000e+02 8.318535766601562500e+02 7.558956909179687500e+02
1.115556396484375000e+03 8.953583374023437500e+02 6.522741088867187500e+02 7.581265258789062500e+02
1.191402099609375000e+03 6.872357788085937500e+02 9.044373168945312500e+02 8.584953002929687500e+02
1.191402099609375000e+03 6.872357788085937500e+02 9.044373168945312500e+02 8.584953002929687500e+02
1.226726562500000000e+03 7.728765869140625000e+02 7.778541870117187500e+02 8.794470825195312500e+02
1.248435180664062500e+03 7.829003295898437500e+02 7.625471191406250000e+02 9.011680908203125000e+02
1.239642211914062500e+03 7.529585571289062500e+02 8.047254638671875000e+02 8.985533447265625000e+02
1.248650634765625000e+03 7.714435424804687500e+02 7.774493408203125000e+02 9.050002441406250000e+02
1.254771606445312500e+03 7.451853027343750000e+02 8.153241577148437500e+02 9.193041381835937500e+02
1.285636474609375000e+03 7.735029296875000000e+02 7.727648315429687500e+02 9.484646606445312500e+02
1.285636474609375000e+03 7.735029296875000000e+02 7.727648315429687500e+02 9.484646606445312500e+02
1.301381713867187500e+03 6.100097656250000000e+02 1.069017456054687500e+03 1.047666870117187500e+03
9.923549194335937500e+02 7.797623901367187500e+02 7.824611816406250000e+02 6.682695922851562500e+02
1.044429199218750000e+03 9.172968750000000000e+02 6.465354003906250000e+02 7.038182983398437500e+02
1.062183593750000000e+03 8.769736328125000000e+02 6.781469116210937500e+02 7.182875976562500000e+02
1.058646484375000000e+03 7.509287719726562500e+02 8.164795532226562500e+02 7.179723510742187500e+02
1.064135253906250000e+03 7.091815795898437500e+02 8.672451782226562500e+02 7.237815551757812500e+02
1.080151367187500000e+03 9.182667236328125000e+02 6.373623046875000000e+02 7.309482421875000000e+02
1.085535278320312500e+03 8.599620361328125000e+02 6.904396362304687500e+02 7.368353881835937500e+02
1.084551147460937500e+03 6.985156860351562500e+02 8.823696899414062500e+02 7.440424804687500000e+02
1.100197143554687500e+03 8.777756347656250000e+02 6.710924682617187500e+02 7.472023315429687500e+02
1.090688720703125000e+03 7.291113281250000000e+02 8.422239379882812500e+02 7.490508422851562500e+02
1.109262573242187500e+03 6.792393188476562500e+02 9.100612182617187500e+02 7.694588623046875000e+02
1.126338989257812500e+03 8.013392944335937500e+02 7.505498657226562500e+02 7.729052734375000000e+02
1.155090942382812500e+03 8.437974243164062500e+02 7.004795532226562500e+02 7.962164306640625000e+02
1.160364135742187500e+03 8.288084716796875000e+02 7.158049926757812500e+02 8.014425048828125000e+02
1.159540405273437500e+03 7.933659667968750000e+02 7.580900268554687500e+02 8.058218383789062500e+02
1.146572265625000000e+03 5.614435424804687500e+02 1.129531005859375000e+03 8.352459106445312500e+02
1.211344604492187500e+03 8.312746582031250000e+02 7.057894287109375000e+02 8.511707153320312500e+02
1.211344604492187500e+03 8.312746582031250000e+02 7.057894287109375000e+02 8.511707153320312500e+02
1.214387817382812500e+03 7.706824340820312500e+02 7.827766723632812500e+02 8.656468505859375000e+02
1.238821044921875000e+03 7.737727050781250000e+02 7.751858520507812500e+02 8.928610839843750000e+02
1.229088378906250000e+03 6.379941406250000000e+02 9.938214721679687500e+02 9.221352539062500000e+02
1.269512939453125000e+03 7.828262329101562500e+02 7.613870849609375000e+02 9.264787597656250000e+02
1.230016479492187500e+03 6.214089965820312500e+02 1.027719116210937500e+03 9.296010131835937500e+02
9.701673583984375000e+02 9.206260375976562500e+02 6.505803833007812500e+02 6.551129760742187500e+02
1.010827758789062500e+03 7.918884887695312500e+02 7.692377929687500000e+02 6.788343505859375000e+02
1.081563476562500000e+03 7.117564086914062500e+02 8.642478637695312500e+02 7.416597290039062500e+02
1.096737060546875000e+03 7.412811889648437500e+02 8.246614379882812500e+02 7.513001708984375000e+02
1.142495239257812500e+03 7.921484985351562500e+02 7.600703735351562500e+02 7.888995971679687500e+02
1.153772705078125000e+03 6.885750122070312500e+02 9.013237915039062500e+02 8.148164062500000000e+02
1.153772705078125000e+03 6.885750122070312500e+02 9.013237915039062500e+02 8.148164062500000000e+02
1.178079956054687500e+03 8.244812011718750000e+02 7.188984985351562500e+02 8.198621215820312500e+02
1.178079956054687500e+03 8.244812011718750000e+02 7.188984985351562500e+02 8.198621215820312500e+02
1.187819946289062500e+03 8.082042846679687500e+02 7.353837280273437500e+02 8.320737915039062500e+02
1.175392211914062500e+03 6.649827880859375000e+02 9.371506958007812500e+02 8.468783569335937500e+02
1.245060791015625000e+03 7.638131713867187500e+02 7.898329467773437500e+02 9.016068725585937500e+02
1.257293457031250000e+03 7.888439941406250000e+02 7.542652587890625000e+02 9.094051513671875000e+02
1.245261962890625000e+03 7.392349243164062500e+02 8.235477294921875000e+02 9.104828491210937500e+02
1.273147216796875000e+03 7.672156982421875000e+02 7.821160888671875000e+02 9.369190673828125000e+02
1.282502075195312500e+03 7.838205566406250000e+02 7.582544555664062500e+02 9.427144775390625000e+02
1.060786865234375000e+03 7.297854003906250000e+02 8.400437622070312500e+02 7.233147583007812500e+02
1.145708251953125000e+03 8.154168701171875000e+02 7.329157104492187500e+02 7.917281494140625000e+02
1.130922485351562500e+03 6.583955078125000000e+02 9.423323974609375000e+02 7.928308105468750000e+02
1.143371826171875000e+03 6.981565551757812500e+02 8.893053588867187500e+02 8.006414794921875000e+02
1.145329589843750000e+03 6.699382934570312500e+02 9.265651245117187500e+02 8.091723022460937500e+02
1.190906250000000000e+03 8.414671630859375000e+02 6.976716918945312500e+02 8.306591796875000000e+02
1.182284301757812500e+03 6.872118530273437500e+02 9.073807983398437500e+02 8.487676391601562500e+02
1.182284301757812500e+03 6.872118530273437500e+02 9.073807983398437500e+02 8.487676391601562500e+02
1.235744140625000000e+03 7.867695922851562500e+02 7.588970947265625000e+02 8.850831298828125000e+02
1.250768676757812500e+03 8.019277954101562500e+02 7.375523071289062500e+02 8.998818969726562500e+02
1.265039672851562500e+03 7.533205566406250000e+02 8.033324584960937500e+02 9.313555297851562500e+02
9.982126464843750000e+02 7.143753662109375000e+02 8.597028198242187500e+02 6.695134277343750000e+02
1.161481445312500000e+03 7.478453979492187500e+02 8.153521118164062500e+02 8.173114624023437500e+02
1.158078247070312500e+03 6.264680175781250000e+02 9.951750488281250000e+02 8.302210693359375000e+02
8.368392333984375000e+02 9.077379150390625000e+02 1.102528808593750000e+03 9.406370849609375000e+02
1.254483886718750000e+03 7.697589111328125000e+02 7.824982910156250000e+02 9.133877563476562500e+02
1.244983276367187500e+03 6.932385253906250000e+02 8.958842773437500000e+02 9.313656616210937500e+02
