1.081937011718750000e+03 8.188532714843750000e+02 6.661540527343750000e+02 4.222681884765625000e+02
1.181980712890625000e+03 5.972888183593750000e+02 5.167379150390625000e+02 5.719145507812500000e+02
7.614180297851562500e+02 5.842630615234375000e+02 9.443407592773437500e+02 5.796189575195312500e+02
7.679259643554687500e+02 5.423560180664062500e+02 9.596445922851562500e+02 6.262926025390625000e+02
7.700892944335937500e+02 5.364074707031250000e+02 9.584131469726562500e+02 6.341624755859375000e+02
1.108172729492187500e+03 6.068609619140625000e+02 5.987362670898437500e+02 5.616068115234375000e+02
1.071267700195312500e+03 5.396125488281250000e+02 6.161016235351562500e+02 6.362838745117187500e+02
1.089291870117187500e+03 5.386452636718750000e+02 5.953491210937500000e+02 6.378276977539062500e+02
1.089291870117187500e+03 5.386452636718750000e+02 5.953491210937500000e+02 6.378276977539062500e+02
1.156634887695312500e+03 5.318164672851562500e+02 5.064034423828125000e+02 6.492459106445312500e+02
7.807977905273437500e+02 5.235725708007812500e+02 9.556500244140625000e+02 6.503923339843750000e+02
7.807977905273437500e+02 5.235725708007812500e+02 9.556500244140625000e+02 6.503923339843750000e+02
7.848351440429687500e+02 4.748362731933593750e+02 9.762716674804687500e+02 7.262286987304687500e+02
1.083053955078125000e+03 4.724012756347656250e+02 5.683585815429687500e+02 7.446741943359375000e+02
1.196181518554687500e+03 6.131579589843750000e+02 5.074390258789062500e+02 5.583507690429687500e+02
7.759387207031250000e+02 5.447730102539062500e+02 9.499734497070312500e+02 6.243838500976562500e+02
1.014315368652343750e+03 4.852260131835937500e+02 6.717519531250000000e+02 7.168443603515625000e+02
1.007116699218750000e+03 4.813100280761718750e+02 6.805859375000000000e+02 7.231658935546875000e+02
1.014709228515625000e+03 4.752823181152343750e+02 6.672462158203125000e+02 7.375206909179687500e+02
1.012862792968750000e+03 4.623255004882812500e+02 6.673518066406250000e+02 7.596759033203125000e+02
1.006462158203125000e+03 4.590398254394531250e+02 6.760802001953125000e+02 7.666795043945312500e+02
1.088693115234375000e+03 4.576620483398437500e+02 5.482138671875000000e+02 7.751793212890625000e+02
1.063181762695312500e+03 7.811767578125000000e+02 8.538542480468750000e+02 8.139229125976562500e+02
1.164362915039062500e+03 5.294846191406250000e+02 4.944865112304687500e+02 6.530335083007812500e+02
1.073935791015625000e+03 5.180091552734375000e+02 6.061882324218750000e+02 6.668927001953125000e+02
1.021205200195312500e+03 4.617311096191406250e+02 6.546648559570312500e+02 7.623886108398437500e+02
1.065326904296875000e+03 8.012680053710937500e+02 8.328259887695312500e+02 8.155361328125000000e+02
9.964259643554687500e+02 4.264676818847656250e+02 6.815344848632812500e+02 8.377857666015625000e+02
9.966599121093750000e+02 4.177070007324218750e+02 6.788864135742187500e+02 8.638142089843750000e+02
1.072050048828125000e+03 5.290123901367187500e+02 6.101240234375000000e+02 6.509556274414062500e+02
1.061501342773437500e+03 5.198900146484375000e+02 6.199408569335937500e+02 6.642451782226562500e+02
1.081501708984375000e+03 4.039277648925781250e+02 5.193222656250000000e+02 9.120023803710937500e+02
1.081501708984375000e+03 4.039277648925781250e+02 5.193222656250000000e+02 9.120023803710937500e+02
1.300856811523437500e+03 6.401865234375000000e+02 1.025461791992187500e+03 5.221827392578125000e+02
3.452274169921875000e+02 6.768640747070312500e+02 2.046153869628906250e+02 5.543318481445312500e+02
