7.700892944335937500e+02 5.364074707031250000e+02 8.088859252929687500e+02 6.543537597656250000e+02
7.487875976562500000e+02 5.963793945312500000e+02 1.187092285156250000e+03 7.195734863281250000e+02
6.580491333007812500e+02 4.204531860351562500e+02 1.040769287109375000e+03 6.325893554687500000e+02
6.256558837890625000e+02 6.110960693359375000e+02 7.854108276367187500e+02 7.963174438476562500e+02
7.807977905273437500e+02 5.235725708007812500e+02 8.004645385742187500e+02 6.402265625000000000e+02
8.166361083984375000e+02 7.140290527343750000e+02 1.046923950195312500e+03 7.433289184570312500e+02
1.013009582519531250e+03 6.765622558593750000e+02 1.113718994140625000e+03 6.244591674804687500e+02
9.726433715820312500e+02 6.802694091796875000e+02 1.097764404296875000e+03 6.457216186523437500e+02
6.839405517578125000e+02 5.186857910156250000e+02 1.231785278320312500e+03 7.101834716796875000e+02
6.839405517578125000e+02 5.186857910156250000e+02 1.231785278320312500e+03 7.101834716796875000e+02
8.385311279296875000e+02 7.149322509765625000e+02 1.060948364257812500e+03 7.323918457031250000e+02
8.251549072265625000e+02 2.500674743652343750e+02 8.967737426757812500e+02 3.377991943359375000e+02
1.361744995117187500e+03 7.069233398437500000e+02 1.278942871093750000e+03 5.175669555664062500e+02
1.219768798828125000e+03 1.182896804809570312e+02 4.664291076660156250e+02 1.415706787109375000e+02
1.225916015625000000e+03 1.453054504394531250e+02 4.871195373535156250e+02 1.684342193603515625e+02
1.209324829101562500e+03 1.474023590087890625e+02 4.698141479492187500e+02 1.773582611083984375e+02
1.134153198242187500e+03 8.130271606445312500e+02 1.274197387695312500e+03 6.517465820312500000e+02
9.523084106445312500e+02 6.969534301757812500e+02 1.101399536132812500e+03 6.644743041992187500e+02
8.544785766601562500e+02 7.066960449218750000e+02 1.062683471679687500e+03 7.217828979492187500e+02
9.540047607421875000e+02 6.592848510742187500e+02 1.079478393554687500e+03 6.400274658203125000e+02
1.243635620117187500e+03 9.206832885742187500e+01 4.789642028808593750e+02 1.115750350952148438e+02
1.032144165039062500e+03 7.533515625000000000e+02 1.190425903320312500e+03 6.639081420898437500e+02
9.141548461914062500e+02 6.571037597656250000e+02 1.043234863281250000e+03 6.622105712890625000e+02
