4.534602050781250000e+02 5.246895751953125000e+02 7.689403686523437500e+02 3.736656494140625000e+02
4.721511230468750000e+02 5.167191162109375000e+02 7.847252197265625000e+02 3.742285766601562500e+02
7.711206054687500000e+01 7.163742675781250000e+02 6.284761352539062500e+02 3.941922302246093750e+02
6.549801025390625000e+02 5.486805419921875000e+02 8.738024291992187500e+02 4.626277465820312500e+02
6.037453002929687500e+02 5.999471435546875000e+02 8.086068725585937500e+02 4.813192749023437500e+02
7.240653686523437500e+02 5.573374633789062500e+02 9.099583740234375000e+02 4.989753723144531250e+02
6.020023803710937500e+02 6.282393798828125000e+02 7.876539916992187500e+02 5.018436889648437500e+02
4.284000549316406250e+02 8.162031250000000000e+02 5.869241943359375000e+02 5.630838012695312500e+02
4.284000549316406250e+02 8.162031250000000000e+02 5.869241943359375000e+02 5.630838012695312500e+02
5.930219116210937500e+02 8.031878051757812500e+02 6.680781250000000000e+02 6.213838500976562500e+02
5.640275268554687500e+02 8.514677124023437500e+02 6.254956665039062500e+02 6.408319091796875000e+02
7.264827270507812500e+02 7.513983764648437500e+02 7.713615112304687500e+02 6.455704345703125000e+02
6.845268554687500000e+02 8.657763671875000000e+02 6.732662963867187500e+02 7.047626342773437500e+02
6.845268554687500000e+02 8.657763671875000000e+02 6.732662963867187500e+02 7.047626342773437500e+02
6.895421752929687500e+02 8.714242553710937500e+02 6.715953369140625000e+02 7.114984130859375000e+02
6.895421752929687500e+02 8.714242553710937500e+02 6.715953369140625000e+02 7.114984130859375000e+02
8.866608886718750000e+02 7.667555541992187500e+02 8.546553344726562500e+02 7.401519165039062500e+02
8.095005493164062500e+02 8.776445312500000000e+02 7.306071777343750000e+02 7.762295532226562500e+02
8.481555786132812500e+02 9.076218261718750000e+02 7.304492187500000000e+02 8.184058837890625000e+02
1.127613601684570312e+02 6.889216308593750000e+02 6.523400878906250000e+02 3.865193786621093750e+02
6.557814331054687500e+02 4.902295532226562500e+02 9.165654907226562500e+02 4.170077514648437500e+02
6.652357177734375000e+02 5.679534301757812500e+02 8.660759887695312500e+02 4.821474609375000000e+02
9.270438232421875000e+02 4.649880981445312500e+02 1.142476318359375000e+03 5.159229736328125000e+02
5.179284057617187500e+02 7.213042602539062500e+02 6.838994750976562500e+02 5.344437255859375000e+02
5.566557617187500000e+02 7.096420898437500000e+02 7.111080932617187500e+02 5.412041625976562500e+02
5.566557617187500000e+02 7.096420898437500000e+02 7.111080932617187500e+02 5.412041625976562500e+02
1.001325439453125000e+03 4.540511169433593750e+02 1.220372192382812500e+03 5.444368896484375000e+02
7.119162597656250000e+02 6.291972656250000000e+02 8.498986206054687500e+02 5.488746337890625000e+02
4.429966430664062500e+02 7.968087158203125000e+02 6.056914062500000000e+02 5.554317626953125000e+02
6.813037109375000000e+02 7.033723754882812500e+02 7.805200805664062500e+02 5.894588012695312500e+02
9.789261474609375000e+02 5.219087524414062500e+02 1.133478271484375000e+03 5.935214233398437500e+02
9.991586914062500000e+02 5.191888427734375000e+02 1.154250488281250000e+03 6.013796997070312500e+02
7.994038085937500000e+02 6.537960205078125000e+02 8.861644287109375000e+02 6.087247924804687500e+02
7.994038085937500000e+02 6.537960205078125000e+02 8.861644287109375000e+02 6.087247924804687500e+02
8.061995849609375000e+02 6.621439819335937500e+02 8.836370239257812500e+02 6.174426269531250000e+02
8.061995849609375000e+02 6.621439819335937500e+02 8.836370239257812500e+02 6.174426269531250000e+02
8.093253173828125000e+02 6.787584838867187500e+02 8.727593994140625000e+02 6.325676879882812500e+02
6.075055541992187500e+02 8.152857055664062500e+02 6.676233520507812500e+02 6.357924194335937500e+02
6.075055541992187500e+02 8.152857055664062500e+02 6.676233520507812500e+02 6.357924194335937500e+02
7.311445312500000000e+02 7.600631103515625000e+02 7.681890258789062500e+02 6.542927246093750000e+02
1.084238159179687500e+03 5.402149658203125000e+02 1.212869995117187500e+03 6.717280273437500000e+02
1.104509155273437500e+03 5.255700073242187500e+02 1.249116210937500000e+03 6.717417602539062500e+02
1.104509155273437500e+03 5.255700073242187500e+02 1.249116210937500000e+03 6.717417602539062500e+02
7.691654663085937500e+02 7.749410400390625000e+02 7.789686889648437500e+02 6.823588256835937500e+02
7.691654663085937500e+02 7.749410400390625000e+02 7.789686889648437500e+02 6.823588256835937500e+02
8.730726928710937500e+02 7.538079223632812500e+02 8.577589111328125000e+02 7.215624389648437500e+02
6.978171386718750000e+02 8.836602783203125000e+02 6.680675048828125000e+02 7.238246459960937500e+02
7.302374267578125000e+02 8.660935668945312500e+02 6.955681762695312500e+02 7.278611450195312500e+02
6.938048706054687500e+02 8.936027832031250000e+02 6.598340454101562500e+02 7.281346435546875000e+02
6.938048706054687500e+02 8.936027832031250000e+02 6.598340454101562500e+02 7.281346435546875000e+02
7.002988281250000000e+02 9.063447265625000000e+02 6.552164306640625000e+02 7.397869262695312500e+02
7.002988281250000000e+02 9.063447265625000000e+02 6.552164306640625000e+02 7.397869262695312500e+02
7.150270996093750000e+02 8.977161254882812500e+02 6.680065307617187500e+02 7.418605346679687500e+02
8.169583129882812500e+02 8.798969116210937500e+02 7.335848999023437500e+02 7.816352539062500000e+02
8.240793457031250000e+02 9.293973999023437500e+02 7.033518066406250000e+02 8.207218017578125000e+02
8.240793457031250000e+02 9.293973999023437500e+02 7.033518066406250000e+02 8.207218017578125000e+02
8.559752807617187500e+02 9.217005004882812500e+02 7.250773315429687500e+02 8.327077026367187500e+02
6.672723388671875000e+02 9.040828247070312500e+02 7.250773315429687500e+02 8.327077026367187500e+02
1.102460449218750000e+03 8.014500122070312500e+02 9.795466918945312500e+02 9.037800903320312500e+02
1.243254638671875000e+03 8.064119873046875000e+02 1.092157104492187500e+03 1.015417480468750000e+03
3.478960418701171875e+01 7.329805908203125000e+02 6.051209716796875000e+02 3.919822082519531250e+02
6.103007812500000000e+02 6.068546752929687500e+02 8.067103271484375000e+02 4.899452819824218750e+02
5.927567138671875000e+02 6.321728515625000000e+02 7.791301269531250000e+02 5.032434082031250000e+02
5.056644897460937500e+02 6.982183837890625000e+02 6.911060180664062500e+02 5.151254882812500000e+02
7.128933715820312500e+02 6.092376708984375000e+02 8.656644287109375000e+02 5.340959472656250000e+02
5.443491821289062500e+02 7.095224609375000000e+02 7.051028442382812500e+02 5.360972900390625000e+02
6.952711791992187500e+02 6.414503784179687500e+02 8.300041503906250000e+02 5.494952392578125000e+02
4.612430419921875000e+02 7.813615722656250000e+02 6.232698974609375000e+02 5.512860107421875000e+02
1.003689758300781250e+03 4.604558715820312500e+02 1.217622070312500000e+03 5.517438354492187500e+02
7.274125366210937500e+02 6.329541015625000000e+02 8.568651733398437500e+02 5.580538940429687500e+02
6.232792358398437500e+02 7.304565429687500000e+02 7.306185302734375000e+02 5.834198608398437500e+02
6.232792358398437500e+02 7.304565429687500000e+02 7.306185302734375000e+02 5.834198608398437500e+02
9.766278076171875000e+02 5.327203369140625000e+02 1.120807006835937500e+03 6.007776489257812500e+02
5.683010864257812500e+02 8.083244628906250000e+02 6.544777221679687500e+02 6.145559692382812500e+02
7.938515014648437500e+02 6.684743652343750000e+02 8.718785400390625000e+02 6.172913818359375000e+02
5.693283691406250000e+02 8.208339843750000000e+02 6.473225097656250000e+02 6.218820800781250000e+02
5.693283691406250000e+02 8.208339843750000000e+02 6.473225097656250000e+02 6.218820800781250000e+02
1.078149291992187500e+03 5.215399169921875000e+02 1.226188842773437500e+03 6.525496826171875000e+02
1.076672973632812500e+03 5.334069824218750000e+02 1.213110595703125000e+03 6.611943969726562500e+02
7.330160522460937500e+02 7.808389892578125000e+02 7.552135009765625000e+02 6.704418334960937500e+02
1.102672729492187500e+03 5.389557495117187500e+02 1.234084106445312500e+03 6.811312255859375000e+02
1.031030029296875000e+03 5.902652587890625000e+02 1.113155395507812500e+03 6.831369628906250000e+02
1.035661621093750000e+03 6.190737304687500000e+02 1.090705566406250000e+03 7.100335083007812500e+02
7.190740356445312500e+02 8.624780883789062500e+02 6.927111206054687500e+02 7.197244262695312500e+02
1.052762451171875000e+03 6.209027099609375000e+02 1.104071289062500000e+03 7.227032470703125000e+02
7.156163330078125000e+02 8.732518920898437500e+02 6.832586059570312500e+02 7.249992675781250000e+02
1.064361206054687500e+03 6.161032714843750000e+02 1.118935668945312500e+03 7.247680053710937500e+02
8.791296386718750000e+02 7.627993164062500000e+02 8.532053222656250000e+02 7.327879638671875000e+02
6.884652099609375000e+02 9.059647216796875000e+02 6.489955444335937500e+02 7.340468139648437500e+02
6.884652099609375000e+02 9.059647216796875000e+02 6.489955444335937500e+02 7.340468139648437500e+02
7.046878051757812500e+02 8.956965942382812500e+02 6.638457031250000000e+02 7.351119384765625000e+02
8.627648315429687500e+02 7.812068481445312500e+02 8.304727172851562500e+02 7.374114990234375000e+02
8.627648315429687500e+02 7.812068481445312500e+02 8.304727172851562500e+02 7.374114990234375000e+02
8.764107666015625000e+02 7.747601318359375000e+02 8.428672485351562500e+02 7.390096435546875000e+02
8.593162841796875000e+02 7.906069335937500000e+02 8.216402587890625000e+02 7.424224243164062500e+02
1.124056274414062500e+03 6.044969482421875000e+02 1.185772827148437500e+03 7.548187255859375000e+02
8.662675781250000000e+02 8.031114501953125000e+02 8.155483398437500000e+02 7.550833740234375000e+02
8.662675781250000000e+02 8.031114501953125000e+02 8.155483398437500000e+02 7.550833740234375000e+02
1.134649658203125000e+03 5.988536376953125000e+02 1.201353881835937500e+03 7.576917114257812500e+02
8.218123168945312500e+02 8.701212158203125000e+02 7.415698242187500000e+02 7.784119873046875000e+02
8.438529663085937500e+02 8.740957031250000000e+02 7.508809204101562500e+02 7.935523681640625000e+02
8.438529663085937500e+02 8.740957031250000000e+02 7.508809204101562500e+02 7.935523681640625000e+02
8.179059448242187500e+02 9.163844604492187500e+02 7.072117309570312500e+02 8.087077026367187500e+02
9.687707519531250000e+02 7.973779296875000000e+02 8.851212768554687500e+02 8.114544067382812500e+02
8.479069824218750000e+02 8.977440185546875000e+02 7.371747436523437500e+02 8.120980834960937500e+02
8.135476684570312500e+02 9.298421020507812500e+02 6.964010620117187500e+02 8.150169067382812500e+02
8.135476684570312500e+02 9.298421020507812500e+02 6.964010620117187500e+02 8.150169067382812500e+02
8.599186401367187500e+02 9.012687377929687500e+02 7.412253417968750000e+02 8.214199829101562500e+02
9.922401733398437500e+02 7.933344116210937500e+02 9.056028442382812500e+02 8.214855346679687500e+02
9.922401733398437500e+02 7.933344116210937500e+02 9.056028442382812500e+02 8.214855346679687500e+02
9.745199584960937500e+02 8.099526977539062500e+02 8.805144653320312500e+02 8.243976440429687500e+02
8.485269165039062500e+02 9.370490112304687500e+02 7.101237182617187500e+02 8.397108764648437500e+02
1.024250000000000000e+03 7.986330566406250000e+02 9.247872924804687500e+02 8.454857788085937500e+02
9.816292114257812500e+02 9.625805664062500000e+02 7.694277954101562500e+02 9.368212280273437500e+02
1.266941162109375000e+03 8.135769042968750000e+02 1.108582519531250000e+03 1.038375610351562500e+03
1.266941162109375000e+03 8.135769042968750000e+02 1.108582519531250000e+03 1.038375610351562500e+03
6.291199951171875000e+02 5.414715576171875000e+02 8.636885986328125000e+02 4.485238342285156250e+02
6.781848754882812500e+02 5.439898681640625000e+02 8.928879394531250000e+02 4.685984191894531250e+02
9.866798095703125000e+02 4.502230834960937500e+02 1.210799804687500000e+03 5.340776977539062500e+02
6.220878906250000000e+02 7.074559326171875000e+02 7.427310791015625000e+02 5.681287231445312500e+02
6.782746582031250000e+02 7.219904174804687500e+02 7.659705810546875000e+02 6.010024414062500000e+02
1.065025878906250000e+03 4.744232788085937500e+02 1.261408081054687500e+03 5.999345703125000000e+02
1.005759033203125000e+03 5.160483398437500000e+02 1.162972290039062500e+03 6.021748046875000000e+02
6.161552734375000000e+02 7.973840332031250000e+02 6.844356079101562500e+02 6.271459350585937500e+02
1.110232788085937500e+03 4.766201171875000000e+02 1.308655395507812500e+03 6.301955566406250000e+02
5.783947143554687500e+02 8.310560302734375000e+02 6.444937133789062500e+02 6.346466674804687500e+02
5.949854125976562500e+02 8.352570190429687500e+02 6.489891967773437500e+02 6.423972778320312500e+02
7.103428344726562500e+02 7.644972534179687500e+02 7.524208374023437500e+02 6.483248291015625000e+02
7.649086914062500000e+02 7.305711059570312500e+02 8.086010742187500000e+02 6.485684814453125000e+02
5.940582275390625000e+02 8.573438720703125000e+02 6.343616943359375000e+02 6.558645019531250000e+02
7.014982299804687500e+02 7.831289672851562500e+02 7.353475341796875000e+02 6.573237304687500000e+02
7.388057250976562500e+02 7.646317749023437500e+02 7.698200683593750000e+02 6.599347534179687500e+02
7.932514648437500000e+02 7.358908081054687500e+02 8.217789916992187500e+02 6.658150024414062500e+02
7.932514648437500000e+02 7.358908081054687500e+02 8.217789916992187500e+02 6.658150024414062500e+02
6.767276611328125000e+02 8.337826538085937500e+02 6.901998291015625000e+02 6.798627319335937500e+02
7.792654418945312500e+02 7.700445556640625000e+02 7.892937622070312500e+02 6.836619262695312500e+02
1.110375000000000000e+03 5.458775024414062500e+02 1.230653076171875000e+03 6.949312133789062500e+02
6.808430786132812500e+02 8.528289794921875000e+02 6.783530273437500000e+02 6.959322509765625000e+02
1.027728881835937500e+03 6.078592529296875000e+02 1.093833740234375000e+03 6.962747192382812500e+02
6.749030151367187500e+02 8.902315673828125000e+02 6.529572143554687500e+02 7.167979125976562500e+02
7.320507202148437500e+02 8.556555786132812500e+02 7.049864501953125000e+02 7.200285644531250000e+02
8.806690673828125000e+02 7.937185668945312500e+02 8.318535766601562500e+02 7.558956909179687500e+02
8.806690673828125000e+02 7.937185668945312500e+02 8.318535766601562500e+02 7.558956909179687500e+02
1.044969970703125000e+03 6.709123535156250000e+02 1.052269531250000000e+03 7.597949218750000000e+02
1.056209960937500000e+03 6.724324951171875000e+02 1.058271972656250000e+03 7.659942016601562500e+02
1.052378051757812500e+03 6.911005249023437500e+02 1.036484863281250000e+03 7.815946655273437500e+02
1.050257202148437500e+03 7.111807250976562500e+02 1.018472167968750000e+03 7.938225097656250000e+02
1.126818725585937500e+03 6.848014526367187500e+02 1.109184814453125000e+03 8.247586669921875000e+02
9.746582031250000000e+02 8.207659912109375000e+02 8.718344116210937500e+02 8.317169189453125000e+02
1.019098205566406250e+03 7.878374023437500000e+02 9.291503906250000000e+02 8.347229614257812500e+02
1.019098205566406250e+03 7.878374023437500000e+02 9.291503906250000000e+02 8.347229614257812500e+02
9.458078002929687500e+02 8.928786010742187500e+02 7.983649902343750000e+02 8.661273803710937500e+02
9.406405029296875000e+02 9.160064697265625000e+02 7.778541870117187500e+02 8.794470825195312500e+02
9.463603515625000000e+02 9.422791748046875000e+02 7.625471191406250000e+02 9.011680908203125000e+02
9.770651855468750000e+02 9.104572143554687500e+02 8.047254638671875000e+02 8.985533447265625000e+02
9.616578369140625000e+02 9.327218627929687500e+02 7.774493408203125000e+02 9.050002441406250000e+02
9.775993652343750000e+02 9.233186035156250000e+02 7.949682617187500000e+02 9.074832153320312500e+02
9.775993652343750000e+02 9.233186035156250000e+02 7.949682617187500000e+02 9.074832153320312500e+02
1.002539245605468750e+03 9.163800048828125000e+02 8.153241577148437500e+02 9.193041381835937500e+02
1.002539245605468750e+03 9.163800048828125000e+02 8.153241577148437500e+02 9.193041381835937500e+02
1.135704101562500000e+03 8.162163085937500000e+02 9.923151855468750000e+02 9.378078002929687500e+02
1.136144897460937500e+03 8.295075683593750000e+02 9.822876586914062500e+02 9.464983520507812500e+02
9.935241088867187500e+02 9.662006835937500000e+02 7.727648315429687500e+02 9.484646606445312500e+02
9.935241088867187500e+02 9.662006835937500000e+02 7.727648315429687500e+02 9.484646606445312500e+02
1.147965087890625000e+03 8.200965576171875000e+02 9.999932861328125000e+02 9.488322753906250000e+02
1.157481201171875000e+03 8.146398925781250000e+02 1.013848693847656250e+03 9.497756347656250000e+02
1.157481201171875000e+03 8.146398925781250000e+02 1.013848693847656250e+03 9.497756347656250000e+02
1.295903442382812500e+03 7.263837280273437500e+02 1.228072387695312500e+03 9.899379882812500000e+02
1.253074951171875000e+03 8.406499633789062500e+02 1.069017456054687500e+03 1.047666870117187500e+03
1.263187377929687500e+03 8.414703979492187500e+02 1.078770629882812500e+03 1.057859741210937500e+03
5.732431640625000000e+02 6.122096557617187500e+02 7.818461914062500000e+02 4.796305236816406250e+02
5.906631469726562500e+02 6.079758300781250000e+02 7.959187011718750000e+02 4.824238891601562500e+02
6.863036499023437500e+02 6.225784912109375000e+02 8.388489990234375000e+02 5.337081909179687500e+02
4.866139831542968750e+02 8.222974243164062500e+02 6.106117553710937500e+02 5.878927001953125000e+02
6.603795776367187500e+02 7.314186401367187500e+02 7.471435546875000000e+02 6.011320800781250000e+02
7.217321777343750000e+02 7.858317871093750000e+02 7.445225219726562500e+02 6.686754760742187500e+02
1.078351074218750000e+03 5.465222167968750000e+02 1.202308471679687500e+03 6.778008422851562500e+02
7.017505493164062500e+02 8.721161499023437500e+02 6.781469116210937500e+02 7.182875976562500000e+02
8.344020385742187500e+02 7.750429077148437500e+02 8.164795532226562500e+02 7.179723510742187500e+02
8.825551757812500000e+02 7.498899536132812500e+02 8.672451782226562500e+02 7.237815551757812500e+02
8.239459838867187500e+02 8.022080688476562500e+02 7.904786376953125000e+02 7.325747070312500000e+02
7.339962158203125000e+02 8.781869506835937500e+02 6.904396362304687500e+02 7.368353881835937500e+02
1.117647094726562500e+03 5.942280883789062500e+02 1.188432373046875000e+03 7.427451171875000000e+02
6.969571533203125000e+02 9.175535278320312500e+02 6.455420532226562500e+02 7.457356567382812500e+02
9.122467651367187500e+02 7.550946655273437500e+02 8.823696899414062500e+02 7.440424804687500000e+02
9.122467651367187500e+02 7.550946655273437500e+02 8.823696899414062500e+02 7.440424804687500000e+02
7.243921508789062500e+02 9.009606933593750000e+02 6.710924682617187500e+02 7.472023315429687500e+02
1.036202758789062500e+03 6.640293579101562500e+02 1.051246337890625000e+03 7.468709106445312500e+02
8.544647216796875000e+02 8.072313842773437500e+02 8.043756103515625000e+02 7.515679931640625000e+02
9.266879272460937500e+02 7.521398315429687500e+02 8.930419921875000000e+02 7.514044189453125000e+02
8.240077514648437500e+02 8.611757202148437500e+02 7.505498657226562500e+02 7.729052734375000000e+02
1.141994506835937500e+03 6.122538452148437500e+02 1.196114868164062500e+03 7.751629638671875000e+02
1.031234130859375000e+03 7.052609863281250000e+02 1.008081970214843750e+03 7.798864135742187500e+02
1.172329956054687500e+03 6.009840698242187500e+02 1.237200439453125000e+03 7.848722534179687500e+02
1.160916870117187500e+03 6.140300292968750000e+02 1.212090942382812500e+03 7.890061035156250000e+02
7.974879760742187500e+02 9.132037353515625000e+02 7.004795532226562500e+02 7.962164306640625000e+02
7.974879760742187500e+02 9.132037353515625000e+02 7.004795532226562500e+02 7.962164306640625000e+02
1.059787109375000000e+03 7.049127197265625000e+02 1.032863281250000000e+03 7.954592895507812500e+02
8.191593627929687500e+02 9.076187744140625000e+02 7.158049926757812500e+02 8.014425048828125000e+02
8.598764648437500000e+02 8.817124633789062500e+02 7.580900268554687500e+02 8.058218383789062500e+02
1.058632934570312500e+03 7.177583618164062500e+02 1.018282836914062500e+03 8.062038574218750000e+02
8.784038085937500000e+02 8.711454467773437500e+02 7.743032226562500000e+02 8.090909423828125000e+02
1.170527954101562500e+03 6.272074584960937500e+02 1.205914306640625000e+03 8.081430053710937500e+02
1.116963256835937500e+03 6.791833496093750000e+02 1.106313232421875000e+03 8.128360595703125000e+02
9.864726562500000000e+02 8.087285156250000000e+02 8.866389770507812500e+02 8.302621459960937500e+02
1.000127258300781250e+03 8.014063720703125000e+02 9.032061767578125000e+02 8.328927612304687500e+02
1.146806152343750000e+03 6.819152221679687500e+02 1.129531005859375000e+03 8.352459106445312500e+02
9.942538452148437500e+02 8.213286743164062500e+02 8.828523559570312500e+02 8.444234619140625000e+02
8.561383666992187500e+02 9.483363647460937500e+02 7.057894287109375000e+02 8.511707153320312500e+02
1.146537719726562500e+03 6.977641601562500000e+02 1.111951171875000000e+03 8.510333862304687500e+02
9.374592895507812500e+02 8.810739135742187500e+02 8.025855102539062500e+02 8.529923095703125000e+02
9.374592895507812500e+02 8.810739135742187500e+02 8.025855102539062500e+02 8.529923095703125000e+02
9.329324340820312500e+02 9.016903076171875000e+02 7.827766723632812500e+02 8.656468505859375000e+02
1.096577880859375000e+03 7.657122802734375000e+02 1.009127197265625000e+03 8.690768432617187500e+02
1.248810791015625000e+03 6.399053344726562500e+02 1.273610961914062500e+03 8.796116943359375000e+02
9.536978149414062500e+02 9.069609375000000000e+02 7.933031616210937500e+02 8.799901123046875000e+02
1.106779174804687500e+03 7.744711303710937500e+02 1.008754333496093750e+03 8.839609985351562500e+02
9.701063842773437500e+02 8.990105590820312500e+02 8.092653198242187500e+02 8.859179077148437500e+02
9.505855712890625000e+02 9.260855712890625000e+02 7.751858520507812500e+02 8.928610839843750000e+02
1.277592041015625000e+03 6.348921508789062500e+02 1.312023315429687500e+03 8.968011474609375000e+02
1.125473632812500000e+03 8.079674072265625000e+02 9.938214721679687500e+02 9.221352539062500000e+02
1.125473632812500000e+03 8.079674072265625000e+02 9.938214721679687500e+02 9.221352539062500000e+02
9.670964965820312500e+02 9.599317016601562500e+02 7.613870849609375000e+02 9.264787597656250000e+02
1.150463867187500000e+03 7.930841064453125000e+02 1.027719116210937500e+03 9.296010131835937500e+02
1.239800537109375000e+03 7.232591552734375000e+02 1.175237670898437500e+03 9.419186401367187500e+02
6.087113647460937500e+02 8.445474243164062500e+02 6.505803833007812500e+02 6.551129760742187500e+02
7.595293579101562500e+02 7.784509887695312500e+02 7.692377929687500000e+02 6.788343505859375000e+02
1.034989624023437500e+03 5.834930419921875000e+02 1.126004516601562500e+03 6.799628295898437500e+02
6.992478637695312500e+02 8.417962646484375000e+02 6.971987304687500000e+02 6.954298706054687500e+02
1.044166870117187500e+03 5.966812744140625000e+02 1.120024536132812500e+03 6.967582397460937500e+02
8.475387573242187500e+02 7.462523193359375000e+02 8.468940429687500000e+02 7.028638916015625000e+02
8.475387573242187500e+02 7.462523193359375000e+02 8.468940429687500000e+02 7.028638916015625000e+02
1.043624389648437500e+03 6.106845092773437500e+02 1.106649536132812500e+03 7.071236572265625000e+02
8.952595214843750000e+02 7.649597167968750000e+02 8.642478637695312500e+02 7.416597290039062500e+02
8.692130126953125000e+02 7.957355346679687500e+02 8.246614379882812500e+02 7.513001708984375000e+02
8.463984375000000000e+02 8.658596801757812500e+02 7.600703735351562500e+02 7.888995971679687500e+02
1.177951904296875000e+03 6.154846801757812500e+02 1.226497558593750000e+03 8.019609375000000000e+02
9.830679931640625000e+02 7.907999877929687500e+02 9.013237915039062500e+02 8.148164062500000000e+02
9.830679931640625000e+02 7.907999877929687500e+02 9.013237915039062500e+02 8.148164062500000000e+02
8.384158935546875000e+02 9.162103881835937500e+02 7.188984985351562500e+02 8.198621215820312500e+02
9.554180297851562500e+02 8.220544433593750000e+02 8.575733032226562500e+02 8.218703002929687500e+02
9.554180297851562500e+02 8.220544433593750000e+02 8.575733032226562500e+02 8.218703002929687500e+02
8.647697143554687500e+02 9.146310424804687500e+02 7.353837280273437500e+02 8.320737915039062500e+02
1.117809326171875000e+03 7.086575927734375000e+02 1.077722656250000000e+03 8.395581665039062500e+02
1.033969604492187500e+03 7.922318725585937500e+02 9.371506958007812500e+02 8.468783569335937500e+02
1.157722290039062500e+03 6.921838989257812500e+02 1.128633789062500000e+03 8.552081298828125000e+02
1.144987182617187500e+03 7.135678100585937500e+02 1.097653198242187500e+03 8.616750488281250000e+02
1.144987182617187500e+03 7.135678100585937500e+02 1.097653198242187500e+03 8.616750488281250000e+02
9.602052001953125000e+02 8.859830322265625000e+02 8.133800048828125000e+02 8.700791015625000000e+02
1.175592651367187500e+03 7.076500854492187500e+02 1.130242065429687500e+03 8.786302490234375000e+02
1.269097900390625000e+03 6.407904663085937500e+02 1.294276123046875000e+03 8.961539916992187500e+02
9.675019531250000000e+02 9.224406127929687500e+02 7.898329467773437500e+02 9.016068725585937500e+02
9.675019531250000000e+02 9.224406127929687500e+02 7.898329467773437500e+02 9.016068725585937500e+02
1.296491455078125000e+03 6.222014770507812500e+02 1.348618164062500000e+03 9.003653564453125000e+02
9.464778442382812500e+02 9.520703735351562500e+02 7.542652587890625000e+02 9.094051513671875000e+02
1.002291992187500000e+03 9.081953125000000000e+02 8.235477294921875000e+02 9.104828491210937500e+02
1.016885803222656250e+03 8.975704345703125000e+02 8.404187011718750000e+02 9.130104370117187500e+02
1.239110717773437500e+03 6.959429931640625000e+02 1.203999145507812500e+03 9.197903442382812500e+02
1.111992431640625000e+03 8.302099609375000000e+02 9.609435424804687500e+02 9.319509887695312500e+02
9.921775512695312500e+02 9.531881103515625000e+02 7.821160888671875000e+02 9.369190673828125000e+02
1.125120239257812500e+03 8.224412231445312500e+02 9.783511962890625000e+02 9.367299194335937500e+02
9.789276733398437500e+02 9.721091308593750000e+02 7.582544555664062500e+02 9.427144775390625000e+02
1.171466430664062500e+03 7.948855590820312500e+02 1.042809936523437500e+03 9.459924316406250000e+02
1.003237548828125000e+03 9.777920532226562500e+02 7.687982177734375000e+02 9.624750366210937500e+02
1.003237548828125000e+03 9.777920532226562500e+02 7.687982177734375000e+02 9.624750366210937500e+02
1.264587402343750000e+03 8.050684204101562500e+02 1.116495239257812500e+03 1.029162231445312500e+03
6.650325927734375000e+02 8.727280883789062500e+02 6.592489624023437500e+02 7.017078857421875000e+02
8.896918334960937500e+02 7.311271362304687500e+02 8.775623779296875000e+02 7.089349365234375000e+02
8.592993164062500000e+02 7.643972778320312500e+02 8.400437622070312500e+02 7.233147583007812500e+02
8.906522827148437500e+02 8.075540161132812500e+02 8.249111938476562500e+02 7.725005493164062500e+02
8.906522827148437500e+02 8.075540161132812500e+02 8.249111938476562500e+02 7.725005493164062500e+02
1.018187561035156250e+03 7.099872436523437500e+02 9.935768432617187500e+02 7.733142089843750000e+02
1.018187561035156250e+03 7.099872436523437500e+02 9.935768432617187500e+02 7.733142089843750000e+02
7.846604003906250000e+02 9.303498535156250000e+02 6.815769042968750000e+02 8.008960571289062500e+02
9.632078857421875000e+02 7.883185424804687500e+02 8.893053588867187500e+02 8.006414794921875000e+02
9.990659179687500000e+02 7.742096557617187500e+02 9.265651245117187500e+02 8.091723022460937500e+02
1.108207397460937500e+03 6.920464477539062500e+02 1.085841186523437500e+03 8.193021240234375000e+02
8.299622192382812500e+02 9.395256347656250000e+02 6.976716918945312500e+02 8.306591796875000000e+02
1.014965759277343750e+03 8.083294067382812500e+02 9.073807983398437500e+02 8.487676391601562500e+02
1.171991577148437500e+03 7.261616210937500000e+02 1.106977539062500000e+03 8.915390014648437500e+02
9.248291015625000000e+02 9.561874389648437500e+02 7.375523071289062500e+02 8.998818969726562500e+02
1.134147949218750000e+03 7.732817382812500000e+02 1.031653442382812500e+03 9.017498168945312500e+02
1.141094482421875000e+03 8.048522949218750000e+02 1.009141174316406250e+03 9.318949584960937500e+02
1.141094482421875000e+03 8.048522949218750000e+02 1.009141174316406250e+03 9.318949584960937500e+02
1.067028198242187500e+03 5.398650512695312500e+02 1.194861938476562500e+03 6.642135620117187500e+02
1.243530517578125000e+03 6.264841918945312500e+02 1.284822998046875000e+03 8.633244628906250000e+02
1.020444641113281250e+03 8.331976928710937500e+02 8.923837280273437500e+02 8.695491333007812500e+02
1.101836914062500000e+03 7.923435058593750000e+02 9.880387573242187500e+02 8.955692138671875000e+02
1.004529724121093750e+03 9.341616821289062500e+02 8.033324584960937500e+02 9.313555297851562500e+02
1.254416137695312500e+03 7.041143188476562500e+02 1.209972167968750000e+03 9.363332519531250000e+02
1.247239257812500000e+03 8.222883911132812500e+02 1.081016601562500000e+03 1.030633544921875000e+03
1.247239257812500000e+03 8.222883911132812500e+02 1.081016601562500000e+03 1.030633544921875000e+03
7.796190795898437500e+02 7.062071533203125000e+02 8.340072021484375000e+02 6.372413940429687500e+02
7.796190795898437500e+02 7.062071533203125000e+02 8.340072021484375000e+02 6.372413940429687500e+02
1.121299194335937500e+03 6.217606201171875000e+02 1.165385375976562500e+03 7.694356689453125000e+02
9.447423706054687500e+02 8.933147583007812500e+02 8.010640258789062500e+02 8.647409667968750000e+02
1.162794555664062500e+03 8.335162353515625000e+02 9.971672363281250000e+02 9.714506835937500000e+02
1.237083374023437500e+03 7.965740356445312500e+02 1.099471923828125000e+03 9.992781982421875000e+02
1.237083374023437500e+03 7.965740356445312500e+02 1.099471923828125000e+03 9.992781982421875000e+02
9.768749389648437500e+02 8.579982910156250000e+02 8.470181884765625000e+02 8.648376464843750000e+02
1.064522827148437500e+03 7.989826049804687500e+02 9.554167480468750000e+02 8.728058471679687500e+02
1.064522827148437500e+03 7.989826049804687500e+02 9.554167480468750000e+02 8.728058471679687500e+02
1.201612548828125000e+03 7.080062866210937500e+02 1.153451538085937500e+03 9.007784423828125000e+02
1.250411621093750000e+03 7.660167846679687500e+02 1.144930664062500000e+03 9.903144531250000000e+02
5.361365356445312500e+02 7.025812988281250000e+02 7.058773803710937500e+02 5.269790039062500000e+02
7.318237304687500000e+02 6.908300170898437500e+02 8.149678955078125000e+02 6.055278930664062500e+02
7.497521362304687500e+02 7.544802856445312500e+02 7.866550903320312500e+02 6.569207153320312500e+02
8.393497314453125000e+02 7.114357910156250000e+02 8.597028198242187500e+02 6.695134277343750000e+02
7.836641235351562500e+02 8.248446655273437500e+02 7.532780151367187500e+02 7.268270263671875000e+02
1.290200561523437500e+03 6.236914062500000000e+02 1.340350219726562500e+03 8.929445190429687500e+02
9.189185791015625000e+02 8.459912109375000000e+02 8.153521118164062500e+02 8.173114624023437500e+02
1.062623901367187500e+03 7.471870117187500000e+02 9.951750488281250000e+02 8.302210693359375000e+02
1.200461791992187500e+03 6.587277832031250000e+02 1.203136718750000000e+03 8.594354858398437500e+02
1.200658935546875000e+03 7.611853637695312500e+02 1.102528808593750000e+03 9.406370849609375000e+02
9.619788208007812500e+02 9.345366821289062500e+02 7.824982910156250000e+02 9.133877563476562500e+02
9.619788208007812500e+02 9.345366821289062500e+02 7.824982910156250000e+02 9.133877563476562500e+02
1.064484619140625000e+03 8.695751953125000000e+02 8.958842773437500000e+02 9.313656616210937500e+02
1.189501831054687500e+03 5.242982788085937500e+02 1.347400024414062500e+03 7.316935424804687500e+02
