3.042782897949218750e+02 3.824533691406250000e+02 1.381562377929687500e+03 5.856986694335937500e+02
6.739314575195312500e+02 7.116654663085937500e+02 9.109140625000000000e+02 6.947308959960937500e+02
9.056028442382812500e+02 8.214855346679687500e+02 7.923079223632812500e+02 8.340385742187500000e+02
9.056028442382812500e+02 8.214855346679687500e+02 7.923079223632812500e+02 8.340385742187500000e+02
1.024027343750000000e+03 7.423422851562500000e+02 8.666905517578125000e+02 9.260623168945312500e+02
1.088473266601562500e+03 8.419210205078125000e+02 7.477340698242187500e+02 9.760051879882812500e+02
1.137875000000000000e+03 8.561894531250000000e+02 7.241727905273437500e+02 1.021375061035156250e+03
1.138013305664062500e+03 8.414081420898437500e+02 7.404647216796875000e+02 1.023769042968750000e+03
7.751858520507812500e+02 8.928610839843750000e+02 7.470917968750000000e+02 7.605576782226562500e+02
6.386576538085937500e+02 3.867797546386718750e+02 1.590313720703125000e+03 8.199866943359375000e+02
6.181519165039062500e+02 4.211756896972656250e+02 1.546277954101562500e+03 8.265800781250000000e+02
9.923151855468750000e+02 9.378078002929687500e+02 6.748235473632812500e+02 8.936832275390625000e+02
1.007208984375000000e+03 7.666301269531250000e+02 8.390628051757812500e+02 9.091534423828125000e+02
1.018472167968750000e+03 7.938225097656250000e+02 8.077147216796875000e+02 9.191875610351562500e+02
1.018054565429687500e+03 7.484064941406250000e+02 8.596878662109375000e+02 9.199017944335937500e+02
5.063224792480468750e+01 4.827250061035156250e+02 1.239139770507812500e+03 5.379937744140625000e+02
3.163065185546875000e+02 3.321380310058593750e+02 1.429690185546875000e+03 5.695701904296875000e+02
3.163065185546875000e+02 3.321380310058593750e+02 1.429690185546875000e+03 5.695701904296875000e+02
7.898329467773437500e+02 9.016068725585937500e+02 7.382088012695312500e+02 7.661611328125000000e+02
7.898329467773437500e+02 9.016068725585937500e+02 7.382088012695312500e+02 7.661611328125000000e+02
6.226201782226562500e+02 4.091759338378906250e+02 1.560034912109375000e+03 8.191551513671875000e+02
6.226201782226562500e+02 4.091759338378906250e+02 1.560034912109375000e+03 8.191551513671875000e+02
8.828523559570312500e+02 8.444234619140625000e+02 7.740296630859375000e+02 8.217377319335937500e+02
9.032061767578125000e+02 8.328927612304687500e+02 7.824565429687500000e+02 8.323217773437500000e+02
6.434024047851562500e+02 4.097638244628906250e+02 1.574284545898437500e+03 8.372569580078125000e+02
9.938214721679687500e+02 9.221352539062500000e+02 6.867096557617187500e+02 8.920667724609375000e+02
9.938214721679687500e+02 9.221352539062500000e+02 6.867096557617187500e+02 8.920667724609375000e+02
1.009127197265625000e+03 8.690768432617187500e+02 7.325310058593750000e+02 9.049863891601562500e+02
1.005128906250000000e+03 7.456757202148437500e+02 8.628794555664062500e+02 9.078562011718750000e+02
1.008081970214843750e+03 7.798864135742187500e+02 8.267745971679687500e+02 9.105762329101562500e+02
1.025624511718750000e+03 9.443004760742187500e+02 6.614271850585937500e+02 9.161266479492187500e+02
1.027719116210937500e+03 9.296010131835937500e+02 6.737339477539062500e+02 9.156622314453125000e+02
1.022276977539062500e+03 7.805565795898437500e+02 8.246077880859375000e+02 9.231525268554687500e+02
1.038121948242187500e+03 7.445099487304687500e+02 8.627030029296875000e+02 9.395119018554687500e+02
1.092529052734375000e+03 8.496616821289062500e+02 7.398219604492187500e+02 9.803333740234375000e+02
1.108152954101562500e+03 8.379392700195312500e+02 7.488944702148437500e+02 9.936561279296875000e+02
1.108152954101562500e+03 8.379392700195312500e+02 7.488944702148437500e+02 9.936561279296875000e+02
1.090705566406250000e+03 7.100335083007812500e+02 9.060169677734375000e+02 9.952306518554687500e+02
1.090705566406250000e+03 7.100335083007812500e+02 9.060169677734375000e+02 9.952306518554687500e+02
1.114862304687500000e+03 8.765438842773437500e+02 7.064457397460937500e+02 9.952797851562500000e+02
1.093833740234375000e+03 6.962747192382812500e+02 9.243485717773437500e+02 1.000271545410156250e+03
1.132417724609375000e+03 8.647952270507812500e+02 7.153881225585937500e+02 1.014527587890625000e+03
1.118935668945312500e+03 7.247680053710937500e+02 8.853760986328125000e+02 1.023076477050781250e+03
1.112275024414062500e+03 6.737257080078125000e+02 9.577858276367187500e+02 1.025152465820312500e+03
1.140349731445312500e+03 6.983165893554687500e+02 9.219467773437500000e+02 1.052867065429687500e+03
1.140349731445312500e+03 6.983165893554687500e+02 9.219467773437500000e+02 1.052867065429687500e+03
1.127269165039062500e+03 6.073701782226562500e+02 1.067119628906250000e+03 1.058601440429687500e+03
9.371506958007812500e+02 8.468783569335937500e+02 7.656071777343750000e+02 8.567735595703125000e+02
9.609435424804687500e+02 9.319509887695312500e+02 6.870097656250000000e+02 8.716165771484375000e+02
1.012646545410156250e+03 7.539284667968750000e+02 8.522241210937500000e+02 9.144074096679687500e+02
1.019632080078125000e+03 7.677805175781250000e+02 8.374263916015625000e+02 9.212706298828125000e+02
1.042809936523437500e+03 9.459924316406250000e+02 6.571744995117187500e+02 9.306720581054687500e+02
1.032863281250000000e+03 7.954592895507812500e+02 8.067244262695312500e+02 9.326943969726562500e+02
1.051246337890625000e+03 7.468709106445312500e+02 8.582255859375000000e+02 9.511141967773437500e+02
1.056177856445312500e+03 7.788208007812500000e+02 8.227487792968750000e+02 9.547210083007812500e+02
1.099895874023437500e+03 1.024999877929687500e+03 5.767546997070312500e+02 9.658563842773437500e+02
1.116495239257812500e+03 1.029162231445312500e+03 5.684685058593750000e+02 9.783233032226562500e+02
1.079413940429687500e+03 7.074101562500000000e+02 9.114294433593750000e+02 9.826798095703125000e+02
1.065151611328125000e+03 5.593731079101562500e+02 1.140957153320312500e+03 9.915998535156250000e+02
1.109184814453125000e+03 8.247586669921875000e+02 7.620573120117187500e+02 9.942926025390625000e+02
1.106313232421875000e+03 8.128360595703125000e+02 7.764020996093750000e+02 9.946013183593750000e+02
1.092500000000000000e+03 7.207724609375000000e+02 8.932244873046875000e+02 9.940466918945312500e+02
1.111951171875000000e+03 8.510333862304687500e+02 7.355756225585937500e+02 9.958476562500000000e+02
1.131442749023437500e+03 7.258094482421875000e+02 8.839735717773437500e+02 1.038350341796875000e+03
1.175237670898437500e+03 9.419186401367187500e+02 6.284157104492187500e+02 1.042882812500000000e+03
1.185660156250000000e+03 9.881091308593750000e+02 5.833670654296875000e+02 1.045510253906250000e+03
2.644397888183593750e+02 2.110733795166015625e+02 1.492975097656250000e+03 4.775788269042968750e+02
3.022451477050781250e+02 3.480202026367187500e+02 1.403978027343750000e+03 5.702160034179687500e+02
5.481215209960937500e+02 2.138243713378906250e+02 1.656498291015625000e+03 6.136145019531250000e+02
9.073807983398437500e+02 8.487676391601562500e+02 7.676536865234375000e+02 8.362420043945312500e+02
9.073807983398437500e+02 8.487676391601562500e+02 7.676536865234375000e+02 8.362420043945312500e+02
9.935768432617187500e+02 7.733142089843750000e+02 8.353667602539062500e+02 8.994768066406250000e+02
9.935768432617187500e+02 7.733142089843750000e+02 8.353667602539062500e+02 8.994768066406250000e+02
1.009141174316406250e+03 9.318949584960937500e+02 6.761594848632812500e+02 9.027205810546875000e+02
1.009141174316406250e+03 9.318949584960937500e+02 6.761594848632812500e+02 9.027205810546875000e+02
1.052219848632812500e+03 6.501807861328125000e+02 9.887888793945312500e+02 9.601134033203125000e+02
1.077722656250000000e+03 8.395581665039062500e+02 7.531008300781250000e+02 9.655953369140625000e+02
1.097653198242187500e+03 8.616750488281250000e+02 7.255628051757812500e+02 9.800175170898437500e+02
1.097653198242187500e+03 8.616750488281250000e+02 7.255628051757812500e+02 9.800175170898437500e+02
1.128633789062500000e+03 8.552081298828125000e+02 7.274188232421875000e+02 1.011411865234375000e+03
1.128938842773437500e+03 8.381037597656250000e+02 7.447687377929687500e+02 1.013540954589843750e+03
1.154293457031250000e+03 9.475327148437500000e+02 6.303280639648437500e+02 1.021729431152343750e+03
1.154293457031250000e+03 9.475327148437500000e+02 6.303280639648437500e+02 1.021729431152343750e+03
1.085841186523437500e+03 8.193021240234375000e+02 7.728383789062500000e+02 9.734304199218750000e+02
1.106977539062500000e+03 8.915390014648437500e+02 6.924154663085937500e+02 9.879318237304687500e+02
1.106977539062500000e+03 8.915390014648437500e+02 6.924154663085937500e+02 9.879318237304687500e+02
1.089611206054687500e+03 6.825419311523437500e+02 9.430753784179687500e+02 9.972294311523437500e+02
1.106649536132812500e+03 7.071236572265625000e+02 9.083900756835937500e+02 1.012751037597656250e+03
9.880387573242187500e+02 8.955692138671875000e+02 7.139578857421875000e+02 8.892219848632812500e+02
1.099471923828125000e+03 9.992781982421875000e+02 5.982390747070312500e+02 9.670021362304687500e+02
9.554167480468750000e+02 8.728058471679687500e+02 7.374208374023437500e+02 8.657170410156250000e+02
9.554167480468750000e+02 8.728058471679687500e+02 7.374208374023437500e+02 8.657170410156250000e+02
1.059137939453125000e+03 6.727363891601562500e+02 9.569095458984375000e+02 9.663286132812500000e+02
1.144930664062500000e+03 9.903144531250000000e+02 5.992211303710937500e+02 1.004904541015625000e+03
9.951750488281250000e+02 8.302210693359375000e+02 7.747345581054687500e+02 9.026334228515625000e+02
