6.985961303710937500e+02 1.943479156494140625e+02 9.578652954101562500e+02 2.793948974609375000e+02
4.300783386230468750e+02 2.286517791748046875e+02 7.343274536132812500e+02 2.886889038085937500e+02
6.928366699218750000e+02 2.443109436035156250e+02 9.437099609375000000e+02 3.236194763183593750e+02
6.915716552734375000e+02 1.144881134033203125e+02 9.597564697265625000e+02 2.095817871093750000e+02
4.786365356445312500e+02 1.363641815185546875e+02 7.905008544921875000e+02 2.190473937988281250e+02
5.612539062500000000e+02 1.480225219726562500e+02 8.487279052734375000e+02 2.312203979492187500e+02
4.338182373046875000e+02 1.851094512939453125e+02 7.444499511718750000e+02 2.539352874755859375e+02
4.338182373046875000e+02 1.851094512939453125e+02 7.444499511718750000e+02 2.539352874755859375e+02
4.000968017578125000e+02 1.945046539306640625e+02 7.180778808593750000e+02 2.597809753417968750e+02
5.600748901367187500e+02 2.555258483886718750e+02 8.338373413085937500e+02 3.246373596191406250e+02
7.656351928710937500e+02 4.533076171875000000e+02 9.191591796875000000e+02 4.923603210449218750e+02
6.248436279296875000e+02 5.087090454101562500e+02 7.895957641601562500e+02 5.215937500000000000e+02
6.690706176757812500e+02 5.383178710937500000e+02 8.191635131835937500e+02 5.511743774414062500e+02
7.723323364257812500e+02 5.323452758789062500e+02 9.060369873046875000e+02 5.606199340820312500e+02
5.804649047851562500e+02 6.247784423828125000e+02 7.286200561523437500e+02 6.086626586914062500e+02
8.735307617187500000e+02 6.887701416015625000e+02 9.568629760742187500e+02 7.126011352539062500e+02
6.356856689453125000e+02 6.899657440185546875e+01 9.213844604492187500e+02 1.675144805908203125e+02
4.418037109375000000e+02 1.358602294921875000e+02 7.584312133789062500e+02 2.147894592285156250e+02
5.054767150878906250e+02 2.153733062744140625e+02 7.969234008789062500e+02 2.838739318847656250e+02
8.108482055664062500e+02 3.857029418945312500e+02 9.758038330078125000e+02 4.425044555664062500e+02
7.504562988281250000e+02 5.268732299804687500e+02 8.880596923828125000e+02 5.502846069335937500e+02
5.888347167968750000e+02 6.070189208984375000e+02 7.382726440429687500e+02 5.945913085937500000e+02
6.426505737304687500e+02 6.148219604492187500e+02 7.767964477539062500e+02 6.093922119140625000e+02
5.756801757812500000e+02 6.853811645507812500e+02 7.088982543945312500e+02 6.570930786132812500e+02
5.581442260742187500e+02 7.102145996093750000e+02 6.908134155273437500e+02 6.725520629882812500e+02
8.681212768554687500e+02 6.787171630859375000e+02 9.497940673828125000e+02 7.020288085937500000e+02
8.948758544921875000e+02 6.942515869140625000e+02 9.735541992187500000e+02 7.222630004882812500e+02
1.092941284179687500e+03 6.589819335937500000e+02 1.177465209960937500e+03 7.343724365234375000e+02
7.580639648437500000e+02 8.115988159179687500e+02 8.238641967773437500e+02 7.971992187500000000e+02
7.676047363281250000e+02 8.358507690429687500e+02 8.265847167968750000e+02 8.191676635742187500e+02
7.408634643554687500e+02 9.750089721679687500e+02 7.709818115234375000e+02 9.299963989257812500e+02
7.003534545898437500e+02 2.852920341491699219e+01 9.800799560546875000e+02 1.375382690429687500e+02
7.487164916992187500e+02 4.759248733520507812e+01 1.020857055664062500e+03 1.581630401611328125e+02
5.654869384765625000e+02 5.935519790649414062e+01 8.705134887695312500e+02 1.604180145263671875e+02
5.613755493164062500e+02 1.278132171630859375e+02 8.506208496093750000e+02 2.120631713867187500e+02
5.613755493164062500e+02 1.278132171630859375e+02 8.506208496093750000e+02 2.120631713867187500e+02
8.973273315429687500e+02 1.253624267578125000e+02 1.141641601562500000e+03 2.296073303222656250e+02
6.664342041015625000e+02 2.034046783447265625e+02 9.258566894531250000e+02 2.835170593261718750e+02
4.703613586425781250e+02 2.574912414550781250e+02 7.619016723632812500e+02 3.156704406738281250e+02
7.730205078125000000e+02 3.685121459960937500e+02 9.443276977539062500e+02 4.236563415527343750e+02
1.019046569824218750e+03 3.766260986328125000e+02 1.120248901367187500e+03 4.403666687011718750e+02
7.075885009765625000e+02 4.400862731933593750e+02 8.724985351562500000e+02 4.759211425781250000e+02
7.539638671875000000e+02 4.642594299316406250e+02 9.073743896484375000e+02 5.018986206054687500e+02
6.428566894531250000e+02 5.026936340332031250e+02 8.030051269531250000e+02 5.190092773437500000e+02
9.043223876953125000e+02 4.993747558593750000e+02 1.009148193359375000e+03 5.421766967773437500e+02
7.331813964843750000e+02 5.270447998046875000e+02 8.735007934570312500e+02 5.512266235351562500e+02
1.135183227539062500e+03 4.553627014160156250e+02 1.273883544921875000e+03 5.511414184570312500e+02
6.355269165039062500e+02 5.943999023437500000e+02 7.772092285156250000e+02 5.928466186523437500e+02
6.071235961914062500e+02 6.092545166015625000e+02 7.513708496093750000e+02 5.987085571289062500e+02
7.252671508789062500e+02 6.054094238281250000e+02 8.467854614257812500e+02 6.164834594726562500e+02
5.720274658203125000e+02 6.713723144531250000e+02 7.083587036132812500e+02 6.457378540039062500e+02
7.026138305664062500e+02 6.696400146484375000e+02 8.114003906250000000e+02 6.662445678710937500e+02
6.029476928710937500e+02 6.959157714843750000e+02 7.255228881835937500e+02 6.705407714843750000e+02
7.390565795898437500e+02 6.840795288085937500e+02 8.371389770507812500e+02 6.853234863281250000e+02
7.390565795898437500e+02 6.840795288085937500e+02 8.371389770507812500e+02 6.853234863281250000e+02
7.053207397460937500e+02 6.957935791015625000e+02 8.099144897460937500e+02 6.883804321289062500e+02
7.271848144531250000e+02 6.961817016601562500e+02 8.239945068359375000e+02 6.897504882812500000e+02
9.895441284179687500e+02 6.738636474609375000e+02 1.067797973632812500e+03 7.254841308593750000e+02
4.987922973632812500e+02 5.225857162475585938e+01 8.166597900390625000e+02 1.515390930175781250e+02
5.755455932617187500e+02 1.123895263671875000e+02 8.617138671875000000e+02 2.005097503662109375e+02
5.781450805664062500e+02 1.685102386474609375e+02 8.581049194335937500e+02 2.515671386718750000e+02
9.821799926757812500e+02 2.440348968505859375e+02 1.106216918945312500e+03 3.186527404785156250e+02
7.977519531250000000e+02 4.236719055175781250e+02 9.537335205078125000e+02 4.723878479003906250e+02
7.977519531250000000e+02 4.236719055175781250e+02 9.537335205078125000e+02 4.723878479003906250e+02
1.174770263671875000e+03 4.029162292480468750e+02 1.335312866210937500e+03 5.076538085937500000e+02
7.117836303710937500e+02 6.188493041992187500e+02 8.330972290039062500e+02 6.243157958984375000e+02
7.117836303710937500e+02 6.188493041992187500e+02 8.330972290039062500e+02 6.243157958984375000e+02
1.042511474609375000e+03 5.561037597656250000e+02 1.152214599609375000e+03 6.279987182617187500e+02
9.845761718750000000e+02 6.132935180664062500e+02 1.079197875976562500e+03 6.693851318359375000e+02
5.937277832031250000e+02 7.223726806640625000e+02 7.146867675781250000e+02 6.896994628906250000e+02
7.857628173828125000e+02 6.883057250976562500e+02 8.773615722656250000e+02 6.957462768554687500e+02
7.857628173828125000e+02 6.883057250976562500e+02 8.773615722656250000e+02 6.957462768554687500e+02
7.629927368164062500e+02 6.913259887695312500e+02 8.583451538085937500e+02 6.974038085937500000e+02
6.958383789062500000e+02 7.186028442382812500e+02 7.957461547851562500e+02 7.053115844726562500e+02
1.021270080566406250e+03 6.910444946289062500e+02 1.093992065429687500e+03 7.507854003906250000e+02
9.824885864257812500e+02 7.023995971679687500e+02 1.053563354492187500e+03 7.529143676757812500e+02
8.591122436523437500e+02 7.887839965820312500e+02 9.155040893554687500e+02 8.001087036132812500e+02
7.777106933593750000e+02 8.101157836914062500e+02 8.403581542968750000e+02 8.040006713867187500e+02
8.893927612304687500e+02 8.278592529296875000e+02 9.337927246093750000e+02 8.403586425781250000e+02
1.015905212402343750e+03 8.389417724609375000e+02 1.051726318359375000e+03 8.831939697265625000e+02
8.680592651367187500e+02 9.374758300781250000e+02 8.882067260742187500e+02 9.390251464843750000e+02
4.869891662597656250e+02 9.277371215820312500e+01 7.999730224609375000e+02 1.821642303466796875e+02
4.394255371093750000e+02 2.472265014648437500e+02 7.399307861328125000e+02 3.066245117187500000e+02
1.042457763671875000e+03 3.054209289550781250e+02 1.139722534179687500e+03 3.790727539062500000e+02
9.048314208984375000e+02 3.258036804199218750e+02 1.026727661132812500e+03 3.892601928710937500e+02
7.301657104492187500e+02 4.525633850097656250e+02 8.897816772460937500e+02 4.889412841796875000e+02
7.301657104492187500e+02 4.525633850097656250e+02 8.897816772460937500e+02 4.889412841796875000e+02
8.025580444335937500e+02 4.471267700195312500e+02 9.522407836914062500e+02 4.946314697265625000e+02
1.122062011718750000e+03 4.038085937500000000e+02 1.275150878906250000e+03 5.000495300292968750e+02
6.965908813476562500e+02 5.191548461914062500e+02 8.456259765625000000e+02 5.388262329101562500e+02
1.161191284179687500e+03 4.731640625000000000e+02 1.302324584960937500e+03 5.735875244140625000e+02
1.091337646484375000e+03 5.587470092773437500e+02 1.204302612304687500e+03 6.403979492187500000e+02
1.084244506835937500e+03 5.945297241210937500e+02 1.179448486328125000e+03 6.707482299804687500e+02
8.385550537109375000e+02 6.957046508789062500e+02 9.217183227539062500e+02 7.108560180664062500e+02
8.385550537109375000e+02 6.957046508789062500e+02 9.217183227539062500e+02 7.108560180664062500e+02
1.181073608398437500e+03 6.187557373046875000e+02 1.279394897460937500e+03 7.171717529296875000e+02
1.001868469238281250e+03 7.024813842773437500e+02 1.071948486328125000e+03 7.515348510742187500e+02
7.492353515625000000e+02 7.847121582031250000e+02 8.216298217773437500e+02 7.736018066406250000e+02
8.813480834960937500e+02 7.809172973632812500e+02 9.367843627929687500e+02 7.994225463867187500e+02
7.035084838867187500e+02 8.431397094726562500e+02 7.706335449218750000e+02 8.103590698242187500e+02
8.447506103515625000e+02 8.382996826171875000e+02 8.913805541992187500e+02 8.382573852539062500e+02
9.119504394531250000e+02 8.364660034179687500e+02 9.542260742187500000e+02 8.543841552734375000e+02
8.428608398437500000e+02 9.140055541992187500e+02 8.685642700195312500e+02 9.099272460937500000e+02
9.188340454101562500e+02 9.603312377929687500e+02 9.274739379882812500e+02 9.692319335937500000e+02
8.982218017578125000e+02 9.764613037109375000e+02 9.049172973632812500e+02 9.737113037109375000e+02
5.318317260742187500e+02 1.333434753417968750e+02 8.277369384765625000e+02 2.181916961669921875e+02
6.815608520507812500e+02 2.323193511962890625e+02 9.324579467773437500e+02 3.096250915527343750e+02
7.287384033203125000e+02 4.746823425292968750e+02 8.840313720703125000e+02 5.075616455078125000e+02
1.112883056640625000e+03 4.640647277832031250e+02 1.251432617187500000e+03 5.561656494140625000e+02
8.489332885742187500e+02 5.284123535156250000e+02 9.672395019531250000e+02 5.654703979492187500e+02
6.837629394531250000e+02 6.004730224609375000e+02 8.142313842773437500e+02 6.058389892578125000e+02
1.019052795410156250e+03 5.520537719726562500e+02 1.127546020507812500e+03 6.165460205078125000e+02
1.133882568359375000e+03 5.525850830078125000e+02 1.248885742187500000e+03 6.436126708984375000e+02
7.480719604492187500e+02 6.436586303710937500e+02 8.556414794921875000e+02 6.525285644531250000e+02
6.333063964843750000e+02 6.747695312500000000e+02 7.562470703125000000e+02 6.614285278320312500e+02
6.666423950195312500e+02 6.949431762695312500e+02 7.772434692382812500e+02 6.818935546875000000e+02
9.266057739257812500e+02 6.439147338867187500e+02 1.013109252929687500e+03 6.828826293945312500e+02
9.608394165039062500e+02 6.505825195312500000e+02 1.045871093750000000e+03 6.978268432617187500e+02
1.096440917968750000e+03 7.146342773437500000e+02 1.159923217773437500e+03 7.878784179687500000e+02
6.931984252929687500e+02 9.210607910156250000e+02 7.419891967773437500e+02 8.767194213867187500e+02
7.620580444335937500e+02 9.195618896484375000e+02 8.011771850585937500e+02 8.934847412109375000e+02
1.024023803710937500e+03 9.249579467773437500e+02 1.036091064453125000e+03 9.666112060546875000e+02
6.637615966796875000e+02 1.004568710327148438e+02 9.382373657226562500e+02 1.970974121093750000e+02
4.761086120605468750e+02 1.928696594238281250e+02 7.790309448242187500e+02 2.650300598144531250e+02
7.351497802734375000e+02 4.230422058105468750e+02 9.007079467773437500e+02 4.647337341308593750e+02
7.351497802734375000e+02 4.230422058105468750e+02 9.007079467773437500e+02 4.647337341308593750e+02
6.993743896484375000e+02 4.945155029296875000e+02 8.516508789062500000e+02 5.189520263671875000e+02
7.634878540039062500e+02 5.180004882812500000e+02 8.987751464843750000e+02 5.466157836914062500e+02
1.173301147460937500e+03 4.733041687011718750e+02 1.319605712890625000e+03 5.754149169921875000e+02
1.077231567382812500e+03 5.077445373535156250e+02 1.194828735351562500e+03 5.875695800781250000e+02
1.167695190429687500e+03 5.082264099121093750e+02 1.301787963867187500e+03 6.083005981445312500e+02
1.161769287109375000e+03 5.448872680664062500e+02 1.280167968750000000e+03 6.454431762695312500e+02
1.199877807617187500e+03 5.942589721679687500e+02 1.309886108398437500e+03 6.967278442382812500e+02
1.199877807617187500e+03 5.942589721679687500e+02 1.309886108398437500e+03 6.967278442382812500e+02
9.299986572265625000e+02 6.878636474609375000e+02 1.006743408203125000e+03 7.257648925781250000e+02
1.158449584960937500e+03 6.381398315429687500e+02 1.251256469726562500e+03 7.292758789062500000e+02
1.158449584960937500e+03 6.381398315429687500e+02 1.251256469726562500e+03 7.292758789062500000e+02
8.886888427734375000e+02 7.145505371093750000e+02 9.637755126953125000e+02 7.410981445312500000e+02
1.235857421875000000e+03 6.848820190429687500e+02 1.321173828125000000e+03 7.921594848632812500e+02
1.057508300781250000e+03 9.139813232421875000e+02 1.070713623046875000e+03 9.665852661132812500e+02
6.292050170898437500e+02 5.150466918945312500e+02 7.965076293945312500e+02 5.276180419921875000e+02
1.033379760742187500e+03 5.791285400390625000e+02 1.137237670898437500e+03 6.508090209960937500e+02
1.148912719726562500e+03 5.958799438476562500e+02 1.252455932617187500e+03 6.876447753906250000e+02
9.718397216796875000e+02 7.128441772460937500e+02 1.039714233398437500e+03 7.548131103515625000e+02
1.496518554687500000e+03 5.766026000976562500e+02 1.777304565429687500e+03 7.862589111328125000e+02
1.055742065429687500e+03 7.422019042968750000e+02 1.116582519531250000e+03 8.020462646484375000e+02
5.434848022460937500e+02 1.165391998291015625e+02 8.393305664062500000e+02 2.067362365722656250e+02
1.257758483886718750e+02 2.280234832763671875e+02 5.165111083984375000e+02 2.658167419433593750e+02
1.089130371093750000e+03 3.787914428710937500e+02 1.214138183593750000e+03 4.561091003417968750e+02
6.902473754882812500e+02 5.584497680664062500e+02 8.319679565429687500e+02 5.713726196289062500e+02
6.757422485351562500e+02 6.473198242187500000e+02 7.970078125000000000e+02 6.423542480468750000e+02
1.168764404296875000e+03 6.814882812500000000e+02 1.252479492187500000e+03 7.782821044921875000e+02
7.337106933593750000e+02 9.216442871093750000e+01 1.001606750488281250e+03 1.951100006103515625e+02
5.926159057617187500e+02 6.990474853515625000e+02 7.167392578125000000e+02 6.737332153320312500e+02
5.926159057617187500e+02 6.990474853515625000e+02 7.167392578125000000e+02 6.737332153320312500e+02
6.597014160156250000e+02 7.663839721679687500e+02 7.571505126953125000e+02 7.371528320312500000e+02
8.034624023437500000e+02 7.420282592773437500e+02 8.814047851562500000e+02 7.503233032226562500e+02
9.356778564453125000e+02 7.479157104492187500e+02 9.966682128906250000e+02 7.795731201171875000e+02
7.376080322265625000e+02 8.157429809570312500e+02 8.077348632812500000e+02 7.971443481445312500e+02
8.841759643554687500e+02 8.161765136718750000e+02 9.304497680664062500e+02 8.277330322265625000e+02
8.055093994140625000e+02 8.769478759765625000e+02 8.481784667968750000e+02 8.642945556640625000e+02
9.523788452148437500e+02 8.701303100585937500e+02 9.807226562500000000e+02 8.952138671875000000e+02
9.523788452148437500e+02 8.701303100585937500e+02 9.807226562500000000e+02 8.952138671875000000e+02
5.871444091796875000e+02 4.108081665039062500e+02 7.839696655273437500e+02 4.377527160644531250e+02
