5.266522216796875000e+02 1.144326782226562500e+02 1.288286499023437500e+03 4.715142211914062500e+02
4.300783386230468750e+02 2.286517791748046875e+02 1.175856567382812500e+03 5.216381835937500000e+02
5.973012084960937500e+02 2.389205017089843750e+02 1.279111694335937500e+03 5.811511230468750000e+02
4.745054016113281250e+02 1.120561599731445312e+02 1.264402465820312500e+03 4.611557922363281250e+02
5.185498657226562500e+02 1.015214309692382812e+02 1.287861694335937500e+03 4.618322143554687500e+02
4.512779235839843750e+02 1.445524902343750000e+02 1.234885375976562500e+03 4.758793334960937500e+02
4.512779235839843750e+02 1.445524902343750000e+02 1.234885375976562500e+03 4.758793334960937500e+02
5.502813720703125000e+02 1.521253967285156250e+02 1.285724487304687500e+03 5.047969055175781250e+02
5.612539062500000000e+02 1.480225219726562500e+02 1.292619506835937500e+03 5.051175537109375000e+02
7.608081054687500000e+02 7.299745941162109375e+01 1.531571899414062500e+03 5.143308105468750000e+02
4.693485107421875000e+02 1.281296844482421875e+02 1.255546508789062500e+03 4.699417419433593750e+02
4.405772094726562500e+02 1.602904205322265625e+02 1.220167602539062500e+03 4.829755859375000000e+02
4.338182373046875000e+02 1.851094512939453125e+02 1.201519653320312500e+03 4.960463256835937500e+02
5.903019409179687500e+02 2.058524017333984375e+02 1.287542602539062500e+03 5.528332519531250000e+02
6.834739990234375000e+02 1.772988739013671875e+02 1.389428466796875000e+03 5.644167480468750000e+02
5.640041503906250000e+02 2.331079711914062500e+02 1.264054809570312500e+03 5.658612060546875000e+02
8.433750000000000000e+02 7.228643188476562500e+02 8.077147216796875000e+02 9.191875610351562500e+02
9.057180786132812500e+02 6.899028930664062500e+02 8.729688720703125000e+02 9.443875732421875000e+02
4.418037109375000000e+02 1.358602294921875000e+02 1.230852905273437500e+03 4.674585266113281250e+02
5.130568237304687500e+02 1.130858001708984375e+02 1.282357788085937500e+03 4.686037902832031250e+02
5.054767150878906250e+02 2.153733062744140625e+02 1.239139770507812500e+03 5.379937744140625000e+02
7.142828369140625000e+02 1.651522674560546875e+02 1.429690185546875000e+03 5.695701904296875000e+02
6.985961303710937500e+02 1.943479156494140625e+02 1.396784545898437500e+03 5.869473266601562500e+02
8.905784301757812500e+02 1.107903213500976562e+02 1.634200927734375000e+03 5.932975463867187500e+02
6.029476928710937500e+02 6.959157714843750000e+02 7.382088012695312500e+02 7.661611328125000000e+02
7.340766601562500000e+02 8.064287719726562500e+02 6.867096557617187500e+02 8.920667724609375000e+02
8.681212768554687500e+02 6.787171630859375000e+02 8.628794555664062500e+02 9.078562011718750000e+02
8.948758544921875000e+02 6.942515869140625000e+02 8.627030029296875000e+02 9.395119018554687500e+02
9.567827148437500000e+02 6.729969482421875000e+02 9.273143310546875000e+02 9.705395507812500000e+02
1.004465759277343750e+03 6.225067749023437500e+02 1.017090820312500000e+03 9.831554565429687500e+02
8.618450317382812500e+02 8.345746459960937500e+02 7.064457397460937500e+02 9.952797851562500000e+02
9.083342895507812500e+02 7.965319824218750000e+02 7.648285522460937500e+02 1.008546691894531250e+03
1.077335205078125000e+03 6.419063720703125000e+02 1.058394653320312500e+03 1.064754638671875000e+03
5.551670532226562500e+02 4.296824645996093750e+01 1.362272460937500000e+03 4.387613220214843750e+02
7.003534545898437500e+02 2.852920341491699219e+01 1.483621337890625000e+03 4.588105163574218750e+02
5.781450805664062500e+02 1.685102386474609375e+02 1.294058471679687500e+03 5.239943237304687500e+02
6.913190917968750000e+02 2.334817352294921875e+02 1.355712768554687500e+03 6.139618530273437500e+02
7.040521240234375000e+02 7.979484252929687500e+02 6.870097656250000000e+02 8.716165771484375000e+02
1.007142211914062500e+03 5.910161743164062500e+02 1.053692749023437500e+03 9.678942260742187500e+02
8.786089477539062500e+02 8.165541992187500000e+02 7.355756225585937500e+02 9.958476562500000000e+02
6.984190673828125000e+02 1.746072082519531250e+02 1.403978027343750000e+03 5.702160034179687500e+02
8.385550537109375000e+02 6.957046508789062500e+02 8.353667602539062500e+02 8.994768066406250000e+02
8.385550537109375000e+02 6.957046508789062500e+02 8.353667602539062500e+02 8.994768066406250000e+02
7.399710693359375000e+02 8.216846313476562500e+02 6.761594848632812500e+02 9.027205810546875000e+02
9.016528930664062500e+02 6.754285278320312500e+02 8.855930786132812500e+02 9.323966674804687500e+02
1.008411010742187500e+03 6.102748413085937500e+02 1.032029785156250000e+03 9.798607788085937500e+02
8.893927612304687500e+02 8.278592529296875000e+02 7.274188232421875000e+02 1.011411865234375000e+03
9.327986450195312500e+02 8.280482177734375000e+02 7.406578369140625000e+02 1.049450805664062500e+03
5.318317260742187500e+02 1.333434753417968750e+02 1.283718994140625000e+03 4.881520385742187500e+02
7.035084838867187500e+02 8.431397094726562500e+02 6.452578735351562500e+02 8.976766967773437500e+02
6.931984252929687500e+02 9.210607910156250000e+02 5.789515380859375000e+02 9.273094482421875000e+02
7.250604858398437500e+02 9.312772827148437500e+02 5.766643066406250000e+02 9.527823486328125000e+02
9.824885864257812500e+02 7.023995971679687500e+02 9.083900756835937500e+02 1.012751037597656250e+03
1.021270080566406250e+03 6.910444946289062500e+02 9.453148803710937500e+02 1.041653686523437500e+03
1.091337646484375000e+03 5.587470092773437500e+02 1.179785278320312500e+03 1.026364013671875000e+03
9.608394165039062500e+02 6.505825195312500000e+02 9.569095458984375000e+02 9.663286132812500000e+02
9.299986572265625000e+02 6.878636474609375000e+02 8.943363647460937500e+02 9.604078979492187500e+02
8.034624023437500000e+02 7.420282592773437500e+02 7.747345581054687500e+02 9.026334228515625000e+02
