7.786719970703125000e+02 5.284397583007812500e+02 8.181869506835937500e+02 6.914069824218750000e+02
7.740040283203125000e+02 5.325168457031250000e+02 8.113259277343750000e+02 6.924879760742187500e+02
8.712799682617187500e+02 5.335150756835937500e+02 8.852708740234375000e+02 7.254903564453125000e+02
1.422621215820312500e+03 6.103986206054687500e+02 4.901628417968750000e+02 7.537720336914062500e+02
9.743178100585937500e+02 7.075395507812500000e+02 8.152084960937500000e+02 9.139714965820312500e+02
2.309841766357421875e+02 3.768939819335937500e+02 6.982774658203125000e+02 4.927359924316406250e+02
8.487279052734375000e+02 2.312203979492187500e+02 1.209703857421875000e+03 5.009169311523437500e+02
2.230349121093750000e+02 3.951492309570312500e+02 6.910846557617187500e+02 5.043767089843750000e+02
7.343274536132812500e+02 2.886889038085937500e+02 1.102014404296875000e+03 5.274942016601562500e+02
9.437099609375000000e+02 3.236194763183593750e+02 1.267139892578125000e+03 6.062263183593750000e+02
8.156435546875000000e+02 7.911785888671875000e+02 6.280780029296875000e+02 9.105177001953125000e+02
3.985836181640625000e+02 3.058648376464843750e+02 8.213410034179687500e+02 4.726729736328125000e+02
1.926819763183593750e+02 3.869075012207031250e+02 6.752830200195312500e+02 4.930587158203125000e+02
9.631296997070312500e+02 1.998900451660156250e+02 1.335855712890625000e+03 4.967209472656250000e+02
7.182882690429687500e+02 2.598877258300781250e+02 1.098450439453125000e+03 5.006548461914062500e+02
7.444499511718750000e+02 2.539352874755859375e+02 1.125211547851562500e+03 5.017889099121093750e+02
9.741564331054687500e+02 2.793690490722656250e+02 1.332017456054687500e+03 5.758099975585937500e+02
7.344338378906250000e+02 9.000933227539062500e+02 4.878961181640625000e+02 9.620415649414062500e+02
7.344338378906250000e+02 9.000933227539062500e+02 4.878961181640625000e+02 9.620415649414062500e+02
7.674917602539062500e+02 9.074213256835937500e+02 5.017467041015625000e+02 9.824984130859375000e+02
7.593838500976562500e+02 9.277454833984375000e+02 4.772944030761718750e+02 9.966447143554687500e+02
7.709818115234375000e+02 9.299963989257812500e+02 4.815521545410156250e+02 1.003928405761718750e+03
7.709818115234375000e+02 9.299963989257812500e+02 4.815521545410156250e+02 1.003928405761718750e+03
7.584312133789062500e+02 2.147894592285156250e+02 1.150067138671875000e+03 4.726919860839843750e+02
8.015700073242187500e+02 2.087954559326171875e+02 1.186128295898437500e+03 4.739443664550781250e+02
2.783591918945312500e+02 3.752110290527343750e+02 7.316280517578125000e+02 5.002259521484375000e+02
9.597564697265625000e+02 2.095817871093750000e+02 1.332957275390625000e+03 5.065601806640625000e+02
7.255228881835937500e+02 6.705407714843750000e+02 6.696325073242187500e+02 7.795476074218750000e+02
1.164926147460937500e+03 6.327610473632812500e+02 1.069665893554687500e+03 9.429523315429687500e+02
1.305104736328125000e+03 5.760389404296875000e+02 1.297806762695312500e+03 9.682656250000000000e+02
4.189377975463867188e+01 4.345603332519531250e+02 5.903981933593750000e+02 5.003575134277343750e+02
2.643106079101562500e+02 4.000149230957031250e+02 7.127446289062500000e+02 5.154135131835937500e+02
2.643106079101562500e+02 4.000149230957031250e+02 7.127446289062500000e+02 5.154135131835937500e+02
8.581049194335937500e+02 2.515671386718750000e+02 1.212212890625000000e+03 5.205926513671875000e+02
1.138210937500000000e+03 2.127938537597656250e+02 1.523999389648437500e+03 5.510087890625000000e+02
1.141641601562500000e+03 2.296073303222656250e+02 1.522501708984375000e+03 5.703381347656250000e+02
1.141641601562500000e+03 2.296073303222656250e+02 1.522501708984375000e+03 5.703381347656250000e+02
1.169707519531250000e+03 2.190413818359375000e+02 1.561765136718750000e+03 5.704934082031250000e+02
1.202907470703125000e+03 3.061286315917968750e+02 1.142677978515625000e+03 5.793613281250000000e+02
1.315196044921875000e+03 5.800919799804687500e+02 1.309150878906250000e+03 9.807292480468750000e+02
7.564848022460937500e+02 9.198273925781250000e+02 4.867992858886718750e+02 9.854732666015625000e+02
8.166597900390625000e+02 1.515390930175781250e+02 1.214139526367187500e+03 4.302278442382812500e+02
9.800799560546875000e+02 1.375382690429687500e+02 1.378545776367187500e+03 4.447008972167968750e+02
7.999730224609375000e+02 1.821642303466796875e+02 1.190757202148437500e+03 4.510874328613281250e+02
2.839692382812500000e+02 3.920983276367187500e+02 7.314917602539062500e+02 5.141971435546875000e+02
1.160872070312500000e+03 2.278987121582031250e+02 1.544115112304687500e+03 5.746431274414062500e+02
7.957461547851562500e+02 7.053115844726562500e+02 6.824186401367187500e+02 8.361741333007812500e+02
1.059923583984375000e+03 6.769907226562500000e+02 9.235421142578125000e+02 9.313392944335937500e+02
9.337927246093750000e+02 8.403586425781250000e+02 6.708022460937500000e+02 1.007066650390625000e+03
2.232149658203125000e+02 3.314042663574218750e+02 7.222575073242187500e+02 4.618981628417968750e+02
6.869248199462890625e+01 4.389771423339843750e+02 6.047274169921875000e+02 5.091201171875000000e+02
3.136046142578125000e+02 4.011143188476562500e+02 7.565785522460937500e+02 5.258129272460937500e+02
3.207766418457031250e+02 4.214891357421875000e+02 7.542738037109375000e+02 5.457131958007812500e+02
9.600933227539062500e+02 2.684534301757812500e+02 1.317404541015625000e+03 5.611069335937500000e+02
7.706335449218750000e+02 8.103590698242187500e+02 5.818076171875000000e+02 9.112006835937500000e+02
1.352520141601562500e+03 5.164183349609375000e+02 1.433231933593750000e+03 9.376824340820312500e+02
1.296910156250000000e+03 5.741317138671875000e+02 1.291346801757812500e+03 9.551794433593750000e+02
1.093992065429687500e+03 7.507854003906250000e+02 8.841632690429687500e+02 1.011165588378906250e+03
9.382373657226562500e+02 1.970974121093750000e+02 1.312832275390625000e+03 4.893719482421875000e+02
9.656107177734375000e+02 1.848190002441406250e+02 1.349569580078125000e+03 4.866638488769531250e+02
2.527816162109375000e+02 3.734541015625000000e+02 7.137636108398437500e+02 4.957825012207031250e+02
3.979979553222656250e+02 3.693817138671875000e+02 8.120079345703125000e+02 5.235229492187500000e+02
1.204302612304687500e+03 6.403979492187500000e+02 1.105854980468750000e+03 9.717291259765625000e+02
9.542260742187500000e+02 8.543841552734375000e+02 6.677374877929687500e+02 1.029685791015625000e+03
9.564058227539062500e+02 2.335029907226562500e+02 1.318491333007812500e+03 5.271018676757812500e+02
1.027805480957031250e+02 4.810477600097656250e+02 6.181039428710937500e+02 5.476882324218750000e+02
1.251387084960937500e+03 5.016153869628906250e+02 1.311867431640625000e+03 8.571913452148437500e+02
1.006743408203125000e+03 7.257648925781250000e+02 8.332568969726562500e+02 9.414415893554687500e+02
1.045871093750000000e+03 6.978268432617187500e+02 8.929067993164062500e+02 9.413979492187500000e+02
1.307220581054687500e+03 5.411225585937500000e+02 1.336394531250000000e+03 9.285921630859375000e+02
1.137237670898437500e+03 6.508090209960937500e+02 1.023245483398437500e+03 9.463757934570312500e+02
8.814047851562500000e+02 7.503233032226562500e+02 7.088313598632812500e+02 9.050928344726562500e+02
