4.837098693847656250e+02 6.334873046875000000e+02 1.202388793945312500e+03 2.602243347167968750e+02
7.532911376953125000e+02 5.066324768066406250e+02 1.539210571289062500e+03 3.030709838867187500e+02
7.405124511718750000e+02 5.328965454101562500e+02 1.507226806640625000e+03 3.217973632812500000e+02
5.504913330078125000e+02 1.047774169921875000e+03 5.525358886718750000e+02 5.150047607421875000e+02
1.219684326171875000e+03 8.194152832031250000e+02 9.012156372070312500e+02 8.626651611328125000e+02
1.112219116210937500e+03 1.028790039062500000e+03 9.443973388671875000e+02 8.635528564453125000e+02
1.297939697265625000e+03 7.376205444335937500e+02 1.075791381835937500e+03 9.297014770507812500e+02
1.118751220703125000e+03 8.446961669921875000e+02 8.319875488281250000e+02 7.826868896484375000e+02
1.124272460937500000e+03 8.633325195312500000e+02 8.083310546875000000e+02 7.926880493164062500e+02
1.166839477539062500e+03 7.424940185546875000e+02 1.009041992187500000e+03 7.923302001953125000e+02
1.166839477539062500e+03 7.424940185546875000e+02 1.009041992187500000e+03 7.923302001953125000e+02
1.102546752929687500e+03 1.034457031250000000e+03 6.077846679687500000e+02 8.216062011718750000e+02
1.217066894531250000e+03 7.974836425781250000e+02 9.332816162109375000e+02 8.578685913085937500e+02
2.781469421386718750e+02 6.079859008789062500e+02 1.054700317382812500e+03 1.447041320800781250e+02
7.128414306640625000e+02 5.038531188964843750e+02 1.503635253906250000e+03 2.696727294921875000e+02
8.604978027343750000e+02 4.916662597656250000e+02 1.671915161132812500e+03 3.687356872558593750e+02
1.066240966796875000e+03 8.446614379882812500e+02 8.179478149414062500e+02 7.370111694335937500e+02
1.061626464843750000e+03 8.676212158203125000e+02 7.923651123046875000e+02 7.416503906250000000e+02
1.163137451171875000e+03 7.513708496093750000e+02 9.948469238281250000e+02 7.930711059570312500e+02
1.321467407226562500e+03 7.606321411132812500e+02 1.042374267578125000e+03 9.633705444335937500e+02
2.785026855468750000e+02 5.522702026367187500e+02 1.081123046875000000e+03 9.880110931396484375e+01
2.809044494628906250e+02 5.803135986328125000e+02 1.069288330078125000e+03 1.236039276123046875e+02
7.731390380859375000e+02 5.012974548339843750e+02 1.579360229492187500e+03 3.118564147949218750e+02
8.492210693359375000e+02 4.823528747558593750e+02 1.671999511718750000e+03 3.507850952148437500e+02
1.113859863281250000e+03 8.324517211914062500e+02 8.459540405273437500e+02 7.755377197265625000e+02
1.097713012695312500e+03 8.845345458984375000e+02 7.731900634765625000e+02 7.787077026367187500e+02
1.080870727539062500e+03 1.028574707031250000e+03 6.125112304687500000e+02 8.085648803710937500e+02
1.161131347656250000e+03 9.689692993164062500e+02 6.888027954101562500e+02 8.509293212890625000e+02
1.300091430664062500e+03 8.650655517578125000e+02 8.524049072265625000e+02 9.553602905273437500e+02
1.304330932617187500e+03 8.489023437500000000e+02 8.771209716796875000e+02 9.563331909179687500e+02
1.308538696289062500e+03 8.854075927734375000e+02 8.255427856445312500e+02 9.667603149414062500e+02
4.348986816406250000e+02 4.973975830078125000e+02 1.241662109375000000e+03 1.125788879394531250e+02
3.479960632324218750e+02 5.678492431640625000e+02 1.128004272460937500e+03 1.395013275146484375e+02
3.051543273925781250e+02 5.927221069335937500e+02 1.080200073242187500e+03 1.432528686523437500e+02
3.051543273925781250e+02 5.927221069335937500e+02 1.080200073242187500e+03 1.432528686523437500e+02
1.120431152343750000e+03 8.815939941406250000e+02 7.861358642578125000e+02 7.977822265625000000e+02
1.332256713867187500e+03 8.557542724609375000e+02 8.765640258789062500e+02 9.871337280273437500e+02
1.332256713867187500e+03 8.557542724609375000e+02 8.765640258789062500e+02 9.871337280273437500e+02
1.095109863281250000e+03 8.714095458984375000e+02 7.941474609375000000e+02 7.713804321289062500e+02
1.363262329101562500e+03 8.678087768554687500e+02 8.653465576171875000e+02 1.025174194335937500e+03
2.760733337402343750e+02 5.695189208984375000e+02 1.071842285156250000e+03 1.124114608764648438e+02
3.725176696777343750e+02 5.302137451171875000e+02 1.168001953125000000e+03 1.191129760742187500e+02
3.192259521484375000e+02 5.514207763671875000e+02 1.114006225585937500e+03 1.082312622070312500e+02
3.192259521484375000e+02 5.514207763671875000e+02 1.114006225585937500e+03 1.082312622070312500e+02
