5.734053955078125000e+02 5.658276367187500000e+02 3.416080322265625000e+02 5.655778198242187500e+02
5.862769165039062500e+02 5.856762695312500000e+02 3.536588439941406250e+02 5.861106567382812500e+02
9.393598022460937500e+02 7.993363037109375000e+02 9.410930786132812500e+02 9.057355957031250000e+02
8.604978027343750000e+02 4.916662597656250000e+02 6.982774658203125000e+02 4.927359924316406250e+02
1.227264404296875000e+03 6.707675781250000000e+02 1.378253295898437500e+03 8.788539428710937500e+02
8.071025390625000000e+02 8.005369262695312500e+02 8.023729248046875000e+02 9.152815551757812500e+02
1.094920043945312500e+03 8.355809326171875000e+02 1.094570190429687500e+03 9.315785522460937500e+02
9.369083251953125000e+02 8.084843139648437500e+02 9.375175170898437500e+02 9.136256103515625000e+02
9.426367797851562500e+02 8.132637329101562500e+02 9.457960815429687500e+02 9.184733276367187500e+02
9.619057617187500000e+02 8.204711303710937500e+02 9.670585327148437500e+02 9.244942626953125000e+02
8.510956420898437500e+02 8.420326538085937500e+02 8.621322631835937500e+02 9.590822143554687500e+02
1.340474365234375000e+03 4.508774414062500000e+02 1.150067138671875000e+03 4.726919860839843750e+02
7.584306640625000000e+02 5.268566894531250000e+02 5.690668945312500000e+02 5.275377807617187500e+02
7.516655883789062500e+02 7.309519042968750000e+02 7.203524169921875000e+02 8.289487915039062500e+02
9.730684814453125000e+02 9.510970458984375000e+02 6.371746826171875000e+02 8.845432739257812500e+02
1.229190063476562500e+03 8.003380737304687500e+02 1.198151733398437500e+03 8.872783813476562500e+02
1.229190063476562500e+03 8.003380737304687500e+02 1.198151733398437500e+03 8.872783813476562500e+02
9.573809204101562500e+02 8.029100952148437500e+02 9.558535766601562500e+02 9.092944335937500000e+02
7.800348510742187500e+02 7.975512695312500000e+02 7.742226562500000000e+02 9.128565673828125000e+02
1.003278198242187500e+03 8.106564941406250000e+02 1.003816650390625000e+03 9.122016601562500000e+02
9.968917236328125000e+02 8.185780639648437500e+02 9.976580200195312500e+02 9.228680419921875000e+02
1.113859863281250000e+03 8.324517211914062500e+02 1.109195068359375000e+03 9.298827514648437500e+02
9.794010009765625000e+02 8.272485351562500000e+02 9.839322509765625000e+02 9.341723632812500000e+02
1.066240966796875000e+03 8.446614379882812500e+02 1.069665893554687500e+03 9.429523315429687500e+02
8.050313720703125000e+02 8.728645629882812500e+02 8.255031738281250000e+02 1.000005004882812500e+03
8.145124511718750000e+02 8.868806152343750000e+02 8.403162231445312500e+02 1.013566772460937500e+03
9.819323120117187500e+02 9.078352050781250000e+02 1.009852722167968750e+03 1.021433898925781250e+03
1.175612182617187500e+03 9.411828613281250000e+02 1.190734375000000000e+03 1.041629516601562500e+03
9.832849121093750000e+02 9.291013183593750000e+02 1.019380187988281250e+03 1.044519653320312500e+03
1.821858764648437500e+03 1.880526123046875000e+02 1.560313842773437500e+03 3.066178283691406250e+02
8.223604736328125000e+02 4.651406555175781250e+02 6.458050537109375000e+02 4.626428222656250000e+02
7.731390380859375000e+02 5.012974548339843750e+02 5.903981933593750000e+02 5.003575134277343750e+02
1.447749389648437500e+03 5.336077880859375000e+02 1.246494628906250000e+03 5.589746704101562500e+02
1.321991333007812500e+03 7.397968750000000000e+02 1.257950561523437500e+03 8.171738891601562500e+02
7.850839233398437500e+02 7.559001464843750000e+02 7.653883666992187500e+02 8.588688354492187500e+02
7.302438964843750000e+02 7.549918212890625000e+02 7.009521484375000000e+02 8.610190429687500000e+02
1.187610961914062500e+03 7.888468627929687500e+02 1.160246337890625000e+03 8.752568969726562500e+02
1.409565185546875000e+03 8.113637084960937500e+02 1.343892578125000000e+03 8.856596679687500000e+02
7.964025268554687500e+02 7.914216918945312500e+02 7.885902709960937500e+02 9.048485107421875000e+02
1.120121704101562500e+03 8.206646118164062500e+02 1.112340209960937500e+03 9.154873046875000000e+02
8.230831298828125000e+02 8.049425659179687500e+02 8.216803588867187500e+02 9.192816162109375000e+02
7.640343627929687500e+02 8.107703247070312500e+02 7.603381958007812500e+02 9.289979248046875000e+02
8.471803588867187500e+02 8.548517456054687500e+02 8.626422729492187500e+02 9.748656005859375000e+02
6.679619750976562500e+02 8.452723999023437500e+02 6.665144042968750000e+02 9.788447265625000000e+02
6.797469482421875000e+02 8.468692626953125000e+02 6.817640380859375000e+02 9.791715087890625000e+02
7.109901733398437500e+02 8.536346435546875000e+02 7.181157836914062500e+02 9.876219482421875000e+02
1.097713012695312500e+03 8.845345458984375000e+02 1.111764038085937500e+03 9.872380371093750000e+02
8.017280273437500000e+02 8.873068237304687500e+02 8.261511230468750000e+02 1.013530822753906250e+03
9.663514404296875000e+02 9.243297729492187500e+02 1.000706298828125000e+03 1.042145629882812500e+03
1.596214721679687500e+03 4.231379699707031250e+02 1.371055786132812500e+03 4.706242065429687500e+02
7.053017578125000000e+02 4.824596252441406250e+02 5.110513916015625000e+02 4.768803405761718750e+02
1.507074462890625000e+03 5.824345703125000000e+02 1.293819091796875000e+03 6.032021484375000000e+02
9.973902587890625000e+02 4.803810729980468750e+02 1.052098510742187500e+03 6.270337524414062500e+02
7.367060546875000000e+02 6.726672973632812500e+02 6.806602172851562500e+02 7.592308959960937500e+02
7.346069946289062500e+02 7.381019897460937500e+02 7.021126098632812500e+02 8.421541137695312500e+02
7.346069946289062500e+02 7.381019897460937500e+02 7.021126098632812500e+02 8.421541137695312500e+02
7.592440185546875000e+02 7.464410400390625000e+02 7.343161010742187500e+02 8.504626464843750000e+02
1.249471679687500000e+03 7.809870605468750000e+02 1.210516357421875000e+03 8.668822021484375000e+02
1.245990722656250000e+03 8.050155639648437500e+02 1.214715209960937500e+03 8.886266479492187500e+02
1.060531005859375000e+03 8.160292968750000000e+02 1.059274780273437500e+03 9.121010742187500000e+02
7.905097045898437500e+02 8.075912475585937500e+02 7.875968627929687500e+02 9.212581176757812500e+02
3.015247192382812500e+02 8.076742553710937500e+02 9.270519256591796875e+01 9.288905639648437500e+02
9.175422973632812500e+02 8.223310546875000000e+02 9.235421142578125000e+02 9.313392944335937500e+02
9.335556640625000000e+02 8.278525390625000000e+02 9.405415039062500000e+02 9.322434692382812500e+02
9.550380249023437500e+02 8.375212402343750000e+02 9.648920288085937500e+02 9.465087890625000000e+02
1.318944702148437500e+03 8.678299560546875000e+02 1.290922729492187500e+03 9.553411254882812500e+02
7.926177368164062500e+02 8.683747558593750000e+02 8.106679687500000000e+02 9.924787597656250000e+02
7.926177368164062500e+02 8.683747558593750000e+02 8.106679687500000000e+02 9.924787597656250000e+02
6.648238525390625000e+02 8.687073974609375000e+02 6.708022460937500000e+02 1.007066650390625000e+03
8.869768066406250000e+02 4.621815185546875000e+02 7.222575073242187500e+02 4.618981628417968750e+02
1.536835205078125000e+03 5.325239257812500000e+02 1.317404541015625000e+03 5.611069335937500000e+02
6.754204101562500000e+02 7.785924682617187500e+02 6.508759765625000000e+02 8.961612548828125000e+02
1.436134399414062500e+03 8.214163208007812500e+02 1.365189575195312500e+03 8.949338378906250000e+02
6.140361328125000000e+02 7.890635375976562500e+02 5.818076171875000000e+02 9.112006835937500000e+02
1.102160888671875000e+03 8.268667602539062500e+02 1.096228393554687500e+03 9.235025024414062500e+02
1.509957153320312500e+03 8.658447875976562500e+02 1.433231933593750000e+03 9.376824340820312500e+02
5.452760620117187500e+02 8.286218872070312500e+02 5.151060791015625000e+02 9.699785766601562500e+02
8.433925781250000000e+02 8.765899658203125000e+02 8.648273925781250000e+02 1.000543273925781250e+03
8.433925781250000000e+02 8.765899658203125000e+02 8.648273925781250000e+02 1.000543273925781250e+03
1.666148315429687500e+03 6.269246215820312500e+02 1.403666992187500000e+03 6.430865478515625000e+02
1.421032226562500000e+03 7.912622070312500000e+02 1.346625366210937500e+03 8.676344604492187500e+02
1.038426025390625000e+03 8.079956665039062500e+02 1.038901245117187500e+03 9.056376342773437500e+02
1.143030761718750000e+03 8.649622802734375000e+02 1.141479858398437500e+03 9.650698852539062500e+02
5.088161315917968750e+02 8.286992187500000000e+02 4.707352294921875000e+02 9.715243530273437500e+02
1.095109863281250000e+03 8.714095458984375000e+02 1.105854980468750000e+03 9.717291259765625000e+02
5.605996704101562500e+02 8.370695190429687500e+02 5.379055786132812500e+02 9.816154174804687500e+02
6.527861938476562500e+02 8.853649291992187500e+02 6.677374877929687500e+02 1.029685791015625000e+03
6.527861938476562500e+02 8.853649291992187500e+02 6.677374877929687500e+02 1.029685791015625000e+03
1.818224853515625000e+03 1.511638793945312500e+02 1.563481811523437500e+03 2.720681762695312500e+02
1.534408081054687500e+03 4.923152770996093750e+02 1.318491333007812500e+03 5.271018676757812500e+02
1.470249755859375000e+03 5.722286987304687500e+02 1.266912719726562500e+03 5.939815673828125000e+02
1.760777954101562500e+03 7.181643676757812500e+02 1.482059326171875000e+03 7.245920410156250000e+02
6.979003295898437500e+02 6.951493530273437500e+02 6.446250610351562500e+02 7.895252075195312500e+02
6.979003295898437500e+02 6.951493530273437500e+02 6.446250610351562500e+02 7.895252075195312500e+02
1.453019165039062500e+03 7.664376831054687500e+02 1.367611450195312500e+03 8.436751098632812500e+02
8.879904785156250000e+02 8.323930053710937500e+02 8.929067993164062500e+02 9.413979492187500000e+02
7.353961181640625000e+02 8.277957153320312500e+02 7.350691528320312500e+02 9.511588134765625000e+02
7.353961181640625000e+02 8.277957153320312500e+02 7.350691528320312500e+02 9.511588134765625000e+02
1.150312744140625000e+03 9.004870605468750000e+02 1.157717895507812500e+03 9.986550903320312500e+02
1.723740478515625000e+03 1.107625045776367188e+02 1.486886718750000000e+03 2.194209594726562500e+02
4.152544555664062500e+02 2.962383728027343750e+02 1.507906036376953125e+02 2.445722198486328125e+02
1.579309326171875000e+03 5.891853027343750000e+02 1.349716552734375000e+03 6.140971679687500000e+02
1.579309326171875000e+03 5.891853027343750000e+02 1.349716552734375000e+03 6.140971679687500000e+02
5.879272460937500000e+02 8.119761352539062500e+02 5.605180053710937500e+02 9.441072387695312500e+02
5.879272460937500000e+02 8.119761352539062500e+02 5.605180053710937500e+02 9.441072387695312500e+02
5.658745727539062500e+02 3.143036193847656250e+02 3.452939453125000000e+02 2.717344665527343750e+02
5.658745727539062500e+02 3.143036193847656250e+02 3.452939453125000000e+02 2.717344665527343750e+02
6.867221069335937500e+02 7.368867797851562500e+02 6.435016479492187500e+02 8.414413452148437500e+02
6.867221069335937500e+02 7.368867797851562500e+02 6.435016479492187500e+02 8.414413452148437500e+02
1.234178222656250000e+03 8.008395385742187500e+02 1.206026611328125000e+03 8.875463256835937500e+02
1.156902587890625000e+03 8.137435302734375000e+02 1.143428833007812500e+03 9.095450439453125000e+02
1.017035644531250000e+03 8.436389770507812500e+02 1.023245483398437500e+03 9.463757934570312500e+02
5.743295898437500000e+02 4.037294311523437500e+02 3.476608276367187500e+02 3.764933776855468750e+02
7.215910644531250000e+02 7.894285278320312500e+02 7.088313598632812500e+02 9.050928344726562500e+02
1.549536743164062500e+03 3.737314758300781250e+02 1.334000488281250000e+03 4.263896484375000000e+02
1.626719238281250000e+03 4.756861572265625000e+02 1.387541748046875000e+03 5.147044677734375000e+02
1.626719238281250000e+03 4.756861572265625000e+02 1.387541748046875000e+03 5.147044677734375000e+02
1.527953491210937500e+03 1.563137359619140625e+02 1.332583984375000000e+03 2.302632141113281250e+02
8.284558105468750000e+02 7.400382690429687500e+02 8.257923583984375000e+02 8.472332153320312500e+02
1.164061645507812500e+03 2.503772888183593750e+02 1.023499633789062500e+03 2.796815185546875000e+02
