7.576471557617187500e+02 7.973478393554687500e+02 1.195877807617187500e+03 6.070572509765625000e+02
7.563665771484375000e+02 7.885338134765625000e+02 1.196281982421875000e+03 6.137904663085937500e+02
8.576641235351562500e+02 9.737185058593750000e+02 1.114818237304687500e+03 5.047058105468750000e+02
8.089224243164062500e+02 9.858293457031250000e+02 1.144291992187500000e+03 5.052270202636718750e+02
8.581751708984375000e+02 8.266648559570312500e+02 1.142222290039062500e+03 5.415093383789062500e+02
7.792707519531250000e+02 8.158218994140625000e+02 1.174877807617187500e+03 5.916849975585937500e+02
6.956644897460937500e+02 7.497078857421875000e+02 1.256046386718750000e+03 6.522291259765625000e+02
7.129713745117187500e+02 7.332372436523437500e+02 1.244903808593750000e+03 6.647586059570312500e+02
6.973210449218750000e+02 7.259719848632812500e+02 1.260831176757812500e+03 6.732009887695312500e+02
8.961836547851562500e+02 6.615548706054687500e+02 1.067318969726562500e+03 7.102621459960937500e+02
8.861181640625000000e+02 6.390024414062500000e+02 1.074801879882812500e+03 7.427409667968750000e+02
9.096097412109375000e+02 6.357006225585937500e+02 1.046923950195312500e+03 7.433289184570312500e+02
8.245529174804687500e+02 6.110726928710937500e+02 1.148711303710937500e+03 7.948871459960937500e+02
7.978887329101562500e+02 7.946459350585937500e+02 1.164304687500000000e+03 6.028631591796875000e+02
7.964865722656250000e+02 7.801116333007812500e+02 1.165310058593750000e+03 6.138554687500000000e+02
8.026300659179687500e+02 7.658078002929687500e+02 1.161636718750000000e+03 6.247594604492187500e+02
7.232767333984375000e+02 7.446075439453125000e+02 1.232542114257812500e+03 6.530296020507812500e+02
6.924253540039062500e+02 7.379116821289062500e+02 1.261300659179687500e+03 6.618067016601562500e+02
6.818280029296875000e+02 7.201351928710937500e+02 1.279787231445312500e+03 6.808342285156250000e+02
7.909272460937500000e+02 6.751841430664062500e+02 1.179880615234375000e+03 7.133992919921875000e+02
9.099444580078125000e+02 6.470069580078125000e+02 1.049355712890625000e+03 7.274295654296875000e+02
7.612728271484375000e+02 6.635132446289062500e+02 1.215582031250000000e+03 7.311833496093750000e+02
7.600675659179687500e+02 6.542567138671875000e+02 1.216739257812500000e+03 7.439915771484375000e+02
8.327852783203125000e+02 6.229711914062500000e+02 1.137388305664062500e+03 7.757720947265625000e+02
9.103302001953125000e+02 5.276851196289062500e+02 6.592852172851562500e+02 5.516130371093750000e+02
9.103302001953125000e+02 5.276851196289062500e+02 6.592852172851562500e+02 5.516130371093750000e+02
7.462390747070312500e+02 6.708836059570312500e+02 1.229265258789062500e+03 7.241264038085937500e+02
7.830882568359375000e+02 6.573485717773437500e+02 1.190778076171875000e+03 7.352984619140625000e+02
8.870984497070312500e+02 6.290800170898437500e+02 1.074915405273437500e+03 7.533776245117187500e+02
8.377125854492187500e+02 6.081756591796875000e+02 1.129906005859375000e+03 7.981953735351562500e+02
8.825260009765625000e+02 5.682902832031250000e+02 1.066097900390625000e+03 8.643972167968750000e+02
8.676034545898437500e+02 5.587965087890625000e+02 1.090946044921875000e+03 8.859651489257812500e+02
6.713114013671875000e+02 7.570230712890625000e+02 1.274197387695312500e+03 6.517465820312500000e+02
8.985375366210937500e+02 6.506978149414062500e+02 1.062683471679687500e+03 7.217828979492187500e+02
8.842323608398437500e+02 6.481505737304687500e+02 1.079901977539062500e+03 7.288865966796875000e+02
9.222102661132812500e+02 6.395501098632812500e+02 1.030906738281250000e+03 7.357910766601562500e+02
9.501992187500000000e+02 6.073768920898437500e+02 9.887507934570312500e+02 7.759357910156250000e+02
8.966745605468750000e+02 5.749313354492187500e+02 1.049712158203125000e+03 8.509241943359375000e+02
9.330447998046875000e+02 6.255938720703125000e+02 1.015441101074218750e+03 7.535183715820312500e+02
9.109766845703125000e+02 6.079811401367187500e+02 1.042018188476562500e+03 7.846734008789062500e+02
