1.324553710937500000e+03 6.597245788574218750e+01 1.573577636718750000e+03 1.651841430664062500e+02
1.307116821289062500e+03 7.605074310302734375e+01 1.555349609375000000e+03 1.777839965820312500e+02
1.456353881835937500e+03 3.035276031494140625e+01 1.797993652343750000e+03 1.298991394042968750e+02
1.456353881835937500e+03 3.035276031494140625e+01 1.797993652343750000e+03 1.298991394042968750e+02
9.920473632812500000e+02 3.121227416992187500e+02 1.179417724609375000e+03 4.039194641113281250e+02
8.741921386718750000e+02 3.947034912109375000e+02 1.057138793945312500e+03 4.800781250000000000e+02
8.754798583984375000e+02 4.201733398437500000e+02 1.053180053710937500e+03 5.033692016601562500e+02
9.473327026367187500e+02 6.169468383789062500e+02 1.041287353515625000e+03 7.199387817382812500e+02
6.956644897460937500e+02 7.497078857421875000e+02 7.581717529296875000e+02 8.157913208007812500e+02
1.368427978515625000e+03 7.640742797851562500e+02 1.509761718750000000e+03 9.686930541992187500e+02
8.812460937500000000e+02 8.626253051757812500e+02 9.073369750976562500e+02 9.735650634765625000e+02
1.322634277343750000e+03 2.225608634948730469e+01 1.578309814453125000e+03 1.193832397460937500e+02
1.284714599609375000e+03 1.311251373291015625e+02 1.523166381835937500e+03 2.346809387207031250e+02
1.318128906250000000e+03 1.516539916992187500e+02 1.557367187500000000e+03 2.548989715576171875e+02
4.190378417968750000e+02 3.731041564941406250e+02 6.466173706054687500e+02 4.321308288574218750e+02
1.112563476562500000e+03 3.830946044921875000e+02 1.306392089843750000e+03 4.867076721191406250e+02
8.792403564453125000e+02 7.008391723632812500e+02 9.438057250976562500e+02 7.940386352539062500e+02
8.655609130859375000e+02 7.011144409179687500e+02 9.341598510742187500e+02 7.950653076171875000e+02
1.273572753906250000e+03 6.599707641601562500e+02 1.410046752929687500e+03 8.215341796875000000e+02
1.268578857421875000e+03 6.761074829101562500e+02 1.402728027343750000e+03 8.439158935546875000e+02
1.357212524414062500e+03 6.894475097656250000e+02 1.511117919921875000e+03 8.737269897460937500e+02
1.259985473632812500e+03 7.401291503906250000e+02 1.375114257812500000e+03 9.169476928710937500e+02
1.193602050781250000e+03 7.923836059570312500e+02 1.275911254882812500e+03 9.612600708007812500e+02
1.218487792968750000e+03 8.039275512695312500e+02 1.305273559570312500e+03 9.817468872070312500e+02
1.318539916992187500e+03 3.893570327758789062e+01 1.572636474609375000e+03 1.364071960449218750e+02
1.313364624023437500e+03 5.471924209594726562e+01 1.565786010742187500e+03 1.521860046386718750e+02
1.249831909179687500e+03 1.044616699218750000e+02 1.484032836914062500e+03 2.040451965332031250e+02
1.101699462890625000e+03 1.196518402099609375e+02 1.316056518554687500e+03 2.179741210937500000e+02
1.082244262695312500e+03 2.240614166259765625e+02 1.286892578125000000e+03 3.216696777343750000e+02
5.746070556640625000e+02 3.357640991210937500e+02 7.820828857421875000e+02 4.083287353515625000e+02
1.122238037109375000e+03 3.269160461425781250e+02 1.322644409179687500e+03 4.319277954101562500e+02
1.063500366210937500e+03 3.960050964355468750e+02 1.251591796875000000e+03 4.966459045410156250e+02
8.127160034179687500e+02 5.996515502929687500e+02 9.064229736328125000e+02 6.812133789062500000e+02
9.521307373046875000e+02 5.989872436523437500e+02 1.048297607421875000e+03 6.994278564453125000e+02
9.705850219726562500e+02 5.998297119140625000e+02 1.068655517578125000e+03 7.021334838867187500e+02
9.687923583984375000e+02 6.168963012695312500e+02 1.062387084960937500e+03 7.198358764648437500e+02
6.785176391601562500e+02 7.326232910156250000e+02 7.434674682617187500e+02 8.025405883789062500e+02
1.382925659179687500e+03 7.057433471679687500e+02 1.542788208007812500e+03 8.995770874023437500e+02
1.240774902343750000e+03 7.309208374023437500e+02 1.352550903320312500e+03 9.004748535156250000e+02
7.966438598632812500e+02 8.242458496093750000e+02 8.303836669921875000e+02 9.160393066406250000e+02
7.157290649414062500e+02 8.469921875000000000e+02 7.509265747070312500e+02 9.225257568359375000e+02
1.050928222656250000e+03 8.143017578125000000e+02 1.103012817382812500e+03 9.546870727539062500e+02
1.096016723632812500e+03 8.123642578125000000e+02 1.155795898437500000e+03 9.620573120117187500e+02
8.583223266601562500e+02 8.595654907226562500e+02 8.849119262695312500e+02 9.659780883789062500e+02
8.583223266601562500e+02 8.595654907226562500e+02 8.849119262695312500e+02 9.659780883789062500e+02
1.309525268554687500e+03 7.719338989257812500e+02 1.431627685546875000e+03 9.671448364257812500e+02
8.632360229492187500e+02 8.707126464843750000e+02 8.876201782226562500e+02 9.817532348632812500e+02
1.347022338867187500e+03 7.845666503906250000e+02 1.476562622070312500e+03 9.887439575195312500e+02
1.337410522460937500e+03 7.846792602539062500e+02 1.465588378906250000e+03 9.891780395507812500e+02
7.225896606445312500e+02 9.165490722656250000e+02 7.356917724609375000e+02 9.965401611328125000e+02
1.077689575195312500e+03 8.537672119140625000e+02 1.124465087890625000e+03 1.008255432128906250e+03
8.390018310546875000e+02 9.127286987304687500e+02 8.495223999023437500e+02 1.018637390136718750e+03
6.534623413085937500e+02 9.719437866210937500e+02 6.548360595703125000e+02 1.042103759765625000e+03
8.776034545898437500e+02 9.349121093750000000e+02 8.834636840820312500e+02 1.052640991210937500e+03
1.171440307617187500e+03 8.838612060546875000e+02 1.226134399414062500e+03 1.066056274414062500e+03
1.422645507812500000e+03 7.398928833007812500e+01 1.750293823242187500e+03 1.739044799804687500e+02
9.525963745117187500e+02 2.961246337890625000e+02 1.143641235351562500e+03 3.873775329589843750e+02
1.081536865234375000e+03 2.980167236328125000e+02 1.275457397460937500e+03 3.964052429199218750e+02
9.633978881835937500e+02 3.068938903808593750e+02 1.154367065429687500e+03 4.010495605468750000e+02
3.207223815917968750e+02 3.568733825683593750e+02 5.736071777343750000e+02 4.129732666015625000e+02
4.601493225097656250e+02 3.781892089843750000e+02 6.844370727539062500e+02 4.391347351074218750e+02
1.718395385742187500e+02 4.066089172363281250e+02 4.522078552246093750e+02 4.470095825195312500e+02
4.618282470703125000e+02 3.936737060546875000e+02 6.821932983398437500e+02 4.551602783203125000e+02
3.384917297363281250e+02 4.056605834960937500e+02 5.837868652343750000e+02 4.576087646484375000e+02
9.569593505859375000e+02 3.682416992187500000e+02 1.145114990234375000e+03 4.606703491210937500e+02
9.443746337890625000e+02 3.762372741699218750e+02 1.130359741210937500e+03 4.656015625000000000e+02
1.289330078125000000e+03 3.634559936523437500e+02 1.512842041015625000e+03 4.798894348144531250e+02
9.048123168945312500e+02 3.998561706542968750e+02 1.087062011718750000e+03 4.872672119140625000e+02
8.274495849609375000e+02 6.001872558593750000e+02 9.194188232421875000e+02 6.821412963867187500e+02
9.501992187500000000e+02 6.073768920898437500e+02 1.046177124023437500e+03 7.061860961914062500e+02
1.091975830078125000e+03 6.124041137695312500e+02 1.146548095703125000e+03 7.360876464843750000e+02
7.462390747070312500e+02 6.708836059570312500e+02 8.245841674804687500e+02 7.431752929687500000e+02
7.659736938476562500e+02 6.876892700195312500e+02 8.379260253906250000e+02 7.635272827148437500e+02
6.924253540039062500e+02 7.379116821289062500e+02 7.557933959960937500e+02 8.043431396484375000e+02
1.028792602539062500e+03 6.917586669921875000e+02 1.080781738281250000e+03 8.130108642578125000e+02
1.042506835937500000e+03 6.895458374023437500e+02 1.093874877929687500e+03 8.128564453125000000e+02
6.713114013671875000e+02 7.570230712890625000e+02 7.304785766601562500e+02 8.244485473632812500e+02
8.026300659179687500e+02 7.658078002929687500e+02 8.535090942382812500e+02 8.530155639648437500e+02
7.659957275390625000e+02 7.785769042968750000e+02 8.142972412109375000e+02 8.627802124023437500e+02
7.659957275390625000e+02 7.785769042968750000e+02 8.142972412109375000e+02 8.627802124023437500e+02
7.389911499023437500e+02 8.100319824218750000e+02 7.818284912109375000e+02 8.900834350585937500e+02
7.792707519531250000e+02 8.158218994140625000e+02 8.187675170898437500e+02 9.042291259765625000e+02
1.387619995117187500e+03 7.264465332031250000e+02 1.545350463867187500e+03 9.262630615234375000e+02
7.040809326171875000e+02 8.612100219726562500e+02 7.362042236328125000e+02 9.357610473632812500e+02
1.077930908203125000e+03 7.929854125976562500e+02 1.140808715820312500e+03 9.381541137695312500e+02
1.343190307617187500e+03 7.501076660156250000e+02 1.478427490234375000e+03 9.450747070312500000e+02
1.360709350585937500e+03 7.533435058593750000e+02 1.502776367187500000e+03 9.543147583007812500e+02
7.211281738281250000e+02 8.836360473632812500e+02 7.424526977539062500e+02 9.630620117187500000e+02
8.876712036132812500e+02 8.519652099609375000e+02 9.164815063476562500e+02 9.639719238281250000e+02
8.448541870117187500e+02 8.614952392578125000e+02 8.712698974609375000e+02 9.666790161132812500e+02
1.319195068359375000e+03 7.715587158203125000e+02 1.444501220703125000e+03 9.677622680664062500e+02
7.764237060546875000e+02 8.820876464843750000e+02 7.965516357421875000e+02 9.711109619140625000e+02
9.208045043945312500e+02 8.579719238281250000e+02 9.503323364257812500e+02 9.766969604492187500e+02
1.054178344726562500e+03 8.484215698242187500e+02 1.100648925781250000e+03 9.979601440429687500e+02
1.368164306640625000e+03 7.854741210937500000e+02 1.505450317382812500e+03 9.983249511718750000e+02
1.216569580078125000e+03 8.182127685546875000e+02 1.300540649414062500e+03 9.999359741210937500e+02
8.910578002929687500e+02 8.855959472656250000e+02 9.126057128906250000e+02 1.003802795410156250e+03
7.116329345703125000e+02 9.294495239257812500e+02 7.235988159179687500e+02 1.013339904785156250e+03
1.219255615234375000e+03 8.442008056640625000e+02 1.297275390625000000e+03 1.031919677734375000e+03
1.227016723632812500e+03 8.537538452148437500e+02 1.304297363281250000e+03 1.046640869140625000e+03
1.287378784179687500e+03 8.401147460937500000e+02 1.385271118164062500e+03 1.046163818359375000e+03
1.147163085937500000e+03 8.807659912109375000e+02 1.199702636718750000e+03 1.057949462890625000e+03
1.315434692382812500e+03 1.217830505371093750e+02 1.557884277343750000e+03 2.253282775878906250e+02
1.381961059570312500e+03 1.424522247314453125e+02 1.644608642578125000e+03 2.475629272460937500e+02
1.146119750976562500e+03 2.675657348632812500e+02 1.354458740234375000e+03 3.692418823242187500e+02
9.843578491210937500e+02 2.770537719726562500e+02 1.179511596679687500e+03 3.729915771484375000e+02
9.658984375000000000e+02 2.824584045410156250e+02 1.159679443359375000e+03 3.760752563476562500e+02
1.038886962890625000e+03 2.767927856445312500e+02 1.238226074218750000e+03 3.779667663574218750e+02
3.269459228515625000e+02 3.356398925781250000e+02 5.814105834960937500e+02 3.973898010253906250e+02
1.263860015869140625e+02 3.725294799804687500e+02 4.293612670898437500e+02 4.180850830078125000e+02
1.003277893066406250e+03 3.552377014160156250e+02 1.189690063476562500e+03 4.497883911132812500e+02
4.422335205078125000e+02 3.988138427734375000e+02 6.638708496093750000e+02 4.532062683105468750e+02
4.422335205078125000e+02 3.988138427734375000e+02 6.638708496093750000e+02 4.532062683105468750e+02
1.785351104736328125e+02 4.579332580566406250e+02 4.536565246582031250e+02 4.912534179687500000e+02
1.309558959960937500e+03 3.818974609375000000e+02 1.537471923828125000e+03 5.073173522949218750e+02
1.172300048828125000e+03 5.061101989746093750e+02 1.229607910156250000e+03 6.305066528320312500e+02
8.237243041992187500e+02 6.186954956054687500e+02 9.108051147460937500e+02 7.004166259765625000e+02
6.985338745117187500e+02 7.157481079101562500e+02 7.633337402343750000e+02 7.797378540039062500e+02
8.142682495117187500e+02 7.147549438476562500e+02 8.800227050781250000e+02 8.024099121093750000e+02
1.256291381835937500e+03 6.744075927734375000e+02 1.386403076171875000e+03 8.367970581054687500e+02
7.964865722656250000e+02 7.801116333007812500e+02 8.435201416015625000e+02 8.666380615234375000e+02
1.242936157226562500e+03 7.125507202148437500e+02 1.357640136718750000e+03 8.778699340820312500e+02
1.363229003906250000e+03 7.067235107421875000e+02 1.518734741210937500e+03 8.983120727539062500e+02
1.260751342773437500e+03 7.500567626953125000e+02 1.371245361328125000e+03 9.275679931640625000e+02
9.031863403320312500e+02 8.289736938476562500e+02 9.387286376953125000e+02 9.389587402343750000e+02
1.332595825195312500e+03 7.585172119140625000e+02 1.464933349609375000e+03 9.552381591796875000e+02
1.355242431640625000e+03 7.635090942382812500e+02 1.494856811523437500e+03 9.671961059570312500e+02
1.357290283203125000e+03 7.812774658203125000e+02 1.490894042968750000e+03 9.898605346679687500e+02
1.081090087890625000e+03 8.400552368164062500e+02 1.130452270507812500e+03 9.938657836914062500e+02
7.513076782226562500e+02 9.085106811523437500e+02 7.645465698242187500e+02 9.964351196289062500e+02
1.357351318359375000e+03 7.909312133789062500e+02 1.491320434570312500e+03 1.001965698242187500e+03
1.193769775390625000e+03 8.278776855468750000e+02 1.265603637695312500e+03 1.005327270507812500e+03
8.225404052734375000e+02 9.093422241210937500e+02 8.371445312500000000e+02 1.011494689941406250e+03
1.376023437500000000e+03 7.994989624023437500e+02 1.513208374023437500e+03 1.017816955566406250e+03
1.009185485839843750e+03 8.801361694335937500e+02 1.040127441406250000e+03 1.022776916503906250e+03
1.022374755859375000e+03 8.869093017578125000e+02 1.051197387695312500e+03 1.032374877929687500e+03
1.003395568847656250e+03 8.932908325195312500e+02 1.031126220703125000e+03 1.036832763671875000e+03
1.161677978515625000e+03 8.819026489257812500e+02 1.216316406250000000e+03 1.060782592773437500e+03
1.577026489257812500e+03 9.750807952880859375e+01 1.899890136718750000e+03 1.969229125976562500e+02
1.472672119140625000e+03 1.119788742065429688e+02 1.762775390625000000e+03 2.143281250000000000e+02
1.270672973632812500e+03 1.214880599975585938e+02 1.505453491210937500e+03 2.230837097167968750e+02
1.364802246093750000e+03 1.330778808593750000e+02 1.623409179687500000e+03 2.330103454589843750e+02
1.015657531738281250e+03 3.083230895996093750e+02 1.203948242187500000e+03 4.016744689941406250e+02
8.222104644775390625e+01 3.676642761230468750e+02 3.970809631347656250e+02 4.117858886718750000e+02
9.830660400390625000e+02 3.204019775390625000e+02 1.173343994140625000e+03 4.152783813476562500e+02
2.788913879394531250e+02 4.032890930175781250e+02 5.378131103515625000e+02 4.520390625000000000e+02
1.942185668945312500e+02 4.410115051269531250e+02 4.675179138183593750e+02 4.750201416015625000e+02
8.863380126953125000e+02 3.877282409667968750e+02 1.069447021484375000e+03 4.756360778808593750e+02
1.101230590820312500e+03 3.867537231445312500e+02 1.294931396484375000e+03 4.918698730468750000e+02
1.247850952148437500e+03 4.460047607421875000e+02 1.346544921875000000e+03 5.706459350585937500e+02
1.135123535156250000e+03 5.072307739257812500e+02 1.192644287109375000e+03 6.259384155273437500e+02
1.203598754882812500e+03 5.235314941406250000e+02 1.272365844726562500e+03 6.519843750000000000e+02
9.236159057617187500e+02 5.885389404296875000e+02 1.021706237792968750e+03 6.841358032226562500e+02
9.236159057617187500e+02 5.885389404296875000e+02 1.021706237792968750e+03 6.841358032226562500e+02
1.166459594726562500e+03 6.837022705078125000e+02 1.242463989257812500e+03 8.301553955078125000e+02
1.166459594726562500e+03 6.837022705078125000e+02 1.242463989257812500e+03 8.301553955078125000e+02
7.449126586914062500e+02 7.922057495117187500e+02 7.903038330078125000e+02 8.729682617187500000e+02
7.680402221679687500e+02 7.951119995117187500e+02 8.121619873046875000e+02 8.784997558593750000e+02
7.680402221679687500e+02 7.951119995117187500e+02 8.121619873046875000e+02 8.784997558593750000e+02
8.112335205078125000e+02 7.979926757812500000e+02 8.521242675781250000e+02 8.891279296875000000e+02
8.330816040039062500e+02 7.991549072265625000e+02 8.729301147460937500e+02 8.986089477539062500e+02
1.268003540039062500e+03 7.249147949218750000e+02 1.387315551757812500e+03 8.987425537109375000e+02
1.176137939453125000e+03 7.886131591796875000e+02 1.258073852539062500e+03 9.517567749023437500e+02
1.034307617187500000e+03 8.330630493164062500e+02 1.079937377929687500e+03 9.729698486328125000e+02
1.234272094726562500e+03 7.974553833007812500e+02 1.327407592773437500e+03 9.760654907226562500e+02
8.300155639648437500e+02 9.275228271484375000e+02 8.387983398437500000e+02 1.034810913085937500e+03
1.279263793945312500e+03 9.183831024169921875e+01 1.519164428710937500e+03 1.905878906250000000e+02
1.336591796875000000e+03 1.009694061279296875e+02 1.588021362304687500e+03 2.027099456787109375e+02
1.069947021484375000e+03 1.964630279541015625e+02 1.280182006835937500e+03 2.961441040039062500e+02
4.305039672851562500e+02 3.326058044433593750e+02 6.631990966796875000e+02 3.964766540527343750e+02
1.185449340820312500e+03 2.917575378417968750e+02 1.406216674804687500e+03 3.964735107421875000e+02
9.221149291992187500e+02 3.148541259765625000e+02 1.113299438476562500e+03 4.057603759765625000e+02
1.148168701171875000e+03 5.288329467773437500e+02 1.204092407226562500e+03 6.515423583984375000e+02
1.148168701171875000e+03 5.288329467773437500e+02 1.204092407226562500e+03 6.515423583984375000e+02
7.218095092773437500e+02 7.016716918945312500e+02 7.923005371093750000e+02 7.730327758789062500e+02
8.040354003906250000e+02 6.914061889648437500e+02 8.740031127929687500e+02 7.752253417968750000e+02
8.909138183593750000e+02 6.836871337890625000e+02 9.617086181640625000e+02 7.794950561523437500e+02
7.257352905273437500e+02 7.338494262695312500e+02 7.855364990234375000e+02 8.035382690429687500e+02
8.206213989257812500e+02 7.472038574218750000e+02 8.680314941406250000e+02 8.320405273437500000e+02
1.155225463867187500e+03 7.100910644531250000e+02 1.227604858398437500e+03 8.574769897460937500e+02
1.336918823242187500e+03 6.885250854492187500e+02 1.487416870117187500e+03 8.685535278320312500e+02
1.187029663085937500e+03 7.553155517578125000e+02 1.273066040039062500e+03 9.136453857421875000e+02
1.208656982421875000e+03 7.498080444335937500e+02 1.301125122070312500e+03 9.100362548828125000e+02
7.454456787109375000e+02 8.706437377929687500e+02 7.702525024414062500e+02 9.538410034179687500e+02
1.055203491210937500e+03 8.269077758789062500e+02 1.105668212890625000e+03 9.722585449218750000e+02
6.768700561523437500e+02 9.007626953125000000e+02 6.977519531250000000e+02 9.749811401367187500e+02
6.768700561523437500e+02 9.007626953125000000e+02 6.977519531250000000e+02 9.749811401367187500e+02
1.340594116210937500e+03 7.766561889648437500e+02 1.470461425781250000e+03 9.794581298828125000e+02
1.231980224609375000e+03 8.211182250976562500e+02 1.318563720703125000e+03 1.005146057128906250e+03
6.229409790039062500e+02 9.640236816406250000e+02 6.307982177734375000e+02 1.028789306640625000e+03
1.310545898437500000e+03 8.609433746337890625e+01 1.558004394531250000e+03 1.865913543701171875e+02
1.128630859375000000e+03 2.004540710449218750e+02 1.338228271484375000e+03 3.019933776855468750e+02
5.219371337890625000e+02 3.503058166503906250e+02 7.369140625000000000e+02 4.202777099609375000e+02
1.094918945312500000e+03 3.155306091308593750e+02 1.291395507812500000e+03 4.181555786132812500e+02
2.880085449218750000e+02 3.757167968750000000e+02 5.472081298828125000e+02 4.285899353027343750e+02
4.386356201171875000e+02 3.739505004882812500e+02 6.631994018554687500e+02 4.346982727050781250e+02
9.317948608398437500e+02 3.570498046875000000e+02 1.119638549804687500e+03 4.482140502929687500e+02
1.103399414062500000e+03 3.532350769042968750e+02 1.297838867187500000e+03 4.569696044921875000e+02
3.057782592773437500e+02 4.488562927246093750e+02 5.549756469726562500e+02 4.914675292968750000e+02
1.026329956054687500e+03 4.572452087402343750e+02 1.119272949218750000e+03 5.586138916015625000e+02
8.750379028320312500e+02 6.088032226562500000e+02 9.664948120117187500e+02 6.986162109375000000e+02
8.750379028320312500e+02 6.088032226562500000e+02 9.664948120117187500e+02 6.986162109375000000e+02
9.109766845703125000e+02 6.079811401367187500e+02 1.003798156738281250e+03 7.051675415039062500e+02
1.309145874023437500e+03 6.850938720703125000e+02 1.451575927734375000e+03 8.592638549804687500e+02
1.125966430664062500e+03 7.834758911132812500e+02 1.200871704101562500e+03 9.343405761718750000e+02
1.206608276367187500e+03 8.289516601562500000e+02 1.286269165039062500e+03 1.010531311035156250e+03
1.167010742187500000e+03 8.557803955078125000e+02 1.231437866210937500e+03 1.033533203125000000e+03
6.879060668945312500e+02 3.176107788085937500e+02 8.851636352539062500e+02 3.947230224609375000e+02
9.983123168945312500e+02 3.078154602050781250e+02 1.186780029296875000e+03 4.051862182617187500e+02
2.283046722412109375e+02 3.948556518554687500e+02 4.971847229003906250e+02 4.412869262695312500e+02
1.361218017578125000e+03 7.446879272460937500e+02 1.505619506835937500e+03 9.448099975585937500e+02
1.434125366210937500e+03 7.291918334960937500e+02 1.608550781250000000e+03 9.449552612304687500e+02
7.479789428710937500e+02 3.667114562988281250e+02 9.358467407226562500e+02 4.449161376953125000e+02
7.479789428710937500e+02 3.667114562988281250e+02 9.358467407226562500e+02 4.449161376953125000e+02
4.916146240234375000e+02 4.357780151367187500e+02 6.984595336914062500e+02 4.901903686523437500e+02
1.299617919921875000e+03 7.154277343750000000e+02 1.431261474609375000e+03 8.940399780273437500e+02
1.212645751953125000e+03 7.652135620117187500e+02 1.305928588867187500e+03 9.327600708007812500e+02
1.363696044921875000e+03 7.866688842773437500e+02 1.497718627929687500e+03 9.971501464843750000e+02
9.548408813476562500e+02 8.711770019531250000e+02 9.831352539062500000e+02 9.993831176757812500e+02
1.308494018554687500e+03 1.394037475585937500e+02 1.550251708984375000e+03 2.429172668457031250e+02
1.020742797851562500e+03 2.581934204101562500e+02 1.220027221679687500e+03 3.561216125488281250e+02
2.423803863525390625e+02 4.709248962402343750e+02 4.990018920898437500e+02 5.050931396484375000e+02
8.685808105468750000e+02 5.051163330078125000e+02 9.807006835937500000e+02 5.913826293945312500e+02
1.073101318359375000e+03 5.274702148437500000e+02 1.141817260742187500e+03 6.480396118164062500e+02
8.483692626953125000e+02 6.650814819335937500e+02 9.291118164062500000e+02 7.569049682617187500e+02
6.815808105468750000e+02 7.395781860351562500e+02 7.448056030273437500e+02 8.063717651367187500e+02
6.815808105468750000e+02 7.395781860351562500e+02 7.448056030273437500e+02 8.063717651367187500e+02
1.321241210937500000e+03 6.528715820312500000e+02 1.469737915039062500e+03 8.178397827148437500e+02
1.127376586914062500e+03 8.230443115234375000e+02 1.190888183593750000e+03 9.836694335937500000e+02
1.102043579101562500e+03 2.442281036376953125e+02 1.308385131835937500e+03 3.457925109863281250e+02
1.202438720703125000e+03 5.649941406250000000e+02 1.288465820312500000e+03 7.072534790039062500e+02
8.146198730468750000e+02 8.634263916015625000e+02 8.422327270507812500e+02 9.575951538085937500e+02
7.188217163085937500e+02 8.932176513671875000e+02 7.340565185546875000e+02 9.735348510742187500e+02
9.336069335937500000e+02 7.696931152343750000e+02 9.688632812500000000e+02 8.805933837890625000e+02
