1.579773559570312500e+03 2.210177993774414062e+01 1.367410522460937500e+03 2.228051452636718750e+02
1.481598388671875000e+03 9.990810394287109375e+00 1.288998291015625000e+03 2.263431243896484375e+02
1.528192504882812500e+03 4.646673583984375000e+01 1.335759399414062500e+03 2.468934631347656250e+02
4.843037109375000000e+02 4.809635009765625000e+02 4.609839477539062500e+02 7.515078125000000000e+02
1.471676147460937500e+03 1.042275333404541016e+01 1.282119628906250000e+03 2.294699707031250000e+02
1.523166381835937500e+03 2.346809387207031250e+02 1.365741577148437500e+03 3.876592407226562500e+02
1.307354736328125000e+03 2.165667724609375000e+02 1.190905761718750000e+03 4.072589111328125000e+02
6.466173706054687500e+02 4.321308288574218750e+02 6.113052978515625000e+02 6.789183349609375000e+02
5.376562500000000000e+02 4.846389770507812500e+02 5.128301391601562500e+02 7.498600463867187500e+02
1.486987548828125000e+03 6.891749267578125000e+02 1.461828125000000000e+03 8.172891845703125000e+02
6.204837646484375000e+02 4.335022888183593750e+02 5.855223388671875000e+02 6.834711303710937500e+02
4.436641540527343750e+02 4.104747314453125000e+02 4.245629272460937500e+02 6.891724853515625000e+02
1.557884277343750000e+03 2.253282775878906250e+02 1.387347045898437500e+03 3.742115783691406250e+02
1.286057983398437500e+03 2.601441955566406250e+02 1.187144775390625000e+03 4.446863098144531250e+02
1.252630737304687500e+03 3.527540893554687500e+02 1.178359863281250000e+03 5.312205810546875000e+02
1.189690063476562500e+03 4.497883911132812500e+02 1.128442871093750000e+03 6.242714233398437500e+02
7.752860717773437500e+02 4.154841003417968750e+02 7.363469238281250000e+02 6.488040771484375000e+02
6.779419555664062500e+02 4.226475219726562500e+02 6.455040893554687500e+02 6.687983398437500000e+02
6.844370727539062500e+02 4.391347351074218750e+02 6.483612060546875000e+02 6.827935791015625000e+02
4.860491027832031250e+02 4.696650390625000000e+02 4.608930358886718750e+02 7.385274047851562500e+02
8.142972412109375000e+02 8.627802124023437500e+02 6.379184570312500000e+02 9.667214965820312500e+02
1.604723022460937500e+03 4.965821075439453125e+01 1.400748413085937500e+03 2.376636352539062500e+02
1.440677612304687500e+03 4.782135772705078125e+01 1.263868774414062500e+03 2.587311706542968750e+02
1.455422851562500000e+03 6.144163513183593750e+01 1.278667236328125000e+03 2.673239135742187500e+02
1.644608642578125000e+03 2.475629272460937500e+02 1.469253417968750000e+03 3.821301269531250000e+02
1.354458740234375000e+03 3.692418823242187500e+02 1.264002197265625000e+03 5.275536499023437500e+02
1.154367065429687500e+03 4.010495605468750000e+02 1.095003417968750000e+03 5.874839477539062500e+02
1.512842041015625000e+03 4.798894348144531250e+02 1.415485717773437500e+03 5.996774902343750000e+02
2.270596771240234375e+02 3.280260009765625000e+02 2.289041595458984375e+02 6.418440551757812500e+02
1.251591796875000000e+03 4.966459045410156250e+02 1.194352661132812500e+03 6.581383056640625000e+02
5.814105834960937500e+02 3.973898010253906250e+02 5.546994018554687500e+02 6.600653076171875000e+02
4.293612670898437500e+02 4.180850830078125000e+02 4.090149841308593750e+02 6.965648803710937500e+02
6.638708496093750000e+02 4.532062683105468750e+02 6.294738159179687500e+02 7.010018920898437500e+02
4.522078552246093750e+02 4.470095825195312500e+02 4.263245849609375000e+02 7.203184204101562500e+02
1.623409179687500000e+03 2.330103454589843750e+02 1.449702270507812500e+03 3.729559326171875000e+02
1.280182006835937500e+03 2.961441040039062500e+02 1.189527465820312500e+03 4.781126403808593750e+02
1.159679443359375000e+03 3.760752563476562500e+02 1.096712890625000000e+03 5.640179443359375000e+02
6.821932983398437500e+02 4.551602783203125000e+02 6.495869140625000000e+02 6.970083007812500000e+02
4.536565246582031250e+02 4.912534179687500000e+02 4.290275573730468750e+02 7.644287719726562500e+02
1.463704833984375000e+03 2.712914466857910156e+01 1.281693969726562500e+03 2.411452789306640625e+02
1.484281860351562500e+03 4.576272583007812500e+01 1.300179565429687500e+03 2.536306915283203125e+02
1.311185791015625000e+03 4.203121948242187500e+01 1.171348999023437500e+03 2.768879394531250000e+02
1.588021362304687500e+03 2.027099456787109375e+02 1.412801147460937500e+03 3.528831481933593750e+02
1.519164428710937500e+03 1.905878906250000000e+02 1.353227905273437500e+03 3.568106994628906250e+02
1.307512817382812500e+02 1.717255096435546875e+02 1.592471313476562500e+02 5.153492431640625000e+02
1.273551879882812500e+03 3.429013366699218750e+02 1.193225341796875000e+03 5.194312133789062500e+02
6.631990966796875000e+02 3.964766540527343750e+02 6.344019165039062500e+02 6.461925048828125000e+02
1.294931396484375000e+03 4.918698730468750000e+02 1.235264770507812500e+03 6.468162231445312500e+02
6.433583984375000000e+02 4.598021240234375000e+02 6.100350952148437500e+02 7.041701660156250000e+02
5.378131103515625000e+02 4.520390625000000000e+02 5.132623291015625000e+02 7.168886108398437500e+02
5.655521850585937500e+02 4.651166381835937500e+02 5.420057983398437500e+02 7.290725097656250000e+02
3.103524780273437500e+02 4.427021179199218750e+02 3.024807128906250000e+02 7.437955322265625000e+02
4.675179138183593750e+02 4.750201416015625000e+02 4.425352172851562500e+02 7.463889160156250000e+02
1.242463989257812500e+03 8.301553955078125000e+02 1.007607971191406250e+03 8.450089111328125000e+02
1.487416870117187500e+03 8.685535278320312500e+02 1.301120239257812500e+03 8.832175292968750000e+02
1.258073852539062500e+03 9.517567749023437500e+02 1.059811523437500000e+03 9.803597412109375000e+02
1.079937377929687500e+03 9.729698486328125000e+02 8.764387817382812500e+02 1.022040405273437500e+03
1.558004394531250000e+03 1.865913543701171875e+02 1.381941894531250000e+03 3.470720825195312500e+02
8.851636352539062500e+02 3.947230224609375000e+02 8.384648437500000000e+02 6.097805175781250000e+02
7.369140625000000000e+02 4.202777099609375000e+02 7.040483398437500000e+02 6.619911499023437500e+02
1.597142333984375000e+03 9.408461303710937500e+02 1.395317749023437500e+03 9.354843750000000000e+02
1.286269165039062500e+03 1.010531311035156250e+03 1.071617065429687500e+03 1.025037231445312500e+03
1.572849487304687500e+03 7.304560089111328125e+01 1.379653320312500000e+03 2.656793212890625000e+02
1.297838867187500000e+03 4.569696044921875000e+02 1.228805175781250000e+03 6.125631713867187500e+02
7.890233764648437500e+02 9.203026123046875000e+02 6.000368041992187500e+02 1.016742431640625000e+03
1.347472412109375000e+03 1.039014892578125000e+03 1.132389404296875000e+03 1.039578613281250000e+03
1.231437866210937500e+03 1.033533203125000000e+03 1.019804077148437500e+03 1.051202026367187500e+03
1.467548828125000000e+03 1.298359527587890625e+02 1.309220825195312500e+03 3.173609313964843750e+02
4.971847229003906250e+02 4.412869262695312500e+02 4.708091125488281250e+02 7.099333496093750000e+02
1.952327728271484375e+02 1.759108886718750000e+02 2.228267822265625000e+02 5.149396972656250000e+02
1.190888183593750000e+03 9.836694335937500000e+02 9.863740844726562500e+02 1.018121704101562500e+03
1.443260009765625000e+03 1.023806152343750000e+03 1.240399902343750000e+03 1.022212402343750000e+03
1.443260009765625000e+03 1.023806152343750000e+03 1.240399902343750000e+03 1.022212402343750000e+03
1.550251708984375000e+03 2.429172668457031250e+02 1.386788818359375000e+03 3.895006408691406250e+02
